38 38 50
38 38 250
49 49 50
49 49 250
60 38 50
60 38 250
49 27 50
49 38 50
49 38 250
60 49 50
60 49 250
71 38 50
71 38 250
60 27 50
71 27 50
71 27 250
60 16 50
60 16 250
38 27 50
38 27 250
49 16 50
49 16 250
71 16 50
71 16 250
60 5 50
60 5 250
71 49 50
71 49 250
82 38 50
82 38 250
60 60 50
60 60 250
82 27 50
82 27 250
93 27 50
93 27 250
82 16 50
82 16 250
38 49 50
38 49 250
49 60 50
49 60 250
60 71 50
71 60 50
71 71 50
71 71 250
82 60 50
82 60 250
82 71 50
82 71 250
93 60 50
93 60 250
82 49 50
82 49 250
93 71 50
93 71 250
104 60 50
104 60 250
93 49 50
93 49 250
104 71 50
104 71 250
115 60 50
115 60 250
49 71 50
60 82 50
60 82 250
71 104 50
71 104 250
82 115 50
82 115 250
93 104 50
93 104 250
82 93 50
82 93 250
60 104 50
60 104 250
71 115 50
71 115 250
82 104 50
71 93 50
71 93 250
93 115 50
93 115 250
104 104 50
104 104 250
93 93 50
93 93 250
82 126 50
82 126 250
71 126 50
71 126 250
82 137 50
93 126 50
93 126 250
71 137 50
71 137 250
82 148 50
93 137 50
93 137 250
60 137 50
60 137 250
71 148 50
93 148 50
104 137 50
104 137 250
82 82 50
82 82 250
104 93 50
104 93 250
93 82 50
93 82 250
49 104 50
49 104 250
60 115 50
60 115 250
60 93 50
60 93 250
49 93 50
49 82 50
71 82 50
71 82 250
181 16 50
192 27 50
192 27 250
199 16 50
192 5 50
192 5 250
170 16 50
181 27 50
181 27 250
192 16 50
181 5 50
159 16 50
159 16 250
170 27 50
170 27 250
170 5 50
170 5 250
148 16 50
148 16 250
159 27 50
159 5 50
159 5 250
148 27 50
148 27 250
159 38 50
148 38 50
159 49 50
159 49 250
170 38 50
170 38 250
137 38 50
148 49 50
148 49 250
126 38 50
137 49 50
137 27 50
137 27 250
115 38 50
115 38 250
126 49 50
126 49 250
126 27 50
126 27 250
104 38 50
104 38 250
115 49 50
115 49 250
115 27 50
115 27 250
126 60 50
126 60 250
137 60 50
137 60 250
137 71 50
137 71 250
148 60 50
148 60 250
126 16 50
126 16 250
93 38 50
93 38 250
16 104 50
16 104 250
27 115 50
27 115 250
38 104 50
38 104 250
27 93 50
27 93 250
27 104 50
27 104 250
38 115 50
38 115 250
38 93 50
49 115 50
49 115 250
137 148 50
137 148 250
148 159 50
148 159 250
159 148 50
159 148 250
148 137 50
148 137 250
137 137 50
137 137 250
148 148 50
159 137 50
159 137 250
148 126 50
148 126 250
170 137 50
170 137 250
159 126 50
159 126 250
159 159 50
159 159 250
170 148 50
170 148 250
126 137 50
126 137 250
137 126 50
137 126 250
126 148 50
126 148 250
137 159 50
137 159 250
148 115 50
148 115 250
137 115 50
137 115 250
159 115 50
159 115 250
148 104 50
148 104 250
126 115 50
126 115 250
137 104 50
137 104 250
115 115 50
126 126 50
126 126 250
126 104 50
126 104 250
104 115 50
104 115 250
115 126 50
115 104 50
115 104 250
104 126 50
104 126 250
115 137 50
115 137 250
115 148 50
115 148 250
170 126 50
170 126 250
104 148 50
170 170 50
170 170 250
181 181 50
181 181 250
192 170 50
181 159 50
181 159 250
159 170 50
159 170 250
170 181 50
181 170 50
170 159 50
170 159 250
192 159 50
192 159 250
181 148 50
181 148 250
192 148 50
192 148 250
181 137 50
181 137 250
192 137 50
192 137 250
181 126 50
181 126 250
159 181 50
159 181 250
170 192 50
170 192 250
199 159 50
199 159 250
199 170 50
199 148 50
199 148 250
192 181 50
192 181 250
181 192 50
181 192 250
199 181 50
199 181 250
16 181 50
27 192 50
27 192 250
38 181 50
27 170 50
27 170 250
27 181 50
38 192 50
38 192 250
49 181 50
49 181 250
38 170 50
38 170 250
5 181 50
5 181 250
16 192 50
16 192 250
16 170 50
16 170 250
27 199 50
27 199 250
27 159 50
27 159 250
49 170 50
49 170 250
38 159 50
38 159 250
49 159 50
49 159 250
38 148 50
38 148 250
49 192 50
49 192 250
60 181 50
60 181 250
60 192 50
60 192 250
71 181 50
71 181 250
60 170 50
60 170 250
5 170 50
5 170 250
16 159 50
16 159 250
27 148 50
27 148 250
49 148 50
49 148 250
38 137 50
38 137 250
38 199 50
38 199 250
71 192 50
71 192 250
82 181 50
82 181 250
71 170 50
71 170 250
60 159 50
60 159 250
71 159 50
71 159 250
60 148 50
82 159 50
82 159 250
104 49 50
104 49 250
104 45 21
104 45 21
104 45 21
104 45 21
104 45 21
104 45 21
104 45 21
104 45 21
104 45 21
104 45 21
104 45 21
104 45 21
104 45 21
104 45 21
104 45 21
104 45 21
104 45 21
104 45 21
104 45 21
104 45 21
104 45 21
104 45 21
104 45 21
104 45 21
104 45 21
104 45 21
104 45 21
104 45 21
104 45 21
104 44 21
104 44 21
104 44 21
104 44 21
104 44 21
104 44 21
104 44 21
104 44 21
104 44 21
104 44 21
104 44 21
104 44 21
104 44 21
104 44 21
104 44 21
104 44 21
104 44 21
104 44 21
104 44 21
104 44 21
104 44 21
104 44 21
104 44 21
104 44 21
104 44 21
104 44 21
104 44 21
104 43 21
104 43 21
104 43 21
104 43 21
104 43 21
104 43 21
104 43 21
104 43 21
104 43 21
104 43 21
104 43 21
104 43 21
104 43 21
104 43 21
104 43 21
104 43 21
104 43 21
104 43 21
104 43 21
104 43 21
104 43 21
104 43 21
104 43 21
104 43 21
104 43 21
104 43 21
104 43 21
105 43 21
105 43 21
105 43 21
105 43 21
105 43 21
105 43 21
105 43 21
105 43 21
105 43 21
105 43 21
105 43 21
105 43 21
105 43 21
105 43 21
105 43 21
105 43 21
105 43 21
105 43 21
105 43 21
105 43 21
105 43 21
105 43 21
105 43 21
105 43 21
105 43 21
105 43 21
106 43 21
106 43 21
106 43 21
106 43 21
106 43 21
106 43 21
106 43 21
106 43 21
106 43 21
106 43 21
106 43 21
106 43 21
106 43 21
106 43 21
106 43 21
106 43 21
106 43 21
106 43 21
106 43 21
106 43 21
106 43 21
106 43 21
106 43 21
106 43 21
107 43 21
107 43 21
107 43 21
107 43 21
107 43 21
107 43 21
107 43 21
107 43 21
107 43 21
107 43 21
107 43 21
107 43 21
107 43 21
107 43 21
107 43 21
107 43 21
107 43 21
107 43 21
107 43 21
107 43 21
107 43 21
108 43 21
108 43 21
108 43 21
108 43 21
108 43 21
108 43 21
108 43 21
108 43 21
108 43 21
108 43 21
108 43 21
108 43 21
108 43 21
108 43 21
108 43 21
108 43 21
108 43 21
108 43 21
108 43 21
109 43 21
109 43 21
109 43 21
109 43 21
109 43 21
109 43 21
109 43 21
109 43 21
109 43 21
109 43 21
109 43 21
109 43 21
109 43 21
109 43 21
109 43 21
109 43 21
110 43 21
110 43 21
110 43 21
110 43 21
110 43 21
110 43 21
110 43 21
110 43 21
110 43 21
110 43 21
110 43 21
110 43 21
110 43 21
110 42 21
110 42 21
110 42 21
110 42 21
110 42 21
110 42 21
110 42 21
110 42 21
110 42 21
110 42 21
110 42 21
110 42 21
111 42 21
111 42 21
111 42 21
111 42 21
111 42 21
111 42 21
111 42 21
111 42 21
111 42 21
111 42 21
111 41 21
111 41 21
111 41 21
111 41 21
111 41 21
111 41 21
111 41 21
111 41 21
111 41 21
112 41 21
112 41 21
112 41 21
112 41 21
112 41 21
112 41 21
112 41 21
113 41 21
113 41 21
113 41 21
113 41 21
113 41 21
113 41 21
114 41 21
114 41 21
114 41 21
114 41 21
114 41 21
114 40 21
114 40 21
114 40 21
114 40 21
114 40 21
114 39 21
114 39 21
114 39 21
114 39 21
114 39 21
115 39 21
115 39 21
115 39 21
115 39 21
116 38 21
116 38 21
116 38 21
117 38 21
117 38 21
117 38 21
118 38 21
118 38 21
119 38 21
119 38 21
120 38 21
120 38 21
121 38 21
121 38 21
122 38 21
123 38 21
124 38 21
125 38 21
127 38 21
127 39 21
128 39 21
129 39 21
130 39 21
131 39 21
132 39 21
133 39 21
133 40 21
134 40 21
135 40 21
136 40 21
137 40 21
138 40 21
139 40 21
140 40 21
141 40 21
142 40 21
143 40 21
144 40 21
145 40 21
146 40 21
147 40 21
147 39 21
148 39 21
149 38 21
150 38 21
151 38 21
152 38 21
153 38 21
154 38 21
155 38 21
156 38 21
157 38 21
157 38 21
158 38 21
158 38 21
159 37 21
159 37 21
159 36 21
159 36 21
159 35 21
159 34 21
159 33 21
159 32 21
159 31 21
159 30 21
159 29 21
159 28 21
159 28 21
160 27 21
160 27 21
161 27 21
161 27 21
161 26 21
161 26 21
161 25 21
161 25 21
161 24 21
161 24 21
162 24 21
162 24 21
162 23 21
162 23 21
163 23 21
163 23 21
163 22 21
163 22 21
164 22 21
164 22 21
164 21 21
164 21 21
165 21 21
165 21 21
165 20 21
165 20 21
166 20 21
166 20 21
166 19 21
166 19 21
167 19 21
167 19 21
167 18 21
167 18 21
168 18 21
168 18 21
169 18 21
169 18 21
169 17 21
169 17 21
170 17 21
170 17 21
171 16 21
171 16 21
171 15 21
171 15 21
172 15 21
172 15 21
173 15 21
173 15 21
174 15 21
174 15 21
175 15 21
175 15 21
176 15 21
176 15 21
177 15 21
177 15 21
177 14 21
177 14 21
178 14 21
178 14 21
179 14 21
179 14 21
180 14 21
180 14 21
181 14 21
181 14 21
182 14 21
182 14 21
183 14 21
184 14 21
185 14 21
185 15 21
185 15 21
186 15 21
186 15 21
187 15 21
188 15 21
189 15 21
190 15 21
191 15 21
192 15 21
193 15 21
194 15 21
195 15 21
104 46 21
104 46 21
104 46 21
104 46 21
104 46 21
104 46 21
104 46 21
104 46 21
104 46 21
104 46 21
104 46 21
104 46 21
104 46 21
104 46 21
104 46 21
104 46 21
104 46 21
104 46 21
104 46 21
104 46 21
104 46 21
104 46 21
104 46 21
104 46 21
104 46 21
104 46 21
104 46 21
104 46 21
104 46 21
104 46 21
104 47 21
104 47 21
104 47 21
104 47 21
104 47 21
104 47 21
104 47 21
104 47 21
104 47 21
104 47 21
104 47 21
104 47 21
104 47 21
104 47 21
104 47 21
104 47 21
104 47 21
104 47 21
104 47 21
104 47 21
104 47 21
104 47 21
104 47 21
104 47 21
104 47 21
104 47 21
104 47 21
104 47 21
104 47 21
104 47 21
104 47 21
104 48 21
104 48 21
104 48 21
104 48 21
104 48 21
104 48 21
104 48 21
104 48 21
104 48 21
104 48 21
104 48 21
104 48 21
104 48 21
104 48 21
104 48 21
104 48 21
104 48 21
104 48 21
104 48 21
104 48 21
104 48 21
104 48 21
104 48 21
104 48 21
104 48 21
104 48 21
104 48 21
104 48 21
104 48 21
104 48 21
104 48 21
104 49 21
104 49 21
104 49 21
104 49 21
104 49 21
104 49 21
104 49 21
104 49 21
104 49 21
104 49 21
104 49 21
104 49 21
104 49 21
104 49 21
104 49 21
104 49 21
104 49 21
104 50 21
104 50 21
104 50 21
104 50 21
104 50 21
104 50 21
104 50 21
104 50 21
104 50 21
104 50 21
104 50 21
104 50 21
104 50 21
104 50 21
104 50 21
104 50 21
104 50 21
104 50 21
104 50 21
104 50 21
104 50 21
104 50 21
104 50 21
104 50 21
104 50 21
104 50 21
104 50 21
104 50 21
104 50 21
104 50 21
104 51 21
104 51 21
104 51 21
104 51 21
104 51 21
104 51 21
104 51 21
104 51 21
104 51 21
104 51 21
104 51 21
104 51 21
104 51 21
104 51 21
104 51 21
104 51 21
104 51 21
104 51 21
104 51 21
104 51 21
104 51 21
104 51 21
104 51 21
104 51 21
104 51 21
104 51 21
104 51 21
104 52 21
104 52 21
104 52 21
104 52 21
104 52 21
104 52 21
104 52 21
104 52 21
104 52 21
104 52 21
104 52 21
104 52 21
104 52 21
104 52 21
104 52 21
104 52 21
104 52 21
104 52 21
104 52 21
104 52 21
104 52 21
104 52 21
104 52 21
104 52 21
104 53 21
104 53 21
104 53 21
104 53 21
104 53 21
104 53 21
104 53 21
104 53 21
104 53 21
104 53 21
104 53 21
104 53 21
104 53 21
104 53 21
104 53 21
104 53 21
104 53 21
104 53 21
104 53 21
104 53 21
104 54 21
104 54 21
104 54 21
104 54 21
104 54 21
104 54 21
104 54 21
104 54 21
104 54 21
104 54 21
104 54 21
104 54 21
104 54 21
104 54 21
104 54 21
104 54 21
104 55 21
104 55 21
104 55 21
104 55 21
104 55 21
104 55 21
104 55 21
104 55 21
104 55 21
104 55 21
104 55 21
104 55 21
104 55 21
104 56 21
104 56 21
104 56 21
104 56 21
104 56 21
104 56 21
104 56 21
104 56 21
104 56 21
104 56 21
104 57 21
104 57 21
104 57 21
104 57 21
104 57 21
104 57 21
104 57 21
104 58 21
104 58 21
104 58 21
104 58 21
104 58 21
104 58 21
104 59 21
104 59 21
104 59 21
104 59 21
104 61 21
104 61 21
104 61 21
103 61 21
103 61 21
103 62 21
103 62 21
102 62 21
102 62 21
101 62 21
100 62 21
99 62 21
98 62 21
97 62 21
97 62 21
96 62 21
96 62 21
95 62 21
95 62 21
94 62 21
94 62 21
94 62 21
93 62 21
93 62 21
93 62 21
93 62 21
92 62 21
92 62 21
92 62 21
92 62 21
92 62 21
92 61 21
92 61 21
92 61 21
92 61 21
92 61 21
92 61 21
92 61 21
91 61 21
91 61 21
91 61 21
91 61 21
91 61 21
91 61 21
91 61 21
91 61 21
90 61 21
90 61 21
90 61 21
90 61 21
90 61 21
90 61 21
90 61 21
90 61 21
90 61 21
89 61 21
89 61 21
89 61 21
89 61 21
89 61 21
89 61 21
89 61 21
89 61 21
89 61 21
89 61 21
88 61 21
88 61 21
88 61 21
88 61 21
88 61 21
88 61 21
88 61 21
88 61 21
88 61 21
87 61 21
87 61 21
87 61 21
87 61 21
87 61 21
87 61 21
87 61 21
87 61 21
87 61 21
86 61 21
86 61 21
86 61 21
86 61 21
86 61 21
86 61 21
86 61 21
86 61 21
85 61 21
85 61 21
85 61 21
85 61 21
85 61 21
85 61 21
85 61 21
84 61 21
84 61 21
84 61 21
84 61 21
84 61 21
84 61 21
83 61 21
83 61 21
83 61 21
83 61 21
83 61 21
82 61 21
82 61 21
82 61 21
82 61 21
81 61 21
81 61 21
81 61 21
80 61 21
80 61 21
79 61 21
79 61 21
78 61 21
78 61 21
77 61 21
77 61 21
76 61 21
75 61 21
74 61 21
73 61 21
72 61 21
71 61 21
70 61 21
70 61 21
70 62 21
69 62 21
69 62 21
68 62 21
68 62 21
68 63 21
67 63 21
67 63 21
67 64 21
66 64 21
66 64 21
66 65 21
65 65 21
65 66 21
64 66 21
64 67 21
63 67 21
63 68 21
62 68 21
62 69 21
61 69 21
60 69 21
59 69 21
60 70 21
59 71 21
59 72 21
58 72 21
57 72 21
56 72 21
55 72 21
54 72 21
53 72 21
52 72 21
51 72 21
51 73 21
51 74 21
51 75 21
51 75 21
51 76 21
51 76 21
51 77 21
51 77 21
51 78 21
51 78 21
51 79 21
51 79 21
51 80 21
51 80 21
51 81 21
51 81 21
51 82 21
51 83 21
51 84 21
51 85 21
51 86 21
50 86 21
50 87 21
50 88 21
49 88 21
49 89 21
49 90 21
49 91 21
49 92 21
48 93 21
47 93 21
46 93 21
45 93 21
44 93 21
44 94 21
43 94 21
42 94 21
42 95 21
41 95 21
40 95 21
39 95 21
38 95 21
38 95 21
37 95 21
37 95 21
37 96 21
37 96 21
36 96 21
36 96 21
35 96 21
35 96 21
35 96 21
34 96 21
34 96 21
34 96 21
34 97 21
34 97 21
34 97 21
34 97 21
33 97 21
33 97 21
33 97 21
33 97 21
33 98 21
33 98 21
33 98 21
33 98 21
32 98 21
32 98 21
32 98 21
32 98 21
32 98 21
32 99 21
32 99 21
32 99 21
32 99 21
32 99 21
31 99 21
31 99 21
31 99 21
31 99 21
31 99 21
31 100 21
31 100 21
31 100 21
31 100 21
31 100 21
31 100 21
31 100 21
30 100 21
30 100 21
30 100 21
30 100 21
30 100 21
30 100 21
29 100 21
29 100 21
29 100 21
29 100 21
29 100 21
29 100 21
29 101 21
29 101 21
29 101 21
29 101 21
29 101 21
29 101 21
29 101 21
29 102 21
29 102 21
29 102 21
29 102 21
29 102 21
29 102 21
29 102 21
29 102 21
29 102 21
28 102 21
28 102 21
28 102 21
28 102 21
28 102 21
28 102 21
28 102 21
27 102 21
27 102 21
27 102 21
27 102 21
27 102 21
27 102 21
26 102 21
26 102 21
26 102 21
26 102 21
26 102 21
25 102 21
25 102 21
25 102 21
25 102 21
24 102 21
24 102 21
24 102 21
23 102 21
23 102 21
23 102 21
50 91 21
51 91 21
52 91 21
53 91 21
54 91 21
55 91 21
56 91 21
56 91 21
57 91 21
57 91 21
58 91 21
58 91 21
58 91 21
58 92 21
58 92 21
58 92 21
59 92 21
59 92 21
59 92 21
59 92 21
59 93 21
59 93 21
59 93 21
59 93 21
60 94 21
60 94 21
60 94 21
60 94 21
60 94 21
61 94 21
61 94 21
61 94 21
61 94 21
61 94 21
61 94 21
61 94 21
61 95 21
61 95 21
61 95 21
61 95 21
61 95 21
61 95 21
61 95 21
62 95 21
62 95 21
62 95 21
62 95 21
62 95 21
62 95 21
62 95 21
62 95 21
62 96 21
62 96 21
62 96 21
62 96 21
62 96 21
62 96 21
62 96 21
62 96 21
63 96 21
63 96 21
63 96 21
63 96 21
63 96 21
63 96 21
63 96 21
63 96 21
63 96 21
63 97 21
63 97 21
63 97 21
63 97 21
63 97 21
63 97 21
63 97 21
63 97 21
63 97 21
64 97 21
64 97 21
64 97 21
64 97 21
64 97 21
64 97 21
64 97 21
64 97 21
64 97 21
64 97 21
64 98 21
64 98 21
64 98 21
64 98 21
64 98 21
64 98 21
64 98 21
64 98 21
64 98 21
64 98 21
65 98 21
65 98 21
65 98 21
65 98 21
65 98 21
65 98 21
65 98 21
65 98 21
65 98 21
65 99 21
65 99 21
65 99 21
65 99 21
65 99 21
65 99 21
65 99 21
65 99 21
65 99 21
65 99 21
66 99 21
66 99 21
66 99 21
66 99 21
66 99 21
66 99 21
66 99 21
66 99 21
66 99 21
66 100 21
66 100 21
66 100 21
66 100 21
66 100 21
66 100 21
66 100 21
66 100 21
66 100 21
67 100 21
67 100 21
67 100 21
67 100 21
67 100 21
67 100 21
67 100 21
67 100 21
67 101 21
67 101 21
67 101 21
67 101 21
67 101 21
67 101 21
67 101 21
67 101 21
67 101 21
68 101 21
68 101 21
68 101 21
68 101 21
68 101 21
68 101 21
68 101 21
68 101 21
68 102 21
68 102 21
68 102 21
68 102 21
68 102 21
68 102 21
68 102 21
68 102 21
68 102 21
69 102 21
69 102 21
69 102 21
69 102 21
69 102 21
69 102 21
69 102 21
70 102 21
70 102 21
70 102 21
70 102 21
70 102 21
70 102 21
70 103 21
70 103 21
70 103 21
70 103 21
70 103 21
70 103 21
70 103 21
71 103 21
71 103 21
71 103 21
71 103 21
71 103 21
72 104 21
72 104 21
72 104 21
72 104 21
72 104 21
73 104 21
73 104 21
73 104 21
73 104 21
74 104 21
74 104 21
74 104 21
75 104 21
75 104 21
76 104 21
76 104 21
77 104 21
77 104 21
78 104 21
79 104 21
79 103 21
79 102 21
79 101 21
80 104 21
81 104 21
82 105 21
82 106 21
82 107 21
82 108 21
82 108 21
82 109 21
82 109 21
82 110 21
82 110 21
82 111 21
82 111 21
82 112 21
82 112 21
82 112 21
82 113 21
82 113 21
82 113 21
82 113 21
82 114 21
82 114 21
82 114 21
82 114 21
82 114 21
82 114 21
82 116 21
82 116 21
82 116 21
82 116 21
82 116 21
82 116 21
82 116 21
82 116 21
82 116 21
82 116 21
82 116 21
82 117 21
82 117 21
82 117 21
82 117 21
82 117 21
82 117 21
82 117 21
82 117 21
82 117 21
82 117 21
82 117 21
82 117 21
82 117 21
82 117 21
82 117 21
82 118 21
82 118 21
82 118 21
82 118 21
82 118 21
82 118 21
82 118 21
82 118 21
82 118 21
82 118 21
82 118 21
82 118 21
82 118 21
82 118 21
82 118 21
82 118 21
82 118 21
82 118 21
82 118 21
82 118 21
82 119 21
82 119 21
82 119 21
82 119 21
82 119 21
82 119 21
82 119 21
82 119 21
82 119 21
82 119 21
82 119 21
82 119 21
82 119 21
82 119 21
82 119 21
82 119 21
82 119 21
82 119 21
82 119 21
82 119 21
82 119 21
82 119 21
82 119 21
82 120 21
82 120 21
82 120 21
82 120 21
82 120 21
82 120 21
82 120 21
82 120 21
82 120 21
82 120 21
82 120 21
82 120 21
82 120 21
82 120 21
82 120 21
82 120 21
82 120 21
82 120 21
82 120 21
82 120 21
82 120 21
82 120 21
82 120 21
82 120 21
82 120 21
82 120 21
82 121 21
82 121 21
82 121 21
82 121 21
82 121 21
82 121 21
82 121 21
82 121 21
82 121 21
82 121 21
82 121 21
82 121 21
82 121 21
82 121 21
82 121 21
82 121 21
82 121 21
82 121 21
82 121 21
82 121 21
82 121 21
82 121 21
82 121 21
82 121 21
82 121 21
82 121 21
82 122 21
82 122 21
82 122 21
82 122 21
82 122 21
82 122 21
82 122 21
82 122 21
82 122 21
82 122 21
82 122 21
82 122 21
82 122 21
82 122 21
82 122 21
82 122 21
82 122 21
82 122 21
82 122 21
82 122 21
82 122 21
82 122 21
82 122 21
82 122 21
82 122 21
82 123 21
82 123 21
82 123 21
82 123 21
82 123 21
82 123 21
82 123 21
82 123 21
82 123 21
82 123 21
82 123 21
82 123 21
82 123 21
82 123 21
82 123 21
82 123 21
82 123 21
82 123 21
82 123 21
82 123 21
82 123 21
82 124 21
82 124 21
82 124 21
82 124 21
82 124 21
82 124 21
82 124 21
82 124 21
82 124 21
82 124 21
82 124 21
82 124 21
82 124 21
82 124 21
82 124 21
82 124 21
82 124 21
82 125 21
82 125 21
82 125 21
82 125 21
82 125 21
82 125 21
82 125 21
82 125 21
82 125 21
82 125 21
82 125 21
82 125 21
82 127 21
82 127 21
82 127 21
82 127 21
82 127 21
82 127 21
82 128 21
82 128 21
82 128 21
82 128 21
82 129 21
82 129 21
82 129 21
82 130 21
82 130 21
82 131 21
82 131 21
82 132 21
82 133 21
82 134 21
82 135 21
82 136 21
82 138 21
81 138 21
81 139 21
80 139 21
80 140 21
80 141 21
53 71 21
53 70 21
53 69 21
53 68 21
53 67 21
53 66 21
53 65 21
53 64 21
53 63 21
53 63 21
53 62 21
53 62 21
53 61 21
53 61 21
53 61 21
53 60 21
53 60 21
53 60 21
53 59 21
53 59 21
53 59 21
53 59 21
53 59 21
53 58 21
53 58 21
53 58 21
53 58 21
53 58 21
53 58 21
53 57 21
53 57 21
53 57 21
53 57 21
53 57 21
53 57 21
53 57 21
53 57 21
53 57 21
53 56 21
53 56 21
53 56 21
53 56 21
53 56 21
53 56 21
53 56 21
53 56 21
53 56 21
53 56 21
53 56 21
53 56 21
53 55 21
53 55 21
53 55 21
53 55 21
53 55 21
53 55 21
53 55 21
53 55 21
53 55 21
53 55 21
53 55 21
53 55 21
53 55 21
53 55 21
53 55 21
53 54 21
53 54 21
53 54 21
53 54 21
53 54 21
53 54 21
53 54 21
53 54 21
53 54 21
53 54 21
53 54 21
53 54 21
53 54 21
53 54 21
53 54 21
53 54 21
53 54 21
53 54 21
53 53 21
53 53 21
53 53 21
53 53 21
53 53 21
53 53 21
53 53 21
53 53 21
53 53 21
53 53 21
53 53 21
53 53 21
53 53 21
53 53 21
53 53 21
53 53 21
53 53 21
53 53 21
53 53 21
53 53 21
53 53 21
53 53 21
53 52 21
53 52 21
53 52 21
53 52 21
53 52 21
53 52 21
53 52 21
53 52 21
53 52 21
53 52 21
53 52 21
53 52 21
53 52 21
53 52 21
53 52 21
53 52 21
53 52 21
53 52 21
53 52 21
53 52 21
53 52 21
53 52 21
53 52 21
53 52 21
53 52 21
53 52 21
53 51 21
53 51 21
53 51 21
53 51 21
53 51 21
53 51 21
53 51 21
53 51 21
53 51 21
53 51 21
53 51 21
53 51 21
53 51 21
53 51 21
53 51 21
53 51 21
53 51 21
53 51 21
53 51 21
53 51 21
53 51 21
53 51 21
53 51 21
53 51 21
53 51 21
53 51 21
53 51 21
53 51 21
53 51 21
53 51 21
53 50 21
53 50 21
53 50 21
53 50 21
53 50 21
53 50 21
53 50 21
53 50 21
53 50 21
53 50 21
53 50 21
53 50 21
53 50 21
53 50 21
53 50 21
53 50 21
53 50 21
53 50 21
53 50 21
53 50 21
53 50 21
53 50 21
53 50 21
53 50 21
53 50 21
53 50 21
53 50 21
53 50 21
53 50 21
53 50 21
53 50 21
53 50 21
53 50 21
53 50 21
53 49 21
53 49 21
53 49 21
53 49 21
53 49 21
53 49 21
53 49 21
53 49 21
53 49 21
53 49 21
53 49 21
53 49 21
53 49 21
53 49 21
53 49 21
53 49 21
53 49 21
53 49 21
53 49 21
53 49 21
53 49 21
53 49 21
53 49 21
53 49 21
53 49 21
53 49 21
53 49 21
53 49 21
53 49 21
53 49 21
53 49 21
53 49 21
53 49 21
53 49 21
53 49 21
53 49 21
53 49 21
53 48 21
53 48 21
53 48 21
53 48 21
53 48 21
53 48 21
53 48 21
53 48 21
53 48 21
53 48 21
53 48 21
53 48 21
53 48 21
53 48 21
53 48 21
53 48 21
53 48 21
53 48 21
53 48 21
53 48 21
53 48 21
53 48 21
53 48 21
53 48 21
53 48 21
53 48 21
53 48 21
53 48 21
53 48 21
53 48 21
53 48 21
53 48 21
53 48 21
53 48 21
53 48 21
53 48 21
53 48 21
53 48 21
53 48 21
53 47 21
53 47 21
53 47 21
53 47 21
53 47 21
53 47 21
53 47 21
53 47 21
53 47 21
53 47 21
53 47 21
53 47 21
53 47 21
53 47 21
53 47 21
53 47 21
53 47 21
53 47 21
53 47 21
53 47 21
53 47 21
53 47 21
53 47 21
53 47 21
53 47 21
53 47 21
53 47 21
53 47 21
53 47 21
53 47 21
53 47 21
53 47 21
53 47 21
53 47 21
53 47 21
53 47 21
53 47 21
53 47 21
53 47 21
53 46 21
53 46 21
53 46 21
53 46 21
53 46 21
53 46 21
53 46 21
53 46 21
53 46 21
53 46 21
53 46 21
53 46 21
53 46 21
53 46 21
53 46 21
53 46 21
53 46 21
53 46 21
53 46 21
53 46 21
53 46 21
53 46 21
53 46 21
53 46 21
53 46 21
53 46 21
53 46 21
53 46 21
53 46 21
53 46 21
53 46 21
53 46 21
53 46 21
53 46 21
53 46 21
53 46 21
53 46 21
53 46 21
53 45 21
53 45 21
53 45 21
53 45 21
53 45 21
53 45 21
53 45 21
53 45 21
53 45 21
53 45 21
53 45 21
53 45 21
53 45 21
53 45 21
53 45 21
53 45 21
53 45 21
53 45 21
53 45 21
53 45 21
53 45 21
53 45 21
53 45 21
53 45 21
53 45 21
53 45 21
53 45 21
53 45 21
53 45 21
53 45 21
53 45 21
53 45 21
53 45 21
53 45 21
53 45 21
53 44 21
53 44 21
53 44 21
53 44 21
53 44 21
53 44 21
53 44 21
53 44 21
53 44 21
53 44 21
53 44 21
53 44 21
53 44 21
53 44 21
53 44 21
53 44 21
53 44 21
53 44 21
53 44 21
53 44 21
53 44 21
53 44 21
53 44 21
53 44 21
53 44 21
53 44 21
53 44 21
53 44 21
53 44 21
53 44 21
53 43 21
53 43 21
53 43 21
53 43 21
53 43 21
53 43 21
53 43 21
53 43 21
53 43 21
53 43 21
53 43 21
53 43 21
53 43 21
53 43 21
53 43 21
53 43 21
53 43 21
53 43 21
53 43 21
53 43 21
53 43 21
53 43 21
53 43 21
53 43 21
53 43 21
53 42 21
53 42 21
53 42 21
53 42 21
53 42 21
53 42 21
53 42 21
53 42 21
53 42 21
53 42 21
53 42 21
53 42 21
53 42 21
53 42 21
53 42 21
53 42 21
53 42 21
53 42 21
53 42 21
53 42 21
53 41 21
53 41 21
53 41 21
53 41 21
53 41 21
53 41 21
53 41 21
53 41 21
53 41 21
53 41 21
53 41 21
53 41 21
53 41 21
53 41 21
53 41 21
53 40 21
53 40 21
53 40 21
53 40 21
53 40 21
53 40 21
53 40 21
53 40 21
53 40 21
53 40 21
53 40 21
53 39 21
53 39 21
53 39 21
53 39 21
53 39 21
53 39 21
53 39 21
53 39 21
53 38 21
53 38 21
53 38 21
53 38 21
53 38 21
53 37 21
53 37 21
53 37 21
53 37 21
53 36 21
53 36 21
53 36 21
53 35 21
53 35 21
81 141 21
81 142 21
81 143 21
82 143 21
82 144 21
82 145 21
83 145 21
83 146 21
84 146 21
85 146 21
86 146 21
87 146 21
88 146 21
89 146 21
90 146 21
91 146 21
92 146 21
92 146 21
92 147 21
92 147 21
93 147 21
93 147 21
94 147 21
94 147 21
95 147 21
95 147 21
96 147 21
96 147 21
97 147 21
97 147 21
98 147 21
98 147 21
99 147 21
99 147 21
100 147 21
100 147 21
101 147 21
101 147 21
102 147 21
102 147 21
103 147 21
103 147 21
104 147 21
104 147 21
105 147 21
105 147 21
105 146 21
105 146 21
105 146 21
106 146 21
106 146 21
106 146 21
106 145 21
106 145 21
106 145 21
106 145 21
107 145 21
107 145 21
107 145 21
107 145 21
107 145 21
107 144 21
107 144 21
107 144 21
107 144 21
107 144 21
107 144 21
108 144 21
108 144 21
108 144 21
108 144 21
108 144 21
108 144 21
108 144 21
108 143 21
108 143 21
108 143 21
108 143 21
108 143 21
108 143 21
108 143 21
108 143 21
109 143 21
109 143 21
109 143 21
109 143 21
109 143 21
109 143 21
109 143 21
109 143 21
109 143 21
109 143 21
109 142 21
109 142 21
109 142 21
109 142 21
109 142 21
109 142 21
109 142 21
109 142 21
109 142 21
109 142 21
110 142 21
110 142 21
110 142 21
110 142 21
110 142 21
110 142 21
110 142 21
110 142 21
110 142 21
110 142 21
110 142 21
110 142 21
110 142 21
110 141 21
110 141 21
110 141 21
110 141 21
110 141 21
110 141 21
110 141 21
110 141 21
110 141 21
110 141 21
110 141 21
110 141 21
111 141 21
111 141 21
111 141 21
111 141 21
111 141 21
111 141 21
111 141 21
111 141 21
111 141 21
111 141 21
111 141 21
111 141 21
111 141 21
111 141 21
111 140 21
111 140 21
111 140 21
111 140 21
111 140 21
111 140 21
111 140 21
111 140 21
111 140 21
111 140 21
111 140 21
111 140 21
112 140 21
112 140 21
112 140 21
112 140 21
112 140 21
112 140 21
112 140 21
112 140 21
112 140 21
112 140 21
112 140 21
112 140 21
112 140 21
112 140 21
112 140 21
112 139 21
112 139 21
112 139 21
112 139 21
112 139 21
112 139 21
112 139 21
112 139 21
112 139 21
112 139 21
112 139 21
112 139 21
113 139 21
113 139 21
113 139 21
113 139 21
113 139 21
113 139 21
113 139 21
113 139 21
113 139 21
113 139 21
113 139 21
113 139 21
113 139 21
113 139 21
113 139 21
113 138 21
113 138 21
113 138 21
113 138 21
113 138 21
113 138 21
113 138 21
113 138 21
113 138 21
113 138 21
113 138 21
113 138 21
114 138 21
114 138 21
114 138 21
114 138 21
114 138 21
114 138 21
114 138 21
114 138 21
114 138 21
114 138 21
114 138 21
114 138 21
114 138 21
114 138 21
114 137 21
114 137 21
114 137 21
114 137 21
114 137 21
114 137 21
114 137 21
114 137 21
114 137 21
114 137 21
114 137 21
114 137 21
115 136 21
115 136 21
115 136 21
115 136 21
115 136 21
115 136 21
115 136 21
115 136 21
115 136 21
115 136 21
115 136 21
116 136 21
116 136 21
116 136 21
116 136 21
116 136 21
116 136 21
116 136 21
116 136 21
116 136 21
116 136 21
116 136 21
116 136 21
116 136 21
116 135 21
116 135 21
116 135 21
116 135 21
116 135 21
116 135 21
116 135 21
116 135 21
116 135 21
116 135 21
116 135 21
116 134 21
116 134 21
116 134 21
116 134 21
116 134 21
116 134 21
116 134 21
116 134 21
116 134 21
116 133 21
116 133 21
116 133 21
116 133 21
116 133 21
116 133 21
116 133 21
116 133 21
116 132 21
116 132 21
116 132 21
116 132 21
116 132 21
116 132 21
116 132 21
116 131 21
116 131 21
116 131 21
116 131 21
116 131 21
116 131 21
116 130 21
116 130 21
116 130 21
116 130 21
116 130 21
116 129 21
116 129 21
116 129 21
116 129 21
116 128 21
116 128 21
116 128 21
116 127 21
116 127 21
116 126 21
116 126 21
117 126 21
117 126 21
117 125 21
117 124 21
117 123 21
117 122 21
117 121 21
117 120 21
117 119 21
117 118 21
117 117 21
118 117 21
119 117 21
120 117 21
121 117 21
122 117 21
123 117 21
123 117 21
124 117 21
124 117 21
125 117 21
125 117 21
125 117 21
126 117 21
126 117 21
126 117 21
126 117 21
127 117 21
127 117 21
127 117 21
127 117 21
127 117 21
127 116 21
127 116 21
127 116 21
127 116 21
127 116 21
127 116 21
128 116 21
128 116 21
128 116 21
128 116 21
128 116 21
128 116 21
128 116 21
128 116 21
129 116 21
129 116 21
129 116 21
129 116 21
129 116 21
129 116 21
129 116 21
129 116 21
129 116 21
129 116 21
129 116 21
130 116 21
130 116 21
130 116 21
130 116 21
130 116 21
130 116 21
130 116 21
130 116 21
130 116 21
130 116 21
130 116 21
130 116 21
130 116 21
130 116 21
131 116 21
131 116 21
131 116 21
131 116 21
131 116 21
131 116 21
131 116 21
131 116 21
131 116 21
131 116 21
131 116 21
131 116 21
131 116 21
131 116 21
131 116 21
131 116 21
132 116 21
132 116 21
132 116 21
132 116 21
132 116 21
132 116 21
132 116 21
132 116 21
132 116 21
132 116 21
132 116 21
132 116 21
132 116 21
132 116 21
132 116 21
132 116 21
132 116 21
133 116 21
133 116 21
133 116 21
133 116 21
133 116 21
133 116 21
133 116 21
133 116 21
133 116 21
133 116 21
133 116 21
133 116 21
133 116 21
133 116 21
133 116 21
133 116 21
133 116 21
133 116 21
134 116 21
134 116 21
134 116 21
134 116 21
134 116 21
134 116 21
134 116 21
134 116 21
134 116 21
134 116 21
134 116 21
134 116 21
134 116 21
134 116 21
134 116 21
134 116 21
134 116 21
134 116 21
135 116 21
135 116 21
135 116 21
135 116 21
135 116 21
135 116 21
135 116 21
135 116 21
135 116 21
135 116 21
135 116 21
135 116 21
135 116 21
135 116 21
135 116 21
135 116 21
135 116 21
136 116 21
136 116 21
136 116 21
136 116 21
136 116 21
136 116 21
136 116 21
136 116 21
136 116 21
136 116 21
136 116 21
136 116 21
136 116 21
136 116 21
136 116 21
136 116 21
136 116 21
137 116 21
137 116 21
137 116 21
137 116 21
137 116 21
137 116 21
137 116 21
137 116 21
137 116 21
137 116 21
137 116 21
137 116 21
137 116 21
137 116 21
137 116 21
137 116 21
138 115 21
138 115 21
138 115 21
138 115 21
138 115 21
138 115 21
138 115 21
138 115 21
138 115 21
138 115 21
138 115 21
138 115 21
138 115 21
139 115 21
139 115 21
139 115 21
139 115 21
139 115 21
139 115 21
139 115 21
139 115 21
139 115 21
139 115 21
139 115 21
140 115 21
140 115 21
140 115 21
140 115 21
140 115 21
140 115 21
140 115 21
140 115 21
140 115 21
140 115 21
141 115 21
141 115 21
141 115 21
141 115 21
141 115 21
141 115 21
141 115 21
141 115 21
141 115 21
142 115 21
142 115 21
142 115 21
142 115 21
142 115 21
142 115 21
142 115 21
142 115 21
143 115 21
143 115 21
143 115 21
143 115 21
143 115 21
143 115 21
143 115 21
144 115 21
144 115 21
144 115 21
144 115 21
144 115 21
144 115 21
145 115 21
145 115 21
145 115 21
145 115 21
145 115 21
145 115 21
146 115 21
146 115 21
146 115 21
146 115 21
146 115 21
146 115 21
147 115 21
147 115 21
147 115 21
147 115 21
147 115 21
147 115 21
148 116 21
148 116 21
148 116 21
148 116 21
148 116 21
148 116 21
148 117 21
148 117 21
148 117 21
148 117 21
148 117 21
148 117 21
148 117 21
148 118 21
148 118 21
148 118 21
148 118 21
148 118 21
148 118 21
148 118 21
148 118 21
148 118 21
148 119 21
148 119 21
148 119 21
148 119 21
148 119 21
148 119 21
148 119 21
148 119 21
148 119 21
148 119 21
148 119 21
148 120 21
148 120 21
148 120 21
148 120 21
148 120 21
148 120 21
148 120 21
148 120 21
148 120 21
148 120 21
148 120 21
148 120 21
148 120 21
148 120 21
148 120 21
148 121 21
148 121 21
148 121 21
148 121 21
148 121 21
148 121 21
148 121 21
148 121 21
148 121 21
148 121 21
148 121 21
148 121 21
148 121 21
148 121 21
148 121 21
148 121 21
148 121 21
148 121 21
148 121 21
148 121 21
148 121 21
148 122 21
148 122 21
148 122 21
148 122 21
148 122 21
148 122 21
148 122 21
148 122 21
148 122 21
148 122 21
148 122 21
148 122 21
148 122 21
148 122 21
148 122 21
148 122 21
148 122 21
148 122 21
148 122 21
148 122 21
148 122 21
148 122 21
148 122 21
148 122 21
148 122 21
148 122 21
148 122 21
148 122 21
148 123 21
148 123 21
148 123 21
148 123 21
148 123 21
148 123 21
148 123 21
148 123 21
148 123 21
148 123 21
148 123 21
148 123 21
148 123 21
148 123 21
148 123 21
148 123 21
148 123 21
148 123 21
148 123 21
148 123 21
148 123 21
148 123 21
148 123 21
148 123 21
148 123 21
148 123 21
148 123 21
148 123 21
148 123 21
148 123 21
148 123 21
148 123 21
148 123 21
148 123 21
148 123 21
148 123 21
148 124 21
148 124 21
148 124 21
148 124 21
148 124 21
148 124 21
148 124 21
148 124 21
148 124 21
148 124 21
148 124 21
148 124 21
148 124 21
148 124 21
148 124 21
148 124 21
148 124 21
148 124 21
148 124 21
148 124 21
148 124 21
148 124 21
148 124 21
148 124 21
148 124 21
148 124 21
148 124 21
148 124 21
148 124 21
148 124 21
148 124 21
148 124 21
148 124 21
148 124 21
148 124 21
148 124 21
148 124 21
148 124 21
148 124 21
148 124 21
148 124 21
148 124 21
148 124 21
148 124 21
148 124 21
148 125 21
148 125 21
148 125 21
148 125 21
148 125 21
148 125 21
148 125 21
148 125 21
148 125 21
148 125 21
148 125 21
148 125 21
148 125 21
148 125 21
148 125 21
148 125 21
148 125 21
148 125 21
148 125 21
148 125 21
148 125 21
148 125 21
148 125 21
148 125 21
148 125 21
148 125 21
148 125 21
148 125 21
148 125 21
148 125 21
148 125 21
148 125 21
148 125 21
148 125 21
148 125 21
148 125 21
148 125 21
148 125 21
148 125 21
148 125 21
148 125 21
148 125 21
148 125 21
148 125 21
148 125 21
148 125 21
148 125 21
148 125 21
148 125 21
148 125 21
148 125 21
148 125 21
148 125 21
148 125 21
148 126 21
148 126 21
148 126 21
148 126 21
148 126 21
148 126 21
148 126 21
148 126 21
148 126 21
148 126 21
148 126 21
148 126 21
148 126 21
148 126 21
148 126 21
148 126 21
148 126 21
148 126 21
148 126 21
148 126 21
148 126 21
148 126 21
148 126 21
148 126 21
148 126 21
148 126 21
148 126 21
148 126 21
148 126 21
148 126 21
148 126 21
148 126 21
148 126 21
148 126 21
148 126 21
148 126 21
148 126 21
148 126 21
148 126 21
148 126 21
148 126 21
148 126 21
148 126 21
148 126 21
148 126 21
148 126 21
148 126 21
148 127 21
148 127 21
148 127 21
148 127 21
148 127 21
148 127 21
148 127 21
148 127 21
148 127 21
148 127 21
148 127 21
148 127 21
148 127 21
148 127 21
148 127 21
148 127 21
148 127 21
148 127 21
148 127 21
148 127 21
148 127 21
148 127 21
148 127 21
148 127 21
148 127 21
148 127 21
148 127 21
148 127 21
148 127 21
148 127 21
148 127 21
148 127 21
148 127 21
148 127 21
148 127 21
148 127 21
148 127 21
148 127 21
148 127 21
148 127 21
148 127 21
148 127 21
148 127 21
148 127 21
148 127 21
148 127 21
148 127 21
148 127 21
148 127 21
148 127 21
148 127 21
148 127 21
148 127 21
148 127 21
148 127 21
148 127 21
148 127 21
148 127 21
148 127 21
148 127 21
148 127 21
148 127 21
148 127 21
148 127 21
148 127 21
148 127 21
148 127 21
148 128 21
148 128 21
148 128 21
148 128 21
148 128 21
148 128 21
148 128 21
148 128 21
148 128 21
148 128 21
148 128 21
148 128 21
148 128 21
148 128 21
148 128 21
148 128 21
148 128 21
148 128 21
148 128 21
148 128 21
148 128 21
148 128 21
148 128 21
148 128 21
148 128 21
148 128 21
148 128 21
148 128 21
148 128 21
148 128 21
148 128 21
148 128 21
148 128 21
148 128 21
148 128 21
148 128 21
148 128 21
148 128 21
148 128 21
148 128 21
148 128 21
148 128 21
148 128 21
148 128 21
148 128 21
148 128 21
148 128 21
148 128 21
148 128 21
148 128 21
148 128 21
148 128 21
148 128 21
148 128 21
148 128 21
148 128 21
148 128 21
148 128 21
148 128 21
148 128 21
148 128 21
148 128 21
148 128 21
148 128 21
148 128 21
148 128 21
148 128 21
148 128 21
148 128 21
148 129 21
148 129 21
148 129 21
148 129 21
148 129 21
148 129 21
148 129 21
148 129 21
148 129 21
148 129 21
148 129 21
148 129 21
148 129 21
148 129 21
148 129 21
148 129 21
148 129 21
148 129 21
148 129 21
148 129 21
148 129 21
148 129 21
148 129 21
148 129 21
148 129 21
148 129 21
148 129 21
148 129 21
148 129 21
148 129 21
148 129 21
148 129 21
148 129 21
148 129 21
148 129 21
148 129 21
148 129 21
148 129 21
148 129 21
148 129 21
148 129 21
148 129 21
148 129 21
148 129 21
148 129 21
148 129 21
148 129 21
148 129 21
148 129 21
148 129 21
148 129 21
148 129 21
148 129 21
148 129 21
148 129 21
148 129 21
148 129 21
148 129 21
148 129 21
148 129 21
148 129 21
148 129 21
148 129 21
148 129 21
148 129 21
148 129 21
148 129 21
148 130 21
148 130 21
148 130 21
148 130 21
148 130 21
148 130 21
148 130 21
148 130 21
148 130 21
148 130 21
148 130 21
148 130 21
148 130 21
148 130 21
148 130 21
148 130 21
148 130 21
148 130 21
148 130 21
148 130 21
148 130 21
148 130 21
148 130 21
148 130 21
148 130 21
148 130 21
148 130 21
148 130 21
148 130 21
148 130 21
148 130 21
148 130 21
148 130 21
148 130 21
148 130 21
148 130 21
148 130 21
148 130 21
148 130 21
148 130 21
148 130 21
148 130 21
148 130 21
148 130 21
148 130 21
148 130 21
148 130 21
148 130 21
148 130 21
148 130 21
148 130 21
148 130 21
148 130 21
148 130 21
148 130 21
148 130 21
148 130 21
148 130 21
148 130 21
148 130 21
148 130 21
148 131 21
148 131 21
148 131 21
148 131 21
148 131 21
148 131 21
148 131 21
148 131 21
148 131 21
148 131 21
148 131 21
148 131 21
148 131 21
148 131 21
148 131 21
148 131 21
148 131 21
148 131 21
148 131 21
148 131 21
148 131 21
148 131 21
148 131 21
148 131 21
148 131 21
148 131 21
148 131 21
148 131 21
148 131 21
148 131 21
148 131 21
148 131 21
148 131 21
148 131 21
148 131 21
148 131 21
148 131 21
148 131 21
148 131 21
148 131 21
148 131 21
148 131 21
148 131 21
148 131 21
148 131 21
148 131 21
148 131 21
148 131 21
148 131 21
148 131 21
148 131 21
148 131 21
148 131 21
148 132 21
148 132 21
148 132 21
148 132 21
148 132 21
148 132 21
148 132 21
148 132 21
148 132 21
148 132 21
148 132 21
148 132 21
148 132 21
148 132 21
148 132 21
148 132 21
148 132 21
148 132 21
148 132 21
148 132 21
148 132 21
148 132 21
148 132 21
148 132 21
148 132 21
148 132 21
148 132 21
148 132 21
148 132 21
148 132 21
148 132 21
148 132 21
148 132 21
148 132 21
148 132 21
148 132 21
148 132 21
148 132 21
148 132 21
148 132 21
148 132 21
148 132 21
148 132 21
148 133 21
148 133 21
148 133 21
148 133 21
148 133 21
148 133 21
148 133 21
148 133 21
148 133 21
148 133 21
148 133 21
148 133 21
148 133 21
148 133 21
148 133 21
148 133 21
148 133 21
148 133 21
148 133 21
148 133 21
148 133 21
148 133 21
148 133 21
148 133 21
148 133 21
148 133 21
148 133 21
148 133 21
148 133 21
148 133 21
148 133 21
148 133 21
148 133 21
148 134 21
148 134 21
148 134 21
148 134 21
148 134 21
148 134 21
148 134 21
148 134 21
148 134 21
148 134 21
148 134 21
148 134 21
148 134 21
148 134 21
148 134 21
148 134 21
148 134 21
148 134 21
148 134 21
148 134 21
148 134 21
148 134 21
148 134 21
148 134 21
148 135 21
148 135 21
148 135 21
148 135 21
148 135 21
148 135 21
148 135 21
148 135 21
148 135 21
148 135 21
148 135 21
148 135 21
148 135 21
148 135 21
148 135 21
148 135 21
148 135 21
148 135 21
148 136 21
148 136 21
148 136 21
148 136 21
148 136 21
148 136 21
148 136 21
148 136 21
148 136 21
148 136 21
148 136 21
148 136 21
148 136 21
148 138 21
148 138 21
148 138 21
148 138 21
148 138 21
148 138 21
148 138 21
149 138 21
149 138 21
149 138 21
149 138 21
149 138 21
149 138 21
149 139 21
149 139 21
149 139 21
149 139 21
150 139 21
150 139 21
150 139 21
150 139 21
150 140 21
150 140 21
150 140 21
150 141 21
150 141 21
150 142 21
150 142 21
150 143 21
150 143 21
150 144 21
150 144 21
150 145 21
81 145 21
81 146 21
80 146 21
79 146 21
78 146 21
77 146 21
76 146 21
75 146 21
74 146 21
73 146 21
72 146 21
72 147 21
71 147 21
70 148 21
69 148 21
68 148 21
67 148 21
66 148 21
65 148 21
64 148 21
63 148 21
62 148 21
61 148 21
61 149 21
61 150 21
61 151 21
61 152 21
61 152 21
61 153 21
61 153 21
61 154 21
61 154 21
61 155 21
61 155 21
61 156 21
61 156 21
61 156 21
61 157 21
61 157 21
61 157 21
61 157 21
61 158 21
61 158 21
61 158 21
61 158 21
61 158 21
60 158 21
60 158 21
60 158 21
60 158 21
59 158 21
59 158 21
59 158 21
59 158 21
58 158 21
58 158 21
58 158 21
58 158 21
57 158 21
57 158 21
57 158 21
57 158 21
57 158 21
56 158 21
56 158 21
56 158 21
56 158 21
56 158 21
55 158 21
55 158 21
55 158 21
55 158 21
55 158 21
55 158 21
55 158 21
54 158 21
54 158 21
54 158 21
54 158 21
54 158 21
54 158 21
54 158 21
54 158 21
54 158 21
53 158 21
53 158 21
53 158 21
53 158 21
53 158 21
53 158 21
53 158 21
53 158 21
53 158 21
53 158 21
53 158 21
53 158 21
52 158 21
52 158 21
52 158 21
52 158 21
52 158 21
52 158 21
52 158 21
52 158 21
52 158 21
52 158 21
52 158 21
52 158 21
52 158 21
52 158 21
52 158 21
52 158 21
51 158 21
51 158 21
51 158 21
51 158 21
51 158 21
51 158 21
51 158 21
51 158 21
51 158 21
51 158 21
51 158 21
51 158 21
51 158 21
51 158 21
51 158 21
51 158 21
51 158 21
51 158 21
51 158 21
51 158 21
50 158 21
50 158 21
50 158 21
50 158 21
50 158 21
50 158 21
50 158 21
50 158 21
50 158 21
50 158 21
50 158 21
50 158 21
50 158 21
50 158 21
50 158 21
50 158 21
50 158 21
50 158 21
50 158 21
50 158 21
50 158 21
50 158 21
50 158 21
50 158 21
50 158 21
49 158 21
49 158 21
49 158 21
49 158 21
49 158 21
49 158 21
49 158 21
49 158 21
49 158 21
49 158 21
49 158 21
49 158 21
49 158 21
49 158 21
49 158 21
49 158 21
49 158 21
49 158 21
49 158 21
49 158 21
49 158 21
49 158 21
49 158 21
49 158 21
49 158 21
49 158 21
49 158 21
49 158 21
49 158 21
49 158 21
48 158 21
48 158 21
48 158 21
48 158 21
48 158 21
48 158 21
48 158 21
48 158 21
48 158 21
48 158 21
48 158 21
48 158 21
48 158 21
48 158 21
48 158 21
48 158 21
48 158 21
48 158 21
48 158 21
48 158 21
48 158 21
48 158 21
48 158 21
48 158 21
48 158 21
48 158 21
48 158 21
48 158 21
48 158 21
48 158 21
48 158 21
48 158 21
48 158 21
47 158 21
47 158 21
47 158 21
47 158 21
47 158 21
47 158 21
47 158 21
47 158 21
47 158 21
47 158 21
47 158 21
47 158 21
47 158 21
47 158 21
47 158 21
47 158 21
47 158 21
47 158 21
47 158 21
47 158 21
47 158 21
47 158 21
47 158 21
47 158 21
47 158 21
47 158 21
47 158 21
47 158 21
47 158 21
47 158 21
47 158 21
47 158 21
47 158 21
47 158 21
46 158 21
46 158 21
46 158 21
46 158 21
46 158 21
46 158 21
46 158 21
46 158 21
46 158 21
46 158 21
46 158 21
46 158 21
46 158 21
46 158 21
46 158 21
46 158 21
46 158 21
46 158 21
46 158 21
46 158 21
46 158 21
46 158 21
46 158 21
46 158 21
46 158 21
46 158 21
46 158 21
46 158 21
46 158 21
46 158 21
46 158 21
46 158 21
46 158 21
46 158 21
45 158 21
45 158 21
45 158 21
45 158 21
45 158 21
45 158 21
45 158 21
45 158 21
45 158 21
45 158 21
45 158 21
45 158 21
45 158 21
45 158 21
45 158 21
45 158 21
45 158 21
45 158 21
45 158 21
45 158 21
45 158 21
45 158 21
45 158 21
45 158 21
45 158 21
45 158 21
45 158 21
45 158 21
45 158 21
45 158 21
45 158 21
44 158 21
44 158 21
44 158 21
44 158 21
44 158 21
44 158 21
44 158 21
44 158 21
44 158 21
44 158 21
44 158 21
44 158 21
44 158 21
44 158 21
44 158 21
44 158 21
44 158 21
44 158 21
44 158 21
44 158 21
44 158 21
44 158 21
44 158 21
44 158 21
44 158 21
44 158 21
44 158 21
43 158 21
43 158 21
43 158 21
43 158 21
43 158 21
43 158 21
43 158 21
43 158 21
43 158 21
43 158 21
43 158 21
43 158 21
43 158 21
43 158 21
43 158 21
43 158 21
43 158 21
43 158 21
43 158 21
43 158 21
43 158 21
43 158 21
43 158 21
42 158 21
42 158 21
42 158 21
42 158 21
42 158 21
42 158 21
42 158 21
42 158 21
42 158 21
42 158 21
42 158 21
42 158 21
42 158 21
42 158 21
42 158 21
42 158 21
42 158 21
42 158 21
41 158 21
41 158 21
41 158 21
41 158 21
41 158 21
41 158 21
41 158 21
41 158 21
41 158 21
41 158 21
41 158 21
41 158 21
41 158 21
41 158 21
41 158 21
40 158 21
40 158 21
40 158 21
40 158 21
40 158 21
40 158 21
40 158 21
40 158 21
40 158 21
40 158 21
40 158 21
39 158 21
39 158 21
39 158 21
39 158 21
39 158 21
39 158 21
39 158 21
39 158 21
39 158 21
38 158 21
38 158 21
38 158 21
38 158 21
38 158 21
38 158 21
38 158 21
38 158 21
37 159 21
37 159 21
37 159 21
37 159 21
37 159 21
37 159 21
37 159 21
37 159 21
37 159 21
37 160 21
37 160 21
37 160 21
37 160 21
37 160 21
37 160 21
37 160 21
37 160 21
37 160 21
37 160 21
37 160 21
37 160 21
37 161 21
37 161 21
37 161 21
37 161 21
37 161 21
37 161 21
37 161 21
37 161 21
37 161 21
37 161 21
37 161 21
37 161 21
37 161 21
37 161 21
37 161 21
37 161 21
37 161 21
37 162 21
37 162 21
37 162 21
37 162 21
37 162 21
37 162 21
37 162 21
37 162 21
37 162 21
37 162 21
37 162 21
37 162 21
37 162 21
37 162 21
37 162 21
37 162 21
37 162 21
37 162 21
37 162 21
37 162 21
37 162 21
37 162 21
37 162 21
37 162 21
37 163 21
37 163 21
37 163 21
37 163 21
37 163 21
37 163 21
37 163 21
37 163 21
37 163 21
37 163 21
37 163 21
37 163 21
37 163 21
37 163 21
37 163 21
37 163 21
37 163 21
37 163 21
37 163 21
37 163 21
37 163 21
37 163 21
37 163 21
37 163 21
37 163 21
37 163 21
37 163 21
37 163 21
37 163 21
37 163 21
37 163 21
37 163 21
37 164 21
37 164 21
37 164 21
37 164 21
37 164 21
37 164 21
37 164 21
37 164 21
37 164 21
37 164 21
37 164 21
37 164 21
37 164 21
37 164 21
37 164 21
37 164 21
37 164 21
37 164 21
37 164 21
37 164 21
37 164 21
37 164 21
37 164 21
37 164 21
37 164 21
37 164 21
37 164 21
37 164 21
37 164 21
37 164 21
37 164 21
37 164 21
37 164 21
37 164 21
37 164 21
37 164 21
37 164 21
37 164 21
37 164 21
37 165 21
37 165 21
37 165 21
37 165 21
37 165 21
37 165 21
37 165 21
37 165 21
37 165 21
37 165 21
37 165 21
37 165 21
37 165 21
37 165 21
37 165 21
37 165 21
37 165 21
37 165 21
37 165 21
37 165 21
37 165 21
37 165 21
37 165 21
37 165 21
37 165 21
37 165 21
37 165 21
37 165 21
37 165 21
37 165 21
37 165 21
37 165 21
37 165 21
37 165 21
37 165 21
37 165 21
37 165 21
37 165 21
37 165 21
37 165 21
37 165 21
37 165 21
37 165 21
37 165 21
37 165 21
37 165 21
37 166 21
37 166 21
37 166 21
37 166 21
37 166 21
37 166 21
37 166 21
37 166 21
37 166 21
37 166 21
37 166 21
37 166 21
37 166 21
37 166 21
37 166 21
37 166 21
37 166 21
37 166 21
37 166 21
37 166 21
37 166 21
37 166 21
37 166 21
37 166 21
37 166 21
37 166 21
37 166 21
37 166 21
37 166 21
37 166 21
37 166 21
37 166 21
37 166 21
37 166 21
37 166 21
37 166 21
37 166 21
37 166 21
37 166 21
37 166 21
37 166 21
37 166 21
37 166 21
37 166 21
37 166 21
37 166 21
37 166 21
37 166 21
37 166 21
37 166 21
37 167 21
37 167 21
37 167 21
37 167 21
37 167 21
37 167 21
37 167 21
37 167 21
37 167 21
37 167 21
37 167 21
37 167 21
37 167 21
37 167 21
37 167 21
37 167 21
37 167 21
37 167 21
37 167 21
37 167 21
37 167 21
37 167 21
37 167 21
37 167 21
37 167 21
37 167 21
37 167 21
37 167 21
37 167 21
37 167 21
37 167 21
37 167 21
37 167 21
37 167 21
37 167 21
37 167 21
37 167 21
37 167 21
37 167 21
37 167 21
37 167 21
37 167 21
37 167 21
37 167 21
37 167 21
37 167 21
37 167 21
37 167 21
37 167 21
37 167 21
37 167 21
37 168 21
37 168 21
37 168 21
37 168 21
37 168 21
37 168 21
37 168 21
37 168 21
37 168 21
37 168 21
37 168 21
37 168 21
37 168 21
37 168 21
37 168 21
37 168 21
37 168 21
37 168 21
37 168 21
37 168 21
37 168 21
37 168 21
37 168 21
37 168 21
37 168 21
37 168 21
37 168 21
37 168 21
37 168 21
37 168 21
37 168 21
37 168 21
37 168 21
37 168 21
37 168 21
37 168 21
37 168 21
37 168 21
37 168 21
37 168 21
37 168 21
37 168 21
37 168 21
37 168 21
37 168 21
37 168 21
37 168 21
37 168 21
37 169 21
37 169 21
37 169 21
37 169 21
37 169 21
37 169 21
37 169 21
37 169 21
37 169 21
37 169 21
37 169 21
37 169 21
37 169 21
37 169 21
37 169 21
37 169 21
37 169 21
37 169 21
37 169 21
37 169 21
37 169 21
37 169 21
37 169 21
37 169 21
37 169 21
37 169 21
37 169 21
37 169 21
37 169 21
37 169 21
37 169 21
37 169 21
37 169 21
37 169 21
37 169 21
37 169 21
37 169 21
37 169 21
37 169 21
37 169 21
37 169 21
37 169 21
37 169 21
37 170 21
37 170 21
37 170 21
37 170 21
37 170 21
37 170 21
37 170 21
37 170 21
37 170 21
37 170 21
37 170 21
37 170 21
37 170 21
37 170 21
37 170 21
37 170 21
37 170 21
37 170 21
37 170 21
37 170 21
37 170 21
37 170 21
37 170 21
37 170 21
37 170 21
37 170 21
37 170 21
37 170 21
37 170 21
37 170 21
37 170 21
37 170 21
37 170 21
37 170 21
37 170 21
37 170 21
37 170 21
37 171 21
37 171 21
37 171 21
37 171 21
37 171 21
37 171 21
37 171 21
37 171 21
37 171 21
37 171 21
37 171 21
37 171 21
37 171 21
37 171 21
37 171 21
37 171 21
37 171 21
37 171 21
37 171 21
37 171 21
37 171 21
37 171 21
37 171 21
37 171 21
37 171 21
37 171 21
37 171 21
37 171 21
37 171 21
37 171 21
37 172 21
37 172 21
37 172 21
37 172 21
37 172 21
37 172 21
37 172 21
37 172 21
37 172 21
37 172 21
37 172 21
37 172 21
37 172 21
37 172 21
37 172 21
37 172 21
37 172 21
37 172 21
37 172 21
37 172 21
37 172 21
37 172 21
37 172 21
37 173 21
37 173 21
37 173 21
37 173 21
37 173 21
37 173 21
37 173 21
37 173 21
37 173 21
37 173 21
37 173 21
37 173 21
37 173 21
37 173 21
37 173 21
37 173 21
37 173 21
37 173 21
37 174 21
37 174 21
37 174 21
37 174 21
37 174 21
37 174 21
37 174 21
37 174 21
37 174 21
37 174 21
37 174 21
37 174 21
37 174 21
37 175 21
37 175 21
37 175 21
37 175 21
37 175 21
37 175 21
37 175 21
37 175 21
37 175 21
37 175 21
37 176 21
37 176 21
37 176 21
37 176 21
37 176 21
37 176 21
37 176 21
37 177 21
37 177 21
37 177 21
37 177 21
37 177 21
37 178 21
37 178 21
37 178 21
37 178 21
37 179 21
37 179 21
37 179 21
37 180 21
37 180 21
37 180 21
37 181 21
37 181 21
37 182 21
37 182 21
36 182 21
36 182 21
35 182 21
35 182 21
34 182 21
34 182 21
33 182 21
32 182 21
31 182 21
30 182 21
29 182 21
28 182 21
28 183 21
150 146 21
151 146 21
152 146 21
153 146 21
154 146 21
155 146 21
156 146 21
157 146 21
157 146 21
158 146 21
158 146 21
159 146 21
159 146 21
160 146 21
160 146 21
160 146 21
161 146 21
161 146 21
161 146 21
161 146 21
162 146 21
162 146 21
162 146 21
162 146 21
162 146 21
162 146 21
163 146 21
163 146 21
163 146 21
163 146 21
163 146 21
163 146 21
163 146 21
163 146 21
163 146 21
163 146 21
164 146 21
164 146 21
164 146 21
164 146 21
164 146 21
164 146 21
164 146 21
164 146 21
164 146 21
164 146 21
164 146 21
164 146 21
164 146 21
164 146 21
164 146 21
165 146 21
165 146 21
165 146 21
165 146 21
165 146 21
165 146 21
165 146 21
165 146 21
165 146 21
165 146 21
165 146 21
165 146 21
165 146 21
165 146 21
165 146 21
165 146 21
165 146 21
165 146 21
165 146 21
165 146 21
165 146 21
165 146 21
165 146 21
166 146 21
166 146 21
166 146 21
166 146 21
166 146 21
166 146 21
166 146 21
166 146 21
166 146 21
166 146 21
166 146 21
166 146 21
166 146 21
166 146 21
166 146 21
166 146 21
166 146 21
166 146 21
166 146 21
166 146 21
166 146 21
166 146 21
166 146 21
166 146 21
166 146 21
166 146 21
166 146 21
166 146 21
166 146 21
166 146 21
166 146 21
166 146 21
167 146 21
167 146 21
167 146 21
167 146 21
167 146 21
167 146 21
167 146 21
167 146 21
167 146 21
167 146 21
167 146 21
167 146 21
167 146 21
167 146 21
167 146 21
167 146 21
167 146 21
167 146 21
167 146 21
167 146 21
167 146 21
167 146 21
167 146 21
167 146 21
167 146 21
167 146 21
167 146 21
167 146 21
167 146 21
167 146 21
167 146 21
167 146 21
167 146 21
167 146 21
167 146 21
167 146 21
167 146 21
167 146 21
167 146 21
167 146 21
167 146 21
168 146 21
168 146 21
168 146 21
168 146 21
168 146 21
168 146 21
168 146 21
168 146 21
168 146 21
168 146 21
168 146 21
168 146 21
168 146 21
168 146 21
168 146 21
168 146 21
168 146 21
168 146 21
168 146 21
168 146 21
168 146 21
168 146 21
168 146 21
168 146 21
168 146 21
168 146 21
168 146 21
168 146 21
168 146 21
168 146 21
168 146 21
168 146 21
168 146 21
168 146 21
168 146 21
168 146 21
168 146 21
168 146 21
168 146 21
168 146 21
168 146 21
168 146 21
168 146 21
168 146 21
168 146 21
168 146 21
168 146 21
168 146 21
168 146 21
169 146 21
169 146 21
169 146 21
169 146 21
169 146 21
169 146 21
169 146 21
169 146 21
169 146 21
169 146 21
169 146 21
169 146 21
169 146 21
169 146 21
169 146 21
169 146 21
169 146 21
169 146 21
169 146 21
169 146 21
169 146 21
169 146 21
169 146 21
169 146 21
169 146 21
169 146 21
169 146 21
169 146 21
169 146 21
169 146 21
169 146 21
169 146 21
169 146 21
169 146 21
169 146 21
169 146 21
169 146 21
169 146 21
169 146 21
169 146 21
169 146 21
169 146 21
169 146 21
169 146 21
169 146 21
169 146 21
169 146 21
169 146 21
169 146 21
169 146 21
169 146 21
169 146 21
169 146 21
169 146 21
169 146 21
170 146 21
170 146 21
170 146 21
170 146 21
170 146 21
170 146 21
170 146 21
170 146 21
170 146 21
170 146 21
170 146 21
170 146 21
170 146 21
170 146 21
170 146 21
170 146 21
170 146 21
170 146 21
170 146 21
170 146 21
170 146 21
170 146 21
170 146 21
170 146 21
170 146 21
170 146 21
170 146 21
170 146 21
170 146 21
170 146 21
170 146 21
170 146 21
170 146 21
170 146 21
170 146 21
170 146 21
170 146 21
170 146 21
170 146 21
170 146 21
170 146 21
170 146 21
170 146 21
170 146 21
170 146 21
170 146 21
170 146 21
170 146 21
170 146 21
170 146 21
170 146 21
170 146 21
170 146 21
170 146 21
170 146 21
170 146 21
171 146 21
171 146 21
171 146 21
171 146 21
171 146 21
171 146 21
171 146 21
171 146 21
171 146 21
171 146 21
171 146 21
171 146 21
171 146 21
171 146 21
171 146 21
171 146 21
171 146 21
171 146 21
171 146 21
171 146 21
171 146 21
171 146 21
171 146 21
171 146 21
171 146 21
171 146 21
171 146 21
171 146 21
171 146 21
171 146 21
171 146 21
171 146 21
171 146 21
171 146 21
171 146 21
171 146 21
171 146 21
171 146 21
171 146 21
171 146 21
171 146 21
171 146 21
171 146 21
171 146 21
171 146 21
171 146 21
171 146 21
171 146 21
171 146 21
171 146 21
171 146 21
171 146 21
171 146 21
171 146 21
172 146 21
172 146 21
172 146 21
172 146 21
172 146 21
172 146 21
172 146 21
172 146 21
172 146 21
172 146 21
172 146 21
172 146 21
172 146 21
172 146 21
172 146 21
172 146 21
172 146 21
172 146 21
172 146 21
172 146 21
172 146 21
172 146 21
172 146 21
172 146 21
172 146 21
172 146 21
172 146 21
172 146 21
172 146 21
172 146 21
172 146 21
172 146 21
172 146 21
172 146 21
172 146 21
172 146 21
172 146 21
172 146 21
172 146 21
172 146 21
172 146 21
172 146 21
172 146 21
172 146 21
172 146 21
172 146 21
172 146 21
172 146 21
172 146 21
173 146 21
173 146 21
173 146 21
173 146 21
173 146 21
173 146 21
173 146 21
173 146 21
173 146 21
173 146 21
173 146 21
173 146 21
173 146 21
173 146 21
173 146 21
173 146 21
173 146 21
173 146 21
173 146 21
173 146 21
173 146 21
173 146 21
173 146 21
173 146 21
173 146 21
173 146 21
173 146 21
173 146 21
173 146 21
173 146 21
173 146 21
173 146 21
173 146 21
173 146 21
173 146 21
173 146 21
173 146 21
173 146 21
173 146 21
173 146 21
173 146 21
174 146 21
174 146 21
174 146 21
174 146 21
174 146 21
174 146 21
174 146 21
174 146 21
174 146 21
174 146 21
174 146 21
174 146 21
174 146 21
174 146 21
174 146 21
174 146 21
174 146 21
174 146 21
174 146 21
174 146 21
174 146 21
174 146 21
174 146 21
174 146 21
174 146 21
174 146 21
174 146 21
174 146 21
174 146 21
174 146 21
174 146 21
174 146 21
174 146 21
175 146 21
175 146 21
175 146 21
175 146 21
175 146 21
175 146 21
175 146 21
175 146 21
175 146 21
175 146 21
175 146 21
175 146 21
175 146 21
175 146 21
175 146 21
175 146 21
175 146 21
175 146 21
175 146 21
175 146 21
175 146 21
175 146 21
175 146 21
175 146 21
175 146 21
175 146 21
176 146 21
176 146 21
176 146 21
176 146 21
176 146 21
176 146 21
176 146 21
176 146 21
176 146 21
176 146 21
176 146 21
176 146 21
176 146 21
176 146 21
176 146 21
176 146 21
176 146 21
176 146 21
176 146 21
176 146 21
177 146 21
177 146 21
177 146 21
177 146 21
177 146 21
177 146 21
177 146 21
177 146 21
177 146 21
177 146 21
177 146 21
177 146 21
177 146 21
177 146 21
177 146 21
177 146 21
178 146 21
178 146 21
178 146 21
178 146 21
178 146 21
178 146 21
178 146 21
178 146 21
178 146 21
178 146 21
178 146 21
178 146 21
178 146 21
179 146 21
179 146 21
179 146 21
179 146 21
179 146 21
179 146 21
179 146 21
179 146 21
179 146 21
179 146 21
179 146 21
179 147 21
179 147 21
179 147 21
179 147 21
179 147 21
179 147 21
179 147 21
179 147 21
179 147 21
179 147 21
179 147 21
179 147 21
179 147 21
179 147 21
180 147 21
180 147 21
180 147 21
180 147 21
180 147 21
180 147 21
180 147 21
180 147 21
180 147 21
180 147 21
180 147 21
180 147 21
180 148 21
180 148 21
180 148 21
180 148 21
180 148 21
180 148 21
180 148 21
180 148 21
180 148 21
180 148 21
180 148 21
180 148 21
180 148 21
180 148 21
180 148 21
182 148 21
182 148 21
182 148 21
182 148 21
182 148 21
182 148 21
182 148 21
182 148 21
182 148 21
182 148 21
182 148 21
182 148 21
182 149 21
182 149 21
182 149 21
182 149 21
182 149 21
182 149 21
182 149 21
182 149 21
182 149 21
182 149 21
182 149 21
182 149 21
182 149 21
182 149 21
182 150 21
182 150 21
182 150 21
182 150 21
182 150 21
182 150 21
182 150 21
182 150 21
182 150 21
182 150 21
182 150 21
182 150 21
182 150 21
182 150 21
182 150 21
182 150 21
182 151 21
182 151 21
182 151 21
182 151 21
182 151 21
182 151 21
182 151 21
182 151 21
182 151 21
182 151 21
182 151 21
182 151 21
182 151 21
182 151 21
182 151 21
182 151 21
182 151 21
182 152 21
182 152 21
182 152 21
182 152 21
182 152 21
182 152 21
182 152 21
182 152 21
182 152 21
182 152 21
182 152 21
182 152 21
182 152 21
182 152 21
182 152 21
182 152 21
182 152 21
182 152 21
182 153 21
182 153 21
182 153 21
182 153 21
182 153 21
182 153 21
182 153 21
182 153 21
182 153 21
182 153 21
182 153 21
182 153 21
182 153 21
182 153 21
182 153 21
182 153 21
182 153 21
182 154 21
182 154 21
182 154 21
182 154 21
182 154 21
182 154 21
182 154 21
182 154 21
182 154 21
182 154 21
182 154 21
182 154 21
182 154 21
182 154 21
182 154 21
182 155 21
182 155 21
182 155 21
182 155 21
182 155 21
182 155 21
182 155 21
182 155 21
182 155 21
182 155 21
182 155 21
182 155 21
182 155 21
182 156 21
182 156 21
182 156 21
182 156 21
182 156 21
182 156 21
182 156 21
182 156 21
182 156 21
182 156 21
182 156 21
182 157 21
182 157 21
182 157 21
182 157 21
182 157 21
182 157 21
182 157 21
182 157 21
182 157 21
182 158 21
182 158 21
182 158 21
182 158 21
182 158 21
182 158 21
182 158 21
183 158 21
183 158 21
183 158 21
183 158 21
183 158 21
183 158 21
183 159 21
183 159 21
183 159 21
183 159 21
183 160 21
183 160 21
183 160 21
183 161 21
183 161 21
183 161 21
183 162 21
183 162 21
183 163 21
183 163 21
183 164 21
183 164 21
183 165 21
183 165 21
183 166 21
183 167 21
183 168 21
183 169 21
182 169 21
182 170 21
180 170 21
