0 0 0 1
0 0 0 2
0 0 0 4
0 0 0 8
0 0 0 16
0 0 0 32
0 0 0 64
0 0 0 128
1 0 0 1
1 0 0 2
1 0 0 4
1 0 0 8
1 0 0 16
1 0 0 32
1 0 0 64
1 0 0 128
2 0 0 1
2 0 0 2
2 0 0 4
2 0 0 8
2 0 0 16
2 0 0 32
2 0 0 64
2 0 0 128
3 0 0 1
3 0 0 2
3 0 0 4
3 0 0 8
3 0 0 16
3 0 0 32
3 0 0 64
3 0 0 128
4 0 0 1
4 0 0 2
4 0 0 4
4 0 0 8
4 0 0 16
4 0 0 32
4 0 0 64
4 0 0 128
5 0 0 1
5 0 0 2
5 0 0 4
5 0 0 8
5 0 0 16
5 0 0 32
5 0 0 64
5 0 0 128
6 0 0 1
6 0 0 2
6 0 0 4
6 0 0 8
6 0 0 16
6 0 0 32
6 0 0 64
6 0 0 128
7 0 0 1
7 0 0 2
7 0 0 4
7 0 0 8
7 0 0 16
7 0 0 32
7 0 0 64
7 0 0 128
8 0 0 1
8 0 0 2
8 0 0 4
8 0 0 8
8 0 0 16
8 0 0 32
8 0 0 64
8 0 0 128
9 0 0 1
9 0 0 2
9 0 0 4
9 0 0 8
9 0 0 16
9 0 0 32
9 0 0 64
9 0 0 128
10 0 0 1
10 0 0 2
10 0 0 4
10 0 0 8
10 0 0 16
10 0 0 32
10 0 0 64
10 0 0 128
11 0 0 1
11 0 0 2
11 0 0 4
11 0 0 8
11 0 0 16
11 0 0 32
11 0 0 64
11 0 0 128
12 0 0 1
12 0 0 2
12 0 0 4
12 0 0 8
12 0 0 16
12 0 0 32
12 0 0 64
12 0 0 128
13 0 0 1
13 0 0 2
13 0 0 4
13 0 0 8
13 0 0 16
13 0 0 32
13 0 0 64
13 0 0 128
14 0 0 1
14 0 0 2
14 0 0 4
14 0 0 8
14 0 0 16
14 0 0 32
14 0 0 64
14 0 0 128
15 0 0 1
15 0 0 2
15 0 0 4
15 0 0 8
15 0 0 16
15 0 0 32
15 0 0 64
15 0 0 128
16 0 0 1
16 0 0 2
16 0 0 4
16 0 0 8
16 0 0 16
16 0 0 32
16 0 0 64
16 0 0 128
17 0 0 1
17 0 0 2
17 0 0 4
17 0 0 8
17 0 0 16
17 0 0 32
17 0 0 64
17 0 0 128
18 0 0 1
18 0 0 2
18 0 0 4
18 0 0 8
18 0 0 16
18 0 0 32
18 0 0 64
18 0 0 128
19 0 0 1
19 0 0 2
19 0 0 4
19 0 0 8
19 0 0 16
19 0 0 32
19 0 0 64
19 0 0 128
20 0 0 1
20 0 0 2
20 0 0 4
20 0 0 8
20 0 0 16
20 0 0 32
20 0 0 64
20 0 0 128
21 0 0 1
21 0 0 2
21 0 0 4
21 0 0 8
21 0 0 16
21 0 0 32
21 0 0 64
21 0 0 128
22 0 0 1
22 0 0 2
22 0 0 4
22 0 0 8
22 0 0 16
22 0 0 32
22 0 0 64
22 0 0 128
23 0 0 1
23 0 0 2
23 0 0 4
23 0 0 8
23 0 0 16
23 0 0 32
23 0 0 64
23 0 0 128
24 0 0 1
24 0 0 2
24 0 0 4
24 0 0 8
24 0 0 16
24 0 0 32
24 0 0 64
24 0 0 128
25 0 0 1
25 0 0 2
25 0 0 4
25 0 0 8
25 0 0 16
25 0 0 32
25 0 0 64
25 0 0 128
26 0 0 1
26 0 0 2
26 0 0 4
26 0 0 8
26 0 0 16
26 0 0 32
26 0 0 64
26 0 0 128
27 0 0 1
27 0 0 2
27 0 0 4
27 0 0 8
27 0 0 16
27 0 0 32
27 0 0 64
27 0 0 128
28 0 0 1
28 0 0 2
28 0 0 4
28 0 0 8
28 0 0 16
28 0 0 32
28 0 0 64
28 0 0 128
29 0 0 1
29 0 0 2
29 0 0 4
29 0 0 8
29 0 0 16
29 0 0 32
29 0 0 64
29 0 0 128
