0081: 2009243; 0, 46060000, 3610000, 2755;
0066: 68164; 6, 372000000, 12482000, 9796;
0047: 542203; 0, 174000000, 10332900, 8010;
0073: 8; 47, 358000000, 11436600, 8820;
0090: 408030; 4, 88000000, 12285000, 9765;
0099: 7939551; 0, 10668672, 1826500, 1430;
0034: 158623906; 0, 23422, 507000, 455;
0083: 166983; 0, 588000000, 10764000, 9660;
0039: 594186; 0, 156000000, 12197600, 9480;
0089: 2524995; 0, 38864448, 639600, 574;
0058: 21212; 9, 622000000, 10670400, 9576;
0029: 5375998; 0, 17885000, 616200, 553;
0053: 170352; 0, 576000000, 10920000, 9800;
0030: 22473640; 1, 2595726, 864000, 768;
0086: 53801; 5, 598000000, 10966800, 9842;
0042: 4296697; 0, 20575296, 2598400, 1984;
0014: 441350; 0, 216000000, 10478000, 8060;
0087: 869; 34, 48000000, 10264400, 8040;
0040: 16678; 9, 794000000, 10701600, 9604;
0041: 50861130; 0, 1198638, 667500, 525;
0061: 16773571; 0, 2540160, 3321600, 2592;
0072: 1532888; 0, 62368866, 2767500, 2175;
0008: 481; 29, 310000000, 11692800, 9048;
0038: 575108; 5, 46000000, 10877200, 8520;
0057: 501518; 2, 116000000, 11512800, 8856;
0020: 1285617; 0, 73942470, 3741200, 2914;
0046: 1084; 34, 36000000, 10681200, 8280;
0051: 532337; 0, 176000000, 11751200, 9176;
0023: 28433260; 0, 2283008, 1134000, 990;
0095: 563583; 0, 166000000, 11336400, 8742;
0067: 12419; 13, 432000000, 10599600, 8176;
0098: 322; 32, 236000000, 10054800, 7812;
0082: 31322630; 0, 2460780, 631800, 567;
0074: 1519574; 0, 65177546, 530400, 476;
0024: 5903; 21, 144000000, 12152000, 9300;
0007: 2713625; 0, 36197280, 553800, 497;
0000: 1970244; 0, 49914144, 741000, 665;
0001: 202157; 0, 482000000, 12566400, 9702;
0037: 56376; 17, 30000000, 9843000, 7650;
0079: 36385759; 0, 2032128, 616200, 553;
0091: 922574; 0, 96000000, 12292400, 9480;
0011: 539945; 0, 184534686, 569400, 511;
0017: 2537853; 0, 35363790, 3939600, 3038;
0031: 879236; 0, 102000000, 11635200, 8928;
0018: 5592638; 0, 17211250, 569400, 511;
0092: 3842; 26, 68000000, 10573500, 8265;
0096: 374; 31, 254000000, 10800000, 8352;
0027: 1602128; 0, 52000000, 10317000, 8265;
0044: 3596; 20, 308000000, 12576800, 9796;
0052: 92659; 2, 680000000, 10608000, 9520;
0004: 62745; 6, 406000000, 11696400, 9072;
0068: 364051; 8, 36000000, 9984900, 7719;
0056: 804757; 0, 121522842, 2638400, 2040;
0003: 113979338; 0, 374752, 402600, 366;
0070: 326; 33, 182000000, 12806000, 9880;
0002: 594746; 0, 158000000, 10039200, 7743;
0049: 9689668; 0, 7493472, 2726800, 2108;
0035: 126579; 7, 154000000, 11580000, 9000;
0065: 145883; 0, 674000000, 11383200, 8649;
0021: 867774; 1, 80000000, 12090000, 9610;
0028: 354720; 1, 214000000, 11430400, 9120;
0069: 61; 36, 528000000, 12431200, 9512;
0050: 280844; 0, 346000000, 9970500, 7650;
0010: 106523953; 0, 21756, 817000, 665;
0025: 121065; 13, 34000000, 11310000, 9100;
0032: 163661; 0, 600000000, 10920000, 9800;
0080: 150836; 0, 652000000, 10873200, 9758;
0036: 10454224; 0, 8755712, 709800, 637;
0022: 377895; 0, 252000000, 12524000, 9610;
0015: 128045; 0, 770000000, 10881000, 9765;
0012: 11700012; 0, 5635000, 2812000, 2128;
0045: 66; 47, 32000000, 10335600, 8091;
0063: 373793; 0, 264006512, 3421600, 2632;
0033: 139497; 2, 448000000, 10692000, 9720;
0078: 249674; 0, 390000000, 10423200, 7998;
0075: 60467; 10, 168000000, 9477000, 7533;
0013: 112886694; 0, 37044, 748800, 672;
0084: 281879; 0, 342000000, 12663000, 9715;
0071: 188079; 0, 530882660, 709800, 637;
0085: 1879170; 0, 42000000, 11115000, 8835;
0059: 10398; 21, 78000000, 10608000, 8432;
0043: 3440671; 0, 25401600, 3562500, 2755;
0054: 169155; 0, 580000000, 11076000, 9940;
0097: 81764; 5, 388000000, 12667200, 9744;
0077: 431375; 1, 181962774, 3390900, 2581;
0019: 190569; 0, 514000000, 10647000, 9555;
0055: 84712453; 0, 232064, 848400, 672;
0048: 2682332; 0, 33320000, 3861000, 3069;
0094: 191198; 0, 512000000, 10920000, 9800;
0060: 107138; 2, 586000000, 11260800, 8640;
0005: 9969; 14, 430000000, 11104200, 8649;
0006: 142; 34, 348000000, 10413000, 8010;
0026: 4592; 26, 54000000, 11721600, 9176;
0062: 111271; 2, 564000000, 11076000, 9940;
0088: 102280027; 0, 24108, 853600, 679;
0009: 2362704; 0, 30000000, 12224400, 9882;
0076: 15867878; 0, 3888640, 2313400, 1806;
0093: 242972; 6, 96000000, 11790900, 9207;
0064: 67269; 14, 54000000, 11280000, 9000;
0016: 1554763; 0, 61082910, 3135600, 2418;

TOTAL_SCORE: 980621439
AVELAGE_SCOR: 9806214
AVELAGE_WA_CNT: 6
AVELAGE_P_COST: 209825391
AVELAGE_M_COST: 7801818
AVELAGE_M_CNT: 6265
