0081: 3291547; 5, 1440000, 8415200, 4448;
0066: 68164; 6, 372000000, 12482000, 9796;
0047: 26707; 26, 4000000, 7216800, 3438;
0073: 8; 47, 358000000, 11436600, 8820;
0090: 408030; 4, 88000000, 12285000, 9765;
0099: 11248733; 3, 186624, 4265000, 2079;
0034: 160203010; 0, 17208, 507000, 455;
0083: 1639387; 7, 4000000, 8692300, 2340;
0039: 4; 69, 4000000, 2662100, 1247;
0089: 1720754; 8, 186624, 9463300, 3219;
0058: 21212; 9, 622000000, 10670400, 9576;
0029: 2353548; 7, 90000, 8720600, 2965;
0053: 189492; 15, 4000000, 14467800, 4558;
0030: 22291388; 2, 1907064, 864000, 768;
0086: 53801; 5, 598000000, 10966800, 9842;
0042: 12074278; 2, 186624, 5013900, 2042;
0014: 3297499; 6, 2985984, 4863800, 2058;
0087: 869; 34, 48000000, 10264400, 8040;
0040: 16678; 9, 794000000, 10701600, 9604;
0041: 48539802; 1, 880632, 667500, 525;
0061: 18911314; 0, 1866240, 3321600, 2592;
0072: 3794523; 6, 944784, 5863700, 2743;
0008: 481; 29, 310000000, 11692800, 9048;
0038: 575108; 5, 46000000, 10877200, 8520;
0057: 1; 80, 4000000, 2326900, 1181;
0020: 3019179; 5, 944784, 9808500, 4261;
0046: 1084; 34, 36000000, 10681200, 8280;
0051: 1670622; 8, 4000000, 5942500, 2631;
0023: 27479020; 1, 1677312, 1134000, 990;
0095: 74; 53, 4000000, 5848600, 2814;
0067: 12419; 13, 432000000, 10599600, 8176;
0098: 322; 32, 236000000, 10054800, 7812;
0082: 31499536; 1, 1807920, 631800, 567;
0074: 5297915; 4, 345744, 7285600, 2238;
0024: 5903; 21, 144000000, 12152000, 9300;
0007: 4313067; 4, 186624, 9210100, 2519;
0000: 459302; 12, 186624, 14675100, 4285;
0001: 63063; 21, 4000000, 10525800, 3852;
0037: 56376; 17, 30000000, 9843000, 7650;
0079: 28969868; 2, 1492992, 616200, 553;
0091: 2; 72, 4000000, 1402100, 783;
0011: 8267295; 1, 944784, 8631900, 2682;
0017: 1613833; 8, 944784, 9351100, 4705;
0031: 7599; 33, 4000000, 4241100, 2082;
0018: 8133802; 2, 90000, 7678400, 2672;
0092: 3842; 26, 68000000, 10573500, 8265;
0096: 374; 31, 254000000, 10800000, 8352;
0027: 26; 58, 4000000, 5291600, 3195;
0044: 3596; 20, 308000000, 12576800, 9796;
0052: 92659; 2, 680000000, 10608000, 9520;
0004: 62745; 6, 406000000, 11696400, 9072;
0068: 364051; 8, 36000000, 9984900, 7719;
0056: 7132525; 3, 944784, 6133600, 2307;
0003: 102837281; 1, 275328, 402600, 366;
0070: 326; 33, 182000000, 12806000, 9880;
0002: 1; 82, 4000000, 2495700, 1156;
0049: 16577824; 1, 186624, 4539100, 2328;
0035: 126579; 7, 154000000, 11580000, 9000;
0065: 1; 86, 4000000, 4609200, 1538;
0021: 867774; 1, 80000000, 12090000, 9610;
0028: 354720; 1, 214000000, 11430400, 9120;
0069: 61; 36, 528000000, 12431200, 9512;
0050: 32; 57, 4000000, 5274200, 2092;
0010: 107182975; 0, 15984, 817000, 665;
0025: 121065; 13, 34000000, 11310000, 9100;
0032: 1014195; 7, 4000000, 16578000, 4560;
0080: 885; 41, 4000000, 7916500, 2525;
0036: 11045806; 1, 6432768, 709800, 637;
0022: 343292; 14, 4000000, 8711400, 3646;
0015: 1; 90, 4000000, 3017100, 997;
0012: 14180375; 0, 4140000, 2812000, 2128;
0045: 66; 47, 32000000, 10335600, 8091;
0063: 4587188; 2, 2108304, 11743600, 4452;
0033: 139497; 2, 448000000, 10692000, 9720;
0078: 249674; 0, 390000000, 10423200, 7998;
0075: 60467; 10, 168000000, 9477000, 7533;
0013: 91322533; 1, 27216, 748800, 672;
0084: 83501; 20, 4000000, 9707400, 3892;
0071: 4887077; 1, 2108304, 14161400, 4143;
0085: 4049999; 4, 2985984, 7027600, 4410;
0059: 10398; 21, 78000000, 10608000, 8432;
0043: 2753932; 5, 186624, 11612000, 4473;
0054: 308; 47, 4000000, 4952900, 1543;
0097: 81764; 5, 388000000, 12667200, 9744;
0077: 378852; 14, 944784, 10564100, 3611;
0019: 190569; 0, 514000000, 10647000, 9555;
0055: 71499050; 1, 170496, 848400, 672;
0048: 1342312; 9, 1440000, 8459000, 4784;
0094: 191198; 0, 512000000, 10920000, 9800;
0060: 107138; 2, 586000000, 11260800, 8640;
0005: 9969; 14, 430000000, 11104200, 8649;
0006: 142; 34, 348000000, 10413000, 8010;
0026: 4592; 26, 54000000, 11721600, 9176;
0062: 111271; 2, 564000000, 11076000, 9940;
0088: 102953531; 0, 17712, 853600, 679;
0009: 675719; 14, 4000000, 2408700, 1602;
0076: 18974036; 0, 2856960, 2313400, 1806;
0093: 1; 96, 4000000, 1754100, 874;
0064: 67269; 14, 54000000, 11280000, 9000;
0016: 4089517; 5, 944784, 6967900, 3005;

TOTAL_SCORE: 982731200
AVELAGE_SCOR: 9827312
AVELAGE_WA_CNT: 17
AVELAGE_P_COST: 117571000
AVELAGE_M_COST: 7929652
AVELAGE_M_CNT: 5005
TOTAL_EXP_SCORE: 9183208.54220607682435166248
