1524
0 0 20000000 0
20000000 0 26618416 0
26618416 0 40000000 0
26618416 0 26618416 14423782
0 0 0 20000000
0 20000000 0 40000000
40000000 0 60000000 0
0 40000000 0 60000000
0 60000000 0 66827979
0 66827979 0 80000000
60000000 0 80000000 0
80000000 0 84237076 0
84237076 0 100000000 0
0 80000000 0 100000000
100000000 0 120000000 0
120000000 0 125220724 0
125220724 0 140000000 0
140000000 0 141117498 0
141117498 0 160000000 0
160000000 0 163934083 0
163934083 0 163934083 6300147
163934083 0 180000000 0
180000000 0 182948099 0
182948099 0 182948099 14066301
182948099 14066301 184549965 14066301
182948099 14066301 182948099 26633152
182948099 26633152 185123506 35462794
182948099 0 200000000 0
0 100000000 0 120000000
0 120000000 0 140000000
0 140000000 0 150085970
0 150085970 0 150639745
0 150639745 0 160000000
0 160000000 0 165243910
0 150639745 9505505 150639745
0 165243910 0 180000000
0 180000000 0 197275469
0 197275469 0 200000000
0 200000000 0 211477450
0 211477450 0 220000000
0 197275469 13847593 197275469
0 211477450 14440248 211477450
200000000 0 220000000 0
220000000 0 240000000 0
240000000 0 245435166 0
245435166 0 260000000 0
245435166 0 245435166 15248160
0 220000000 0 240000000
0 240000000 0 260000000
0 260000000 0 269811407
0 269811407 7412782 269811407
0 269811407 0 280000000
0 280000000 0 281297208
0 281297208 4993803 281297208
0 281297208 0 290078677
0 290078677 3563554 290078677
0 290078677 0 300000000
0 300000000 0 306612575
0 306612575 0 320000000
0 320000000 0 331850888
0 331850888 0 340000000
260000000 0 280000000 0
280000000 0 285256932 0
285256932 0 285256932 5833388
285256932 0 300000000 0
285256932 5833388 291978152 17815936
291978152 17815936 291978152 20343030
291978152 20343030 295905825 20343030
291978152 17815936 299855458 17815936
300000000 0 320000000 0
320000000 0 324905211 0
324905211 0 340000000 0
340000000 0 343888795 0
343888795 0 343888795 8792736
343888795 0 360000000 0
360000000 0 370387905 0
370387905 0 380000000 0
0 340000000 0 360000000
0 360000000 0 380000000
380000000 0 400000000 0
400000000 0 411386390 0
411386390 0 420000000 0
0 380000000 0 400000000
0 400000000 0 413667460
0 413667460 1278464 413667460
0 413667460 0 420000000
0 420000000 0 425956539
0 425956539 0 440000000
420000000 0 440000000 0
440000000 0 460000000 0
0 440000000 0 460000000
460000000 0 480000000 0
480000000 0 484706167 0
484706167 0 493967673 0
493967673 0 500000000 0
493967673 0 493967673 7119725
484706167 0 484706167 12209964
484706167 12209964 491041783 12209964
484706167 12209964 484706167 30596203
484706167 30596203 488996276 30596203
0 460000000 0 480000000
0 480000000 0 494095375
0 494095375 0 500000000
500000000 0 520000000 0
0 500000000 0 520000000
520000000 0 540000000 0
540000000 0 544815811 0
544815811 0 560000000 0
0 520000000 0 540000000
0 540000000 0 540683705
0 540683705 0 547422630
0 547422630 5034204 547422630
0 547422630 0 560000000
560000000 0 580000000 0
580000000 0 580261484 0
580261484 0 589594245 0
589594245 0 600000000 0
0 560000000 0 580000000
0 580000000 0 600000000
0 600000000 0 607957892
0 607957892 0 620000000
0 620000000 0 637513123
0 637513123 0 640000000
0 637513123 12187756 637513123
0 640000000 0 654826814
0 654826814 2643451 654826814
0 654826814 0 660000000
0 660000000 0 664165636
0 664165636 9486208 664165636
9486208 664165636 21676108 667227699
0 664165636 0 680000000
0 680000000 0 693018894
0 693018894 806138 693018894
0 693018894 0 700000000
0 700000000 0 701873863
0 701873863 14358620 701873863
0 701873863 0 720000000
0 720000000 0 736299821
0 736299821 0 740000000
0 736299821 7057478 736299821
600000000 0 620000000 0
620000000 0 640000000 0
640000000 0 642724550 0
642724550 0 660000000 0
642724550 0 642724550 18192441
642724550 18192441 645211233 18192441
645211233 18192441 652514344 29475674
660000000 0 680000000 0
680000000 0 700000000 0
700000000 0 710070717 0
710070717 0 710070717 5465817
710070717 0 720000000 0
720000000 0 740000000 0
740000000 0 748226265 0
748226265 0 760000000 0
0 740000000 0 760000000
760000000 0 780000000 0
0 760000000 0 780000000
0 780000000 0 781654464
0 781654464 15163875 781654464
0 781654464 0 800000000
0 800000000 0 815339968
0 815339968 0 820000000
0 820000000 0 836063557
0 836063557 0 840000000
0 836063557 8666901 836063557
8666901 836063557 13345071 838467901
13345071 838467901 18950385 844545118
18950385 844545118 18950385 849258916
780000000 0 800000000 0
800000000 0 804246881 0
804246881 0 820000000 0
820000000 0 835617842 0
835617842 0 840000000 0
835617842 0 835617842 8218295
835617842 8218295 842011835 12683887
842011835 12683887 853476619 12683887
842011835 12683887 842011835 32639246
840000000 0 860000000 0
0 840000000 0 860000000
860000000 0 880000000 0
0 860000000 0 880000000
880000000 0 900000000 0
900000000 0 904134658 0
904134658 0 904134658 5351907
904134658 5351907 904532878 7995488
904134658 0 920000000 0
920000000 0 923185024 0
923185024 0 930271849 0
930271849 0 930271849 8847000
930271849 0 940000000 0
0 880000000 0 900000000
0 900000000 0 920000000
0 920000000 0 927361191
0 927361191 0 934081358
0 934081358 0 940000000
0 934081358 9435800 934081358
940000000 0 960000000 0
960000000 0 977457472 0
977457472 0 980000000 0
0 940000000 0 960000000
0 960000000 0 980000000
0 66827979 20601786 66827979
20601786 66827979 22368070 67950352
22368070 67950352 22368070 86562814
22368070 86562814 36872430 89909539
36872430 89909539 42283939 89909539
36872430 89909539 36872430 106006189
544815811 0 544815811 20837125
923185024 0 923185024 21556369
14358620 701873863 27416979 710458257
652514344 29475674 670162992 33491924
670162992 33491924 672816254 33491924
0 494095375 22002011 494095375
22002011 494095375 22002011 494548711
0 540683705 22380361 540683705
0 425956539 22442432 425956539
804246881 0 804246881 22457517
804246881 22457517 815373661 27270926
815373661 27270926 817992602 33904954
7057478 736299821 24366310 743497895
24366310 743497895 24366310 748545791
24366310 743497895 37186088 743497895
37186088 743497895 49563345 743825808
0 815339968 24902861 815339968
15163875 781654464 36165293 785606661
842011835 32639246 865975384 34193590
84237076 0 84237076 25567392
22368070 67950352 48085068 67950352
141117498 0 141117498 25737254
141117498 25737254 151860424 25737254
151860424 25737254 158054472 26806031
141117498 25737254 141117498 48243404
158054472 26806031 168805864 39687009
22002011 494548711 39321071 502993458
39321071 502993458 49020717 502993458
49020717 502993458 52729318 502993458
49020717 502993458 49020717 513418500
39321071 502993458 39321071 514819307
49020717 513418500 69990303 516074677
69990303 516074677 69990303 537130954
69990303 537130954 69990303 539139822
69990303 537130954 74857044 537130954
580261484 0 580261484 26820948
670162992 33491924 670162992 60450317
324905211 0 324905211 27314676
24366310 748545791 31610149 768693993
31610149 768693993 46229123 780432515
46229123 780432515 46229123 784105146
865975384 34193590 872213587 55952258
9435800 934081358 34266557 938298649
34266557 938298649 34266557 948371905
34266557 938298649 52131732 938298649
52131732 938298649 70362192 939601798
70362192 939601798 89654267 939601798
69990303 516074677 99183902 516074677
817992602 33904954 838189901 43053532
26618416 14423782 47496960 23013162
47496960 23013162 47496960 25040795
47496960 23013162 59923258 23013162
84237076 25567392 84415137 55286173
70362192 939601798 70362192 969565607
70362192 969565607 88242893 973894571
88242893 973894571 90885419 975190852
34266557 948371905 36434859 976512517
36434859 976512517 49859004 979447972
49859004 979447972 54073362 984801602
54073362 984801602 58814418 984801602
54073362 984801602 54073362 994705622
0 607957892 30621709 607957892
30621709 607957892 51192663 609324821
51192663 609324821 71290484 612564086
71290484 612564086 89446545 623679179
89446545 623679179 89446545 624769200
89446545 623679179 112741796 623679179
22002011 494095375 53791908 494095375
53791908 494095375 62070456 494865333
62070456 494865333 62070456 501710913
488996276 30596203 502222381 49825662
502222381 49825662 502222381 52897077
502222381 49825662 505650298 49825662
505650298 49825662 510415892 66762043
670162992 60450317 685266724 78491179
510415892 66762043 543751916 66762043
0 150085970 33551976 150085970
904532878 7995488 910724629 35455616
910724629 35455616 911258867 36629586
411386390 0 411386390 33831968
510415892 66762043 510415892 101014445
42283939 89909539 68947603 97627655
838189901 43053532 860104839 55783133
911258867 36629586 933960975 48691237
933960975 48691237 933960975 57327706
933960975 48691237 948979934 48691237
14440248 211477450 41132301 219673314
370387905 0 370387905 35061105
324905211 27314676 327200030 60874897
580261484 26820948 583734424 59386858
583734424 59386858 583734424 60354792
583734424 60354792 587174730 60354792
583734424 60354792 583734424 78202672
583734424 78202672 608503098 79899100
587174730 60354792 599795567 75566648
583734424 59386858 613243683 59386858
613243683 59386858 635681858 60220315
635681858 60220315 635681858 61806508
635681858 60220315 642724550 60220315
642724550 60220315 647488336 71501318
647488336 71501318 647854079 75343385
608503098 79899100 617934712 103737090
617934712 103737090 630534924 103737090
617934712 103737090 617934712 118599491
630534924 103737090 652902263 109737594
652902263 109737594 668478027 124448107
668478027 124448107 674074381 124448107
668478027 124448107 668478027 132637324
668478027 132637324 683943103 142554882
683943103 142554882 683943103 160231280
683943103 160231280 694159220 160231280
683943103 160231280 683943103 171332496
683943103 171332496 687536301 181775280
687536301 181775280 693504847 181775280
33551976 150085970 47875031 172471963
47875031 172471963 57827982 197155325
57827982 197155325 83581979 198286066
83581979 198286066 91193516 225955348
91193516 225955348 101030967 225955348
91193516 225955348 91193516 237270090
101030967 225955348 106729681 232323447
106729681 232323447 106729681 246938896
91193516 237270090 93439981 257089012
106729681 232323447 135000653 232323447
135000653 232323447 143473893 237400819
68947603 97627655 71368707 132196138
71368707 132196138 71368707 150433797
71368707 150433797 88745207 155350372
88745207 155350372 109033011 155350372
109033011 155350372 119292390 155350372
119292390 155350372 124667538 155401957
109033011 155350372 109033011 174303812
124667538 155401957 135836359 163246375
135836359 163246375 146836053 163246375
146836053 163246375 155334852 165384172
155334852 165384172 160404588 165384172
135836359 163246375 135836359 184050939
155334852 165384172 155334852 189277734
88745207 155350372 88745207 184557228
155334852 189277734 185825348 190540802
185825348 190540802 191872677 192215184
191872677 192215184 196489088 192215184
196489088 192215184 217252147 207784821
217252147 207784821 219114026 207784821
217252147 207784821 217252147 222726726
219114026 207784821 242776775 211468462
242776775 211468462 263983660 226183476
683943103 142554882 721296399 142554882
721296399 142554882 721296399 150494054
721296399 142554882 739015148 142554882
977457472 0 977457472 37441708
977457472 37441708 981543414 39137812
981543414 39137812 989239687 64697960
989239687 64697960 993800486 64697960
989239687 64697960 989239687 74901353
48085068 67950352 82193899 71597068
69990303 539139822 74234908 572724660
543751916 66762043 549836773 99114255
549836773 99114255 549836773 108330884
549836773 108330884 556327920 108330884
549836773 99114255 571744714 99114255
549836773 108330884 549836773 131323841
571744714 99114255 578927846 123290158
578927846 123290158 578927846 139877714
578927846 139877714 579454968 151195844
579454968 151195844 592109276 151195844
578927846 123290158 599056459 123290158
579454968 151195844 579454968 178274725
579454968 178274725 587927900 184148706
587927900 184148706 587927900 186838789
587927900 186838789 597805861 193183708
597805861 193183708 605836690 210739981
605836690 210739981 605836690 213712075
605836690 210739981 621457287 210739981
18950385 849258916 34235837 872512287
806138 693018894 37117829 695347584
37117829 695347584 37117829 695408273
37117829 695408273 57974654 698210373
57974654 698210373 57974654 698665729
57974654 698210373 64060296 698210373
544815811 20837125 566432284 37918822
191872677 192215184 191872677 231531728
191872677 231531728 200380534 240976540
200380534 240976540 200380534 246643647
200380534 240976540 216207081 240976540
200380534 246643647 204100203 275178847
37117829 695347584 76890483 695347584
22442432 425956539 53875030 434307570
53875030 434307570 71027989 434307570
71027989 434307570 71027989 440044186
71027989 434307570 89032589 434307570
53875030 434307570 53875030 457499975
53875030 457499975 62070456 476570523
89032589 434307570 120866608 442394664
216207081 240976540 236821501 260457679
236821501 260457679 252539886 265577373
252539886 265577373 252539886 279116530
252539886 265577373 267275359 265577373
267275359 265577373 267275359 272465683
267275359 265577373 289667944 265577373
289667944 265577373 291790072 278846557
291790072 278846557 291790072 286371562
291790072 286371562 291790072 297040279
291790072 297040279 306833529 297040279
291790072 297040279 291790072 314597593
291790072 314597593 291790072 321144844
291790072 321144844 292180004 321144844
291790072 321144844 291790072 327608067
291790072 314597593 303211663 314597593
291790072 286371562 309496209 286371562
303211663 314597593 318326334 321470855
291790072 327608067 305828927 353198866
305828927 353198866 317516049 357494874
317516049 357494874 352242246 357494874
352242246 357494874 352242246 365646755
352242246 365646755 354681958 369371680
354681958 369371680 365258493 369371680
352242246 357494874 369340527 357494874
369340527 357494874 386089834 364402513
365258493 369371680 371439175 386905908
371439175 386905908 371439175 393961556
621457287 210739981 625771037 247273402
625771037 247273402 625771037 254858427
625771037 254858427 625771037 257033935
625771037 254858427 628582846 254858427
628582846 254858427 634110188 258666993
634110188 258666993 638344091 259403962
625771037 247273402 655822228 247273402
748226265 0 748226265 41163869
748226265 41163869 753648087 67971668
753648087 67971668 756803520 74943501
756803520 74943501 761128432 77744849
761128432 77744849 797688464 77744849
797688464 77744849 804785394 77744849
804785394 77744849 814160875 83604318
814160875 83604318 828419786 84815090
828419786 84815090 828419786 91915646
797688464 77744849 797688464 93937007
828419786 91915646 852020906 98691743
828419786 84815090 859581992 84815090
0 331850888 41261847 331850888
41261847 331850888 53413172 334695630
53413172 334695630 70417832 334695630
70417832 334695630 89286909 335167567
89286909 335167567 90307497 341293486
90307497 341293486 107677188 341293486
90307497 341293486 90307497 362328312
90307497 362328312 92487786 372657796
92487786 372657796 94446653 372657796
92487786 372657796 92487786 395192277
92487786 395192277 104494078 404644033
107677188 341293486 125924749 346653527
125924749 346653527 135960334 349530539
135960334 349530539 138792583 369586482
138792583 369586482 153501518 370144466
153501518 370144466 153501518 385080503
153501518 385080503 158569829 392715812
153501518 370144466 168730009 370144466
94446653 372657796 114874317 387577260
114874317 387577260 126714429 402287588
126714429 402287588 131684307 421536256
131684307 421536256 136238988 421536256
131684307 421536256 131684307 430301823
53413172 334695630 53413172 375418301
761128432 77744849 761128432 119402057
761128432 119402057 761128432 120247205
761128432 120247205 761748203 120247205
761128432 120247205 761128432 125013100
761128432 119402057 782502018 119402057
782502018 119402057 784301104 147169349
784301104 147169349 803358786 147169349
784301104 147169349 784301104 185765834
784301104 185765834 784961956 195023460
784961956 195023460 787518083 195023460
787518083 195023460 811127446 202391761
811127446 202391761 811127446 226223775
811127446 226223775 825799211 238316300
811127446 202391761 839076529 202391761
839076529 202391761 839076529 208874000
839076529 202391761 847524615 202391761
847524615 202391761 856489414 205231862
856489414 205231862 869990682 205231862
869990682 205231862 869990682 207017337
856489414 205231862 856489414 232324851
856489414 232324851 858294061 248188968
784961956 195023460 784961956 228713831
784961956 228713831 784961956 229209192
784961956 228713831 786467376 228713831
786467376 228713831 789620906 255491228
789620906 255491228 791244569 275125326
791244569 275125326 806281495 281069789
806281495 281069789 806585249 286192164
806585249 286192164 806585249 295488245
806585249 295488245 806585249 304046008
806585249 304046008 811498053 307664389
811498053 307664389 822323690 307664389
806585249 295488245 820632788 295488245
806585249 286192164 843021333 286192164
843021333 286192164 871335573 287557861
871335573 287557861 878088398 291254621
878088398 291254621 878088398 302710946
878088398 302710946 878396938 302710946
878088398 302710946 878088398 323411820
878088398 323411820 898761328 327666491
898761328 327666491 913701272 327666491
898761328 327666491 898761328 347173674
878088398 291254621 906959884 291254621
913701272 327666491 935083323 335704356
935083323 335704356 944597282 336804444
944597282 336804444 944597282 357813307
898761328 347173674 912202464 368656088
944597282 336804444 980982447 336804444
980982447 336804444 980982447 340427285
980982447 336804444 989615140 336804444
858294061 248188968 885663861 262382792
885663861 262382792 909372221 272296188
909372221 272296188 915244794 281259888
915244794 281259888 929835868 286888483
371439175 386905908 413408065 386905908
413408065 386905908 414810102 386905908
413408065 386905908 413408065 393956096
414810102 386905908 424817279 392783850
424817279 392783850 424817279 410503394
424817279 410503394 426944978 428703888
424817279 392783850 445961662 392783850
445961662 392783850 458337154 404680876
458337154 404680876 462157394 404680876
458337154 404680876 458337154 409952773
458337154 409952773 460794419 417421614
460794419 417421614 476384997 417421614
476384997 417421614 476384997 423614833
476384997 417421614 493116748 417421614
493116748 417421614 514242041 428881091
514242041 428881091 520899674 431344473
62070456 494865333 104765967 494865333
104765967 494865333 105708634 495630434
105708634 495630434 105708634 497726976
105708634 495630434 147212266 495630434
147212266 495630434 170867647 509629807
170867647 509629807 171353121 509629807
170867647 509629807 170867647 522182804
171353121 509629807 186329939 518470120
186329939 518470120 197858344 520824628
197858344 520824628 210132494 520824628
210132494 520824628 210132494 527223116
210132494 520824628 245542725 520824628
197858344 520824628 197858344 561799199
89446545 624769200 95766505 661205185
95766505 661205185 95766505 664448532
95766505 661205185 99617154 661205185
99617154 661205185 113589215 678154042
210132494 527223116 221887848 558224938
221887848 558224938 225585696 580509048
225585696 580509048 241491242 586410054
241491242 586410054 241491242 587336491
241491242 587336491 250006395 596526633
250006395 596526633 265732042 596526633
265732042 596526633 265732042 607611149
250006395 596526633 250006395 615305063
250006395 615305063 250711266 615305063
265732042 596526633 289570875 596526633
289570875 596526633 317298050 597917278
250006395 615305063 250006395 652593629
250711266 615305063 254627560 649073568
638344091 259403962 638344091 302350781
638344091 302350781 655864266 304961057
655864266 304961057 658022429 317920830
658022429 317920830 658022429 353690347
658022429 353690347 675504663 371973340
675504663 371973340 676240936 371973340
675504663 371973340 675504663 380951726
36872430 106006189 65314025 120664517
0 980000000 31428016 991841327
658022429 317920830 701602465 317920830
701602465 317920830 720168860 325416483
720168860 325416483 722240780 325416483
722240780 325416483 731388001 326017372
731388001 326017372 754831141 326017372
754831141 326017372 754831141 329160370
754831141 326017372 764085709 326017372
731388001 326017372 731388001 359988657
731388001 359988657 750032085 377372247
750032085 377372247 750032085 378565844
750032085 378565844 750662212 394212480
750662212 394212480 750662212 398585816
750662212 394212480 768904551 394212480
768904551 394212480 773658023 400980290
773658023 400980290 773658023 408138396
773658023 400980290 784048848 400980290
750032085 377372247 772713392 377372247
772713392 377372247 782036559 385256291
750662212 398585816 762221087 416126525
762221087 416126525 766681080 416126525
762221087 416126525 762221087 448700895
762221087 448700895 771584509 451385700
771584509 451385700 786519031 451385700
786519031 451385700 786519031 451472602
786519031 451385700 790408310 451385700
771584509 451385700 771584509 476483513
771584509 476483513 772396966 485393207
772396966 485393207 796476943 485393207
772396966 485393207 772396966 509928615
772396966 509928615 772396966 514276037
772396966 514276037 773444504 532654751
772396966 509928615 792605532 509928615
796476943 485393207 818243083 489095855
818243083 489095855 832975599 489095855
818243083 489095855 818243083 515392679
832975599 489095855 853020379 498158076
853020379 498158076 854731295 500962169
854731295 500962169 865116793 500962169
865116793 500962169 865116793 504477124
865116793 500962169 888673065 500962169
854731295 500962169 854731295 527087124
854731295 527087124 868415616 532305754
868415616 532305754 873746757 532305754
868415616 532305754 868415616 559947159
720168860 325416483 720168860 364045352
873746757 532305754 899033629 549453310
899033629 549453310 908251919 562620700
908251919 562620700 913865506 565449777
913865506 565449777 913865506 593426976
913865506 593426976 923489339 602798530
923489339 602798530 923489339 607227537
923489339 602798530 939420951 602798530
939420951 602798530 942570470 607446680
942570470 607446680 955653493 607446680
913865506 565449777 955803833 565449777
869990682 207017337 895104101 225695473
895104101 225695473 901661024 232389109
901661024 232389109 901661024 244099212
901661024 232389109 931766000 232389109
931766000 232389109 936991793 255459101
936991793 255459101 957183527 272776874
62070456 476570523 106245708 476570523
869990682 205231862 914177755 205231862
914177755 205231862 929646456 209201596
822323690 307664389 844299287 329885358
844299287 329885358 866734255 329885358
866734255 329885358 869397306 349352342
869397306 349352342 870279674 353418561
870279674 353418561 872851096 353418561
870279674 353418561 870279674 366957644
870279674 366957644 885807247 374080395
844299287 329885358 844299287 354815557
844299287 354815557 845849068 370878210
845849068 370878210 861946914 370878210
861946914 370878210 867515534 390973513
845849068 370878210 845849068 398135502
845849068 398135502 845957681 409992857
845957681 409992857 859694836 413139201
859694836 413139201 874833956 413139201
874833956 413139201 888565147 423260512
859694836 413139201 859694836 439055576
888565147 423260512 895054938 449039302
895054938 449039302 895054938 457416058
895054938 457416058 895054938 460217981
895054938 457416058 911096873 457416058
911096873 457416058 911096873 458204512
911096873 457416058 915646918 457416058
895054938 449039302 916094257 449039302
916094257 449039302 919487729 454056679
919487729 454056679 947947909 459110663
947947909 459110663 947947909 470584741
947947909 459110663 980873182 459110663
980873182 459110663 989164787 477377486
895054938 460217981 906317060 487693918
906317060 487693918 920505769 495529011
885807247 374080395 892179327 406599560
892179327 406599560 893635667 408082844
125220724 0 125220724 44229756
59923258 23013162 81073406 46628693
317298050 597917278 350924511 609102943
350924511 609102943 350924511 617282619
350924511 617282619 351421793 619667740
351421793 619667740 356437442 619667740
350924511 609102943 369196818 609102943
369196818 609102943 375597216 611260861
375597216 611260861 396760448 620292945
396760448 620292945 396760448 632431620
396760448 632431620 400872960 633896343
400872960 633896343 401625068 647394847
396760448 620292945 412093163 620292945
401625068 647394847 416973523 647394847
412093163 620292945 430524466 626882868
430524466 626882868 430524466 629527373
430524466 626882868 443498347 626882868
443498347 626882868 443898171 630834455
443898171 630834455 460366248 630834455
460366248 630834455 460366248 634349520
443898171 630834455 443898171 655417046
443898171 655417046 453934673 655417046
460366248 634349520 477883560 641931019
351421793 619667740 351421793 651987604
477883560 641931019 495874495 656611633
416973523 647394847 423139507 674471565
443898171 655417046 443898171 690155988
443898171 690155988 454261982 715622634
454261982 715622634 455670199 715622634
454261982 715622634 454261982 731091170
455670199 715622634 481195127 717431986
481195127 717431986 481195127 720514214
481195127 717431986 496496331 717431986
496496331 717431986 496496331 719260427
401625068 647394847 401625068 684536150
496496331 719260427 518524101 738733118
518524101 738733118 534186368 738733118
534186368 738733118 534186368 742919544
534186368 738733118 538856675 738733118
518524101 738733118 518524101 755522501
351421793 651987604 383890247 662302713
460366248 630834455 504696523 630834455
41132301 219673314 66019126 239758602
354681958 369371680 354681958 414542871
383890247 662302713 387424965 704018798
387424965 704018798 394604536 704018798
387424965 704018798 387424965 718504981
387424965 718504981 390362605 718504981
387424965 718504981 387424965 723294196
390362605 718504981 393367249 722980868
393367249 722980868 393839601 732642687
387424965 723294196 390558313 743281556
390558313 743281556 412381466 746730142
412381466 746730142 422252090 760830631
422252090 760830631 422252090 771210800
422252090 760830631 449498173 760830631
449498173 760830631 449880315 769265671
449880315 769265671 481300829 771510692
481300829 771510692 493430752 771510692
481300829 771510692 481300829 809108504
481300829 809108504 515868023 811314306
515868023 811314306 515868023 828415732
515868023 828415732 530797428 848061107
530797428 848061107 530797428 866675570
530797428 848061107 552274925 848061107
552274925 848061107 563386682 853498582
563386682 853498582 579551180 870856159
579551180 870856159 594164979 870856159
594164979 870856159 597705223 874623703
597705223 874623703 597705223 876948214
597705223 876948214 608897176 904668468
608897176 904668468 608897176 905227489
608897176 904668468 616172253 904668468
616172253 904668468 641476776 905941844
641476776 905941844 650079075 907015955
650079075 907015955 670387354 907015955
670387354 907015955 670387354 926823746
650079075 907015955 650079075 928367190
650079075 928367190 654198616 946519395
670387354 907015955 694328848 907015955
579551180 870856159 579551180 912750871
579551180 912750871 586838570 943111821
654198616 946519395 663241698 982495194
663241698 982495194 663241698 982752231
663241698 982495194 700691613 982495194
113589215 678154042 148615722 688534108
148615722 688534108 189251607 692779369
189251607 692779369 189251607 706737352
189251607 706737352 194021511 706737352
189251607 706737352 189251607 720644306
189251607 692779369 209812205 692779369
209812205 692779369 209812205 699802347
209812205 699802347 220950928 702578418
209812205 692779369 225240769 692779369
225240769 692779369 232929833 696547685
327200030 60874897 358766940 74716647
515868023 811314306 561532118 811314306
561532118 811314306 590022402 824857357
590022402 824857357 593910607 824857357
590022402 824857357 590022402 835898430
593910607 824857357 604580908 832339181
22380361 540683705 42323906 566415748
42323906 566415748 42323906 572155353
42323906 566415748 53749513 566415748
42323906 572155353 46586408 587378190
948979934 48691237 976283146 67232347
90885419 975190852 136693136 975299607
112741796 623679179 142472908 640213460
354681958 414542871 374165903 442017124
374165903 442017124 388037057 442017124
374165903 442017124 374165903 481061323
374165903 481061323 383470809 495186919
383470809 495186919 397796887 495186919
397796887 495186919 401417619 506235144
401417619 506235144 401417619 520203883
383470809 495186919 383470809 520203883
383470809 520203883 383470809 539502869
383470809 539502869 396454266 539502869
383470809 539502869 383470809 552953609
383470809 552953609 387809984 569359515
387809984 569359515 389540624 569359515
389540624 569359515 395317865 572605570
395317865 572605570 396557724 575549271
387809984 569359515 387809984 580702830
387809984 580702830 389209186 580702830
396557724 575549271 416067290 576859304
416067290 576859304 416067290 577169917
416067290 577169917 416996639 577169917
416067290 576859304 440220178 576859304
387809984 580702830 387809984 608717188
387809984 608717188 396760448 609664580
396760448 609664580 416067290 609664580
416067290 609664580 416067290 612593282
416067290 609664580 426320274 609664580
401417619 520203883 418807283 531356417
418807283 531356417 420865511 532443014
420865511 532443014 420865511 536509956
420865511 532443014 444006497 532443014
444006497 532443014 444006497 534113827
444006497 532443014 447591728 532443014
401417619 506235144 432418006 506235144
432418006 506235144 465269766 509803010
465269766 509803010 500164408 513073251
500164408 513073251 506180814 524725658
506180814 524725658 508692352 531613312
508692352 531613312 508692352 552937803
508692352 552937803 509943629 552937803
508692352 552937803 508692352 560329178
509943629 552937803 524421999 553938439
524421999 553938439 533045947 578635970
533045947 578635970 543186678 578635970
533045947 578635970 533045947 597746137
543186678 578635970 549977811 592583828
508692352 531613312 550323460 531613312
550323460 531613312 580937324 531680125
580937324 531680125 592323166 531680125
592323166 531680125 608921991 546801614
608921991 546801614 615762410 546801614
615762410 546801614 623095735 554939929
623095735 554939929 624043871 554939929
608921991 546801614 608921991 568696993
623095735 554939929 623095735 579303966
623095735 579303966 644059926 583885976
644059926 583885976 644059926 605497060
644059926 605497060 656996925 614695003
656996925 614695003 658975486 614695003
658975486 614695003 658975486 615268300
656996925 614695003 656996925 624723737
658975486 614695003 682447699 614695003
682447699 614695003 687800773 623763707
687800773 623763707 689466736 623763707
687800773 623763707 687800773 636991307
687800773 636991307 687800773 654051004
687800773 654051004 692912569 664360204
692912569 664360204 697309421 664360204
692912569 664360204 692912569 674239806
692912569 674239806 693349791 674239806
692912569 674239806 692912569 678201273
687800773 636991307 705329775 636991307
705329775 636991307 724563706 640629377
724563706 640629377 734008885 640629377
724563706 640629377 724563706 651764063
734008885 640629377 751282153 641802279
751282153 641802279 751282153 651177459
751282153 651177459 767338756 654329125
767338756 654329125 770950012 666015724
770950012 666015724 770950012 685517404
770950012 666015724 790557345 666015724
644059926 583885976 669320813 583885976
669320813 583885976 669320813 589241771
669320813 583885976 681007522 583885976
669320813 589241771 677143591 599416231
677143591 599416231 700086345 602472850
656996925 624723737 679166680 633736803
724563706 651764063 745438215 664530182
745438215 664530182 748218554 664530182
745438215 664530182 745438215 701647488
748218554 664530182 753153410 697501239
751282153 641802279 794665858 641802279
794665858 641802279 804464478 650665675
804464478 650665675 842525524 651492247
842525524 651492247 842525524 652188317
842525524 651492247 866323780 651492247
580937324 531680125 580937324 577534499
692912569 678201273 701570330 715924015
701570330 715924015 701570330 723175419
701570330 723175419 718375466 724223713
718375466 724223713 718375466 732162566
718375466 724223713 744393259 724223713
718375466 732162566 721351948 758627681
721351948 758627681 727008517 761742942
727008517 761742942 729115237 766436494
729115237 766436494 737420990 770585970
737420990 770585970 739297125 770585970
739297125 770585970 739297125 772648367
739297125 770585970 760597917 770585970
760597917 770585970 771032156 779001259
771032156 779001259 771032156 790183770
771032156 790183770 776098520 790183770
771032156 790183770 771032156 795813526
701570330 715924015 737922494 715924015
737420990 770585970 737420990 810084442
737420990 810084442 737481360 810084442
737420990 810084442 737420990 814128763
739297125 772648367 753367763 803984671
232929833 696547685 258171334 718667015
258171334 718667015 259462201 718667015
258171334 718667015 258171334 726819228
258171334 726819228 259007464 733168382
259007464 733168382 283747430 733168382
259007464 733168382 259007464 759818456
259007464 759818456 261413010 773687711
261413010 773687711 275179656 773687711
261413010 773687711 261413010 788890719
261413010 788890719 270536645 788890719
261413010 788890719 261413010 806969531
261413010 806969531 262692825 813104736
262692825 813104736 262692825 819044823
262692825 813104736 286171929 813104736
286171929 813104736 290609769 813756162
290609769 813756162 290609769 816977266
290609769 813756162 298094461 813756162
283747430 733168382 298994355 745177653
298994355 745177653 298994355 749090997
298994355 745177653 306788041 745177653
290609769 816977266 297687814 838796282
297687814 838796282 302806738 840489863
298094461 813756162 328406976 814622821
328406976 814622821 328406976 819867276
328406976 814622821 342786073 814622821
342786073 814622821 343324002 817604503
343324002 817604503 343324002 826627904
302806738 840489863 323960955 850967842
343324002 817604503 375303258 817604503
323960955 850967842 328474534 878453294
328474534 878453294 333110611 891893238
333110611 891893238 333110611 894009727
333110611 894009727 333110611 895628063
333110611 894009727 338719072 894009727
338719072 894009727 359156718 894771931
359156718 894771931 359741672 895412797
359741672 895412797 380752747 906410564
333110611 895628063 338268369 934628821
771032156 779001259 818568741 779001259
818568741 779001259 840520196 781488711
840520196 781488711 840520196 795400653
840520196 795400653 853880704 795400653
853880704 795400653 863653124 800547778
840520196 795400653 840520196 813692352
840520196 813692352 850758823 813692352
840520196 813692352 840520196 832396951
840520196 832396951 840795392 836398487
840520196 781488711 863653124 781488711
863653124 781488711 881191409 781488711
881191409 781488711 891145052 792730104
840795392 836398487 840795392 859563101
840795392 859563101 853807084 859563101
853807084 859563101 853807084 873165244
853807084 873165244 855215311 876166310
853807084 859563101 872834494 859563101
872834494 859563101 883503855 863939594
883503855 863939594 909622563 863939594
909622563 863939594 909622563 883766740
909622563 883766740 912111599 883766740
909622563 883766740 909622563 893883253
912111599 883766740 932599188 883998502
932599188 883998502 932599188 905531876
932599188 883998502 960023968 883998502
883503855 863939594 883503855 892380187
891145052 792730104 916963384 796179695
909622563 893883253 910621113 929045523
910621113 929045523 910621113 936726790
910621113 929045523 920378183 929045523
920378183 929045523 923429736 946260193
923429736 946260193 923429736 948953881
923429736 946260193 947015495 946260193
923429736 948953881 929080823 969399697
909622563 863939594 948266714 863939594
916963384 796179695 960680302 796290015
960680302 796290015 964112780 801282813
840795392 859563101 840795392 904070591
840795392 904070591 851402243 905099322
851402243 905099322 853428463 905099322
851402243 905099322 851402243 940123844
851402243 940123844 860769892 946367933
860769892 946367933 860769892 969728748
860769892 969728748 860769892 971299557
860769892 969728748 888691784 969728748
860769892 946367933 898060617 946367933
960023968 883998502 966972448 922918492
966972448 922918492 986672408 944007743
295905825 20343030 299076998 64879623
299076998 64879623 302875962 70444579
302875962 70444579 311062767 70444579
587927900 184148706 635635810 184148706
790557345 666015724 816004999 688333522
816004999 688333522 825022586 688333522
816004999 688333522 816004999 718926570
825022586 688333522 844696263 701018907
844696263 701018907 859151233 701018907
844696263 701018907 844696263 727490697
844696263 727490697 845157572 739513976
845157572 739513976 847813529 744495336
847813529 744495336 853880704 749154093
853880704 749154093 853880704 756523335
853880704 756523335 858776613 756523335
853880704 749154093 895309182 749154093
895309182 749154093 909445303 754101075
909445303 754101075 909445303 770509738
909445303 754101075 932998107 754101075
816004999 718926570 826434441 756244049
291790072 278846557 339632658 278846557
160404588 165384172 203529905 170181518
89654267 939601798 132731230 945148533
132731230 945148533 137506803 945148533
132731230 945148533 132731230 960651136
131684307 430301823 179073010 431747195
179073010 431747195 179073010 433582294
179073010 433582294 179188056 434746544
179188056 434746544 190949425 441836104
179073010 431747195 205526571 431747195
190949425 441836104 203946779 457777252
203946779 457777252 203946779 464895422
203946779 457777252 239278968 457777252
239278968 457777252 254313449 468606167
254313449 468606167 254313449 483014792
254313449 468606167 275482207 468606167
254313449 483014792 270178610 493471900
205526571 431747195 239834559 433228657
275482207 468606167 298005553 485290708
298005553 485290708 298005553 489964973
298005553 485290708 324414167 485290708
324414167 485290708 341359104 497391615
341359104 497391615 354252849 497391615
354252849 497391615 354252849 501674186
354252849 497391615 363679822 497391615
363679822 497391615 366780416 506235144
366780416 506235144 366780416 519347349
366780416 519347349 366780416 523116962
366780416 519347349 372919704 519347349
341359104 497391615 341359104 536965299
341359104 536965299 343820425 551048570
241491242 586410054 290373237 586410054
306788041 745177653 351565165 749759699
351565165 749759699 361370542 749759699
351565165 749759699 351565165 760468498
351565165 760468498 360137483 785450006
360137483 785450006 375303258 813332907
375303258 813332907 405382622 813332907
405382622 813332907 418722552 816636708
418722552 816636708 441648309 839441522
441648309 839441522 469495907 844365102
469495907 844365102 471869096 844365102
469495907 844365102 469495907 874745691
469495907 874745691 473720310 903826105
473720310 903826105 473720310 915997525
473720310 915997525 480297559 925534478
480297559 925534478 490418667 929360206
490418667 929360206 490418667 943708339
490418667 929360206 517647683 929360206
517647683 929360206 528185672 938475952
528185672 938475952 538917016 938475952
538917016 938475952 541739372 943111821
528185672 938475952 528185672 952179863
541739372 943111821 541739372 965313653
541739372 965313653 566835767 976498143
566835767 976498143 569653394 976498143
566835767 976498143 566835767 992751824
473720310 903826105 511546697 903826105
508692352 560329178 519273261 599148206
840795392 836398487 890266540 836398487
890266540 836398487 906084097 853861732
460794419 417421614 460794419 466974964
460794419 466974964 469843347 486536994
469843347 486536994 482557981 493722266
0 927361191 49746677 927361191
947947909 470584741 968923439 499540095
968923439 499540095 987729052 528640564
987729052 528640564 987729052 532352807
987729052 528640564 999934917 528640564
872213587 55952258 902005274 76556564
902005274 76556564 907713820 88694479
907713820 88694479 907713820 92088595
907713820 92088595 921868842 94925917
921868842 94925917 924352607 94925917
907713820 88694479 926233406 88694479
921868842 94925917 921868842 129988460
924352607 94925917 950797740 117021633
950797740 117021633 950797740 118964576
950797740 117021633 966520688 117021633
966520688 117021633 974974645 155049129
974974645 155049129 975018570 155049129
974974645 155049129 974974645 175288686
974974645 175288686 982017665 199661950
982017665 199661950 997150659 199661950
982017665 199661950 982017665 225571104
440220178 576859304 486723250 581762402
486723250 581762402 495875174 581762402
495875174 581762402 495875174 587877425
495875174 581762402 502193452 581762402
495875174 587877425 499624060 597503564
499624060 597503564 502509968 597503564
499624060 597503564 499624060 603500177
486723250 581762402 486723250 597486399
204100203 275178847 218686433 312094771
34235837 872512287 76027043 882285653
76027043 882285653 99304888 899391473
99304888 899391473 106967573 934491130
318326334 321470855 363375677 328086452
363375677 328086452 363375677 346262911
363375677 328086452 400456696 328086452
400456696 328086452 404423509 331497504
404423509 331497504 404423509 353705868
404423509 331497504 432147881 331497504
432147881 331497504 432147881 331895951
432147881 331497504 453443086 331497504
453443086 331497504 468316716 353752265
468316716 353752265 470229695 353989464
470229695 353989464 470229695 381720514
432147881 331895951 448276546 353752265
448276546 353752265 448276546 357338250
448276546 357338250 449854266 362392649
694328848 907015955 737592552 915753781
737592552 915753781 738322778 938636157
738322778 938636157 745236800 944394880
745236800 944394880 749138670 955382075
749138670 955382075 755697116 997487972
470229695 381720514 499574867 404660203
0 306612575 52475229 306612575
52475229 306612575 52475229 307123257
52475229 306612575 61553028 306612575
868415616 559947159 896261891 585024914
896261891 585024914 903256994 601688344
903256994 601688344 910089993 601688344
903256994 601688344 903256994 609011860
903256994 609011860 905101318 609011860
903256994 609011860 903256994 628244939
265732042 607611149 282071665 644261192
282071665 644261192 313479427 662352051
313479427 662352051 313479427 677561691
313479427 677561691 317849754 681983243
317849754 681983243 317849754 705887462
313479427 662352051 337547011 662352051
337547011 662352051 337547011 668462504
337547011 662352051 350691401 662352051
350691401 662352051 351175334 681983243
317849754 705887462 345853261 729211179
580937324 577534499 595974045 615622135
595974045 615622135 600227328 615622135
595974045 615622135 595974045 622695574
595974045 622695574 598469825 658225160
598469825 658225160 598469825 672088212
598469825 672088212 605642214 672088212
598469825 672088212 598469825 700788621
598469825 700788621 613030281 702257819
613030281 702257819 631442773 702257819
631442773 702257819 631442773 709169942
631442773 709169942 648728598 712708203
648728598 712708203 673057380 712708203
631442773 702257819 661040273 702257819
598469825 658225160 629623186 658225160
648728598 712708203 648728598 745310310
613030281 702257819 613030281 749553614
648728598 745310310 681945498 764224371
681945498 764224371 681945498 770371058
681945498 764224371 689393535 764224371
681945498 770371058 686537937 785432826
686537937 785432826 694280089 791586071
852020906 98691743 854302287 150028236
854302287 150028236 854302287 169995999
854302287 150028236 890507152 150028236
890507152 150028236 893889365 150028236
890507152 150028236 890507152 161816362
890507152 161816362 918229703 184593113
918229703 184593113 918229703 184785003
918229703 184785003 929646456 185199835
929646456 185199835 932139534 185199835
918229703 184593113 932139534 184593113
932139534 184593113 939366006 184593113
262692825 819044823 270221959 865719449
299855458 17815936 311516728 61225391
912202464 368656088 929739841 406263247
850758823 813692352 889381018 830442745
170867647 522182804 183533557 565447412
18950385 844545118 74909640 844545118
74909640 844545118 84748534 845550028
84748534 845550028 97570187 845977673
97570187 845977673 103069037 845977673
103069037 845977673 103069037 846934620
103069037 845977673 104496994 845977673
104496994 845977673 118247506 861666396
97570187 845977673 97570187 881870894
773444504 532654751 806657016 555556810
806657016 555556810 806864163 569515622
806864163 569515622 851176436 569515622
851176436 569515622 860582863 586445600
806864163 569515622 806864163 617287103
106245708 476570523 156803762 482568756
156803762 482568756 161254817 482568756
156803762 482568756 156803762 487483670
156803762 487483670 160477338 489137769
655822228 247273402 702178945 257556130
702178945 257556130 703410595 257556130
702178945 257556130 702178945 259403962
702178945 259403962 715077590 267284124
715077590 267284124 715077590 271615304
715077590 267284124 729846338 267284124
729846338 267284124 741791790 267453988
741791790 267453988 754606000 269214191
754606000 269214191 755130351 269214191
755130351 269214191 774076678 275125326
774076678 275125326 774076678 289307527
754606000 269214191 754606000 295892794
932998107 754101075 951935897 792201718
951935897 792201718 951935897 795771761
951935897 792201718 968545595 792201718
951935897 795771761 952635225 824520575
952635225 824520575 961969703 834161758
375303258 817604503 398975041 851261233
586838570 943111821 629671348 958342139
629671348 958342139 640657703 975889527
929080823 969399697 959560828 997057295
948266714 863939594 986663165 883777462
986663165 883777462 990071467 919758744
137506803 945148533 195909845 945322912
195909845 945322912 196955251 950450377
196955251 950450377 196955251 955421777
196955251 950450377 208505123 950450377
208505123 950450377 218717720 997348067
681007522 583885976 729448523 594423707
687536301 181775280 687536301 240790694
687536301 240790694 688999863 290657356
520899674 431344473 527251872 484185930
527251872 484185930 546586545 487843762
546586545 487843762 556556085 493212737
556556085 493212737 586687885 503076261
586687885 503076261 586687885 512232575
586687885 503076261 606537375 503076261
606537375 503076261 606537375 503537998
606537375 503076261 623652966 503076261
623652966 503076261 637906485 504394766
637906485 504394766 637906485 518528651
637906485 504394766 664186043 504394766
664186043 504394766 672169729 506765719
672169729 506765719 678772557 506765719
672169729 506765719 672169729 544804567
672169729 544804567 679235215 564068962
678772557 506765719 725564124 513286572
725564124 513286572 729079614 551363154
729079614 551363154 733588857 563865792
733588857 563865792 733588857 570082128
733588857 563865792 751682109 563865792
733588857 570082128 744134339 586609282
744134339 586609282 779576123 591043382
779576123 591043382 780965174 591043382
780965174 591043382 780965174 591057051
779576123 591043382 779576123 608179195
780965174 591043382 800684512 591043382
93439981 257089012 103728629 306022871
103728629 306022871 142621026 326064642
343820425 551048570 357599734 596872467
317516049 357494874 317516049 417366068
317516049 417366068 317516049 429303786
317516049 417366068 348529696 417366068
348529696 417366068 352341624 435245626
675504663 380951726 703704019 412718183
302875962 70444579 302875962 130425371
302875962 130425371 304417849 138659917
304417849 138659917 326358087 138659917
304417849 138659917 304417849 170694620
326358087 138659917 351356551 166021120
333110611 891893238 393355584 891893238
393355584 891893238 417042768 895061622
417042768 895061622 419082404 947803230
419082404 947803230 419082404 948910108
419082404 947803230 457591373 947803230
457591373 947803230 469984663 988436539
484706167 30596203 484706167 90867686
484706167 90867686 494180953 107961312
494180953 107961312 500656508 131059706
500656508 131059706 508810695 131059706
500656508 131059706 500656508 140911772
500656508 140911772 516742461 159861109
516742461 159861109 516742461 160306610
516742461 159861109 529024085 159861109
516742461 160306610 517974552 189267521
517974552 189267521 539278038 192088355
539278038 192088355 539278038 199142902
539278038 192088355 550134901 192088355
550134901 192088355 550134901 193536668
550134901 192088355 567523564 192088355
567523564 192088355 579033791 215477284
579033791 215477284 580238086 223011090
580238086 223011090 582200409 223011090
580238086 223011090 580238086 240728715
942570470 607446680 942570470 668214930
942570470 668214930 954274439 671626707
954274439 671626707 956837470 671626707
954274439 671626707 954274439 700337297
954274439 700337297 971668253 710966373
971668253 710966373 971668253 718449202
971668253 710966373 988313944 710966373
971668253 718449202 977128697 732940084
977128697 732940084 982822803 780011212
982822803 780011212 988784723 780011212
982822803 780011212 982822803 786576917
470229695 353989464 531103763 353989464
531103763 353989464 534599628 371175979
534599628 371175979 534599628 383022196
534599628 383022196 547131854 383022196
534599628 383022196 534599628 404172214
534599628 371175979 572925595 371175979
572925595 371175979 594248946 394053176
594248946 394053176 594248946 422855877
594248946 422855877 594248946 430150381
594248946 422855877 614163772 422855877
614163772 422855877 615583501 422855877
614163772 422855877 614163772 425037573
614163772 425037573 635710121 441018590
635710121 441018590 640542645 441018590
635710121 441018590 635710121 450276848
635710121 450276848 642167112 470031031
642167112 470031031 659566474 470031031
659566474 470031031 662353135 470739658
662353135 470739658 662353135 483473031
642167112 470031031 642167112 492588252
642167112 492588252 644766713 492754193
662353135 483473031 695505701 496958562
695505701 496958562 702474290 502061582
702474290 502061582 722218635 502061582
702474290 502061582 702474290 542122939
594248946 394053176 642428323 394053176
642428323 394053176 643791094 397260268
643791094 397260268 653431826 397260268
643791094 397260268 643791094 415918913
643791094 415918913 673007573 426251521
594248946 430150381 600087205 478304980
600087205 478304980 633091456 488342697
597705223 874623703 659034186 874623703
659034186 874623703 696148322 876767993
696148322 876767993 709705788 876767993
696148322 876767993 696148322 894993360
696148322 894993360 700578177 894993360
696148322 894993360 696148322 905634632
709705788 876767993 745805174 884156779
745805174 884156779 745805174 885945809
745805174 884156779 774427274 884156779
774427274 884156779 782469397 904883165
782469397 904883165 782469397 908082242
782469397 904883165 818918128 904883165
818918128 904883165 838561389 905099322
838561389 905099322 838561389 921666621
351356551 166021120 386327212 192593404
386327212 192593404 387394020 192593404
387394020 192593404 410175946 209868273
410175946 209868273 413144298 212432081
413144298 212432081 425358034 221374841
425358034 221374841 425358034 258409641
425358034 258409641 427405307 269263415
427405307 269263415 427405307 285853651
427405307 269263415 445260709 269263415
445260709 269263415 468603234 276548539
468603234 276548539 477147383 276548539
477147383 276548539 480797571 282883450
480797571 282883450 480797571 283858488
480797571 282883450 506591821 282883450
506591821 282883450 532417631 289274263
532417631 289274263 551242143 289274263
551242143 289274263 553063118 309542687
553063118 309542687 553128651 309542687
553063118 309542687 553063118 316048208
553063118 316048208 557459977 336223719
557459977 336223719 572925595 339753021
572925595 339753021 592551051 339753021
592551051 339753021 593915590 342167347
593915590 342167347 602244685 342167347
593915590 342167347 593915590 351883571
468603234 276548539 468603234 314610998
386327212 192593404 386327212 240465639
425358034 221374841 473480389 221374841
473480389 221374841 480067763 257981386
480067763 257981386 493347242 265380352
532417631 289274263 532417631 337458115
662353135 470739658 724154584 470739658
724154584 470739658 724154584 472239833
724154584 470739658 727622086 470739658
7412782 269811407 63215912 276512250
220950928 702578418 232812650 753521175
232812650 753521175 234571492 776288002
118247506 861666396 170830584 871901880
170830584 871901880 207926378 896366535
71368707 132196138 134374717 132196138
134374717 132196138 164562160 155201913
800684512 591043382 839881735 616170898
839881735 616170898 878301749 641722151
784048848 400980290 840659232 408802109
4993803 281297208 61593866 289321809
944597282 357813307 971972860 395095558
386327212 240465639 408111441 283504264
408111441 283504264 408111441 284485577
408111441 283504264 416289487 283504264
416289487 283504264 416640641 298475662
416640641 298475662 416640641 304102346
416640641 304102346 418562867 308864342
416640641 298475662 426770349 298475662
24902861 815339968 85680361 819900225
85680361 819900225 95259210 827467219
685266724 78491179 712204519 117279579
811498053 307664389 811498053 373632800
811498053 373632800 816394316 373943570
816394316 373943570 840664242 373943570
816394316 373943570 816394316 433826505
816394316 433826505 816394316 440624059
816394316 440624059 817956076 440624059
816394316 440624059 816394316 444789963
816394316 433826505 835863911 433826505
168805864 39687009 172545870 102700983
172545870 102700983 190166789 109677726
190166789 109677726 190166789 111827386
190166789 111827386 205405138 126191316
205405138 126191316 246836350 127591075
246836350 127591075 266119434 133092235
266119434 133092235 268453199 141828841
268453199 141828841 287030300 141828841
268453199 141828841 268453199 162531996
268453199 162531996 270883076 162531996
270883076 162531996 277312074 170694620
277312074 170694620 277312074 177746978
268453199 162531996 268453199 184891975
277312074 177746978 295512244 186951950
613030281 749553614 618046796 811745113
618046796 811745113 670952039 825960534
120866608 442394664 167242368 463833950
971972860 395095558 992508081 443664116
189251607 720644306 205700196 773817610
205700196 773817610 219441840 788210548
219441840 788210548 221893146 788210548
219441840 788210548 219441840 792427671
219441840 792427671 229853722 827121067
229853722 827121067 229853722 827811024
229853722 827121067 247867359 827121067
229853722 827811024 232537194 850649202
232537194 850649202 245899876 872240297
245899876 872240297 246511563 890510673
246511563 890510673 249762158 890510673
246511563 890510673 246511563 896119424
246511563 896119424 262165627 926156154
252539886 279116530 261594304 340640528
261594304 340640528 264765260 340640528
261594304 340640528 261594304 344709156
142621026 326064642 195301188 345496767
298005553 489964973 303840387 556336869
303840387 556336869 330973524 581526035
370387905 35061105 410931314 67049399
410931314 67049399 421511547 96949626
421511547 96949626 421518682 107961312
421518682 107961312 421518682 129108997
421518682 129108997 421518682 133657992
421518682 129108997 428235101 129108997
428235101 129108997 432338446 133682803
432338446 133682803 449039738 133682803
432338446 133682803 432338446 160815458
432338446 160815458 432338446 169965493
432338446 160815458 442203076 160815458
432338446 169965493 433368064 178984376
433368064 178984376 469798242 195809336
469798242 195809336 477212572 196957948
421518682 107961312 476995223 107961312
476995223 107961312 476995223 129073346
580238086 240728715 616228465 277285567
616228465 277285567 617712949 277285567
616228465 277285567 616228465 281971278
245542725 520824628 290470310 549219492
771032156 795813526 773246839 867140580
744393259 724223713 803416660 739308125
143473893 237400819 156059818 298937260
156059818 298937260 156059818 303997291
156059818 298937260 189699791 298937260
291978152 20343030 291978152 95261947
496496331 717431986 572540754 717431986
572540754 717431986 584141919 721995029
584141919 721995029 597868047 721995029
584141919 721995029 584141919 769635275
584141919 769635275 590022402 771739193
590022402 771739193 609939870 771739193
609939870 771739193 611336006 771739193
609939870 771739193 609939870 792599214
590022402 771739193 590022402 807820638
590022402 807820638 597587057 807820638
609939870 792599214 641613699 798391270
641613699 798391270 670952039 799861104
670952039 799861104 681816604 799861104
681816604 799861104 684441906 821142996
263983660 226183476 326291027 242015941
326291027 242015941 328236544 242015941
326291027 242015941 326291027 245856714
326291027 245856714 332899085 251812494
332899085 251812494 332899085 253024986
332899085 253024986 332899085 257192839
332899085 253024986 341082890 253024986
332899085 251812494 361457016 251812494
338268369 934628821 362287787 989598047
362287787 989598047 395955955 992623529
190166789 109677726 269382600 109677726
46229123 780432515 130089660 780432515
130089660 780432515 183600514 798825995
183600514 798825995 200310852 804112429
74234908 572724660 129158129 603496295
129158129 603496295 171342061 618125734
46229123 784105146 122459831 794300151
739015148 142554882 743546357 225518989
743546357 225518989 761244699 227376706
171342061 618125734 206079695 671780688
206079695 671780688 222534447 672251670
693504847 181775280 734743156 236403563
761128432 125013100 764591121 217444042
195301188 345496767 248407619 388463297
248407619 388463297 255844282 422045454
255844282 422045454 255844282 427133540
255844282 422045454 295785604 422045454
295785604 422045454 298589197 423361469
298589197 423361469 305096748 432184443
158569829 392715812 234133172 416762672
495874495 656611633 573088120 686131475
380752747 906410564 413306222 986675284
160477338 489137769 170190431 601920834
