14 0 16 1000
0 0 3 1000
11 0 14 1000
3 0 6 1000
26 0 30 1000
21 0 26 1000
16 0 21 1000
6 0 11 1000
30 0 39 1000
39 0 50 1000
50 0 61 1000
61 0 73 1000
86 0 99 1000
73 0 86 1000
99 0 113 1000
113 0 131 1000
131 0 150 1000
150 0 170 1000
170 0 194 1000
248 0 274 1000
221 0 248 1000
194 0 221 1000
274 0 304 1000
304 0 336 1000
336 0 372 1000
411 0 450 1000
372 0 411 1000
450 0 490 1000
490 0 530 1000
530 0 573 1000
573 0 618 1000
618 0 673 1000
673 0 729 1000
729 0 786 1000
786 0 872 1000
872 0 1000 1000
11 0 13 1000
4 0 6 1000
0 0 4 1000
6 0 11 1000
13 0 19 1000
19 0 27 1000
27 0 35 1000
35 0 45 1000
59 0 70 1000
70 0 82 1000
45 0 59 1000
82 0 96 1000
96 0 113 1000
194 0 213 1000
113 0 132 1000
132 0 152 1000
152 0 173 1000
173 0 194 1000
213 0 234 1000
257 0 279 1000
359 0 382 1000
234 0 257 1000
304 0 330 1000
279 0 304 1000
382 0 408 1000
330 0 359 1000
408 0 438 1000
438 0 470 1000
519 0 567 1000
470 0 519 1000
567 0 618 1000
618 0 682 1000
682 0 753 1000
753 0 831 1000
831 0 914 1000
914 0 1000 1000
2 0 3 1000
0 0 2 1000
3 0 6 1000
6 0 11 1000
59 0 65 1000
11 0 18 1000
33 0 40 1000
26 0 33 1000
18 0 26 1000
50 0 59 1000
40 0 50 1000
65 0 78 1000
128 0 144 1000
78 0 94 1000
94 0 111 1000
111 0 128 1000
144 0 162 1000
162 0 181 1000
181 0 201 1000
201 0 225 1000
306 0 330 1000
253 0 279 1000
279 0 306 1000
225 0 253 1000
330 0 359 1000
359 0 391 1000
391 0 424 1000
424 0 461 1000
461 0 498 1000
498 0 538 1000
538 0 584 1000
584 0 644 1000
644 0 712 1000
712 0 790 1000
790 0 886 1000
886 0 1000 1000
7 0 9 1000
0 0 2 1000
9 0 11 1000
2 0 4 1000
4 0 7 1000
11 0 15 1000
23 0 29 1000
29 0 35 1000
15 0 23 1000
35 0 45 1000
45 0 56 1000
84 0 96 1000
70 0 84 1000
56 0 70 1000
112 0 128 1000
96 0 112 1000
148 0 166 1000
128 0 148 1000
166 0 187 1000
187 0 208 1000
324 0 351 1000
208 0 236 1000
265 0 294 1000
236 0 265 1000
294 0 324 1000
351 0 385 1000
385 0 421 1000
421 0 467 1000
467 0 516 1000
516 0 570 1000
570 0 630 1000
630 0 690 1000
690 0 754 1000
754 0 818 1000
818 0 891 1000
891 0 1000 1000
0 0 1 1000
7 0 10 1000
4 0 7 1000
1 0 4 1000
19 0 23 1000
15 0 19 1000
10 0 15 1000
37 0 43 1000
30 0 37 1000
23 0 30 1000
70 0 78 1000
52 0 61 1000
61 0 70 1000
43 0 52 1000
78 0 88 1000
102 0 115 1000
88 0 102 1000
132 0 148 1000
115 0 132 1000
148 0 168 1000
168 0 190 1000
190 0 213 1000
241 0 269 1000
213 0 241 1000
269 0 300 1000
300 0 332 1000
332 0 365 1000
403 0 440 1000
365 0 403 1000
440 0 493 1000
493 0 547 1000
547 0 607 1000
607 0 681 1000
681 0 782 1000
782 0 887 1000
887 0 1000 1000
1 0 2 1000
0 0 1 1000
2 0 4 1000
4 0 7 1000
11 0 14 1000
7 0 11 1000
19 0 24 1000
14 0 19 1000
24 0 30 1000
66 0 73 1000
40 0 47 1000
58 0 66 1000
73 0 82 1000
30 0 40 1000
47 0 58 1000
82 0 95 1000
95 0 111 1000
146 0 162 1000
129 0 146 1000
111 0 129 1000
162 0 180 1000
180 0 200 1000
222 0 244 1000
200 0 222 1000
307 0 336 1000
244 0 275 1000
275 0 307 1000
375 0 413 1000
336 0 375 1000
413 0 456 1000
456 0 500 1000
500 0 546 1000
546 0 618 1000
618 0 694 1000
694 0 812 1000
812 0 1000 1000
0 0 1 1000
1 0 2 1000
2 0 5 1000
8 0 11 1000
5 0 8 1000
11 0 17 1000
24 0 30 1000
17 0 24 1000
30 0 38 1000
38 0 47 1000
60 0 73 1000
47 0 60 1000
73 0 87 1000
87 0 102 1000
119 0 136 1000
102 0 119 1000
136 0 155 1000
155 0 174 1000
174 0 195 1000
195 0 217 1000
217 0 240 1000
240 0 264 1000
264 0 290 1000
290 0 318 1000
408 0 437 1000
318 0 348 1000
348 0 378 1000
378 0 408 1000
437 0 473 1000
473 0 517 1000
517 0 585 1000
585 0 656 1000
656 0 732 1000
732 0 809 1000
809 0 897 1000
897 0 1000 1000
1 0 2 1000
0 0 1 1000
4 0 6 1000
2 0 4 1000
6 0 8 1000
8 0 10 1000
10 0 13 1000
17 0 20 1000
20 0 24 1000
13 0 17 1000
24 0 31 1000
31 0 42 1000
55 0 67 1000
67 0 80 1000
42 0 55 1000
80 0 96 1000
96 0 116 1000
116 0 138 1000
138 0 161 1000
161 0 187 1000
187 0 213 1000
213 0 240 1000
240 0 272 1000
308 0 343 1000
272 0 308 1000
343 0 386 1000
432 0 477 1000
386 0 432 1000
477 0 526 1000
526 0 578 1000
578 0 632 1000
692 0 752 1000
632 0 692 1000
752 0 815 1000
815 0 895 1000
895 0 1000 1000
0 0 1 1000
3 0 4 1000
4 0 6 1000
1 0 3 1000
10 0 14 1000
6 0 10 1000
26 0 31 1000
31 0 36 1000
14 0 20 1000
20 0 26 1000
36 0 45 1000
45 0 55 1000
55 0 66 1000
66 0 79 1000
79 0 92 1000
92 0 106 1000
106 0 122 1000
122 0 142 1000
164 0 186 1000
142 0 164 1000
186 0 213 1000
213 0 241 1000
241 0 272 1000
272 0 303 1000
303 0 336 1000
336 0 370 1000
406 0 442 1000
370 0 406 1000
442 0 480 1000
480 0 520 1000
520 0 562 1000
562 0 606 1000
606 0 661 1000
661 0 763 1000
763 0 874 1000
874 0 1000 1000
0 0 3 1000
3 0 6 1000
6 0 10 1000
16 0 21 1000
10 0 16 1000
21 0 28 1000
28 0 36 1000
36 0 45 1000
58 0 71 1000
45 0 58 1000
119 0 133 1000
71 0 85 1000
171 0 186 1000
85 0 101 1000
154 0 171 1000
208 0 226 1000
101 0 119 1000
268 0 287 1000
226 0 245 1000
336 0 356 1000
133 0 154 1000
186 0 208 1000
245 0 268 1000
287 0 311 1000
311 0 336 1000
356 0 383 1000
383 0 415 1000
415 0 452 1000
452 0 491 1000
491 0 534 1000
534 0 583 1000
583 0 634 1000
634 0 704 1000
704 0 790 1000
790 0 883 1000
883 0 1000 1000
0 0 1 1000
2 0 3 1000
1 0 2 1000
3 0 4 1000
4 0 6 1000
6 0 8 1000
8 0 11 1000
11 0 16 1000
16 0 22 1000
22 0 29 1000
29 0 36 1000
45 0 52 1000
36 0 45 1000
65 0 77 1000
77 0 90 1000
52 0 65 1000
90 0 107 1000
107 0 131 1000
157 0 182 1000
131 0 157 1000
182 0 208 1000
208 0 236 1000
236 0 266 1000
266 0 299 1000
299 0 336 1000
336 0 383 1000
491 0 541 1000
646 0 696 1000
541 0 593 1000
437 0 491 1000
593 0 646 1000
383 0 437 1000
696 0 753 1000
753 0 810 1000
810 0 890 1000
890 0 1000 1000
1 0 2 1000
0 0 1 1000
6 0 9 1000
13 0 16 1000
2 0 6 1000
9 0 13 1000
16 0 22 1000
29 0 35 1000
22 0 29 1000
35 0 45 1000
56 0 67 1000
67 0 78 1000
45 0 56 1000
143 0 157 1000
112 0 127 1000
127 0 143 1000
96 0 112 1000
157 0 174 1000
78 0 96 1000
174 0 197 1000
252 0 276 1000
197 0 223 1000
276 0 304 1000
223 0 252 1000
336 0 367 1000
304 0 336 1000
367 0 405 1000
405 0 443 1000
443 0 482 1000
482 0 525 1000
525 0 574 1000
574 0 627 1000
627 0 681 1000
681 0 767 1000
767 0 871 1000
871 0 1000 1000
2 0 3 1000
0 0 2 1000
3 0 6 1000
21 0 27 1000
27 0 34 1000
6 0 13 1000
13 0 21 1000
65 0 75 1000
44 0 54 1000
34 0 44 1000
54 0 65 1000
75 0 89 1000
89 0 104 1000
104 0 122 1000
122 0 143 1000
143 0 164 1000
164 0 185 1000
208 0 231 1000
185 0 208 1000
231 0 259 1000
291 0 323 1000
259 0 291 1000
323 0 357 1000
357 0 393 1000
393 0 431 1000
431 0 471 1000
471 0 512 1000
512 0 553 1000
553 0 594 1000
594 0 638 1000
638 0 684 1000
684 0 732 1000
732 0 783 1000
783 0 836 1000
836 0 898 1000
898 0 1000 1000
0 0 2 1000
2 0 4 1000
4 0 8 1000
13 0 18 1000
8 0 13 1000
24 0 30 1000
18 0 24 1000
30 0 37 1000
37 0 45 1000
45 0 54 1000
54 0 64 1000
64 0 75 1000
75 0 86 1000
110 0 121 1000
98 0 110 1000
86 0 98 1000
121 0 133 1000
133 0 147 1000
147 0 162 1000
162 0 182 1000
182 0 209 1000
209 0 237 1000
237 0 267 1000
267 0 300 1000
300 0 337 1000
337 0 374 1000
374 0 412 1000
412 0 454 1000
454 0 497 1000
497 0 540 1000
540 0 594 1000
594 0 652 1000
652 0 711 1000
711 0 799 1000
799 0 895 1000
895 0 1000 1000
1 0 2 1000
0 0 1 1000
2 0 4 1000
32 0 35 1000
35 0 38 1000
9 0 13 1000
13 0 18 1000
4 0 9 1000
18 0 24 1000
38 0 45 1000
24 0 32 1000
55 0 65 1000
45 0 55 1000
78 0 91 1000
65 0 78 1000
91 0 106 1000
106 0 123 1000
142 0 161 1000
123 0 142 1000
184 0 207 1000
207 0 230 1000
161 0 184 1000
316 0 343 1000
288 0 316 1000
230 0 258 1000
258 0 288 1000
387 0 429 1000
343 0 387 1000
429 0 477 1000
585 0 636 1000
477 0 529 1000
529 0 585 1000
636 0 711 1000
711 0 799 1000
799 0 894 1000
894 0 1000 1000
0 0 1 1000
2 0 4 1000
1 0 2 1000
4 0 8 1000
8 0 12 1000
12 0 18 1000
18 0 26 1000
26 0 35 1000
35 0 45 1000
45 0 57 1000
57 0 70 1000
70 0 85 1000
85 0 101 1000
101 0 120 1000
120 0 140 1000
140 0 161 1000
184 0 207 1000
207 0 230 1000
161 0 184 1000
230 0 254 1000
254 0 280 1000
280 0 306 1000
335 0 364 1000
306 0 335 1000
364 0 394 1000
394 0 426 1000
426 0 464 1000
464 0 509 1000
509 0 555 1000
555 0 604 1000
657 0 710 1000
604 0 657 1000
710 0 769 1000
769 0 834 1000
834 0 904 1000
904 0 1000 1000
1 0 2 1000
0 0 1 1000
4 0 5 1000
2 0 4 1000
11 0 14 1000
5 0 8 1000
8 0 11 1000
18 0 22 1000
14 0 18 1000
22 0 29 1000
29 0 37 1000
37 0 45 1000
45 0 54 1000
54 0 63 1000
63 0 74 1000
74 0 87 1000
102 0 117 1000
87 0 102 1000
117 0 134 1000
153 0 172 1000
134 0 153 1000
172 0 196 1000
196 0 224 1000
224 0 257 1000
257 0 298 1000
341 0 383 1000
298 0 341 1000
383 0 429 1000
429 0 479 1000
479 0 530 1000
661 0 725 1000
530 0 595 1000
595 0 661 1000
725 0 793 1000
793 0 881 1000
881 0 1000 1000
0 0 1 1000
1 0 4 1000
4 0 11 1000
11 0 18 1000
27 0 34 1000
44 0 53 1000
18 0 27 1000
34 0 44 1000
53 0 63 1000
63 0 73 1000
73 0 84 1000
84 0 95 1000
95 0 107 1000
107 0 120 1000
150 0 164 1000
135 0 150 1000
120 0 135 1000
164 0 182 1000
182 0 201 1000
201 0 220 1000
220 0 247 1000
279 0 311 1000
247 0 279 1000
311 0 344 1000
422 0 460 1000
383 0 422 1000
344 0 383 1000
460 0 501 1000
501 0 543 1000
543 0 586 1000
586 0 635 1000
635 0 689 1000
689 0 752 1000
752 0 820 1000
820 0 901 1000
901 0 1000 1000
0 0 3 1000
3 0 7 1000
7 0 11 1000
17 0 23 1000
11 0 17 1000
23 0 30 1000
30 0 38 1000
38 0 48 1000
48 0 60 1000
60 0 73 1000
73 0 87 1000
103 0 119 1000
87 0 103 1000
119 0 136 1000
175 0 194 1000
136 0 155 1000
155 0 175 1000
194 0 215 1000
215 0 236 1000
236 0 259 1000
259 0 283 1000
312 0 339 1000
339 0 368 1000
283 0 312 1000
368 0 400 1000
400 0 434 1000
434 0 470 1000
470 0 507 1000
507 0 546 1000
546 0 592 1000
592 0 644 1000
644 0 699 1000
699 0 756 1000
756 0 823 1000
823 0 895 1000
895 0 1000 1000
1 0 2 1000
0 0 1 1000
32 0 35 1000
15 0 19 1000
7 0 11 1000
19 0 23 1000
11 0 15 1000
28 0 32 1000
23 0 28 1000
2 0 7 1000
35 0 42 1000
52 0 60 1000
60 0 69 1000
42 0 52 1000
87 0 103 1000
103 0 119 1000
69 0 87 1000
119 0 140 1000
163 0 185 1000
140 0 163 1000
185 0 212 1000
212 0 243 1000
243 0 276 1000
276 0 312 1000
393 0 432 1000
354 0 393 1000
312 0 354 1000
531 0 579 1000
432 0 481 1000
481 0 531 1000
636 0 693 1000
579 0 636 1000
693 0 755 1000
755 0 822 1000
822 0 908 1000
908 0 1000 1000
0 0 1 1000
1 0 3 1000
7 0 11 1000
3 0 7 1000
23 0 28 1000
17 0 23 1000
11 0 17 1000
35 0 42 1000
28 0 35 1000
42 0 49 1000
58 0 67 1000
49 0 58 1000
67 0 80 1000
80 0 93 1000
108 0 123 1000
123 0 138 1000
93 0 108 1000
155 0 172 1000
138 0 155 1000
192 0 212 1000
172 0 192 1000
212 0 236 1000
263 0 290 1000
236 0 263 1000
290 0 321 1000
321 0 354 1000
354 0 393 1000
393 0 434 1000
434 0 483 1000
483 0 533 1000
533 0 584 1000
584 0 648 1000
648 0 712 1000
712 0 795 1000
795 0 890 1000
890 0 1000 1000
0 0 1 1000
1 0 4 1000
4 0 8 1000
8 0 12 1000
12 0 18 1000
18 0 25 1000
25 0 32 1000
32 0 40 1000
49 0 58 1000
40 0 49 1000
58 0 68 1000
68 0 79 1000
105 0 117 1000
92 0 105 1000
79 0 92 1000
117 0 132 1000
132 0 149 1000
149 0 167 1000
167 0 188 1000
188 0 213 1000
213 0 242 1000
242 0 273 1000
273 0 305 1000
305 0 339 1000
339 0 376 1000
376 0 415 1000
415 0 456 1000
456 0 498 1000
498 0 543 1000
543 0 593 1000
593 0 648 1000
648 0 705 1000
705 0 763 1000
763 0 834 1000
834 0 910 1000
910 0 1000 1000
0 0 1 1000
3 0 5 1000
1 0 3 1000
5 0 8 1000
8 0 11 1000
11 0 15 1000
15 0 19 1000
19 0 25 1000
25 0 32 1000
32 0 39 1000
39 0 49 1000
72 0 83 1000
49 0 60 1000
60 0 72 1000
83 0 96 1000
96 0 109 1000
109 0 126 1000
126 0 145 1000
145 0 170 1000
170 0 197 1000
197 0 225 1000
225 0 255 1000
255 0 287 1000
287 0 321 1000
321 0 358 1000
396 0 434 1000
358 0 396 1000
434 0 475 1000
475 0 526 1000
578 0 630 1000
526 0 578 1000
630 0 689 1000
689 0 749 1000
749 0 821 1000
821 0 905 1000
905 0 1000 1000
0 0 1 1000
1 0 3 1000
3 0 6 1000
10 0 14 1000
6 0 10 1000
14 0 19 1000
19 0 25 1000
25 0 32 1000
32 0 39 1000
47 0 55 1000
39 0 47 1000
55 0 64 1000
76 0 88 1000
64 0 76 1000
88 0 103 1000
103 0 121 1000
121 0 139 1000
139 0 158 1000
158 0 177 1000
177 0 198 1000
198 0 219 1000
219 0 241 1000
241 0 265 1000
265 0 293 1000
293 0 322 1000
322 0 352 1000
352 0 387 1000
387 0 425 1000
425 0 470 1000
470 0 516 1000
516 0 569 1000
569 0 624 1000
624 0 696 1000
696 0 771 1000
771 0 855 1000
855 0 1000 1000
0 0 1 1000
1 0 2 1000
2 0 4 1000
4 0 8 1000
8 0 12 1000
18 0 23 1000
12 0 18 1000
38 0 44 1000
23 0 29 1000
29 0 38 1000
44 0 54 1000
54 0 64 1000
64 0 76 1000
118 0 131 1000
76 0 89 1000
89 0 103 1000
103 0 118 1000
131 0 148 1000
148 0 168 1000
168 0 189 1000
189 0 211 1000
211 0 237 1000
237 0 265 1000
265 0 298 1000
298 0 331 1000
331 0 366 1000
366 0 403 1000
403 0 441 1000
441 0 483 1000
483 0 528 1000
528 0 577 1000
577 0 638 1000
638 0 699 1000
699 0 791 1000
791 0 885 1000
885 0 1000 1000

