0081; 5203
0066; 3119
0047; 2758
0073; 5751
0090; 3793
0099; 2429
0034; 1481
0083; 2128
0039; 2896
0089; 4573
0058; 4132
0029; 5089
0053; 5234
0030; 1499
0086; 4727
0042; 3545
0014; 3810
0087; 1756
0040; 4220
0041; 4135
0061; 2941
0072; 5215
0008; 5510
0038; 4617
0057; 6071
0020; 4641
0046; 1991
0051; 2664
0023; 3439
0095; 3223
0067; 2406
0098; 4658
0082; 4590
0074; 4295
0024; 6467
0007; 928
0000; 5123
0001; 5320
0037; 2530
0079; 3868
0091; 1960
0011; 2749
0017; 4987
0031; 2391
0018; 4075
0092; 5353
0096; 5341
0027; 2578
0044; 5667
0052; 4978
0004; 5553
0068; 5436
0056; 5212
0003; 2924
0070; 3689
0002; 4404
0049; 4633
0035; 3071
0065; 5675
0021; 4736
0028; 5614
0069; 5437
0050; 3741
0010; 4812
0025; 3050
0032; 5038
0080; 4872
0036; 5238
0022; 3924
0015; 3061
0012; 5384
0045; 4040
0063; 2715
0033; 4923
0078; 3139
0075; 2714
0013; 4680
0084; 4450
0071; 3065
0085; 4101
0059; 1086
0043; 3376
0054; 2779
0097; 4941
0077; 5407
0019; 2303
0055; 1093
0048; 5187
0094; 1085
0060; 5132
0005; 5869
0006; 3264
0026; 2285
0062; 4776
0088; 5089
0009; 3616
0076; 5849
0093; 5311
0064; 4993
0016; 5318
