81
2 0 0 
19 0 0 
16 0 0 
7 0 0 
10 0 3 
12 0 3 
17 0 3 
19 0 3 
5 0 5 
8 0 5 
8 0 5 
17 0 5 
5 0 6 
3 0 6 
12 0 6 
2 0 6 
12 0 6 
19 0 6 
19 0 6 
5 1 0 
19 1 0 
4 1 0 
13 1 0 
3 1 3 
19 1 3 
0 1 3 
8 1 3 
3 1 6 
10 1 6 
13 1 6 
9 1 6 
17 2 4 
9 2 4 
14 2 4 
10 2 4 
0 3 1 
0 3 1 
2 3 1 
17 3 1 
1 3 5 
6 3 5 
0 3 5 
5 3 5 
16 4 0 
0 4 0 
12 4 0 
9 4 0 
0 4 3 
14 4 3 
4 4 3 
17 4 3 
4 4 5 
14 4 5 
8 4 5 
15 4 5 
1 4 6 
1 4 6 
11 4 6 
1 4 6 
2 4 6 
17 4 6 
11 4 6 
9 5 0 
2 5 0 
16 5 0 
0 5 0 
6 5 4 
12 5 4 
6 5 4 
11 5 4 
0 6 2 
5 6 2 
19 6 2 
11 6 2 
18 6 3 
16 6 3 
15 6 3 
7 6 3 
4 6 6 
8 6 6 
17 6 6 
