1 1 0 1
1 1 0 2
1 1 1 2
1 1 0 3
1 1 3 4
1 1 2 4
1 1 1 4
1 1 0 4
1 1 3 5
1 1 2 5
1 1 1 5
1 1 3 6
1 1 2 6
1 1 7 8
1 1 8 9
1 1 7 9
1 1 8 10
1 1 9 10
1 1 7 10
1 1 8 11
1 1 9 11
1 1 10 11
1 1 8 12
1 1 9 12
1 1 11 12
1 1 10 12
1 1 8 13
1 1 9 13
1 1 11 13
1 1 12 13
1 1 14 15
1 1 14 16
1 1 15 16
1 1 14 17
1 1 17 18
1 1 16 18
1 1 15 18
1 1 14 18
1 1 17 19
1 1 19 20
1 1 16 20
1 1 15 20
1 1 18 20
1 1 14 20
1 1 17 20
1 1 21 22
1 1 22 23
1 1 23 24
1 1 24 25
1 1 21 25
1 1 22 25
1 1 24 26
1 1 26 27
1 1 3 8
1 1 3 7
1 1 0 7
1 1 4 7
1 1 1 7
1 1 5 7
1 1 5 10
1 1 2 10
1 1 2 12
1 1 2 13
1 1 2 11
1 1 6 11
1 1 6 9
1 1 19 27
1 1 17 27
1 1 20 27
1 1 14 27
1 1 14 26
1 1 14 24
1 1 18 24
1 1 18 23
1 1 18 22
1 1 18 25
1 1 15 25
1 1 16 25
1 1 16 21
1 1 8 19
1 1 8 17
1 1 3 17
1 1 0 17
1 1 0 20
1 1 0 27
1 1 4 27
1 1 4 26
1 1 1 26
1 1 1 14
1 1 7 14
1 1 5 14
1 1 5 24
1 1 10 24
1 1 12 24
1 1 13 24
1 1 13 23
1 1 2 23
1 1 2 22
1 1 2 18
1 1 2 15
1 1 2 25
1 1 11 25
1 1 11 16
1 1 6 16
1 1 9 16
1 1 9 21
1 1 28 29
1 1 29 30
1 1 30 31
1 1 31 32
1 1 28 32
1 1 29 32
1 1 31 33
1 1 28 33
1 1 32 33
1 1 31 34
1 1 28 34
1 1 33 34
1 1 32 34
1 1 29 34
1 1 35 36
1 1 35 37
1 1 36 37
1 1 35 38
1 1 38 39
1 1 36 39
1 1 38 40
1 1 39 40
1 1 36 40
1 1 37 40
1 1 35 40
1 1 38 41
1 1 39 41
1 1 36 41
1 1 37 41
1 1 42 43
1 1 43 44
1 1 44 45
1 1 42 45
1 1 44 46
1 1 45 46
1 1 44 47
1 1 46 47
1 1 45 47
1 1 42 47
1 1 44 48
1 1 49 50
1 1 50 51
1 1 49 51
1 1 50 52
1 1 52 53
1 1 49 53
1 1 51 53
1 1 50 53
1 1 52 54
1 1 49 54
1 1 51 54
1 1 53 54
1 1 52 55
1 1 49 55
1 1 51 55
1 1 31 38
1 1 30 38
1 1 29 38
1 1 29 35
1 1 34 35
1 1 34 40
1 1 34 37
1 1 34 41
1 1 32 41
1 1 33 41
1 1 33 36
1 1 33 39
1 1 48 52
1 1 48 50
1 1 44 50
1 1 44 53
1 1 44 54
1 1 43 54
1 1 42 54
1 1 42 51
1 1 42 55
1 1 47 55
1 1 45 55
1 1 46 55
1 1 46 49
1 1 31 52
1 1 31 48
1 1 31 50
1 1 31 53
1 1 30 53
1 1 30 44
1 1 30 43
1 1 38 43
1 1 29 43
1 1 35 43
1 1 35 54
1 1 35 51
1 1 40 51
1 1 40 42
1 1 40 47
1 1 37 47
1 1 34 47
1 1 34 45
1 1 32 45
1 1 41 45
1 1 36 45
1 1 36 55
1 1 36 49
1 1 39 49
1 1 33 49
1 1 28 49
1 1 28 46
1 1 19 52
1 1 19 48
1 1 19 50
1 1 19 31
1 1 8 31
1 1 8 53
1 1 8 44
1 1 8 30
1 1 3 30
1 1 17 30
1 1 20 30
1 1 0 30
1 1 27 30
1 1 4 30
1 1 26 30
1 1 26 38
1 1 26 29
1 1 1 29
1 1 1 43
1 1 1 54
1 1 7 54
1 1 14 54
1 1 14 35
1 1 14 51
1 1 14 42
1 1 14 40
1 1 14 37
1 1 5 37
1 1 10 37
1 1 10 47
1 1 12 47
1 1 12 34
1 1 24 34
1 1 13 34
1 1 13 32
1 1 23 32
1 1 23 41
1 1 22 41
1 1 22 45
1 1 18 45
1 1 18 55
1 1 15 55
1 1 15 36
1 1 2 36
1 1 2 39
1 1 2 33
1 1 25 33
1 1 11 33
1 1 6 33
1 1 16 33
1 1 16 49
1 1 21 49
1 1 9 49
#c 2 5 4 5 0 1 1 5 5 2 3 2 5 3 0 4 0 4 2 1 3 1 0 1 5 3 2 1 5 3 0 2 2 0 4 3 5 2 1 5 0 0 1 4 4 1 4 4 0 3 0 2 1 3 4 3
10 10 4 14 16 22 30 33 40 41 48 50 5 6 19 21 23 27 38 42 45 52
9 9 0 9 11 18 26 31 32 37 51 10 13 20 25 29 35 49 53 55
9 10 0 9 11 18 26 31 32 37 51 4 14 16 22 30 33 40 41 48 50
10 9 5 6 19 21 23 27 38 42 45 52 10 13 20 25 29 35 49 53 55
9 9 1 3 7 8 12 24 28 36 39 2 15 17 34 43 44 46 47 54
9 10 2 15 17 34 43 44 46 47 54 4 14 16 22 30 33 40 41 48 50
9 9 1 3 7 8 12 24 28 36 39 10 13 20 25 29 35 49 53 55
#c 2 5 4 5 0 1 1 5 0 2 3 2 5 3 0 4 0 4 2 1 3 1 0 1 5 3 2 1 5 3 0 2 2 0 4 3 5 2 1 5 0 0 1 4 4 1 4 4 0 3 0 2 1 3 4 3
11 10 4 8 14 16 22 30 33 40 41 48 50 5 6 19 21 23 27 38 42 45 52
9 11 0 9 11 18 26 31 32 37 51 4 8 14 16 22 30 33 40 41 48 50
8 9 1 3 7 12 24 28 36 39 2 15 17 34 43 44 46 47 54
9 11 2 15 17 34 43 44 46 47 54 4 8 14 16 22 30 33 40 41 48 50
8 9 1 3 7 12 24 28 36 39 10 13 20 25 29 35 49 53 55
#c 2 5 4 0 0 1 1 5 0 2 3 2 5 3 0 4 0 4 2 1 3 1 0 1 5 3 2 1 5 3 0 2 2 0 4 3 5 2 1 5 0 0 1 4 4 1 4 4 0 3 0 2 1 3 4 3
12 10 3 4 8 14 16 22 30 33 40 41 48 50 5 6 19 21 23 27 38 42 45 52
9 10 0 9 11 18 26 31 32 37 51 5 6 19 21 23 27 38 42 45 52
12 9 3 4 8 14 16 22 30 33 40 41 48 50 10 13 20 25 29 35 49 53 55
7 9 1 7 12 24 28 36 39 2 15 17 34 43 44 46 47 54
9 10 2 15 17 34 43 44 46 47 54 5 6 19 21 23 27 38 42 45 52
7 9 1 7 12 24 28 36 39 10 13 20 25 29 35 49 53 55
#c 2 1 4 0 0 1 1 5 0 2 3 2 5 3 0 4 0 4 2 1 3 1 0 1 5 3 2 1 5 3 0 2 2 0 4 3 5 2 1 5 0 0 1 4 4 1 4 4 0 3 0 2 1 3 4 3
11 12 1 5 6 19 21 23 27 38 42 45 52 3 4 8 14 16 22 30 33 40 41 48 50
9 12 0 9 11 18 26 31 32 37 51 3 4 8 14 16 22 30 33 40 41 48 50
11 9 1 5 6 19 21 23 27 38 42 45 52 10 13 20 25 29 35 49 53 55
9 6 2 15 17 34 43 44 46 47 54 7 12 24 28 36 39
9 9 0 9 11 18 26 31 32 37 51 2 15 17 34 43 44 46 47 54
11 6 1 5 6 19 21 23 27 38 42 45 52 7 12 24 28 36 39
#c 2 1 4 0 0 1 1 2 0 2 3 2 5 3 0 4 0 4 2 1 3 1 0 1 5 3 2 1 5 3 0 2 2 0 4 3 5 2 1 5 0 0 1 4 4 1 4 4 0 3 0 2 1 3 4 3
10 9 0 7 9 11 18 26 31 32 37 51 10 13 20 25 29 35 49 53 55
10 11 0 7 9 11 18 26 31 32 37 51 1 5 6 19 21 23 27 38 42 45 52
9 5 2 15 17 34 43 44 46 47 54 12 24 28 36 39
9 12 2 15 17 34 43 44 46 47 54 3 4 8 14 16 22 30 33 40 41 48 50
10 5 0 7 9 11 18 26 31 32 37 51 12 24 28 36 39
#c 2 1 4 0 0 1 1 2 0 2 3 2 4 3 0 4 0 4 2 1 3 1 0 1 5 3 2 1 5 3 0 2 2 0 4 3 5 2 1 5 0 0 1 4 4 1 4 4 0 3 0 2 1 3 4 3
10 4 2 12 15 17 34 43 44 46 47 54 24 28 36 39
12 4 3 4 8 14 16 22 30 33 40 41 48 50 24 28 36 39
10 10 0 7 9 11 18 26 31 32 37 51 2 12 15 17 34 43 44 46 47 54
#c 2 1 4 0 0 1 1 2 0 2 3 2 4 3 0 4 0 4 2 1 3 1 0 1 5 3 2 1 5 3 0 2 2 0 4 3 5 2 1 5 0 0 1 4 5 1 4 4 0 3 0 2 1 3 4 3
9 5 2 12 15 17 34 43 46 47 54 24 28 36 39 44
12 5 3 4 8 14 16 22 30 33 40 41 48 50 24 28 36 39 44
10 9 0 7 9 11 18 26 31 32 37 51 2 12 15 17 34 43 46 47 54
#c 2 1 4 0 0 1 1 2 0 2 3 2 4 3 0 4 0 0 2 1 3 1 0 1 5 3 2 1 5 3 0 2 2 0 4 3 5 2 1 5 0 0 1 4 5 1 4 4 0 3 0 2 1 3 4 3
11 13 1 5 6 19 21 23 27 38 42 45 52 3 4 8 14 16 17 22 30 33 40 41 48 50
10 13 0 7 9 11 18 26 31 32 37 51 3 4 8 14 16 17 22 30 33 40 41 48 50
8 5 2 12 15 34 43 46 47 54 24 28 36 39 44
9 5 10 13 20 25 29 35 49 53 55 24 28 36 39 44
10 8 0 7 9 11 18 26 31 32 37 51 2 12 15 34 43 46 47 54
#c 2 1 4 0 0 1 1 2 0 2 3 2 4 3 0 4 0 0 2 1 3 1 0 1 5 3 2 1 5 3 0 3 2 0 4 3 5 2 1 5 0 0 1 4 5 1 4 4 0 3 0 2 1 3 4 3
9 10 0 7 9 11 18 26 32 37 51 10 13 20 25 29 31 35 49 53 55
11 10 1 5 6 19 21 23 27 38 42 45 52 10 13 20 25 29 31 35 49 53 55
9 13 0 7 9 11 18 26 32 37 51 3 4 8 14 16 17 22 30 33 40 41 48 50
10 5 10 13 20 25 29 31 35 49 53 55 24 28 36 39 44
9 8 0 7 9 11 18 26 32 37 51 2 12 15 34 43 46 47 54
#c 5 1 4 0 0 1 1 2 0 2 3 2 4 3 0 4 0 0 2 1 3 1 0 1 5 3 2 1 5 3 0 3 2 0 4 3 5 2 1 5 0 0 1 4 5 1 4 4 0 3 0 2 1 3 4 3
8 10 7 9 11 18 26 32 37 51 10 13 20 25 29 31 35 49 53 55
11 8 1 5 6 19 21 23 27 38 42 45 52 7 9 11 18 26 32 37 51
13 10 3 4 8 14 16 17 22 30 33 40 41 48 50 10 13 20 25 29 31 35 49 53 55
6 8 0 24 28 36 39 44 2 12 15 34 43 46 47 54
8 8 2 12 15 34 43 46 47 54 7 9 11 18 26 32 37 51
6 13 0 24 28 36 39 44 3 4 8 14 16 17 22 30 33 40 41 48 50
#c 5 1 4 0 0 1 1 2 0 2 3 2 4 3 0 4 0 0 2 1 3 1 0 1 5 3 2 1 5 3 0 3 2 0 4 3 5 2 1 5 0 0 1 4 2 1 4 4 0 3 0 2 1 3 4 3
9 10 7 9 11 18 26 32 37 44 51 10 13 20 25 29 31 35 49 53 55
13 9 3 4 8 14 16 17 22 30 33 40 41 48 50 7 9 11 18 26 32 37 44 51
5 8 0 24 28 36 39 2 12 15 34 43 46 47 54
5 10 0 24 28 36 39 10 13 20 25 29 31 35 49 53 55
8 13 2 12 15 34 43 46 47 54 3 4 8 14 16 17 22 30 33 40 41 48 50
#c 5 1 4 0 0 1 1 2 0 2 3 2 4 3 0 4 0 0 2 1 3 1 0 1 5 3 2 1 5 3 0 3 2 0 4 3 5 2 1 5 0 0 1 3 2 1 4 4 0 3 0 2 1 3 4 3
9 11 7 9 11 18 26 32 37 44 51 10 13 20 25 29 31 35 43 49 53 55
11 9 1 5 6 19 21 23 27 38 42 45 52 7 9 11 18 26 32 37 44 51
13 11 3 4 8 14 16 17 22 30 33 40 41 48 50 10 13 20 25 29 31 35 43 49 53 55
5 7 0 24 28 36 39 2 12 15 34 46 47 54
7 9 2 12 15 34 46 47 54 7 9 11 18 26 32 37 44 51
5 11 0 24 28 36 39 10 13 20 25 29 31 35 43 49 53 55
#c 5 1 4 0 0 1 1 2 0 2 3 2 4 3 0 4 0 0 2 1 3 1 0 1 5 3 2 1 5 3 0 4 2 0 4 3 5 2 1 5 0 0 1 3 2 1 4 4 0 3 0 2 1 3 4 3
9 10 7 9 11 18 26 32 37 44 51 10 13 20 25 29 35 43 49 53 55
13 10 3 4 8 14 16 17 22 30 33 40 41 48 50 10 13 20 25 29 35 43 49 53 55
5 8 0 24 28 36 39 2 12 15 31 34 46 47 54
8 9 2 12 15 31 34 46 47 54 7 9 11 18 26 32 37 44 51
5 10 0 24 28 36 39 10 13 20 25 29 35 43 49 53 55
#c 5 1 4 0 0 1 1 2 0 2 3 2 4 3 0 4 0 0 2 1 3 1 0 1 5 3 2 1 5 3 0 4 2 0 4 3 5 2 1 5 0 0 1 3 2 1 4 4 0 3 0 2 1 4 4 3
9 9 7 9 11 18 26 32 37 44 51 10 13 20 25 29 35 43 49 55
13 9 3 4 8 14 16 17 22 30 33 40 41 48 50 10 13 20 25 29 35 43 49 55
5 9 0 24 28 36 39 2 12 15 31 34 46 47 53 54
9 9 2 12 15 31 34 46 47 53 54 7 9 11 18 26 32 37 44 51
5 9 0 24 28 36 39 10 13 20 25 29 35 43 49 55
#c 5 1 4 0 0 1 1 2 0 2 3 2 4 3 0 4 0 0 2 1 4 1 0 1 5 3 2 1 5 3 0 4 2 0 4 3 5 2 1 5 0 0 1 3 2 1 4 4 0 3 0 2 1 4 4 3
9 8 7 9 11 18 26 32 37 44 51 10 13 25 29 35 43 49 55
11 8 1 5 6 19 21 23 27 38 42 45 52 10 13 25 29 35 43 49 55
5 10 0 24 28 36 39 2 12 15 20 31 34 46 47 53 54
5 8 0 24 28 36 39 10 13 25 29 35 43 49 55
10 13 2 12 15 20 31 34 46 47 53 54 3 4 8 14 16 17 22 30 33 40 41 48 50
#c 5 1 4 0 0 1 1 2 0 2 3 2 4 3 0 4 0 0 2 1 4 1 0 1 5 3 2 1 5 3 0 3 2 0 4 3 5 2 1 5 0 0 1 3 2 1 4 4 0 3 0 2 1 4 4 3
9 9 7 9 11 18 26 32 37 44 51 10 13 25 29 31 35 43 49 55
11 9 1 5 6 19 21 23 27 38 42 45 52 10 13 25 29 31 35 43 49 55
5 9 0 24 28 36 39 2 12 15 20 34 46 47 53 54
5 9 0 24 28 36 39 10 13 25 29 31 35 43 49 55
9 13 2 12 15 20 34 46 47 53 54 3 4 8 14 16 17 22 30 33 40 41 48 50
#c 5 1 4 0 0 1 1 2 0 2 3 2 4 3 0 4 0 0 2 1 4 1 0 1 5 3 2 1 5 3 0 3 2 0 4 3 5 2 1 5 0 0 1 3 2 1 4 4 3 3 0 2 1 4 4 3
11 12 1 5 6 19 21 23 27 38 42 45 52 3 4 8 14 16 17 22 30 33 40 41 50
9 10 7 9 11 18 26 32 37 44 51 10 13 25 29 31 35 43 48 49 55
12 10 3 4 8 14 16 17 22 30 33 40 41 50 10 13 25 29 31 35 43 48 49 55
5 10 0 24 28 36 39 10 13 25 29 31 35 43 48 49 55
11 9 1 5 6 19 21 23 27 38 42 45 52 2 12 15 20 34 46 47 53 54
#c 5 1 4 0 0 1 1 2 0 2 3 2 4 3 0 4 0 0 2 1 4 1 0 1 5 3 2 1 5 3 0 3 2 0 4 3 5 2 1 5 0 0 1 3 2 1 4 4 3 3 0 2 3 4 4 3
10 12 1 5 6 19 21 23 27 38 42 45 3 4 8 14 16 17 22 30 33 40 41 50
9 11 7 9 11 18 26 32 37 44 51 10 13 25 29 31 35 43 48 49 52 55
10 11 1 5 6 19 21 23 27 38 42 45 10 13 25 29 31 35 43 48 49 52 55
12 9 3 4 8 14 16 17 22 30 33 40 41 50 7 9 11 18 26 32 37 44 51
5 11 0 24 28 36 39 10 13 25 29 31 35 43 48 49 52 55
9 12 2 12 15 20 34 46 47 53 54 3 4 8 14 16 17 22 30 33 40 41 50
#c 5 1 4 0 0 1 1 2 0 2 3 2 4 3 0 4 0 0 2 1 4 1 0 1 5 3 2 1 5 3 0 3 2 0 4 3 5 2 1 5 0 0 1 3 2 1 4 4 3 3 0 2 3 3 4 3
9 12 7 9 11 18 26 32 37 44 51 10 13 25 29 31 35 43 48 49 52 53 55
10 9 1 5 6 19 21 23 27 38 42 45 7 9 11 18 26 32 37 44 51
12 12 3 4 8 14 16 17 22 30 33 40 41 50 10 13 25 29 31 35 43 48 49 52 53 55
5 8 0 24 28 36 39 2 12 15 20 34 46 47 54
8 9 2 12 15 20 34 46 47 54 7 9 11 18 26 32 37 44 51
5 12 0 24 28 36 39 10 13 25 29 31 35 43 48 49 52 53 55
# swap: 2 25
#c 5 1 3 0 0 1 1 2 0 2 3 2 4 3 0 4 0 0 2 1 4 1 0 1 5 4 2 1 5 3 0 3 2 0 4 3 5 2 1 5 0 0 1 3 2 1 4 4 3 3 0 2 3 3 4 3
12 9 2 10 13 29 31 35 43 48 49 52 53 55 7 9 11 18 26 32 37 44 51
10 12 1 5 6 19 21 23 27 38 42 45 2 10 13 29 31 35 43 48 49 52 53 55
5 8 0 24 28 36 39 12 15 20 25 34 46 47 54
5 12 0 24 28 36 39 2 10 13 29 31 35 43 48 49 52 53 55
12 8 3 4 8 14 16 17 22 30 33 40 41 50 12 15 20 25 34 46 47 54
# swap: 10 47
#c 5 1 3 0 0 1 1 2 0 2 4 2 4 3 0 4 0 0 2 1 4 1 0 1 5 4 2 1 5 3 0 3 2 0 4 3 5 2 1 5 0 0 1 3 2 1 4 3 3 3 0 2 3 3 4 3
12 9 2 13 29 31 35 43 47 48 49 52 53 55 7 9 11 18 26 32 37 44 51
10 12 1 5 6 19 21 23 27 38 42 45 2 13 29 31 35 43 47 48 49 52 53 55
5 8 0 24 28 36 39 10 12 15 20 25 34 46 54
5 12 0 24 28 36 39 2 13 29 31 35 43 47 48 49 52 53 55
12 8 3 4 8 14 16 17 22 30 33 40 41 50 10 12 15 20 25 34 46 54
# swap: 13 34
#c 5 1 3 0 0 1 1 2 0 2 4 2 4 4 0 4 0 0 2 1 4 1 0 1 5 4 2 1 5 3 0 3 2 0 3 3 5 2 1 5 0 0 1 3 2 1 4 3 3 3 0 2 3 3 4 3
12 9 2 29 31 34 35 43 47 48 49 52 53 55 7 9 11 18 26 32 37 44 51
10 12 1 5 6 19 21 23 27 38 42 45 2 29 31 34 35 43 47 48 49 52 53 55
5 8 0 24 28 36 39 10 12 13 15 20 25 46 54
5 12 0 24 28 36 39 2 29 31 34 35 43 47 48 49 52 53 55
12 8 3 4 8 14 16 17 22 30 33 40 41 50 10 12 13 15 20 25 46 54
# swap: 55 15
#c 5 1 3 0 0 1 1 2 0 2 4 2 4 4 0 3 0 0 2 1 4 1 0 1 5 4 2 1 5 3 0 3 2 0 3 3 5 2 1 5 0 0 1 3 2 1 4 3 3 3 0 2 3 3 4 4
12 9 2 15 29 31 34 35 43 47 48 49 52 53 7 9 11 18 26 32 37 44 51
10 12 1 5 6 19 21 23 27 38 42 45 2 15 29 31 34 35 43 47 48 49 52 53
5 8 0 24 28 36 39 10 12 13 20 25 46 54 55
5 12 0 24 28 36 39 2 15 29 31 34 35 43 47 48 49 52 53
12 8 3 4 8 14 16 17 22 30 33 40 41 50 10 12 13 20 25 46 54 55
# swap: 2 25
#c 5 1 4 0 0 1 1 2 0 2 4 2 4 4 0 3 0 0 2 1 4 1 0 1 5 3 2 1 5 3 0 3 2 0 3 3 5 2 1 5 0 0 1 3 2 1 4 3 3 3 0 2 3 3 4 4
9 12 7 9 11 18 26 32 37 44 51 15 25 29 31 34 35 43 47 48 49 52 53
12 12 3 4 8 14 16 17 22 30 33 40 41 50 15 25 29 31 34 35 43 47 48 49 52 53
5 8 0 24 28 36 39 2 10 12 13 20 46 54 55
8 9 2 10 12 13 20 46 54 55 7 9 11 18 26 32 37 44 51
5 12 0 24 28 36 39 15 25 29 31 34 35 43 47 48 49 52 53
# swap: 12 47
#c 5 1 4 0 0 1 1 2 0 2 4 2 3 4 0 3 0 0 2 1 4 1 0 1 5 3 2 1 5 3 0 3 2 0 3 3 5 2 1 5 0 0 1 3 2 1 4 4 3 3 0 2 3 3 4 4
9 12 7 9 11 18 26 32 37 44 51 12 15 25 29 31 34 35 43 48 49 52 53
12 12 3 4 8 14 16 17 22 30 33 40 41 50 12 15 25 29 31 34 35 43 48 49 52 53
5 8 0 24 28 36 39 2 10 13 20 46 47 54 55
8 9 2 10 13 20 46 47 54 55 7 9 11 18 26 32 37 44 51
5 12 0 24 28 36 39 12 15 25 29 31 34 35 43 48 49 52 53
# swap: 46 49
#c 5 1 4 0 0 1 1 2 0 2 4 2 3 4 0 3 0 0 2 1 4 1 0 1 5 3 2 1 5 3 0 3 2 0 3 3 5 2 1 5 0 0 1 3 2 1 3 4 3 4 0 2 3 3 4 4
9 12 7 9 11 18 26 32 37 44 51 12 15 25 29 31 34 35 43 46 48 52 53
12 12 3 4 8 14 16 17 22 30 33 40 41 50 12 15 25 29 31 34 35 43 46 48 52 53
5 8 0 24 28 36 39 2 10 13 20 47 49 54 55
8 9 2 10 13 20 47 49 54 55 7 9 11 18 26 32 37 44 51
5 12 0 24 28 36 39 12 15 25 29 31 34 35 43 46 48 52 53
# swap: 13 34
#c 5 1 4 0 0 1 1 2 0 2 4 2 3 3 0 3 0 0 2 1 4 1 0 1 5 3 2 1 5 3 0 3 2 0 4 3 5 2 1 5 0 0 1 3 2 1 3 4 3 4 0 2 3 3 4 4
9 12 7 9 11 18 26 32 37 44 51 12 13 15 25 29 31 35 43 46 48 52 53
12 12 3 4 8 14 16 17 22 30 33 40 41 50 12 13 15 25 29 31 35 43 46 48 52 53
5 8 0 24 28 36 39 2 10 20 34 47 49 54 55
8 9 2 10 20 34 47 49 54 55 7 9 11 18 26 32 37 44 51
5 12 0 24 28 36 39 12 13 15 25 29 31 35 43 46 48 52 53
# swap: 2 25
#c 5 1 3 0 0 1 1 2 0 2 4 2 3 3 0 3 0 0 2 1 4 1 0 1 5 4 2 1 5 3 0 3 2 0 4 3 5 2 1 5 0 0 1 3 2 1 3 4 3 4 0 2 3 3 4 4
12 9 2 12 13 15 29 31 35 43 46 48 52 53 7 9 11 18 26 32 37 44 51
12 12 2 12 13 15 29 31 35 43 46 48 52 53 3 4 8 14 16 17 22 30 33 40 41 50
5 8 0 24 28 36 39 10 20 25 34 47 49 54 55
9 8 7 9 11 18 26 32 37 44 51 10 20 25 34 47 49 54 55
5 12 0 24 28 36 39 2 12 13 15 29 31 35 43 46 48 52 53
# swap: 34 13
#c 5 1 3 0 0 1 1 2 0 2 4 2 3 4 0 3 0 0 2 1 4 1 0 1 5 4 2 1 5 3 0 3 2 0 3 3 5 2 1 5 0 0 1 3 2 1 3 4 3 4 0 2 3 3 4 4
12 9 2 12 15 29 31 34 35 43 46 48 52 53 7 9 11 18 26 32 37 44 51
12 12 2 12 15 29 31 34 35 43 46 48 52 53 3 4 8 14 16 17 22 30 33 40 41 50
5 8 0 24 28 36 39 10 13 20 25 47 49 54 55
9 8 7 9 11 18 26 32 37 44 51 10 13 20 25 47 49 54 55
5 12 0 24 28 36 39 2 12 15 29 31 34 35 43 46 48 52 53
# swap: 55 15
#c 5 1 3 0 0 1 1 2 0 2 4 2 3 4 0 4 0 0 2 1 4 1 0 1 5 4 2 1 5 3 0 3 2 0 3 3 5 2 1 5 0 0 1 3 2 1 3 4 3 4 0 2 3 3 4 3
12 9 2 12 29 31 34 35 43 46 48 52 53 55 7 9 11 18 26 32 37 44 51
10 12 1 5 6 19 21 23 27 38 42 45 2 12 29 31 34 35 43 46 48 52 53 55
5 8 0 24 28 36 39 10 13 15 20 25 47 49 54
5 12 0 24 28 36 39 2 12 29 31 34 35 43 46 48 52 53 55
12 8 3 4 8 14 16 17 22 30 33 40 41 50 10 13 15 20 25 47 49 54
# swap: 28 16
#c 5 1 3 0 0 1 1 2 0 2 4 2 3 4 0 4 5 0 2 1 4 1 0 1 5 4 2 1 0 3 0 3 2 0 3 3 5 2 1 5 0 0 1 3 2 1 3 4 3 4 0 2 3 3 4 3
10 12 1 5 6 19 21 23 27 38 42 45 3 4 8 14 17 22 28 30 33 40 41 50
12 9 3 4 8 14 17 22 28 30 33 40 41 50 7 9 11 18 26 32 37 44 51
5 8 0 16 24 36 39 10 13 15 20 25 47 49 54
5 12 0 16 24 36 39 2 12 29 31 34 35 43 46 48 52 53 55
12 8 3 4 8 14 17 22 28 30 33 40 41 50 10 13 15 20 25 47 49 54
# swap: 0 4
#c 0 1 3 0 5 1 1 2 0 2 4 2 3 4 0 4 5 0 2 1 4 1 0 1 5 4 2 1 0 3 0 3 2 0 3 3 5 2 1 5 0 0 1 3 2 1 3 4 3 4 0 2 3 3 4 3
12 10 0 3 8 14 17 22 28 30 33 40 41 50 1 5 6 19 21 23 27 38 42 45
12 9 0 3 8 14 17 22 28 30 33 40 41 50 7 9 11 18 26 32 37 44 51
5 8 4 16 24 36 39 10 13 15 20 25 47 49 54
12 5 2 12 29 31 34 35 43 46 48 52 53 55 4 16 24 36 39
12 8 0 3 8 14 17 22 28 30 33 40 41 50 10 13 15 20 25 47 49 54
# swap: 4 30
#c 0 1 3 0 0 1 1 2 0 2 4 2 3 4 0 4 5 0 2 1 4 1 0 1 5 4 2 1 0 3 5 3 2 0 3 3 5 2 1 5 0 0 1 3 2 1 3 4 3 4 0 2 3 3 4 3
12 10 0 3 4 8 14 17 22 28 33 40 41 50 1 5 6 19 21 23 27 38 42 45
12 9 0 3 4 8 14 17 22 28 33 40 41 50 7 9 11 18 26 32 37 44 51
8 5 10 13 15 20 25 47 49 54 16 24 30 36 39
12 5 2 12 29 31 34 35 43 46 48 52 53 55 16 24 30 36 39
12 8 0 3 4 8 14 17 22 28 33 40 41 50 10 13 15 20 25 47 49 54
# swap: 30 0
#c 5 1 3 0 0 1 1 2 0 2 4 2 3 4 0 4 5 0 2 1 4 1 0 1 5 4 2 1 0 3 0 3 2 0 3 3 5 2 1 5 0 0 1 3 2 1 3 4 3 4 0 2 3 3 4 3
# swap: 0 17
#c 0 1 3 0 0 1 1 2 0 2 4 2 3 4 0 4 5 5 2 1 4 1 0 1 5 4 2 1 0 3 0 3 2 0 3 3 5 2 1 5 0 0 1 3 2 1 3 4 3 4 0 2 3 3 4 3
12 10 0 3 4 8 14 22 28 30 33 40 41 50 1 5 6 19 21 23 27 38 42 45
12 9 0 3 4 8 14 22 28 30 33 40 41 50 7 9 11 18 26 32 37 44 51
8 5 10 13 15 20 25 47 49 54 16 17 24 36 39
12 5 2 12 29 31 34 35 43 46 48 52 53 55 16 17 24 36 39
12 8 0 3 4 8 14 22 28 30 33 40 41 50 10 13 15 20 25 47 49 54
# swap: 16 33
#c 0 1 3 0 0 1 1 2 0 2 4 2 3 4 0 4 0 5 2 1 4 1 0 1 5 4 2 1 0 3 0 3 2 5 3 3 5 2 1 5 0 0 1 3 2 1 3 4 3 4 0 2 3 3 4 3
12 10 0 3 4 8 14 16 22 28 30 40 41 50 1 5 6 19 21 23 27 38 42 45
12 9 0 3 4 8 14 16 22 28 30 40 41 50 7 9 11 18 26 32 37 44 51
8 5 10 13 15 20 25 47 49 54 17 24 33 36 39
12 5 2 12 29 31 34 35 43 46 48 52 53 55 17 24 33 36 39
12 8 0 3 4 8 14 16 22 28 30 40 41 50 10 13 15 20 25 47 49 54
# swap: 33 16
#c 0 1 3 0 0 1 1 2 0 2 4 2 3 4 0 4 5 5 2 1 4 1 0 1 5 4 2 1 0 3 0 3 2 0 3 3 5 2 1 5 0 0 1 3 2 1 3 4 3 4 0 2 3 3 4 3
# swap: 17 8
#c 0 1 3 0 0 1 1 2 5 2 4 2 3 4 0 4 5 0 2 1 4 1 0 1 5 4 2 1 0 3 0 3 2 0 3 3 5 2 1 5 0 0 1 3 2 1 3 4 3 4 0 2 3 3 4 3
12 10 0 3 4 14 17 22 28 30 33 40 41 50 1 5 6 19 21 23 27 38 42 45
12 9 0 3 4 14 17 22 28 30 33 40 41 50 7 9 11 18 26 32 37 44 51
5 8 8 16 24 36 39 10 13 15 20 25 47 49 54
12 5 2 12 29 31 34 35 43 46 48 52 53 55 8 16 24 36 39
12 8 0 3 4 14 17 22 28 30 33 40 41 50 10 13 15 20 25 47 49 54
# swap: 8 3
#c 0 1 3 5 0 1 1 2 0 2 4 2 3 4 0 4 5 0 2 1 4 1 0 1 5 4 2 1 0 3 0 3 2 0 3 3 5 2 1 5 0 0 1 3 2 1 3 4 3 4 0 2 3 3 4 3
12 10 0 4 8 14 17 22 28 30 33 40 41 50 1 5 6 19 21 23 27 38 42 45
12 9 0 4 8 14 17 22 28 30 33 40 41 50 7 9 11 18 26 32 37 44 51
5 8 3 16 24 36 39 10 13 15 20 25 47 49 54
12 5 2 12 29 31 34 35 43 46 48 52 53 55 3 16 24 36 39
12 8 0 4 8 14 17 22 28 30 33 40 41 50 10 13 15 20 25 47 49 54
# swap: 3 17
#c 0 1 3 0 0 1 1 2 0 2 4 2 3 4 0 4 5 5 2 1 4 1 0 1 5 4 2 1 0 3 0 3 2 0 3 3 5 2 1 5 0 0 1 3 2 1 3 4 3 4 0 2 3 3 4 3
# swap: 16 33
#c 0 1 3 0 0 1 1 2 0 2 4 2 3 4 0 4 0 5 2 1 4 1 0 1 5 4 2 1 0 3 0 3 2 5 3 3 5 2 1 5 0 0 1 3 2 1 3 4 3 4 0 2 3 3 4 3
# swap: 17 0
#c 5 1 3 0 0 1 1 2 0 2 4 2 3 4 0 4 0 0 2 1 4 1 0 1 5 4 2 1 0 3 0 3 2 5 3 3 5 2 1 5 0 0 1 3 2 1 3 4 3 4 0 2 3 3 4 3
10 12 1 5 6 19 21 23 27 38 42 45 3 4 8 14 16 17 22 28 30 40 41 50
12 9 3 4 8 14 16 17 22 28 30 40 41 50 7 9 11 18 26 32 37 44 51
5 8 0 24 33 36 39 10 13 15 20 25 47 49 54
5 12 0 24 33 36 39 2 12 29 31 34 35 43 46 48 52 53 55
12 8 3 4 8 14 16 17 22 28 30 40 41 50 10 13 15 20 25 47 49 54
# swap: 33 16
#c 5 1 3 0 0 1 1 2 0 2 4 2 3 4 0 4 5 0 2 1 4 1 0 1 5 4 2 1 0 3 0 3 2 0 3 3 5 2 1 5 0 0 1 3 2 1 3 4 3 4 0 2 3 3 4 3
# swap: 0 3
#c 0 1 3 5 0 1 1 2 0 2 4 2 3 4 0 4 5 0 2 1 4 1 0 1 5 4 2 1 0 3 0 3 2 0 3 3 5 2 1 5 0 0 1 3 2 1 3 4 3 4 0 2 3 3 4 3
# swap: 3 0
#c 5 1 3 0 0 1 1 2 0 2 4 2 3 4 0 4 5 0 2 1 4 1 0 1 5 4 2 1 0 3 0 3 2 0 3 3 5 2 1 5 0 0 1 3 2 1 3 4 3 4 0 2 3 3 4 3
# swap: 0 3
#c 0 1 3 5 0 1 1 2 0 2 4 2 3 4 0 4 5 0 2 1 4 1 0 1 5 4 2 1 0 3 0 3 2 0 3 3 5 2 1 5 0 0 1 3 2 1 3 4 3 4 0 2 3 3 4 3
# swap: 3 17
#c 0 1 3 0 0 1 1 2 0 2 4 2 3 4 0 4 5 5 2 1 4 1 0 1 5 4 2 1 0 3 0 3 2 0 3 3 5 2 1 5 0 0 1 3 2 1 3 4 3 4 0 2 3 3 4 3
# swap: 17 3
#c 0 1 3 5 0 1 1 2 0 2 4 2 3 4 0 4 5 0 2 1 4 1 0 1 5 4 2 1 0 3 0 3 2 0 3 3 5 2 1 5 0 0 1 3 2 1 3 4 3 4 0 2 3 3 4 3
# swap: 3 8
#c 0 1 3 0 0 1 1 2 5 2 4 2 3 4 0 4 5 0 2 1 4 1 0 1 5 4 2 1 0 3 0 3 2 0 3 3 5 2 1 5 0 0 1 3 2 1 3 4 3 4 0 2 3 3 4 3
# swap: 8 17
#c 0 1 3 0 0 1 1 2 0 2 4 2 3 4 0 4 5 5 2 1 4 1 0 1 5 4 2 1 0 3 0 3 2 0 3 3 5 2 1 5 0 0 1 3 2 1 3 4 3 4 0 2 3 3 4 3
# swap: 17 3
#c 0 1 3 5 0 1 1 2 0 2 4 2 3 4 0 4 5 0 2 1 4 1 0 1 5 4 2 1 0 3 0 3 2 0 3 3 5 2 1 5 0 0 1 3 2 1 3 4 3 4 0 2 3 3 4 3
# swap: 16 33
#c 0 1 3 5 0 1 1 2 0 2 4 2 3 4 0 4 0 0 2 1 4 1 0 1 5 4 2 1 0 3 0 3 2 5 3 3 5 2 1 5 0 0 1 3 2 1 3 4 3 4 0 2 3 3 4 3
12 10 0 4 8 14 16 17 22 28 30 40 41 50 1 5 6 19 21 23 27 38 42 45
12 9 0 4 8 14 16 17 22 28 30 40 41 50 7 9 11 18 26 32 37 44 51
5 8 3 24 33 36 39 10 13 15 20 25 47 49 54
12 5 2 12 29 31 34 35 43 46 48 52 53 55 3 24 33 36 39
12 8 0 4 8 14 16 17 22 28 30 40 41 50 10 13 15 20 25 47 49 54
# swap: 3 0
#c 5 1 3 0 0 1 1 2 0 2 4 2 3 4 0 4 0 0 2 1 4 1 0 1 5 4 2 1 0 3 0 3 2 5 3 3 5 2 1 5 0 0 1 3 2 1 3 4 3 4 0 2 3 3 4 3
# swap: 0 17
#c 0 1 3 0 0 1 1 2 0 2 4 2 3 4 0 4 0 5 2 1 4 1 0 1 5 4 2 1 0 3 0 3 2 5 3 3 5 2 1 5 0 0 1 3 2 1 3 4 3 4 0 2 3 3 4 3
# swap: 17 30
#c 0 1 3 0 0 1 1 2 0 2 4 2 3 4 0 4 0 0 2 1 4 1 0 1 5 4 2 1 0 3 5 3 2 5 3 3 5 2 1 5 0 0 1 3 2 1 3 4 3 4 0 2 3 3 4 3
12 10 0 3 4 8 14 16 17 22 28 40 41 50 1 5 6 19 21 23 27 38 42 45
12 9 0 3 4 8 14 16 17 22 28 40 41 50 7 9 11 18 26 32 37 44 51
8 5 10 13 15 20 25 47 49 54 24 30 33 36 39
12 5 2 12 29 31 34 35 43 46 48 52 53 55 24 30 33 36 39
12 8 0 3 4 8 14 16 17 22 28 40 41 50 10 13 15 20 25 47 49 54
# swap: 30 0
#c 5 1 3 0 0 1 1 2 0 2 4 2 3 4 0 4 0 0 2 1 4 1 0 1 5 4 2 1 0 3 0 3 2 5 3 3 5 2 1 5 0 0 1 3 2 1 3 4 3 4 0 2 3 3 4 3
# swap: 33 16
#c 5 1 3 0 0 1 1 2 0 2 4 2 3 4 0 4 5 0 2 1 4 1 0 1 5 4 2 1 0 3 0 3 2 0 3 3 5 2 1 5 0 0 1 3 2 1 3 4 3 4 0 2 3 3 4 3
# swap: 16 33
#c 5 1 3 0 0 1 1 2 0 2 4 2 3 4 0 4 0 0 2 1 4 1 0 1 5 4 2 1 0 3 0 3 2 5 3 3 5 2 1 5 0 0 1 3 2 1 3 4 3 4 0 2 3 3 4 3
# swap: 0 30
#c 0 1 3 0 0 1 1 2 0 2 4 2 3 4 0 4 0 0 2 1 4 1 0 1 5 4 2 1 0 3 5 3 2 5 3 3 5 2 1 5 0 0 1 3 2 1 3 4 3 4 0 2 3 3 4 3
# swap: 30 17
#c 0 1 3 0 0 1 1 2 0 2 4 2 3 4 0 4 0 5 2 1 4 1 0 1 5 4 2 1 0 3 0 3 2 5 3 3 5 2 1 5 0 0 1 3 2 1 3 4 3 4 0 2 3 3 4 3
# swap: 17 3
#c 0 1 3 5 0 1 1 2 0 2 4 2 3 4 0 4 0 0 2 1 4 1 0 1 5 4 2 1 0 3 0 3 2 5 3 3 5 2 1 5 0 0 1 3 2 1 3 4 3 4 0 2 3 3 4 3
# swap: 3 17
#c 0 1 3 0 0 1 1 2 0 2 4 2 3 4 0 4 0 5 2 1 4 1 0 1 5 4 2 1 0 3 0 3 2 5 3 3 5 2 1 5 0 0 1 3 2 1 3 4 3 4 0 2 3 3 4 3
# swap: 17 8
#c 0 1 3 0 0 1 1 2 5 2 4 2 3 4 0 4 0 0 2 1 4 1 0 1 5 4 2 1 0 3 0 3 2 5 3 3 5 2 1 5 0 0 1 3 2 1 3 4 3 4 0 2 3 3 4 3
12 10 0 3 4 14 16 17 22 28 30 40 41 50 1 5 6 19 21 23 27 38 42 45
12 9 0 3 4 14 16 17 22 28 30 40 41 50 7 9 11 18 26 32 37 44 51
5 8 8 24 33 36 39 10 13 15 20 25 47 49 54
12 5 2 12 29 31 34 35 43 46 48 52 53 55 8 24 33 36 39
12 8 0 3 4 14 16 17 22 28 30 40 41 50 10 13 15 20 25 47 49 54
# swap: 8 3
#c 0 1 3 5 0 1 1 2 0 2 4 2 3 4 0 4 0 0 2 1 4 1 0 1 5 4 2 1 0 3 0 3 2 5 3 3 5 2 1 5 0 0 1 3 2 1 3 4 3 4 0 2 3 3 4 3
# swap: 33 16
#c 0 1 3 5 0 1 1 2 0 2 4 2 3 4 0 4 5 0 2 1 4 1 0 1 5 4 2 1 0 3 0 3 2 0 3 3 5 2 1 5 0 0 1 3 2 1 3 4 3 4 0 2 3 3 4 3
# swap: 3 8
#c 0 1 3 0 0 1 1 2 5 2 4 2 3 4 0 4 5 0 2 1 4 1 0 1 5 4 2 1 0 3 0 3 2 0 3 3 5 2 1 5 0 0 1 3 2 1 3 4 3 4 0 2 3 3 4 3
# swap: 16 33
#c 0 1 3 0 0 1 1 2 5 2 4 2 3 4 0 4 0 0 2 1 4 1 0 1 5 4 2 1 0 3 0 3 2 5 3 3 5 2 1 5 0 0 1 3 2 1 3 4 3 4 0 2 3 3 4 3
# swap: 33 16
#c 0 1 3 0 0 1 1 2 5 2 4 2 3 4 0 4 5 0 2 1 4 1 0 1 5 4 2 1 0 3 0 3 2 0 3 3 5 2 1 5 0 0 1 3 2 1 3 4 3 4 0 2 3 3 4 3
# swap: 16 33
#c 0 1 3 0 0 1 1 2 5 2 4 2 3 4 0 4 0 0 2 1 4 1 0 1 5 4 2 1 0 3 0 3 2 5 3 3 5 2 1 5 0 0 1 3 2 1 3 4 3 4 0 2 3 3 4 3
# swap: 33 16
#c 0 1 3 0 0 1 1 2 5 2 4 2 3 4 0 4 5 0 2 1 4 1 0 1 5 4 2 1 0 3 0 3 2 0 3 3 5 2 1 5 0 0 1 3 2 1 3 4 3 4 0 2 3 3 4 3
# swap: 16 33
#c 0 1 3 0 0 1 1 2 5 2 4 2 3 4 0 4 0 0 2 1 4 1 0 1 5 4 2 1 0 3 0 3 2 5 3 3 5 2 1 5 0 0 1 3 2 1 3 4 3 4 0 2 3 3 4 3
# swap: 8 3
#c 0 1 3 5 0 1 1 2 0 2 4 2 3 4 0 4 0 0 2 1 4 1 0 1 5 4 2 1 0 3 0 3 2 5 3 3 5 2 1 5 0 0 1 3 2 1 3 4 3 4 0 2 3 3 4 3
# swap: 33 16
#c 0 1 3 5 0 1 1 2 0 2 4 2 3 4 0 4 5 0 2 1 4 1 0 1 5 4 2 1 0 3 0 3 2 0 3 3 5 2 1 5 0 0 1 3 2 1 3 4 3 4 0 2 3 3 4 3
# swap: 3 0
#c 5 1 3 0 0 1 1 2 0 2 4 2 3 4 0 4 5 0 2 1 4 1 0 1 5 4 2 1 0 3 0 3 2 0 3 3 5 2 1 5 0 0 1 3 2 1 3 4 3 4 0 2 3 3 4 3
# swap: 39 33
#c 5 1 3 0 0 1 1 2 0 2 4 2 3 4 0 4 5 0 2 1 4 1 0 1 5 4 2 1 0 3 0 3 2 5 3 3 5 2 1 0 0 0 1 3 2 1 3 4 3 4 0 2 3 3 4 3
10 12 1 5 6 19 21 23 27 38 42 45 3 4 8 14 17 22 28 30 39 40 41 50
12 9 3 4 8 14 17 22 28 30 39 40 41 50 7 9 11 18 26 32 37 44 51
5 8 0 16 24 33 36 10 13 15 20 25 47 49 54
5 12 0 16 24 33 36 2 12 29 31 34 35 43 46 48 52 53 55
12 8 3 4 8 14 17 22 28 30 39 40 41 50 10 13 15 20 25 47 49 54
# swap: 36 39
#c 5 1 3 0 0 1 1 2 0 2 4 2 3 4 0 4 5 0 2 1 4 1 0 1 5 4 2 1 0 3 0 3 2 5 3 3 0 2 1 5 0 0 1 3 2 1 3 4 3 4 0 2 3 3 4 3
10 12 1 5 6 19 21 23 27 38 42 45 3 4 8 14 17 22 28 30 36 40 41 50
12 9 3 4 8 14 17 22 28 30 36 40 41 50 7 9 11 18 26 32 37 44 51
5 8 0 16 24 33 39 10 13 15 20 25 47 49 54
5 12 0 16 24 33 39 2 12 29 31 34 35 43 46 48 52 53 55
12 8 3 4 8 14 17 22 28 30 36 40 41 50 10 13 15 20 25 47 49 54
# swap: 16 28
#c 5 1 3 0 0 1 1 2 0 2 4 2 3 4 0 4 0 0 2 1 4 1 0 1 5 4 2 1 5 3 0 3 2 5 3 3 0 2 1 5 0 0 1 3 2 1 3 4 3 4 0 2 3 3 4 3
10 12 1 5 6 19 21 23 27 38 42 45 3 4 8 14 16 17 22 30 36 40 41 50
12 12 2 12 29 31 34 35 43 46 48 52 53 55 3 4 8 14 16 17 22 30 36 40 41 50
5 8 0 24 28 33 39 10 13 15 20 25 47 49 54
12 8 3 4 8 14 16 17 22 30 36 40 41 50 10 13 15 20 25 47 49 54
5 10 0 24 28 33 39 1 5 6 19 21 23 27 38 42 45
# swap: 16 33
#c 5 1 3 0 0 1 1 2 0 2 4 2 3 4 0 4 5 0 2 1 4 1 0 1 5 4 2 1 5 3 0 3 2 0 3 3 0 2 1 5 0 0 1 3 2 1 3 4 3 4 0 2 3 3 4 3
10 12 1 5 6 19 21 23 27 38 42 45 3 4 8 14 17 22 30 33 36 40 41 50
12 12 2 12 29 31 34 35 43 46 48 52 53 55 3 4 8 14 17 22 30 33 36 40 41 50
5 8 0 16 24 28 39 10 13 15 20 25 47 49 54
12 8 3 4 8 14 17 22 30 33 36 40 41 50 10 13 15 20 25 47 49 54
5 10 0 16 24 28 39 1 5 6 19 21 23 27 38 42 45
# swap: 3 0
#c 0 1 3 5 0 1 1 2 0 2 4 2 3 4 0 4 5 0 2 1 4 1 0 1 5 4 2 1 5 3 0 3 2 0 3 3 0 2 1 5 0 0 1 3 2 1 3 4 3 4 0 2 3 3 4 3
12 10 0 4 8 14 17 22 30 33 36 40 41 50 1 5 6 19 21 23 27 38 42 45
12 12 0 4 8 14 17 22 30 33 36 40 41 50 2 12 29 31 34 35 43 46 48 52 53 55
5 8 3 16 24 28 39 10 13 15 20 25 47 49 54
12 8 0 4 8 14 17 22 30 33 36 40 41 50 10 13 15 20 25 47 49 54
10 5 1 5 6 19 21 23 27 38 42 45 3 16 24 28 39
# swap: 0 3
#c 5 1 3 0 0 1 1 2 0 2 4 2 3 4 0 4 5 0 2 1 4 1 0 1 5 4 2 1 5 3 0 3 2 0 3 3 0 2 1 5 0 0 1 3 2 1 3 4 3 4 0 2 3 3 4 3
# swap: 17 0
#c 0 1 3 0 0 1 1 2 0 2 4 2 3 4 0 4 5 5 2 1 4 1 0 1 5 4 2 1 5 3 0 3 2 0 3 3 0 2 1 5 0 0 1 3 2 1 3 4 3 4 0 2 3 3 4 3
12 10 0 3 4 8 14 22 30 33 36 40 41 50 1 5 6 19 21 23 27 38 42 45
12 12 0 3 4 8 14 22 30 33 36 40 41 50 2 12 29 31 34 35 43 46 48 52 53 55
8 5 10 13 15 20 25 47 49 54 16 17 24 28 39
12 8 0 3 4 8 14 22 30 33 36 40 41 50 10 13 15 20 25 47 49 54
10 5 1 5 6 19 21 23 27 38 42 45 16 17 24 28 39
# swap: 3 17
#c 0 1 3 5 0 1 1 2 0 2 4 2 3 4 0 4 5 0 2 1 4 1 0 1 5 4 2 1 5 3 0 3 2 0 3 3 0 2 1 5 0 0 1 3 2 1 3 4 3 4 0 2 3 3 4 3
# swap: 8 3
#c 0 1 3 0 0 1 1 2 5 2 4 2 3 4 0 4 5 0 2 1 4 1 0 1 5 4 2 1 5 3 0 3 2 0 3 3 0 2 1 5 0 0 1 3 2 1 3 4 3 4 0 2 3 3 4 3
12 10 0 3 4 14 17 22 30 33 36 40 41 50 1 5 6 19 21 23 27 38 42 45
12 12 0 3 4 14 17 22 30 33 36 40 41 50 2 12 29 31 34 35 43 46 48 52 53 55
5 8 8 16 24 28 39 10 13 15 20 25 47 49 54
12 8 0 3 4 14 17 22 30 33 36 40 41 50 10 13 15 20 25 47 49 54
10 5 1 5 6 19 21 23 27 38 42 45 8 16 24 28 39
# swap: 50 8
#c 0 1 3 0 0 1 1 2 0 2 4 2 3 4 0 4 5 0 2 1 4 1 0 1 5 4 2 1 5 3 0 3 2 0 3 3 0 2 1 5 0 0 1 3 2 1 3 4 3 4 5 2 3 3 4 3
12 10 0 3 4 8 14 17 22 30 33 36 40 41 1 5 6 19 21 23 27 38 42 45
12 12 0 3 4 8 14 17 22 30 33 36 40 41 2 12 29 31 34 35 43 46 48 52 53 55
8 5 10 13 15 20 25 47 49 54 16 24 28 39 50
12 8 0 3 4 8 14 17 22 30 33 36 40 41 10 13 15 20 25 47 49 54
10 5 1 5 6 19 21 23 27 38 42 45 16 24 28 39 50
# swap: 41 24
#c 0 1 3 0 0 1 1 2 0 2 4 2 3 4 0 4 5 0 2 1 4 1 0 1 0 4 2 1 5 3 0 3 2 0 3 3 0 2 1 5 0 5 1 3 2 1 3 4 3 4 5 2 3 3 4 3
12 10 0 3 4 8 14 17 22 24 30 33 36 40 1 5 6 19 21 23 27 38 42 45
12 12 0 3 4 8 14 17 22 24 30 33 36 40 2 12 29 31 34 35 43 46 48 52 53 55
8 5 10 13 15 20 25 47 49 54 16 28 39 41 50
12 8 0 3 4 8 14 17 22 24 30 33 36 40 10 13 15 20 25 47 49 54
10 5 1 5 6 19 21 23 27 38 42 45 16 28 39 41 50
# swap: 22 41
#c 0 1 3 0 0 1 1 2 0 2 4 2 3 4 0 4 5 0 2 1 4 1 5 1 0 4 2 1 5 3 0 3 2 0 3 3 0 2 1 5 0 0 1 3 2 1 3 4 3 4 5 2 3 3 4 3
12 10 0 3 4 8 14 17 24 30 33 36 40 41 1 5 6 19 21 23 27 38 42 45
12 12 0 3 4 8 14 17 24 30 33 36 40 41 2 12 29 31 34 35 43 46 48 52 53 55
8 5 10 13 15 20 25 47 49 54 16 22 28 39 50
12 8 0 3 4 8 14 17 24 30 33 36 40 41 10 13 15 20 25 47 49 54
10 5 1 5 6 19 21 23 27 38 42 45 16 22 28 39 50
# swap: 36 22
#c 0 1 3 0 0 1 1 2 0 2 4 2 3 4 0 4 5 0 2 1 4 1 0 1 0 4 2 1 5 3 0 3 2 0 3 3 5 2 1 5 0 0 1 3 2 1 3 4 3 4 5 2 3 3 4 3
12 10 0 3 4 8 14 17 22 24 30 33 40 41 1 5 6 19 21 23 27 38 42 45
12 12 0 3 4 8 14 17 22 24 30 33 40 41 2 12 29 31 34 35 43 46 48 52 53 55
8 5 10 13 15 20 25 47 49 54 16 28 36 39 50
12 8 0 3 4 8 14 17 22 24 30 33 40 41 10 13 15 20 25 47 49 54
10 5 1 5 6 19 21 23 27 38 42 45 16 28 36 39 50
# swap: 8 50
#c 0 1 3 0 0 1 1 2 5 2 4 2 3 4 0 4 5 0 2 1 4 1 0 1 0 4 2 1 5 3 0 3 2 0 3 3 5 2 1 5 0 0 1 3 2 1 3 4 3 4 0 2 3 3 4 3
12 10 0 3 4 14 17 22 24 30 33 40 41 50 1 5 6 19 21 23 27 38 42 45
12 12 0 3 4 14 17 22 24 30 33 40 41 50 2 12 29 31 34 35 43 46 48 52 53 55
5 8 8 16 28 36 39 10 13 15 20 25 47 49 54
12 8 0 3 4 14 17 22 24 30 33 40 41 50 10 13 15 20 25 47 49 54
10 5 1 5 6 19 21 23 27 38 42 45 8 16 28 36 39
# swap: 0 8
#c 5 1 3 0 0 1 1 2 0 2 4 2 3 4 0 4 5 0 2 1 4 1 0 1 0 4 2 1 5 3 0 3 2 0 3 3 5 2 1 5 0 0 1 3 2 1 3 4 3 4 0 2 3 3 4 3
10 12 1 5 6 19 21 23 27 38 42 45 3 4 8 14 17 22 24 30 33 40 41 50
12 12 2 12 29 31 34 35 43 46 48 52 53 55 3 4 8 14 17 22 24 30 33 40 41 50
5 8 0 16 28 36 39 10 13 15 20 25 47 49 54
12 8 3 4 8 14 17 22 24 30 33 40 41 50 10 13 15 20 25 47 49 54
5 10 0 16 28 36 39 1 5 6 19 21 23 27 38 42 45
# swap: 33 16
#c 5 1 3 0 0 1 1 2 0 2 4 2 3 4 0 4 0 0 2 1 4 1 0 1 0 4 2 1 5 3 0 3 2 5 3 3 5 2 1 5 0 0 1 3 2 1 3 4 3 4 0 2 3 3 4 3
10 12 1 5 6 19 21 23 27 38 42 45 3 4 8 14 16 17 22 24 30 40 41 50
12 12 2 12 29 31 34 35 43 46 48 52 53 55 3 4 8 14 16 17 22 24 30 40 41 50
5 8 0 28 33 36 39 10 13 15 20 25 47 49 54
12 8 3 4 8 14 16 17 22 24 30 40 41 50 10 13 15 20 25 47 49 54
5 10 0 28 33 36 39 1 5 6 19 21 23 27 38 42 45
# swap: 4 0
#c 0 1 3 0 5 1 1 2 0 2 4 2 3 4 0 4 0 0 2 1 4 1 0 1 0 4 2 1 5 3 0 3 2 5 3 3 5 2 1 5 0 0 1 3 2 1 3 4 3 4 0 2 3 3 4 3
12 10 0 3 8 14 16 17 22 24 30 40 41 50 1 5 6 19 21 23 27 38 42 45
12 12 0 3 8 14 16 17 22 24 30 40 41 50 2 12 29 31 34 35 43 46 48 52 53 55
5 8 4 28 33 36 39 10 13 15 20 25 47 49 54
12 8 0 3 8 14 16 17 22 24 30 40 41 50 10 13 15 20 25 47 49 54
10 5 1 5 6 19 21 23 27 38 42 45 4 28 33 36 39
# swap: 16 33
#c 0 1 3 0 5 1 1 2 0 2 4 2 3 4 0 4 5 0 2 1 4 1 0 1 0 4 2 1 5 3 0 3 2 0 3 3 5 2 1 5 0 0 1 3 2 1 3 4 3 4 0 2 3 3 4 3
12 10 0 3 8 14 17 22 24 30 33 40 41 50 1 5 6 19 21 23 27 38 42 45
12 12 0 3 8 14 17 22 24 30 33 40 41 50 2 12 29 31 34 35 43 46 48 52 53 55
5 8 4 16 28 36 39 10 13 15 20 25 47 49 54
12 8 0 3 8 14 17 22 24 30 33 40 41 50 10 13 15 20 25 47 49 54
10 5 1 5 6 19 21 23 27 38 42 45 4 16 28 36 39
# swap: 30 4
#c 0 1 3 0 0 1 1 2 0 2 4 2 3 4 0 4 5 0 2 1 4 1 0 1 0 4 2 1 5 3 5 3 2 0 3 3 5 2 1 5 0 0 1 3 2 1 3 4 3 4 0 2 3 3 4 3
12 10 0 3 4 8 14 17 22 24 33 40 41 50 1 5 6 19 21 23 27 38 42 45
12 12 0 3 4 8 14 17 22 24 33 40 41 50 2 12 29 31 34 35 43 46 48 52 53 55
8 5 10 13 15 20 25 47 49 54 16 28 30 36 39
12 8 0 3 4 8 14 17 22 24 33 40 41 50 10 13 15 20 25 47 49 54
10 5 1 5 6 19 21 23 27 38 42 45 16 28 30 36 39
# swap: 4 30
#c 0 1 3 0 5 1 1 2 0 2 4 2 3 4 0 4 5 0 2 1 4 1 0 1 0 4 2 1 5 3 0 3 2 0 3 3 5 2 1 5 0 0 1 3 2 1 3 4 3 4 0 2 3 3 4 3
# swap: 30 4
#c 0 1 3 0 0 1 1 2 0 2 4 2 3 4 0 4 5 0 2 1 4 1 0 1 0 4 2 1 5 3 5 3 2 0 3 3 5 2 1 5 0 0 1 3 2 1 3 4 3 4 0 2 3 3 4 3
# swap: 4 30
#c 0 1 3 0 5 1 1 2 0 2 4 2 3 4 0 4 5 0 2 1 4 1 0 1 0 4 2 1 5 3 0 3 2 0 3 3 5 2 1 5 0 0 1 3 2 1 3 4 3 4 0 2 3 3 4 3
# swap: 17 4
#c 0 1 3 0 0 1 1 2 0 2 4 2 3 4 0 4 5 5 2 1 4 1 0 1 0 4 2 1 5 3 0 3 2 0 3 3 5 2 1 5 0 0 1 3 2 1 3 4 3 4 0 2 3 3 4 3
12 10 0 3 4 8 14 22 24 30 33 40 41 50 1 5 6 19 21 23 27 38 42 45
12 12 0 3 4 8 14 22 24 30 33 40 41 50 2 12 29 31 34 35 43 46 48 52 53 55
8 5 10 13 15 20 25 47 49 54 16 17 28 36 39
12 8 0 3 4 8 14 22 24 30 33 40 41 50 10 13 15 20 25 47 49 54
10 5 1 5 6 19 21 23 27 38 42 45 16 17 28 36 39
# swap: 33 16
#c 0 1 3 0 0 1 1 2 0 2 4 2 3 4 0 4 0 5 2 1 4 1 0 1 0 4 2 1 5 3 0 3 2 5 3 3 5 2 1 5 0 0 1 3 2 1 3 4 3 4 0 2 3 3 4 3
12 10 0 3 4 8 14 16 22 24 30 40 41 50 1 5 6 19 21 23 27 38 42 45
12 12 0 3 4 8 14 16 22 24 30 40 41 50 2 12 29 31 34 35 43 46 48 52 53 55
8 5 10 13 15 20 25 47 49 54 17 28 33 36 39
12 8 0 3 4 8 14 16 22 24 30 40 41 50 10 13 15 20 25 47 49 54
10 5 1 5 6 19 21 23 27 38 42 45 17 28 33 36 39
# swap: 16 33
#c 0 1 3 0 0 1 1 2 0 2 4 2 3 4 0 4 5 5 2 1 4 1 0 1 0 4 2 1 5 3 0 3 2 0 3 3 5 2 1 5 0 0 1 3 2 1 3 4 3 4 0 2 3 3 4 3
# swap: 3 17
#c 0 1 3 5 0 1 1 2 0 2 4 2 3 4 0 4 5 0 2 1 4 1 0 1 0 4 2 1 5 3 0 3 2 0 3 3 5 2 1 5 0 0 1 3 2 1 3 4 3 4 0 2 3 3 4 3
12 10 0 4 8 14 17 22 24 30 33 40 41 50 1 5 6 19 21 23 27 38 42 45
12 12 0 4 8 14 17 22 24 30 33 40 41 50 2 12 29 31 34 35 43 46 48 52 53 55
5 8 3 16 28 36 39 10 13 15 20 25 47 49 54
12 8 0 4 8 14 17 22 24 30 33 40 41 50 10 13 15 20 25 47 49 54
10 5 1 5 6 19 21 23 27 38 42 45 3 16 28 36 39
# swap: 22 36
#c 0 1 3 5 0 1 1 2 0 2 4 2 3 4 0 4 5 0 2 1 4 1 5 1 0 4 2 1 5 3 0 3 2 0 3 3 0 2 1 5 0 0 1 3 2 1 3 4 3 4 0 2 3 3 4 3
12 10 0 4 8 14 17 24 30 33 36 40 41 50 1 5 6 19 21 23 27 38 42 45
12 12 0 4 8 14 17 24 30 33 36 40 41 50 2 12 29 31 34 35 43 46 48 52 53 55
5 8 3 16 22 28 39 10 13 15 20 25 47 49 54
12 8 0 4 8 14 17 24 30 33 36 40 41 50 10 13 15 20 25 47 49 54
10 5 1 5 6 19 21 23 27 38 42 45 3 16 22 28 39
# swap: 33 16
#c 0 1 3 5 0 1 1 2 0 2 4 2 3 4 0 4 0 0 2 1 4 1 5 1 0 4 2 1 5 3 0 3 2 5 3 3 0 2 1 5 0 0 1 3 2 1 3 4 3 4 0 2 3 3 4 3
12 10 0 4 8 14 16 17 24 30 36 40 41 50 1 5 6 19 21 23 27 38 42 45
12 12 0 4 8 14 16 17 24 30 36 40 41 50 2 12 29 31 34 35 43 46 48 52 53 55
5 8 3 22 28 33 39 10 13 15 20 25 47 49 54
12 8 0 4 8 14 16 17 24 30 36 40 41 50 10 13 15 20 25 47 49 54
10 5 1 5 6 19 21 23 27 38 42 45 3 22 28 33 39
# swap: 16 33
#c 0 1 3 5 0 1 1 2 0 2 4 2 3 4 0 4 5 0 2 1 4 1 5 1 0 4 2 1 5 3 0 3 2 0 3 3 0 2 1 5 0 0 1 3 2 1 3 4 3 4 0 2 3 3 4 3
# swap: 41 22
#c 0 1 3 5 0 1 1 2 0 2 4 2 3 4 0 4 5 0 2 1 4 1 0 1 0 4 2 1 5 3 0 3 2 0 3 3 0 2 1 5 0 5 1 3 2 1 3 4 3 4 0 2 3 3 4 3
12 10 0 4 8 14 17 22 24 30 33 36 40 50 1 5 6 19 21 23 27 38 42 45
12 12 0 4 8 14 17 22 24 30 33 36 40 50 2 12 29 31 34 35 43 46 48 52 53 55
5 8 3 16 28 39 41 10 13 15 20 25 47 49 54
12 8 0 4 8 14 17 22 24 30 33 36 40 50 10 13 15 20 25 47 49 54
10 5 1 5 6 19 21 23 27 38 42 45 3 16 28 39 41
# swap: 36 39
#c 0 1 3 5 0 1 1 2 0 2 4 2 3 4 0 4 5 0 2 1 4 1 0 1 0 4 2 1 5 3 0 3 2 0 3 3 5 2 1 0 0 5 1 3 2 1 3 4 3 4 0 2 3 3 4 3
12 10 0 4 8 14 17 22 24 30 33 39 40 50 1 5 6 19 21 23 27 38 42 45
12 12 0 4 8 14 17 22 24 30 33 39 40 50 2 12 29 31 34 35 43 46 48 52 53 55
5 8 3 16 28 36 41 10 13 15 20 25 47 49 54
12 8 0 4 8 14 17 22 24 30 33 39 40 50 10 13 15 20 25 47 49 54
10 5 1 5 6 19 21 23 27 38 42 45 3 16 28 36 41
# swap: 8 3
#c 0 1 3 0 0 1 1 2 5 2 4 2 3 4 0 4 5 0 2 1 4 1 0 1 0 4 2 1 5 3 0 3 2 0 3 3 5 2 1 0 0 5 1 3 2 1 3 4 3 4 0 2 3 3 4 3
12 10 0 3 4 14 17 22 24 30 33 39 40 50 1 5 6 19 21 23 27 38 42 45
12 12 0 3 4 14 17 22 24 30 33 39 40 50 2 12 29 31 34 35 43 46 48 52 53 55
5 8 8 16 28 36 41 10 13 15 20 25 47 49 54
12 8 0 3 4 14 17 22 24 30 33 39 40 50 10 13 15 20 25 47 49 54
10 5 1 5 6 19 21 23 27 38 42 45 8 16 28 36 41
# swap: 39 36
#c 0 1 3 0 0 1 1 2 5 2 4 2 3 4 0 4 5 0 2 1 4 1 0 1 0 4 2 1 5 3 0 3 2 0 3 3 0 2 1 5 0 5 1 3 2 1 3 4 3 4 0 2 3 3 4 3
12 10 0 3 4 14 17 22 24 30 33 36 40 50 1 5 6 19 21 23 27 38 42 45
12 12 0 3 4 14 17 22 24 30 33 36 40 50 2 12 29 31 34 35 43 46 48 52 53 55
5 8 8 16 28 39 41 10 13 15 20 25 47 49 54
12 8 0 3 4 14 17 22 24 30 33 36 40 50 10 13 15 20 25 47 49 54
10 5 1 5 6 19 21 23 27 38 42 45 8 16 28 39 41
# swap: 22 41
#c 0 1 3 0 0 1 1 2 5 2 4 2 3 4 0 4 5 0 2 1 4 1 5 1 0 4 2 1 5 3 0 3 2 0 3 3 0 2 1 5 0 0 1 3 2 1 3 4 3 4 0 2 3 3 4 3
12 10 0 3 4 14 17 24 30 33 36 40 41 50 1 5 6 19 21 23 27 38 42 45
12 12 0 3 4 14 17 24 30 33 36 40 41 50 2 12 29 31 34 35 43 46 48 52 53 55
5 8 8 16 22 28 39 10 13 15 20 25 47 49 54
12 8 0 3 4 14 17 24 30 33 36 40 41 50 10 13 15 20 25 47 49 54
10 5 1 5 6 19 21 23 27 38 42 45 8 16 22 28 39
# swap: 41 22
#c 0 1 3 0 0 1 1 2 5 2 4 2 3 4 0 4 5 0 2 1 4 1 0 1 0 4 2 1 5 3 0 3 2 0 3 3 0 2 1 5 0 5 1 3 2 1 3 4 3 4 0 2 3 3 4 3
# swap: 36 39
#c 0 1 3 0 0 1 1 2 5 2 4 2 3 4 0 4 5 0 2 1 4 1 0 1 0 4 2 1 5 3 0 3 2 0 3 3 5 2 1 0 0 5 1 3 2 1 3 4 3 4 0 2 3 3 4 3
# swap: 22 41
#c 0 1 3 0 0 1 1 2 5 2 4 2 3 4 0 4 5 0 2 1 4 1 5 1 0 4 2 1 5 3 0 3 2 0 3 3 5 2 1 0 0 0 1 3 2 1 3 4 3 4 0 2 3 3 4 3
12 10 0 3 4 14 17 24 30 33 39 40 41 50 1 5 6 19 21 23 27 38 42 45
12 12 0 3 4 14 17 24 30 33 39 40 41 50 2 12 29 31 34 35 43 46 48 52 53 55
5 8 8 16 22 28 36 10 13 15 20 25 47 49 54
12 8 0 3 4 14 17 24 30 33 39 40 41 50 10 13 15 20 25 47 49 54
10 5 1 5 6 19 21 23 27 38 42 45 8 16 22 28 36
# swap: 39 36
#c 0 1 3 0 0 1 1 2 5 2 4 2 3 4 0 4 5 0 2 1 4 1 5 1 0 4 2 1 5 3 0 3 2 0 3 3 0 2 1 5 0 0 1 3 2 1 3 4 3 4 0 2 3 3 4 3
# swap: 41 22
#c 0 1 3 0 0 1 1 2 5 2 4 2 3 4 0 4 5 0 2 1 4 1 0 1 0 4 2 1 5 3 0 3 2 0 3 3 0 2 1 5 0 5 1 3 2 1 3 4 3 4 0 2 3 3 4 3
# swap: 3 8
#c 0 1 3 5 0 1 1 2 0 2 4 2 3 4 0 4 5 0 2 1 4 1 0 1 0 4 2 1 5 3 0 3 2 0 3 3 0 2 1 5 0 5 1 3 2 1 3 4 3 4 0 2 3 3 4 3
# swap: 36 39
#c 0 1 3 5 0 1 1 2 0 2 4 2 3 4 0 4 5 0 2 1 4 1 0 1 0 4 2 1 5 3 0 3 2 0 3 3 5 2 1 0 0 5 1 3 2 1 3 4 3 4 0 2 3 3 4 3
# swap: 33 16
#c 0 1 3 5 0 1 1 2 0 2 4 2 3 4 0 4 0 0 2 1 4 1 0 1 0 4 2 1 5 3 0 3 2 5 3 3 5 2 1 0 0 5 1 3 2 1 3 4 3 4 0 2 3 3 4 3
12 10 0 4 8 14 16 17 22 24 30 39 40 50 1 5 6 19 21 23 27 38 42 45
12 12 0 4 8 14 16 17 22 24 30 39 40 50 2 12 29 31 34 35 43 46 48 52 53 55
5 8 3 28 33 36 41 10 13 15 20 25 47 49 54
12 8 0 4 8 14 16 17 22 24 30 39 40 50 10 13 15 20 25 47 49 54
10 5 1 5 6 19 21 23 27 38 42 45 3 28 33 36 41
# swap: 8 3
#c 0 1 3 0 0 1 1 2 5 2 4 2 3 4 0 4 0 0 2 1 4 1 0 1 0 4 2 1 5 3 0 3 2 5 3 3 5 2 1 0 0 5 1 3 2 1 3 4 3 4 0 2 3 3 4 3
12 10 0 3 4 14 16 17 22 24 30 39 40 50 1 5 6 19 21 23 27 38 42 45
12 12 0 3 4 14 16 17 22 24 30 39 40 50 2 12 29 31 34 35 43 46 48 52 53 55
5 8 8 28 33 36 41 10 13 15 20 25 47 49 54
12 8 0 3 4 14 16 17 22 24 30 39 40 50 10 13 15 20 25 47 49 54
10 5 1 5 6 19 21 23 27 38 42 45 8 28 33 36 41
# swap: 16 33
#c 0 1 3 0 0 1 1 2 5 2 4 2 3 4 0 4 5 0 2 1 4 1 0 1 0 4 2 1 5 3 0 3 2 0 3 3 5 2 1 0 0 5 1 3 2 1 3 4 3 4 0 2 3 3 4 3
# swap: 22 41
#c 0 1 3 0 0 1 1 2 5 2 4 2 3 4 0 4 5 0 2 1 4 1 5 1 0 4 2 1 5 3 0 3 2 0 3 3 5 2 1 0 0 0 1 3 2 1 3 4 3 4 0 2 3 3 4 3
# swap: 3 8
#c 0 1 3 5 0 1 1 2 0 2 4 2 3 4 0 4 5 0 2 1 4 1 5 1 0 4 2 1 5 3 0 3 2 0 3 3 5 2 1 0 0 0 1 3 2 1 3 4 3 4 0 2 3 3 4 3
12 10 0 4 8 14 17 24 30 33 39 40 41 50 1 5 6 19 21 23 27 38 42 45
12 12 0 4 8 14 17 24 30 33 39 40 41 50 2 12 29 31 34 35 43 46 48 52 53 55
5 8 3 16 22 28 36 10 13 15 20 25 47 49 54
12 8 0 4 8 14 17 24 30 33 39 40 41 50 10 13 15 20 25 47 49 54
10 5 1 5 6 19 21 23 27 38 42 45 3 16 22 28 36
# swap: 33 28
#c 0 1 3 5 0 1 1 2 0 2 4 2 3 4 0 4 5 0 2 1 4 1 5 1 0 4 2 1 0 3 0 3 2 5 3 3 5 2 1 0 0 0 1 3 2 1 3 4 3 4 0 2 3 3 4 3
12 10 0 4 8 14 17 24 28 30 39 40 41 50 1 5 6 19 21 23 27 38 42 45
12 9 0 4 8 14 17 24 28 30 39 40 41 50 7 9 11 18 26 32 37 44 51
5 8 3 16 22 33 36 10 13 15 20 25 47 49 54
12 5 2 12 29 31 34 35 43 46 48 52 53 55 3 16 22 33 36
12 8 0 4 8 14 17 24 28 30 39 40 41 50 10 13 15 20 25 47 49 54
# swap: 22 41
#c 0 1 3 5 0 1 1 2 0 2 4 2 3 4 0 4 5 0 2 1 4 1 0 1 0 4 2 1 0 3 0 3 2 5 3 3 5 2 1 0 0 5 1 3 2 1 3 4 3 4 0 2 3 3 4 3
12 10 0 4 8 14 17 22 24 28 30 39 40 50 1 5 6 19 21 23 27 38 42 45
12 9 0 4 8 14 17 22 24 28 30 39 40 50 7 9 11 18 26 32 37 44 51
5 8 3 16 33 36 41 10 13 15 20 25 47 49 54
12 5 2 12 29 31 34 35 43 46 48 52 53 55 3 16 33 36 41
12 8 0 4 8 14 17 22 24 28 30 39 40 50 10 13 15 20 25 47 49 54
# swap: 36 39
#c 0 1 3 5 0 1 1 2 0 2 4 2 3 4 0 4 5 0 2 1 4 1 0 1 0 4 2 1 0 3 0 3 2 5 3 3 0 2 1 5 0 5 1 3 2 1 3 4 3 4 0 2 3 3 4 3
12 10 0 4 8 14 17 22 24 28 30 36 40 50 1 5 6 19 21 23 27 38 42 45
12 9 0 4 8 14 17 22 24 28 30 36 40 50 7 9 11 18 26 32 37 44 51
5 8 3 16 33 39 41 10 13 15 20 25 47 49 54
12 5 2 12 29 31 34 35 43 46 48 52 53 55 3 16 33 39 41
12 8 0 4 8 14 17 22 24 28 30 36 40 50 10 13 15 20 25 47 49 54
# swap: 3 8
#c 0 1 3 0 0 1 1 2 5 2 4 2 3 4 0 4 5 0 2 1 4 1 0 1 0 4 2 1 0 3 0 3 2 5 3 3 0 2 1 5 0 5 1 3 2 1 3 4 3 4 0 2 3 3 4 3
12 10 0 3 4 14 17 22 24 28 30 36 40 50 1 5 6 19 21 23 27 38 42 45
12 9 0 3 4 14 17 22 24 28 30 36 40 50 7 9 11 18 26 32 37 44 51
5 8 8 16 33 39 41 10 13 15 20 25 47 49 54
12 5 2 12 29 31 34 35 43 46 48 52 53 55 8 16 33 39 41
12 8 0 3 4 14 17 22 24 28 30 36 40 50 10 13 15 20 25 47 49 54
# swap: 16 28
#c 0 1 3 0 0 1 1 2 5 2 4 2 3 4 0 4 0 0 2 1 4 1 0 1 0 4 2 1 5 3 0 3 2 5 3 3 0 2 1 5 0 5 1 3 2 1 3 4 3 4 0 2 3 3 4 3
12 10 0 3 4 14 16 17 22 24 30 36 40 50 1 5 6 19 21 23 27 38 42 45
12 12 0 3 4 14 16 17 22 24 30 36 40 50 2 12 29 31 34 35 43 46 48 52 53 55
5 8 8 28 33 39 41 10 13 15 20 25 47 49 54
12 8 0 3 4 14 16 17 22 24 30 36 40 50 10 13 15 20 25 47 49 54
10 5 1 5 6 19 21 23 27 38 42 45 8 28 33 39 41
# swap: 24 41
#c 0 1 3 0 0 1 1 2 5 2 4 2 3 4 0 4 0 0 2 1 4 1 0 1 5 4 2 1 5 3 0 3 2 5 3 3 0 2 1 5 0 0 1 3 2 1 3 4 3 4 0 2 3 3 4 3
12 10 0 3 4 14 16 17 22 30 36 40 41 50 1 5 6 19 21 23 27 38 42 45
12 12 0 3 4 14 16 17 22 30 36 40 41 50 2 12 29 31 34 35 43 46 48 52 53 55
5 8 8 24 28 33 39 10 13 15 20 25 47 49 54
12 8 0 3 4 14 16 17 22 30 36 40 41 50 10 13 15 20 25 47 49 54
10 5 1 5 6 19 21 23 27 38 42 45 8 24 28 33 39
# swap: 3 8
#c 0 1 3 5 0 1 1 2 0 2 4 2 3 4 0 4 0 0 2 1 4 1 0 1 5 4 2 1 5 3 0 3 2 5 3 3 0 2 1 5 0 0 1 3 2 1 3 4 3 4 0 2 3 3 4 3
12 10 0 4 8 14 16 17 22 30 36 40 41 50 1 5 6 19 21 23 27 38 42 45
12 12 0 4 8 14 16 17 22 30 36 40 41 50 2 12 29 31 34 35 43 46 48 52 53 55
5 8 3 24 28 33 39 10 13 15 20 25 47 49 54
12 8 0 4 8 14 16 17 22 30 36 40 41 50 10 13 15 20 25 47 49 54
10 5 1 5 6 19 21 23 27 38 42 45 3 24 28 33 39
# swap: 0 3
#c 5 1 3 0 0 1 1 2 0 2 4 2 3 4 0 4 0 0 2 1 4 1 0 1 5 4 2 1 5 3 0 3 2 5 3 3 0 2 1 5 0 0 1 3 2 1 3 4 3 4 0 2 3 3 4 3
# swap: 17 0
#c 0 1 3 0 0 1 1 2 0 2 4 2 3 4 0 4 0 5 2 1 4 1 0 1 5 4 2 1 5 3 0 3 2 5 3 3 0 2 1 5 0 0 1 3 2 1 3 4 3 4 0 2 3 3 4 3
12 10 0 3 4 8 14 16 22 30 36 40 41 50 1 5 6 19 21 23 27 38 42 45
12 12 0 3 4 8 14 16 22 30 36 40 41 50 2 12 29 31 34 35 43 46 48 52 53 55
8 5 10 13 15 20 25 47 49 54 17 24 28 33 39
12 8 0 3 4 8 14 16 22 30 36 40 41 50 10 13 15 20 25 47 49 54
10 5 1 5 6 19 21 23 27 38 42 45 17 24 28 33 39
# swap: 8 17
#c 0 1 3 0 0 1 1 2 5 2 4 2 3 4 0 4 0 0 2 1 4 1 0 1 5 4 2 1 5 3 0 3 2 5 3 3 0 2 1 5 0 0 1 3 2 1 3 4 3 4 0 2 3 3 4 3
# swap: 36 39
#c 0 1 3 0 0 1 1 2 5 2 4 2 3 4 0 4 0 0 2 1 4 1 0 1 5 4 2 1 5 3 0 3 2 5 3 3 5 2 1 0 0 0 1 3 2 1 3 4 3 4 0 2 3 3 4 3
12 10 0 3 4 14 16 17 22 30 39 40 41 50 1 5 6 19 21 23 27 38 42 45
12 12 0 3 4 14 16 17 22 30 39 40 41 50 2 12 29 31 34 35 43 46 48 52 53 55
5 8 8 24 28 33 36 10 13 15 20 25 47 49 54
12 8 0 3 4 14 16 17 22 30 39 40 41 50 10 13 15 20 25 47 49 54
10 5 1 5 6 19 21 23 27 38 42 45 8 24 28 33 36
# swap: 3 8
#c 0 1 3 5 0 1 1 2 0 2 4 2 3 4 0 4 0 0 2 1 4 1 0 1 5 4 2 1 5 3 0 3 2 5 3 3 5 2 1 0 0 0 1 3 2 1 3 4 3 4 0 2 3 3 4 3
12 10 0 4 8 14 16 17 22 30 39 40 41 50 1 5 6 19 21 23 27 38 42 45
12 12 0 4 8 14 16 17 22 30 39 40 41 50 2 12 29 31 34 35 43 46 48 52 53 55
5 8 3 24 28 33 36 10 13 15 20 25 47 49 54
12 8 0 4 8 14 16 17 22 30 39 40 41 50 10 13 15 20 25 47 49 54
10 5 1 5 6 19 21 23 27 38 42 45 3 24 28 33 36
# swap: 16 33
#c 0 1 3 5 0 1 1 2 0 2 4 2 3 4 0 4 5 0 2 1 4 1 0 1 5 4 2 1 5 3 0 3 2 0 3 3 5 2 1 0 0 0 1 3 2 1 3 4 3 4 0 2 3 3 4 3
12 10 0 4 8 14 17 22 30 33 39 40 41 50 1 5 6 19 21 23 27 38 42 45
12 12 0 4 8 14 17 22 30 33 39 40 41 50 2 12 29 31 34 35 43 46 48 52 53 55
5 8 3 16 24 28 36 10 13 15 20 25 47 49 54
12 8 0 4 8 14 17 22 30 33 39 40 41 50 10 13 15 20 25 47 49 54
10 5 1 5 6 19 21 23 27 38 42 45 3 16 24 28 36
# swap: 8 3
#c 0 1 3 0 0 1 1 2 5 2 4 2 3 4 0 4 5 0 2 1 4 1 0 1 5 4 2 1 5 3 0 3 2 0 3 3 5 2 1 0 0 0 1 3 2 1 3 4 3 4 0 2 3 3 4 3
12 10 0 3 4 14 17 22 30 33 39 40 41 50 1 5 6 19 21 23 27 38 42 45
12 12 0 3 4 14 17 22 30 33 39 40 41 50 2 12 29 31 34 35 43 46 48 52 53 55
5 8 8 16 24 28 36 10 13 15 20 25 47 49 54
12 8 0 3 4 14 17 22 30 33 39 40 41 50 10 13 15 20 25 47 49 54
10 5 1 5 6 19 21 23 27 38 42 45 8 16 24 28 36
# swap: 17 8
#c 0 1 3 0 0 1 1 2 0 2 4 2 3 4 0 4 5 5 2 1 4 1 0 1 5 4 2 1 5 3 0 3 2 0 3 3 5 2 1 0 0 0 1 3 2 1 3 4 3 4 0 2 3 3 4 3
12 10 0 3 4 8 14 22 30 33 39 40 41 50 1 5 6 19 21 23 27 38 42 45
12 12 0 3 4 8 14 22 30 33 39 40 41 50 2 12 29 31 34 35 43 46 48 52 53 55
8 5 10 13 15 20 25 47 49 54 16 17 24 28 36
12 8 0 3 4 8 14 22 30 33 39 40 41 50 10 13 15 20 25 47 49 54
10 5 1 5 6 19 21 23 27 38 42 45 16 17 24 28 36
# swap: 39 36
#c 0 1 3 0 0 1 1 2 0 2 4 2 3 4 0 4 5 5 2 1 4 1 0 1 5 4 2 1 5 3 0 3 2 0 3 3 0 2 1 5 0 0 1 3 2 1 3 4 3 4 0 2 3 3 4 3
# swap: 33 16
#c 0 1 3 0 0 1 1 2 0 2 4 2 3 4 0 4 0 5 2 1 4 1 0 1 5 4 2 1 5 3 0 3 2 5 3 3 0 2 1 5 0 0 1 3 2 1 3 4 3 4 0 2 3 3 4 3
# swap: 36 39
#c 0 1 3 0 0 1 1 2 0 2 4 2 3 4 0 4 0 5 2 1 4 1 0 1 5 4 2 1 5 3 0 3 2 5 3 3 5 2 1 0 0 0 1 3 2 1 3 4 3 4 0 2 3 3 4 3
12 10 0 3 4 8 14 16 22 30 39 40 41 50 1 5 6 19 21 23 27 38 42 45
12 12 0 3 4 8 14 16 22 30 39 40 41 50 2 12 29 31 34 35 43 46 48 52 53 55
8 5 10 13 15 20 25 47 49 54 17 24 28 33 36
12 8 0 3 4 8 14 16 22 30 39 40 41 50 10 13 15 20 25 47 49 54
10 5 1 5 6 19 21 23 27 38 42 45 17 24 28 33 36
# swap: 3 17
#c 0 1 3 5 0 1 1 2 0 2 4 2 3 4 0 4 0 0 2 1 4 1 0 1 5 4 2 1 5 3 0 3 2 5 3 3 5 2 1 0 0 0 1 3 2 1 3 4 3 4 0 2 3 3 4 3
# swap: 16 33
#c 0 1 3 5 0 1 1 2 0 2 4 2 3 4 0 4 5 0 2 1 4 1 0 1 5 4 2 1 5 3 0 3 2 0 3 3 5 2 1 0 0 0 1 3 2 1 3 4 3 4 0 2 3 3 4 3
# swap: 17 3
#c 0 1 3 0 0 1 1 2 0 2 4 2 3 4 0 4 5 5 2 1 4 1 0 1 5 4 2 1 5 3 0 3 2 0 3 3 5 2 1 0 0 0 1 3 2 1 3 4 3 4 0 2 3 3 4 3
# swap: 33 16
#c 0 1 3 0 0 1 1 2 0 2 4 2 3 4 0 4 0 5 2 1 4 1 0 1 5 4 2 1 5 3 0 3 2 5 3 3 5 2 1 0 0 0 1 3 2 1 3 4 3 4 0 2 3 3 4 3
# swap: 0 17
#c 5 1 3 0 0 1 1 2 0 2 4 2 3 4 0 4 0 0 2 1 4 1 0 1 5 4 2 1 5 3 0 3 2 5 3 3 5 2 1 0 0 0 1 3 2 1 3 4 3 4 0 2 3 3 4 3
10 12 1 5 6 19 21 23 27 38 42 45 3 4 8 14 16 17 22 30 39 40 41 50
12 12 2 12 29 31 34 35 43 46 48 52 53 55 3 4 8 14 16 17 22 30 39 40 41 50
5 8 0 24 28 33 36 10 13 15 20 25 47 49 54
12 8 3 4 8 14 16 17 22 30 39 40 41 50 10 13 15 20 25 47 49 54
5 10 0 24 28 33 36 1 5 6 19 21 23 27 38 42 45
# swap: 17 0
#c 0 1 3 0 0 1 1 2 0 2 4 2 3 4 0 4 0 5 2 1 4 1 0 1 5 4 2 1 5 3 0 3 2 5 3 3 5 2 1 0 0 0 1 3 2 1 3 4 3 4 0 2 3 3 4 3
# swap: 16 33
#c 0 1 3 0 0 1 1 2 0 2 4 2 3 4 0 4 5 5 2 1 4 1 0 1 5 4 2 1 5 3 0 3 2 0 3 3 5 2 1 0 0 0 1 3 2 1 3 4 3 4 0 2 3 3 4 3
# swap: 39 36
#c 0 1 3 0 0 1 1 2 0 2 4 2 3 4 0 4 5 5 2 1 4 1 0 1 5 4 2 1 5 3 0 3 2 0 3 3 0 2 1 5 0 0 1 3 2 1 3 4 3 4 0 2 3 3 4 3
# swap: 33 16
#c 0 1 3 0 0 1 1 2 0 2 4 2 3 4 0 4 0 5 2 1 4 1 0 1 5 4 2 1 5 3 0 3 2 5 3 3 0 2 1 5 0 0 1 3 2 1 3 4 3 4 0 2 3 3 4 3
# swap: 3 17
#c 0 1 3 5 0 1 1 2 0 2 4 2 3 4 0 4 0 0 2 1 4 1 0 1 5 4 2 1 5 3 0 3 2 5 3 3 0 2 1 5 0 0 1 3 2 1 3 4 3 4 0 2 3 3 4 3
# swap: 36 39
#c 0 1 3 5 0 1 1 2 0 2 4 2 3 4 0 4 0 0 2 1 4 1 0 1 5 4 2 1 5 3 0 3 2 5 3 3 5 2 1 0 0 0 1 3 2 1 3 4 3 4 0 2 3 3 4 3
# swap: 8 3
#c 0 1 3 0 0 1 1 2 5 2 4 2 3 4 0 4 0 0 2 1 4 1 0 1 5 4 2 1 5 3 0 3 2 5 3 3 5 2 1 0 0 0 1 3 2 1 3 4 3 4 0 2 3 3 4 3
# swap: 39 36
#c 0 1 3 0 0 1 1 2 5 2 4 2 3 4 0 4 0 0 2 1 4 1 0 1 5 4 2 1 5 3 0 3 2 5 3 3 0 2 1 5 0 0 1 3 2 1 3 4 3 4 0 2 3 3 4 3
# swap: 3 8
#c 0 1 3 5 0 1 1 2 0 2 4 2 3 4 0 4 0 0 2 1 4 1 0 1 5 4 2 1 5 3 0 3 2 5 3 3 0 2 1 5 0 0 1 3 2 1 3 4 3 4 0 2 3 3 4 3
# swap: 17 3
#c 0 1 3 0 0 1 1 2 0 2 4 2 3 4 0 4 0 5 2 1 4 1 0 1 5 4 2 1 5 3 0 3 2 5 3 3 0 2 1 5 0 0 1 3 2 1 3 4 3 4 0 2 3 3 4 3
# swap: 16 33
#c 0 1 3 0 0 1 1 2 0 2 4 2 3 4 0 4 5 5 2 1 4 1 0 1 5 4 2 1 5 3 0 3 2 0 3 3 0 2 1 5 0 0 1 3 2 1 3 4 3 4 0 2 3 3 4 3
# swap: 36 39
#c 0 1 3 0 0 1 1 2 0 2 4 2 3 4 0 4 5 5 2 1 4 1 0 1 5 4 2 1 5 3 0 3 2 0 3 3 5 2 1 0 0 0 1 3 2 1 3 4 3 4 0 2 3 3 4 3
# swap: 8 17
#c 0 1 3 0 0 1 1 2 5 2 4 2 3 4 0 4 5 0 2 1 4 1 0 1 5 4 2 1 5 3 0 3 2 0 3 3 5 2 1 0 0 0 1 3 2 1 3 4 3 4 0 2 3 3 4 3
# swap: 3 8
#c 0 1 3 5 0 1 1 2 0 2 4 2 3 4 0 4 5 0 2 1 4 1 0 1 5 4 2 1 5 3 0 3 2 0 3 3 5 2 1 0 0 0 1 3 2 1 3 4 3 4 0 2 3 3 4 3
# swap: 8 3
#c 0 1 3 0 0 1 1 2 5 2 4 2 3 4 0 4 5 0 2 1 4 1 0 1 5 4 2 1 5 3 0 3 2 0 3 3 5 2 1 0 0 0 1 3 2 1 3 4 3 4 0 2 3 3 4 3
# swap: 22 36
#c 0 1 3 0 0 1 1 2 5 2 4 2 3 4 0 4 5 0 2 1 4 1 5 1 5 4 2 1 5 3 0 3 2 0 3 3 0 2 1 0 0 0 1 3 2 1 3 4 3 4 0 2 3 3 4 3
12 10 0 3 4 14 17 30 33 36 39 40 41 50 1 5 6 19 21 23 27 38 42 45
12 12 0 3 4 14 17 30 33 36 39 40 41 50 2 12 29 31 34 35 43 46 48 52 53 55
5 8 8 16 22 24 28 10 13 15 20 25 47 49 54
12 8 0 3 4 14 17 30 33 36 39 40 41 50 10 13 15 20 25 47 49 54
10 5 1 5 6 19 21 23 27 38 42 45 8 16 22 24 28
# swap: 33 16
#c 0 1 3 0 0 1 1 2 5 2 4 2 3 4 0 4 0 0 2 1 4 1 5 1 5 4 2 1 5 3 0 3 2 5 3 3 0 2 1 0 0 0 1 3 2 1 3 4 3 4 0 2 3 3 4 3
12 10 0 3 4 14 16 17 30 36 39 40 41 50 1 5 6 19 21 23 27 38 42 45
12 12 0 3 4 14 16 17 30 36 39 40 41 50 2 12 29 31 34 35 43 46 48 52 53 55
5 8 8 22 24 28 33 10 13 15 20 25 47 49 54
12 8 0 3 4 14 16 17 30 36 39 40 41 50 10 13 15 20 25 47 49 54
10 5 1 5 6 19 21 23 27 38 42 45 8 22 24 28 33
# swap: 17 8
#c 0 1 3 0 0 1 1 2 0 2 4 2 3 4 0 4 0 5 2 1 4 1 5 1 5 4 2 1 5 3 0 3 2 5 3 3 0 2 1 0 0 0 1 3 2 1 3 4 3 4 0 2 3 3 4 3
12 10 0 3 4 8 14 16 30 36 39 40 41 50 1 5 6 19 21 23 27 38 42 45
12 12 0 3 4 8 14 16 30 36 39 40 41 50 2 12 29 31 34 35 43 46 48 52 53 55
8 5 10 13 15 20 25 47 49 54 17 22 24 28 33
12 8 0 3 4 8 14 16 30 36 39 40 41 50 10 13 15 20 25 47 49 54
10 5 1 5 6 19 21 23 27 38 42 45 17 22 24 28 33
# swap: 16 33
#c 0 1 3 0 0 1 1 2 0 2 4 2 3 4 0 4 5 5 2 1 4 1 5 1 5 4 2 1 5 3 0 3 2 0 3 3 0 2 1 0 0 0 1 3 2 1 3 4 3 4 0 2 3 3 4 3
12 10 0 3 4 8 14 30 33 36 39 40 41 50 1 5 6 19 21 23 27 38 42 45
12 12 0 3 4 8 14 30 33 36 39 40 41 50 2 12 29 31 34 35 43 46 48 52 53 55
8 5 10 13 15 20 25 47 49 54 16 17 22 24 28
12 8 0 3 4 8 14 30 33 36 39 40 41 50 10 13 15 20 25 47 49 54
10 5 1 5 6 19 21 23 27 38 42 45 16 17 22 24 28
# swap: 33 16
#c 0 1 3 0 0 1 1 2 0 2 4 2 3 4 0 4 0 5 2 1 4 1 5 1 5 4 2 1 5 3 0 3 2 5 3 3 0 2 1 0 0 0 1 3 2 1 3 4 3 4 0 2 3 3 4 3
# swap: 0 17
#c 5 1 3 0 0 1 1 2 0 2 4 2 3 4 0 4 0 0 2 1 4 1 5 1 5 4 2 1 5 3 0 3 2 5 3 3 0 2 1 0 0 0 1 3 2 1 3 4 3 4 0 2 3 3 4 3
10 12 1 5 6 19 21 23 27 38 42 45 3 4 8 14 16 17 30 36 39 40 41 50
12 12 2 12 29 31 34 35 43 46 48 52 53 55 3 4 8 14 16 17 30 36 39 40 41 50
5 8 0 22 24 28 33 10 13 15 20 25 47 49 54
12 8 3 4 8 14 16 17 30 36 39 40 41 50 10 13 15 20 25 47 49 54
5 10 0 22 24 28 33 1 5 6 19 21 23 27 38 42 45
# swap: 16 33
#c 5 1 3 0 0 1 1 2 0 2 4 2 3 4 0 4 5 0 2 1 4 1 5 1 5 4 2 1 5 3 0 3 2 0 3 3 0 2 1 0 0 0 1 3 2 1 3 4 3 4 0 2 3 3 4 3
10 12 1 5 6 19 21 23 27 38 42 45 3 4 8 14 17 30 33 36 39 40 41 50
12 12 2 12 29 31 34 35 43 46 48 52 53 55 3 4 8 14 17 30 33 36 39 40 41 50
5 8 0 16 22 24 28 10 13 15 20 25 47 49 54
12 8 3 4 8 14 17 30 33 36 39 40 41 50 10 13 15 20 25 47 49 54
5 10 0 16 22 24 28 1 5 6 19 21 23 27 38 42 45
# swap: 4 0
#c 0 1 3 0 5 1 1 2 0 2 4 2 3 4 0 4 5 0 2 1 4 1 5 1 5 4 2 1 5 3 0 3 2 0 3 3 0 2 1 0 0 0 1 3 2 1 3 4 3 4 0 2 3 3 4 3
12 10 0 3 8 14 17 30 33 36 39 40 41 50 1 5 6 19 21 23 27 38 42 45
12 12 0 3 8 14 17 30 33 36 39 40 41 50 2 12 29 31 34 35 43 46 48 52 53 55
5 8 4 16 22 24 28 10 13 15 20 25 47 49 54
12 8 0 3 8 14 17 30 33 36 39 40 41 50 10 13 15 20 25 47 49 54
10 5 1 5 6 19 21 23 27 38 42 45 4 16 22 24 28
# swap: 0 4
#c 5 1 3 0 0 1 1 2 0 2 4 2 3 4 0 4 5 0 2 1 4 1 5 1 5 4 2 1 5 3 0 3 2 0 3 3 0 2 1 0 0 0 1 3 2 1 3 4 3 4 0 2 3 3 4 3
# swap: 41 24
#c 5 1 3 0 0 1 1 2 0 2 4 2 3 4 0 4 5 0 2 1 4 1 5 1 0 4 2 1 5 3 0 3 2 0 3 3 0 2 1 0 0 5 1 3 2 1 3 4 3 4 0 2 3 3 4 3
10 12 1 5 6 19 21 23 27 38 42 45 3 4 8 14 17 24 30 33 36 39 40 50
12 12 2 12 29 31 34 35 43 46 48 52 53 55 3 4 8 14 17 24 30 33 36 39 40 50
5 8 0 16 22 28 41 10 13 15 20 25 47 49 54
12 8 3 4 8 14 17 24 30 33 36 39 40 50 10 13 15 20 25 47 49 54
5 10 0 16 22 28 41 1 5 6 19 21 23 27 38 42 45
# swap: 33 16
#c 5 1 3 0 0 1 1 2 0 2 4 2 3 4 0 4 0 0 2 1 4 1 5 1 0 4 2 1 5 3 0 3 2 5 3 3 0 2 1 0 0 5 1 3 2 1 3 4 3 4 0 2 3 3 4 3
10 12 1 5 6 19 21 23 27 38 42 45 3 4 8 14 16 17 24 30 36 39 40 50
12 12 2 12 29 31 34 35 43 46 48 52 53 55 3 4 8 14 16 17 24 30 36 39 40 50
5 8 0 22 28 33 41 10 13 15 20 25 47 49 54
12 8 3 4 8 14 16 17 24 30 36 39 40 50 10 13 15 20 25 47 49 54
5 10 0 22 28 33 41 1 5 6 19 21 23 27 38 42 45
# swap: 16 33
#c 5 1 3 0 0 1 1 2 0 2 4 2 3 4 0 4 5 0 2 1 4 1 5 1 0 4 2 1 5 3 0 3 2 0 3 3 0 2 1 0 0 5 1 3 2 1 3 4 3 4 0 2 3 3 4 3
# swap: 33 16
#c 5 1 3 0 0 1 1 2 0 2 4 2 3 4 0 4 0 0 2 1 4 1 5 1 0 4 2 1 5 3 0 3 2 5 3 3 0 2 1 0 0 5 1 3 2 1 3 4 3 4 0 2 3 3 4 3
# swap: 30 0
#c 0 1 3 0 0 1 1 2 0 2 4 2 3 4 0 4 0 0 2 1 4 1 5 1 0 4 2 1 5 3 5 3 2 5 3 3 0 2 1 0 0 5 1 3 2 1 3 4 3 4 0 2 3 3 4 3
12 10 0 3 4 8 14 16 17 24 36 39 40 50 1 5 6 19 21 23 27 38 42 45
12 12 0 3 4 8 14 16 17 24 36 39 40 50 2 12 29 31 34 35 43 46 48 52 53 55
8 5 10 13 15 20 25 47 49 54 22 28 30 33 41
12 8 0 3 4 8 14 16 17 24 36 39 40 50 10 13 15 20 25 47 49 54
10 5 1 5 6 19 21 23 27 38 42 45 22 28 30 33 41
# swap: 16 33
#c 0 1 3 0 0 1 1 2 0 2 4 2 3 4 0 4 5 0 2 1 4 1 5 1 0 4 2 1 5 3 5 3 2 0 3 3 0 2 1 0 0 5 1 3 2 1 3 4 3 4 0 2 3 3 4 3
12 10 0 3 4 8 14 17 24 33 36 39 40 50 1 5 6 19 21 23 27 38 42 45
12 12 0 3 4 8 14 17 24 33 36 39 40 50 2 12 29 31 34 35 43 46 48 52 53 55
8 5 10 13 15 20 25 47 49 54 16 22 28 30 41
12 8 0 3 4 8 14 17 24 33 36 39 40 50 10 13 15 20 25 47 49 54
10 5 1 5 6 19 21 23 27 38 42 45 16 22 28 30 41
# swap: 0 30
#c 5 1 3 0 0 1 1 2 0 2 4 2 3 4 0 4 5 0 2 1 4 1 5 1 0 4 2 1 5 3 0 3 2 0 3 3 0 2 1 0 0 5 1 3 2 1 3 4 3 4 0 2 3 3 4 3
# swap: 4 0
#c 0 1 3 0 5 1 1 2 0 2 4 2 3 4 0 4 5 0 2 1 4 1 5 1 0 4 2 1 5 3 0 3 2 0 3 3 0 2 1 0 0 5 1 3 2 1 3 4 3 4 0 2 3 3 4 3
12 10 0 3 8 14 17 24 30 33 36 39 40 50 1 5 6 19 21 23 27 38 42 45
12 12 0 3 8 14 17 24 30 33 36 39 40 50 2 12 29 31 34 35 43 46 48 52 53 55
5 8 4 16 22 28 41 10 13 15 20 25 47 49 54
12 8 0 3 8 14 17 24 30 33 36 39 40 50 10 13 15 20 25 47 49 54
10 5 1 5 6 19 21 23 27 38 42 45 4 16 22 28 41
# swap: 33 16
#c 0 1 3 0 5 1 1 2 0 2 4 2 3 4 0 4 0 0 2 1 4 1 5 1 0 4 2 1 5 3 0 3 2 5 3 3 0 2 1 0 0 5 1 3 2 1 3 4 3 4 0 2 3 3 4 3
12 10 0 3 8 14 16 17 24 30 36 39 40 50 1 5 6 19 21 23 27 38 42 45
12 12 0 3 8 14 16 17 24 30 36 39 40 50 2 12 29 31 34 35 43 46 48 52 53 55
5 8 4 22 28 33 41 10 13 15 20 25 47 49 54
12 8 0 3 8 14 16 17 24 30 36 39 40 50 10 13 15 20 25 47 49 54
10 5 1 5 6 19 21 23 27 38 42 45 4 22 28 33 41
# swap: 39 33
#c 0 1 3 0 5 1 1 2 0 2 4 2 3 4 0 4 0 0 2 1 4 1 5 1 0 4 2 1 5 3 0 3 2 0 3 3 0 2 1 5 0 5 1 3 2 1 3 4 3 4 0 2 3 3 4 3
12 10 0 3 8 14 16 17 24 30 33 36 40 50 1 5 6 19 21 23 27 38 42 45
12 9 0 3 8 14 16 17 24 30 33 36 40 50 7 9 11 18 26 32 37 44 51
5 8 4 22 28 39 41 10 13 15 20 25 47 49 54
12 5 2 12 29 31 34 35 43 46 48 52 53 55 4 22 28 39 41
12 8 0 3 8 14 16 17 24 30 33 36 40 50 10 13 15 20 25 47 49 54
# swap: 4 30
#c 0 1 3 0 0 1 1 2 0 2 4 2 3 4 0 4 0 0 2 1 4 1 5 1 0 4 2 1 5 3 5 3 2 0 3 3 0 2 1 5 0 5 1 3 2 1 3 4 3 4 0 2 3 3 4 3
12 10 0 3 4 8 14 16 17 24 33 36 40 50 1 5 6 19 21 23 27 38 42 45
12 9 0 3 4 8 14 16 17 24 33 36 40 50 7 9 11 18 26 32 37 44 51
8 5 10 13 15 20 25 47 49 54 22 28 30 39 41
12 5 2 12 29 31 34 35 43 46 48 52 53 55 22 28 30 39 41
12 8 0 3 4 8 14 16 17 24 33 36 40 50 10 13 15 20 25 47 49 54
# swap: 30 0
#c 5 1 3 0 0 1 1 2 0 2 4 2 3 4 0 4 0 0 2 1 4 1 5 1 0 4 2 1 5 3 0 3 2 0 3 3 0 2 1 5 0 5 1 3 2 1 3 4 3 4 0 2 3 3 4 3
10 12 1 5 6 19 21 23 27 38 42 45 3 4 8 14 16 17 24 30 33 36 40 50
12 9 3 4 8 14 16 17 24 30 33 36 40 50 7 9 11 18 26 32 37 44 51
5 8 0 22 28 39 41 10 13 15 20 25 47 49 54
5 12 0 22 28 39 41 2 12 29 31 34 35 43 46 48 52 53 55
12 8 3 4 8 14 16 17 24 30 33 36 40 50 10 13 15 20 25 47 49 54
# swap: 0 4
#c 0 1 3 0 5 1 1 2 0 2 4 2 3 4 0 4 0 0 2 1 4 1 5 1 0 4 2 1 5 3 0 3 2 0 3 3 0 2 1 5 0 5 1 3 2 1 3 4 3 4 0 2 3 3 4 3
# swap: 39 36
#c 0 1 3 0 5 1 1 2 0 2 4 2 3 4 0 4 0 0 2 1 4 1 5 1 0 4 2 1 5 3 0 3 2 0 3 3 5 2 1 0 0 5 1 3 2 1 3 4 3 4 0 2 3 3 4 3
12 10 0 3 8 14 16 17 24 30 33 39 40 50 1 5 6 19 21 23 27 38 42 45
12 9 0 3 8 14 16 17 24 30 33 39 40 50 7 9 11 18 26 32 37 44 51
5 8 4 22 28 36 41 10 13 15 20 25 47 49 54
12 5 2 12 29 31 34 35 43 46 48 52 53 55 4 22 28 36 41
12 8 0 3 8 14 16 17 24 30 33 39 40 50 10 13 15 20 25 47 49 54
# swap: 4 0
#c 5 1 3 0 0 1 1 2 0 2 4 2 3 4 0 4 0 0 2 1 4 1 5 1 0 4 2 1 5 3 0 3 2 0 3 3 5 2 1 0 0 5 1 3 2 1 3 4 3 4 0 2 3 3 4 3
10 12 1 5 6 19 21 23 27 38 42 45 3 4 8 14 16 17 24 30 33 39 40 50
12 9 3 4 8 14 16 17 24 30 33 39 40 50 7 9 11 18 26 32 37 44 51
5 8 0 22 28 36 41 10 13 15 20 25 47 49 54
5 12 0 22 28 36 41 2 12 29 31 34 35 43 46 48 52 53 55
12 8 3 4 8 14 16 17 24 30 33 39 40 50 10 13 15 20 25 47 49 54
# swap: 0 3
#c 0 1 3 5 0 1 1 2 0 2 4 2 3 4 0 4 0 0 2 1 4 1 5 1 0 4 2 1 5 3 0 3 2 0 3 3 5 2 1 0 0 5 1 3 2 1 3 4 3 4 0 2 3 3 4 3
12 10 0 4 8 14 16 17 24 30 33 39 40 50 1 5 6 19 21 23 27 38 42 45
12 9 0 4 8 14 16 17 24 30 33 39 40 50 7 9 11 18 26 32 37 44 51
5 8 3 22 28 36 41 10 13 15 20 25 47 49 54
12 5 2 12 29 31 34 35 43 46 48 52 53 55 3 22 28 36 41
12 8 0 4 8 14 16 17 24 30 33 39 40 50 10 13 15 20 25 47 49 54
# swap: 3 17
#c 0 1 3 0 0 1 1 2 0 2 4 2 3 4 0 4 0 5 2 1 4 1 5 1 0 4 2 1 5 3 0 3 2 0 3 3 5 2 1 0 0 5 1 3 2 1 3 4 3 4 0 2 3 3 4 3
12 10 0 3 4 8 14 16 24 30 33 39 40 50 1 5 6 19 21 23 27 38 42 45
12 9 0 3 4 8 14 16 24 30 33 39 40 50 7 9 11 18 26 32 37 44 51
8 5 10 13 15 20 25 47 49 54 17 22 28 36 41
12 5 2 12 29 31 34 35 43 46 48 52 53 55 17 22 28 36 41
12 8 0 3 4 8 14 16 24 30 33 39 40 50 10 13 15 20 25 47 49 54
# swap: 36 39
#c 0 1 3 0 0 1 1 2 0 2 4 2 3 4 0 4 0 5 2 1 4 1 5 1 0 4 2 1 5 3 0 3 2 0 3 3 0 2 1 5 0 5 1 3 2 1 3 4 3 4 0 2 3 3 4 3
12 10 0 3 4 8 14 16 24 30 33 36 40 50 1 5 6 19 21 23 27 38 42 45
12 9 0 3 4 8 14 16 24 30 33 36 40 50 7 9 11 18 26 32 37 44 51
8 5 10 13 15 20 25 47 49 54 17 22 28 39 41
12 5 2 12 29 31 34 35 43 46 48 52 53 55 17 22 28 39 41
12 8 0 3 4 8 14 16 24 30 33 36 40 50 10 13 15 20 25 47 49 54
# swap: 17 3
#c 0 1 3 5 0 1 1 2 0 2 4 2 3 4 0 4 0 0 2 1 4 1 5 1 0 4 2 1 5 3 0 3 2 0 3 3 0 2 1 5 0 5 1 3 2 1 3 4 3 4 0 2 3 3 4 3
12 10 0 4 8 14 16 17 24 30 33 36 40 50 1 5 6 19 21 23 27 38 42 45
12 9 0 4 8 14 16 17 24 30 33 36 40 50 7 9 11 18 26 32 37 44 51
5 8 3 22 28 39 41 10 13 15 20 25 47 49 54
12 5 2 12 29 31 34 35 43 46 48 52 53 55 3 22 28 39 41
12 8 0 4 8 14 16 17 24 30 33 36 40 50 10 13 15 20 25 47 49 54
# swap: 41 24
#c 0 1 3 5 0 1 1 2 0 2 4 2 3 4 0 4 0 0 2 1 4 1 5 1 5 4 2 1 5 3 0 3 2 0 3 3 0 2 1 5 0 0 1 3 2 1 3 4 3 4 0 2 3 3 4 3
12 10 0 4 8 14 16 17 30 33 36 40 41 50 1 5 6 19 21 23 27 38 42 45
12 9 0 4 8 14 16 17 30 33 36 40 41 50 7 9 11 18 26 32 37 44 51
5 8 3 22 24 28 39 10 13 15 20 25 47 49 54
12 5 2 12 29 31 34 35 43 46 48 52 53 55 3 22 24 28 39
12 8 0 4 8 14 16 17 30 33 36 40 41 50 10 13 15 20 25 47 49 54
# swap: 22 41
#c 0 1 3 5 0 1 1 2 0 2 4 2 3 4 0 4 0 0 2 1 4 1 0 1 5 4 2 1 5 3 0 3 2 0 3 3 0 2 1 5 0 5 1 3 2 1 3 4 3 4 0 2 3 3 4 3
12 10 0 4 8 14 16 17 22 30 33 36 40 50 1 5 6 19 21 23 27 38 42 45
12 9 0 4 8 14 16 17 22 30 33 36 40 50 7 9 11 18 26 32 37 44 51
5 8 3 24 28 39 41 10 13 15 20 25 47 49 54
12 5 2 12 29 31 34 35 43 46 48 52 53 55 3 24 28 39 41
12 8 0 4 8 14 16 17 22 30 33 36 40 50 10 13 15 20 25 47 49 54
# swap: 3 0
#c 5 1 3 0 0 1 1 2 0 2 4 2 3 4 0 4 0 0 2 1 4 1 0 1 5 4 2 1 5 3 0 3 2 0 3 3 0 2 1 5 0 5 1 3 2 1 3 4 3 4 0 2 3 3 4 3
10 12 1 5 6 19 21 23 27 38 42 45 3 4 8 14 16 17 22 30 33 36 40 50
12 9 3 4 8 14 16 17 22 30 33 36 40 50 7 9 11 18 26 32 37 44 51
5 8 0 24 28 39 41 10 13 15 20 25 47 49 54
5 12 0 24 28 39 41 2 12 29 31 34 35 43 46 48 52 53 55
12 8 3 4 8 14 16 17 22 30 33 36 40 50 10 13 15 20 25 47 49 54
# swap: 39 36
#c 5 1 3 0 0 1 1 2 0 2 4 2 3 4 0 4 0 0 2 1 4 1 0 1 5 4 2 1 5 3 0 3 2 0 3 3 5 2 1 0 0 5 1 3 2 1 3 4 3 4 0 2 3 3 4 3
10 12 1 5 6 19 21 23 27 38 42 45 3 4 8 14 16 17 22 30 33 39 40 50
12 9 3 4 8 14 16 17 22 30 33 39 40 50 7 9 11 18 26 32 37 44 51
5 8 0 24 28 36 41 10 13 15 20 25 47 49 54
5 12 0 24 28 36 41 2 12 29 31 34 35 43 46 48 52 53 55
12 8 3 4 8 14 16 17 22 30 33 39 40 50 10 13 15 20 25 47 49 54
# swap: 41 22
#c 5 1 3 0 0 1 1 2 0 2 4 2 3 4 0 4 0 0 2 1 4 1 5 1 5 4 2 1 5 3 0 3 2 0 3 3 5 2 1 0 0 0 1 3 2 1 3 4 3 4 0 2 3 3 4 3
10 12 1 5 6 19 21 23 27 38 42 45 3 4 8 14 16 17 30 33 39 40 41 50
12 9 3 4 8 14 16 17 30 33 39 40 41 50 7 9 11 18 26 32 37 44 51
5 8 0 22 24 28 36 10 13 15 20 25 47 49 54
5 12 0 22 24 28 36 2 12 29 31 34 35 43 46 48 52 53 55
12 8 3 4 8 14 16 17 30 33 39 40 41 50 10 13 15 20 25 47 49 54
# swap: 0 3
#c 0 1 3 5 0 1 1 2 0 2 4 2 3 4 0 4 0 0 2 1 4 1 5 1 5 4 2 1 5 3 0 3 2 0 3 3 5 2 1 0 0 0 1 3 2 1 3 4 3 4 0 2 3 3 4 3
12 10 0 4 8 14 16 17 30 33 39 40 41 50 1 5 6 19 21 23 27 38 42 45
12 9 0 4 8 14 16 17 30 33 39 40 41 50 7 9 11 18 26 32 37 44 51
5 8 3 22 24 28 36 10 13 15 20 25 47 49 54
12 5 2 12 29 31 34 35 43 46 48 52 53 55 3 22 24 28 36
12 8 0 4 8 14 16 17 30 33 39 40 41 50 10 13 15 20 25 47 49 54
# swap: 22 41
#c 0 1 3 5 0 1 1 2 0 2 4 2 3 4 0 4 0 0 2 1 4 1 0 1 5 4 2 1 5 3 0 3 2 0 3 3 5 2 1 0 0 5 1 3 2 1 3 4 3 4 0 2 3 3 4 3
12 10 0 4 8 14 16 17 22 30 33 39 40 50 1 5 6 19 21 23 27 38 42 45
12 9 0 4 8 14 16 17 22 30 33 39 40 50 7 9 11 18 26 32 37 44 51
5 8 3 24 28 36 41 10 13 15 20 25 47 49 54
12 5 2 12 29 31 34 35 43 46 48 52 53 55 3 24 28 36 41
12 8 0 4 8 14 16 17 22 30 33 39 40 50 10 13 15 20 25 47 49 54
# swap: 3 17
#c 0 1 3 0 0 1 1 2 0 2 4 2 3 4 0 4 0 5 2 1 4 1 0 1 5 4 2 1 5 3 0 3 2 0 3 3 5 2 1 0 0 5 1 3 2 1 3 4 3 4 0 2 3 3 4 3
12 10 0 3 4 8 14 16 22 30 33 39 40 50 1 5 6 19 21 23 27 38 42 45
12 9 0 3 4 8 14 16 22 30 33 39 40 50 7 9 11 18 26 32 37 44 51
8 5 10 13 15 20 25 47 49 54 17 24 28 36 41
12 5 2 12 29 31 34 35 43 46 48 52 53 55 17 24 28 36 41
12 8 0 3 4 8 14 16 22 30 33 39 40 50 10 13 15 20 25 47 49 54
# swap: 17 3
#c 0 1 3 5 0 1 1 2 0 2 4 2 3 4 0 4 0 0 2 1 4 1 0 1 5 4 2 1 5 3 0 3 2 0 3 3 5 2 1 0 0 5 1 3 2 1 3 4 3 4 0 2 3 3 4 3
# swap: 41 22
#c 0 1 3 5 0 1 1 2 0 2 4 2 3 4 0 4 0 0 2 1 4 1 5 1 5 4 2 1 5 3 0 3 2 0 3 3 5 2 1 0 0 0 1 3 2 1 3 4 3 4 0 2 3 3 4 3
# swap: 36 39
#c 0 1 3 5 0 1 1 2 0 2 4 2 3 4 0 4 0 0 2 1 4 1 5 1 5 4 2 1 5 3 0 3 2 0 3 3 0 2 1 5 0 0 1 3 2 1 3 4 3 4 0 2 3 3 4 3
# swap: 22 41
#c 0 1 3 5 0 1 1 2 0 2 4 2 3 4 0 4 0 0 2 1 4 1 0 1 5 4 2 1 5 3 0 3 2 0 3 3 0 2 1 5 0 5 1 3 2 1 3 4 3 4 0 2 3 3 4 3
# swap: 39 36
#c 0 1 3 5 0 1 1 2 0 2 4 2 3 4 0 4 0 0 2 1 4 1 0 1 5 4 2 1 5 3 0 3 2 0 3 3 5 2 1 0 0 5 1 3 2 1 3 4 3 4 0 2 3 3 4 3
# swap: 36 39
#c 0 1 3 5 0 1 1 2 0 2 4 2 3 4 0 4 0 0 2 1 4 1 0 1 5 4 2 1 5 3 0 3 2 0 3 3 0 2 1 5 0 5 1 3 2 1 3 4 3 4 0 2 3 3 4 3
# swap: 41 22
#c 0 1 3 5 0 1 1 2 0 2 4 2 3 4 0 4 0 0 2 1 4 1 5 1 5 4 2 1 5 3 0 3 2 0 3 3 0 2 1 5 0 0 1 3 2 1 3 4 3 4 0 2 3 3 4 3
# swap: 39 36
#c 0 1 3 5 0 1 1 2 0 2 4 2 3 4 0 4 0 0 2 1 4 1 5 1 5 4 2 1 5 3 0 3 2 0 3 3 5 2 1 0 0 0 1 3 2 1 3 4 3 4 0 2 3 3 4 3
# swap: 22 41
#c 0 1 3 5 0 1 1 2 0 2 4 2 3 4 0 4 0 0 2 1 4 1 0 1 5 4 2 1 5 3 0 3 2 0 3 3 5 2 1 0 0 5 1 3 2 1 3 4 3 4 0 2 3 3 4 3
# swap: 36 39
#c 0 1 3 5 0 1 1 2 0 2 4 2 3 4 0 4 0 0 2 1 4 1 0 1 5 4 2 1 5 3 0 3 2 0 3 3 0 2 1 5 0 5 1 3 2 1 3 4 3 4 0 2 3 3 4 3
# swap: 41 22
#c 0 1 3 5 0 1 1 2 0 2 4 2 3 4 0 4 0 0 2 1 4 1 5 1 5 4 2 1 5 3 0 3 2 0 3 3 0 2 1 5 0 0 1 3 2 1 3 4 3 4 0 2 3 3 4 3
# swap: 22 41
#c 0 1 3 5 0 1 1 2 0 2 4 2 3 4 0 4 0 0 2 1 4 1 0 1 5 4 2 1 5 3 0 3 2 0 3 3 0 2 1 5 0 5 1 3 2 1 3 4 3 4 0 2 3 3 4 3
# swap: 3 8
#c 0 1 3 0 0 1 1 2 5 2 4 2 3 4 0 4 0 0 2 1 4 1 0 1 5 4 2 1 5 3 0 3 2 0 3 3 0 2 1 5 0 5 1 3 2 1 3 4 3 4 0 2 3 3 4 3
12 10 0 3 4 14 16 17 22 30 33 36 40 50 1 5 6 19 21 23 27 38 42 45
12 9 0 3 4 14 16 17 22 30 33 36 40 50 7 9 11 18 26 32 37 44 51
5 8 8 24 28 39 41 10 13 15 20 25 47 49 54
12 5 2 12 29 31 34 35 43 46 48 52 53 55 8 24 28 39 41
12 8 0 3 4 14 16 17 22 30 33 36 40 50 10 13 15 20 25 47 49 54
# swap: 39 36
#c 0 1 3 0 0 1 1 2 5 2 4 2 3 4 0 4 0 0 2 1 4 1 0 1 5 4 2 1 5 3 0 3 2 0 3 3 5 2 1 0 0 5 1 3 2 1 3 4 3 4 0 2 3 3 4 3
12 10 0 3 4 14 16 17 22 30 33 39 40 50 1 5 6 19 21 23 27 38 42 45
12 9 0 3 4 14 16 17 22 30 33 39 40 50 7 9 11 18 26 32 37 44 51
5 8 8 24 28 36 41 10 13 15 20 25 47 49 54
12 5 2 12 29 31 34 35 43 46 48 52 53 55 8 24 28 36 41
12 8 0 3 4 14 16 17 22 30 33 39 40 50 10 13 15 20 25 47 49 54
# swap: 8 3
#c 0 1 3 5 0 1 1 2 0 2 4 2 3 4 0 4 0 0 2 1 4 1 0 1 5 4 2 1 5 3 0 3 2 0 3 3 5 2 1 0 0 5 1 3 2 1 3 4 3 4 0 2 3 3 4 3
# swap: 36 39
#c 0 1 3 5 0 1 1 2 0 2 4 2 3 4 0 4 0 0 2 1 4 1 0 1 5 4 2 1 5 3 0 3 2 0 3 3 0 2 1 5 0 5 1 3 2 1 3 4 3 4 0 2 3 3 4 3
# swap: 39 33
#c 0 1 3 5 0 1 1 2 0 2 4 2 3 4 0 4 0 0 2 1 4 1 0 1 5 4 2 1 5 3 0 3 2 5 3 3 0 2 1 0 0 5 1 3 2 1 3 4 3 4 0 2 3 3 4 3
12 10 0 4 8 14 16 17 22 30 36 39 40 50 1 5 6 19 21 23 27 38 42 45
12 12 0 4 8 14 16 17 22 30 36 39 40 50 2 12 29 31 34 35 43 46 48 52 53 55
5 8 3 24 28 33 41 10 13 15 20 25 47 49 54
12 8 0 4 8 14 16 17 22 30 36 39 40 50 10 13 15 20 25 47 49 54
10 5 1 5 6 19 21 23 27 38 42 45 3 24 28 33 41
# swap: 17 3
1 1 0 1
1 1 0 1
1 1 0 1
1 1 0 1
1 1 0 1
1 1 0 1
1 1 0 1
1 1 0 1
1 1 0 1
1 1 0 1
1 1 0 1
1 1 0 1
1 1 0 1
1 1 0 1
1 1 0 1
1 1 0 1
1 1 0 1
1 1 0 1
1 1 0 1
1 1 0 1
1 1 0 1
1 1 0 1
1 1 0 1
1 1 0 1
1 1 0 1
1 1 0 1
1 1 0 1
1 1 0 1
1 1 0 1
1 1 0 1
1 1 0 1
1 1 0 1
1 1 0 1
1 1 0 1
1 1 0 1
1 1 0 1
1 1 0 1
1 1 0 1
1 1 0 1
1 1 0 1
1 1 0 1
1 1 0 1
1 1 0 1
1 1 0 1
1 1 0 1
1 1 0 1
1 1 0 1
1 1 0 1
1 1 0 1
1 1 0 1
1 1 0 1
1 1 0 1
1 1 0 1
1 1 0 1
1 1 0 1
1 1 0 1
1 1 0 1
1 1 0 1
1 1 0 1
1 1 0 1
1 1 0 1
1 1 0 1
1 1 0 1
1 1 0 1
1 1 0 1
1 1 0 1
1 1 0 1
1 1 0 1
1 1 0 1
1 1 0 1
1 1 0 1
1 1 0 1
1 1 0 1
1 1 0 1
1 1 0 1
1 1 0 1
1 1 0 1
1 1 0 1
1 1 0 1
1 1 0 1
1 1 0 1
1 1 0 1
1 1 0 1
1 1 0 1
1 1 0 1
1 1 0 1
1 1 0 1
1 1 0 1
1 1 0 1
1 1 0 1
1 1 0 1
1 1 0 1
1 1 0 1
1 1 0 1
1 1 0 1
1 1 0 1
1 1 0 1
1 1 0 1
1 1 0 1
1 1 0 1
1 1 0 1
1 1 0 1
1 1 0 1
1 1 0 1
1 1 0 1
1 1 0 1
1 1 0 1
1 1 0 1
1 1 0 1
1 1 0 1
1 1 0 1
1 1 0 1
1 1 0 1
1 1 0 1
1 1 0 1
1 1 0 1
1 1 0 1
1 1 0 1
1 1 0 1
1 1 0 1
1 1 0 1
1 1 0 1
1 1 0 1
1 1 0 1
1 1 0 1
1 1 0 1
1 1 0 1
1 1 0 1
1 1 0 1
1 1 0 1
1 1 0 1
1 1 0 1
1 1 0 1
1 1 0 1
1 1 0 1
1 1 0 1
1 1 0 1
1 1 0 1
1 1 0 1
1 1 0 1
1 1 0 1
1 1 0 1
1 1 0 1
1 1 0 1
1 1 0 1
1 1 0 1
1 1 0 1
1 1 0 1
1 1 0 1
1 1 0 1
1 1 0 1
1 1 0 1
1 1 0 1
1 1 0 1
1 1 0 1
1 1 0 1
1 1 0 1
1 1 0 1
1 1 0 1
1 1 0 1
1 1 0 1
1 1 0 1
1 1 0 1
1 1 0 1
1 1 0 1
1 1 0 1
1 1 0 1
1 1 0 1
1 1 0 1
1 1 0 1
1 1 0 1
1 1 0 1
1 1 0 1
1 1 0 1
1 1 0 1
1 1 0 1
1 1 0 1
1 1 0 1
1 1 0 1
1 1 0 1
1 1 0 1
1 1 0 1
1 1 0 1
1 1 0 1
1 1 0 1
1 1 0 1
1 1 0 1
1 1 0 1
1 1 0 1
1 1 0 1
1 1 0 1
1 1 0 1
1 1 0 1
1 1 0 1
1 1 0 1
1 1 0 1
1 1 0 1
1 1 0 1
1 1 0 1
1 1 0 1
1 1 0 1
1 1 0 1
1 1 0 1
1 1 0 1
1 1 0 1
1 1 0 1
1 1 0 1
1 1 0 1
1 1 0 1
1 1 0 1
1 1 0 1
1 1 0 1
1 1 0 1
1 1 0 1
1 1 0 1
1 1 0 1
1 1 0 1
1 1 0 1
1 1 0 1
1 1 0 1
1 1 0 1
1 1 0 1
1 1 0 1
1 1 0 1
1 1 0 1
1 1 0 1
1 1 0 1
1 1 0 1
1 1 0 1
1 1 0 1
1 1 0 1
1 1 0 1
1 1 0 1
1 1 0 1
1 1 0 1
1 1 0 1
1 1 0 1
1 1 0 1
1 1 0 1
1 1 0 1
1 1 0 1
1 1 0 1
1 1 0 1
1 1 0 1
1 1 0 1
1 1 0 1
1 1 0 1
1 1 0 1
1 1 0 1
1 1 0 1
0 1 3 0 0 1 1 2 0 2 4 2 3 4 0 4 0 5 2 1 4 1 0 1 5 4 2 1 5 3 0 3 2 5 3 3 0 2 1 0 0 5 1 3 2 1 3 4 3 4 0 2 3 3 4 3
