1467
0 0 0 34199687
0 34199687 0 66678204
0 0 44133532 0
44133532 0 64322646 0
64322646 0 69402539 0
69402539 0 85626621 0
85626621 0 101143452 0
101143452 0 101321153 0
101321153 0 105542061 0
105542061 0 111376697 0
111376697 0 112832228 0
112832228 0 112832228 207179
105542061 0 105542061 13261943
105542061 13261943 111376697 19551091
112832228 0 127837382 0
127837382 0 128062482 0
128062482 0 144103837 0
144103837 0 151882479 0
151882479 0 159860798 0
159860798 0 168841712 0
168841712 0 170829338 0
170829338 0 178785463 0
178785463 0 180986045 0
178785463 0 178785463 4192258
178785463 4192258 180986045 8418825
101321153 0 101321153 17665675
151882479 0 151882479 22935301
151882479 22935301 155208907 29817913
155208907 29817913 168841712 29817913
168841712 29817913 170829338 38589801
155208907 29817913 155208907 43824216
155208907 43824216 159860798 43824216
155208907 43824216 155208907 55176064
155208907 55176064 159126218 69541850
159126218 69541850 159126218 83252061
159126218 83252061 166113711 83252061
166113711 83252061 166113711 85426708
166113711 83252061 172144520 83252061
159126218 83252061 159126218 95855835
159126218 69541850 184995181 69541850
184995181 69541850 191460575 69541850
184995181 69541850 184995181 78084564
191460575 69541850 207706380 70674078
207706380 70674078 207706380 82070699
207706380 70674078 219852795 70674078
219852795 70674078 230768353 73769726
230768353 73769726 242720739 73769726
242720739 73769726 242720739 75941441
172144520 83252061 176874341 104594800
176874341 104594800 182514072 121287614
182514072 121287614 203667181 121287614
203667181 121287614 213659733 123489514
213659733 123489514 213659733 143566754
213659733 143566754 225515994 149058805
225515994 149058805 252960861 149058805
230768353 73769726 230768353 101956605
144103837 0 144103837 29176140
111376697 19551091 127837382 36283736
127837382 36283736 128062482 36283736
127837382 36283736 127837382 38553443
225515994 149058805 225515994 182899684
44133532 0 44133532 34199687
44133532 34199687 49590395 34676195
49590395 34676195 64322646 34676195
64322646 34676195 69402539 39575722
69402539 39575722 69402539 49848664
69402539 49848664 71103902 50277865
71103902 50277865 76498126 50277865
76498126 50277865 79794462 50277865
76498126 50277865 76498126 54708671
71103902 50277865 71103902 63657554
69402539 39575722 85626621 39575722
85626621 39575722 101143452 45428114
49590395 34676195 49590395 66678204
71103902 63657554 99935773 67404552
99935773 67404552 99946736 67742482
99946736 67742482 99946736 75829050
99946736 67742482 118934750 67742482
182514072 121287614 182514072 156502701
182514072 156502701 188315122 172459997
213659733 123489514 251747990 123489514
251747990 123489514 253703508 127628488
230768353 101956605 266747174 106974447
266747174 106974447 269309151 118867492
242720739 73769726 285265866 73769726
285265866 73769726 286467494 89782992
49590395 66678204 56500886 103067015
56500886 103067015 56500886 110323155
56500886 103067015 68303801 103067015
56500886 110323155 66170228 112862937
66170228 112862937 66170228 131783706
66170228 112862937 86125893 112862937
86125893 112862937 92162272 137028415
92162272 137028415 92162272 155998902
92162272 155998902 94817736 162875268
94817736 162875268 95720412 166934025
95720412 166934025 105660165 174466222
105660165 174466222 113436338 174466222
113436338 174466222 130010543 176951875
130010543 176951875 130010543 177651880
130010543 176951875 131832344 176951875
105660165 174466222 105660165 205747755
105660165 205747755 107811379 205747755
105660165 205747755 105660165 214526454
105660165 214526454 118722803 214700365
118722803 214700365 130319037 214700365
118722803 214700365 118722803 233264547
118722803 233264547 131661307 237286677
131661307 237286677 153975881 237286677
153975881 237286677 153975881 252164670
153975881 252164670 154149568 262826836
153975881 237286677 178814124 237286677
178814124 237286677 188990525 239824803
188990525 239824803 202845283 243937598
202845283 243937598 202845283 266324195
202845283 266324195 207294592 266324195
202845283 266324195 202845283 291122453
131661307 237286677 131661307 264048796
66170228 131783706 71530301 161034623
154149568 262826836 160963194 291993451
160963194 291993451 165801374 291993451
165801374 291993451 181294226 304126816
181294226 304126816 186734330 306982984
186734330 306982984 186734330 314389306
186734330 314389306 190229979 314389306
202845283 243937598 239694442 243937598
239694442 243937598 239694442 245662446
239694442 243937598 251874536 243937598
131832344 176951875 146451044 200314816
251874536 243937598 282804189 253898370
282804189 253898370 308599795 266576357
308599795 266576357 319451525 272574972
319451525 272574972 319451525 298576443
319451525 272574972 354045200 272574972
319451525 298576443 329464411 328739423
329464411 328739423 332794454 329799676
332794454 329799676 339463159 329799676
339463159 329799676 339463159 332889166
339463159 329799676 348683316 329799676
332794454 329799676 332794454 343225148
92162272 137028415 134375223 137028415
134375223 137028415 143926991 137028415
134375223 137028415 134375223 150603473
186734330 314389306 186734330 357211125
186734330 357211125 196299569 367081289
196299569 367081289 196299569 388036334
196299569 388036334 208513146 389805082
208513146 389805082 243141239 397285055
243141239 397285055 243141239 398396523
243141239 397285055 249810423 397285055
249810423 397285055 256387119 404611735
243141239 398396523 244424170 417782995
244424170 417782995 246814627 417782995
246814627 417782995 253033702 432445065
244424170 417782995 244424170 444242880
244424170 444242880 266698125 457443667
266698125 457443667 276133654 483606639
276133654 483606639 297058476 483606639
297058476 483606639 297058476 485566270
297058476 483606639 306396232 483606639
276133654 483606639 276133654 511385431
276133654 511385431 288049455 519265657
288049455 519265657 289669022 519265657
288049455 519265657 288049455 523278136
306396232 483606639 335934964 487867596
335934964 487867596 335934964 488709992
335934964 488709992 339384110 488746878
335934964 487867596 369500959 487867596
288049455 523278136 300224778 548877223
300224778 548877223 316164653 550349563
316164653 550349563 324196965 550349563
316164653 550349563 316164653 568763151
316164653 568763151 319986988 573833257
319986988 573833257 328732459 573833257
319986988 573833257 319986988 594299104
319986988 594299104 330783846 604484492
330783846 604484492 330783846 634115840
330783846 634115840 336680475 634115840
336680475 634115840 336680475 635584092
336680475 635584092 344678281 656402170
344678281 656402170 370748306 659168388
370748306 659168388 372466924 662602483
372466924 662602483 377898631 662602483
372466924 662602483 372466924 669720301
372466924 669720301 372622857 669720301
377898631 662602483 395273022 665055327
336680475 634115840 369088108 634115840
372466924 669720301 372466924 702296189
330783846 634115840 330783846 667542790
330783846 667542790 338648908 686787824
330783846 604484492 369587210 604484492
369587210 604484492 369587210 619601149
369587210 604484492 388083644 604484492
388083644 604484492 391576006 604484492
388083644 604484492 388083644 618700188
372466924 702296189 373242383 743754786
373242383 743754786 386491785 754641161
386491785 754641161 386491785 772516884
354045200 272574972 361760170 307722431
339384110 488746878 344417292 528175675
344417292 528175675 344417292 540244360
344417292 540244360 344417292 543574098
344417292 540244360 348696875 540244360
344417292 528175675 361890627 528175675
388083644 618700188 430650779 620958553
369500959 487867596 411291209 491215507
411291209 491215507 411291209 520996379
411291209 520996379 429793579 521952235
429793579 521952235 441741950 527405393
441741950 527405393 453170761 527405393
453170761 527405393 464219048 533876650
464219048 533876650 464219048 544140380
464219048 544140380 471606657 556583983
471606657 556583983 483799011 556583983
464219048 533876650 484799085 533876650
483799011 556583983 502655811 562393948
502655811 562393948 516969468 567040466
516969468 567040466 525448290 567040466
525448290 567040466 534303617 571163372
534303617 571163372 534303617 587108295
516969468 567040466 516969468 598468009
516969468 598468009 518019227 604896613
411291209 491215507 444343281 491215507
444343281 491215507 445138711 491215507
444343281 491215507 444343281 504518300
444343281 504518300 453869926 511131204
441741950 527405393 441741950 560539808
441741950 560539808 442505433 562025405
534303617 587108295 561228540 597391368
561228540 597391368 593344326 601237214
593344326 601237214 593763078 601237214
593344326 601237214 593344326 609926934
593344326 609926934 626347115 609982912
626347115 609982912 632534723 609982912
626347115 609982912 626347115 626996587
484799085 533876650 519943337 541746573
519943337 541746573 543949726 545987716
202845283 291122453 232556074 306982984
196299569 367081289 242333940 367081289
242333940 367081289 250318319 367438535
250318319 367438535 250505855 367438535
250318319 367438535 250318319 387448019
250505855 367438535 283558263 379319446
386491785 754641161 433791866 754641161
134375223 150603473 158788341 173960758
453869926 511131204 501071360 512027348
501071360 512027348 539507591 517270642
160963194 291993451 160963194 341226274
160963194 341226274 163906479 389325306
163906479 389325306 168653599 421500415
168653599 421500415 177781041 438168025
177781041 438168025 177781041 447700053
177781041 438168025 193278854 438168025
193278854 438168025 194509973 439566652
194509973 439566652 194509973 476699055
194509973 439566652 232260051 439566652
232260051 439566652 238156813 478196487
386491785 772516884 410737939 799399492
410737939 799399492 421437666 807807429
421437666 807807429 425625823 807807429
425625823 807807429 428836980 817011670
428836980 817011670 444670550 819504449
421437666 807807429 421437666 832846070
421437666 832846070 426738493 863594755
232556074 306982984 277778317 313679822
277778317 313679822 295278018 321792146
295278018 321792146 307194025 321792146
307194025 321792146 311832819 328739423
311832819 328739423 311832819 340865258
311832819 340865258 313614186 340865258
311832819 340865258 311832819 359557597
295278018 321792146 295278018 364422147
239694442 245662446 246899894 290588743
426738493 863594755 449572890 892998492
449572890 892998492 455284729 892998492
449572890 892998492 449572890 899054245
449572890 899054245 458365882 899272935
458365882 899272935 465830830 905537804
465830830 905537804 478127481 905537804
465830830 905537804 465830830 920974955
465830830 920974955 469283107 954053901
469283107 954053901 469283107 962454823
469283107 954053901 477984365 954053901
478127481 905537804 501912426 918729399
501912426 918729399 516980601 919306659
516980601 919306659 535798304 919306659
516980601 919306659 516980601 952373844
516980601 952373844 516980601 953526212
516980601 952373844 519436728 952373844
519436728 952373844 520547709 956200269
520547709 956200269 522622401 963219754
535798304 919306659 576866751 929300646
576866751 929300646 576866751 931252726
576866751 931252726 579265419 935571612
576866751 929300646 589594771 929300646
589594771 929300646 595061845 952296273
595061845 952296273 597383181 972119730
597383181 972119730 597383181 993003682
597383181 993003682 602300557 999374196
597383181 972119730 621017459 972119730
332794454 343225148 342716458 386002356
342716458 386002356 345568982 401949830
345568982 401949830 346504388 410446152
346504388 410446152 360230635 413246166
360230635 413246166 360230635 419623435
360230635 413246166 372190127 413246166
372190127 413246166 382930445 435347390
252960861 149058805 299459886 156985193
299459886 156985193 306299846 163803367
593763078 601237214 646896711 603123062
188315122 172459997 213530678 202692569
213530678 202692569 220442596 222285948
220442596 222285948 220442596 234401092
220442596 222285948 257088007 222285948
257088007 222285948 257088007 229591169
257088007 222285948 296200275 222285948
296200275 222285948 303414767 234230871
303414767 234230871 327133799 241543816
327133799 241543816 329583396 241543816
329583396 241543816 329583396 241692181
329583396 241543816 338881834 241543816
338881834 241543816 341701364 246084753
341701364 246084753 341701364 253258774
341701364 253258774 345213220 253258774
341701364 253258774 341701364 257790710
327133799 241543816 327133799 256570727
341701364 246084753 359150957 246084753
359150957 246084753 383918552 247104479
383918552 247104479 383918552 264737332
383918552 247104479 416684857 247104479
416684857 247104479 416684857 260139322
416684857 260139322 419406098 264392936
419406098 264392936 442202394 266313713
442202394 266313713 449867667 266313713
416684857 247104479 447781541 247104479
449867667 266313713 462763810 302342401
462763810 302342401 468437517 309828427
468437517 309828427 468437517 332481042
468437517 309828427 510986450 309828427
510986450 309828427 520888401 323341863
520888401 323341863 520888401 329492794
520888401 329492794 520888401 343250498
520888401 329492794 535033552 329492794
520888401 343250498 524689096 364776079
520888401 323341863 562181118 323341863
562181118 323341863 562181118 326139178
562181118 323341863 567245496 323341863
524689096 364776079 549215170 382462314
549215170 382462314 560876611 383074406
560876611 383074406 564996014 383074406
564996014 383074406 570552282 383074406
570552282 383074406 571874410 388414963
564996014 383074406 564996014 389823973
571874410 388414963 585631507 391709608
585631507 391709608 585631507 399216865
585631507 391709608 596345921 391709608
596345921 391709608 596345921 395833033
596345921 391709608 617352807 391709608
564996014 389823973 566118421 415044996
566118421 415044996 568973208 427220649
617352807 391709608 630726127 417582173
630726127 417582173 642152553 421587022
642152553 421587022 664000526 421587022
642152553 421587022 642152553 461246809
642152553 461246809 651733189 468604270
651733189 468604270 653424690 468604270
653424690 468604270 664886109 472289507
664886109 472289507 667876216 472289507
664886109 472289507 664886109 496593302
651733189 468604270 651733189 506026192
651733189 506026192 653193065 517652930
468437517 332481042 479780969 365473341
479780969 365473341 479780969 375894499
479780969 375894499 480042625 377870981
480042625 377870981 498412888 377870981
498412888 377870981 498412888 392030521
480042625 377870981 480042625 396251089
480042625 396251089 496910736 396251089
496910736 396251089 497206860 412044549
497206860 412044549 497206860 416036714
498412888 377870981 519346089 377870981
497206860 412044549 519026112 412044549
479780969 365473341 508732691 365473341
480042625 396251089 480042625 443420528
664886109 496593302 697013230 512525422
697013230 512525422 721734070 515348712
721734070 515348712 741484026 515348712
741484026 515348712 758316170 515348712
741484026 515348712 741484026 546977681
741484026 546977681 741484026 550291073
741484026 546977681 758045592 546977681
758045592 546977681 768268004 581780615
768268004 581780615 779530752 581780615
779530752 581780615 791905088 582835266
791905088 582835266 818896836 582835266
791905088 582835266 791905088 612464858
791905088 612464858 810335766 625450353
810335766 625450353 837239529 625450353
837239529 625450353 839949856 629592813
839949856 629592813 839949856 634843543
839949856 634843543 844082486 634843543
844082486 634843543 846788681 637302705
768268004 581780615 768268004 613259362
839949856 634843543 839949856 670593893
839949856 670593893 846377137 677844002
846377137 677844002 863461329 677844002
846377137 677844002 846377137 700455969
846377137 700455969 860931895 700455969
846377137 700455969 846377137 721050539
846377137 721050539 846377137 722208491
846377137 721050539 850656084 721050539
860931895 700455969 884916016 704313033
863461329 677844002 877115849 697057055
839949856 629592813 881217366 629592813
881217366 629592813 900899434 639400334
900899434 639400334 900899434 646972636
900899434 639400334 918978015 639400334
918978015 639400334 925891279 644097204
900899434 646972636 903406702 666581696
925891279 644097204 959849021 644368921
959849021 644368921 969445395 649685213
969445395 649685213 971303162 649685213
971303162 649685213 976167983 650267995
976167983 650267995 995671119 654792614
969445395 649685213 969445395 687211782
969445395 687211782 971291088 729734733
971291088 729734733 975313603 729734733
971291088 729734733 971291088 740542200
846377137 722208491 850577113 764761830
850577113 764761830 851761346 771302248
851761346 771302248 858052197 771302248
858052197 771302248 861205910 773519506
861205910 773519506 861205910 785609528
861205910 785609528 861598931 803685454
861598931 803685454 861598931 818374669
861598931 803685454 877121686 803685454
861598931 818374669 867651774 831932890
867651774 831932890 867651774 833390432
867651774 831932890 875748761 831932890
851761346 771302248 851761346 794598418
877121686 803685454 900995913 815226302
900995913 815226302 913632367 816310230
913632367 816310230 918359311 816310230
918359311 816310230 924074619 847809388
924074619 847809388 924074619 851037773
924074619 847809388 928959572 847809388
928959572 847809388 948880359 853528875
948880359 853528875 948880359 860526168
948880359 860526168 951515119 875590964
948880359 853528875 974450098 853528875
851761346 794598418 851978629 834368610
851978629 834368610 853007840 863081986
951515119 875590964 955430738 913953290
971291088 740542200 991720173 767314605
991720173 767314605 992077570 797872303
992077570 797872303 992077570 801873140
992077570 797872303 997052803 797872303
992077570 801873140 995709627 809232925
995709627 809232925 995851914 826846051
721734070 515348712 721734070 565481147
913632367 816310230 913632367 866776969
667876216 472289507 715636533 476415879
715636533 476415879 723792580 480983170
974450098 853528875 977142635 902860812
758316170 515348712 804153151 523896938
804153151 523896938 805767452 523896938
805767452 523896938 810938522 527556399
810938522 527556399 810938522 527564691
810938522 527556399 815801608 527556399
810938522 527564691 814354585 534945143
804153151 523896938 804153151 534922393
814354585 534945143 818896836 548155703
818896836 548155703 841659413 548155703
818896836 548155703 818896836 571651897
818896836 571651897 841348387 571651897
841659413 548155703 868698616 551633621
868698616 551633621 868698616 554630509
868698616 551633621 884439914 551633621
884439914 551633621 921382239 567784868
921382239 567784868 924567136 567784868
924567136 567784868 928464915 571969074
921382239 567784868 921382239 576669931
928464915 571969074 932167126 594178157
932167126 594178157 946270211 595386282
946270211 595386282 950378410 595386282
950378410 595386282 966273163 605313299
966273163 605313299 968762735 605313299
966273163 605313299 966273163 621482904
946270211 595386282 946270211 633104783
653193065 517652930 653683377 572245059
653683377 572245059 659642383 572245059
653683377 572245059 653683377 591668056
659642383 572245059 667899286 583834731
667899286 583834731 684360531 587902147
444670550 819504449 473716273 845930423
473716273 845930423 473716273 854981231
473716273 845930423 497952397 845930423
473716273 854981231 478280197 880500192
478280197 880500192 484988106 883313518
497952397 845930423 541404602 852381991
723792580 480983170 758725107 501562684
758725107 501562684 787267174 504940712
430650779 620958553 473980406 633908265
473980406 633908265 487483116 633908265
487483116 633908265 489903161 643740155
473980406 633908265 473980406 652974421
473980406 652974421 486713493 652974421
473980406 652974421 473980406 671425450
489903161 643740155 511597849 643922520
511597849 643922520 515083413 643922520
515083413 643922520 517938774 659988807
517938774 659988807 517938774 662312300
517938774 662312300 523822876 668352054
511597849 643922520 511597849 670344178
473980406 671425450 498341914 680099354
498341914 680099354 498725518 680099354
498725518 680099354 504946982 680099354
498725518 680099354 498725518 692892984
498341914 680099354 498341914 699524455
498341914 699524455 501973732 719415016
501973732 719415016 510670585 754965127
510670585 754965127 525789529 758099264
525789529 758099264 525789529 777276307
525789529 777276307 528809865 777276307
525789529 758099264 558055083 758099264
558055083 758099264 558055083 765175452
558055083 758099264 603135400 758099264
525789529 777276307 525789529 824974923
525789529 824974923 527017457 824974923
525789529 824974923 525789529 836031989
525789529 836031989 568546441 838344652
568546441 838344652 573055268 849900647
573055268 849900647 580292730 849900647
580292730 849900647 594061054 849900647
594061054 849900647 608624073 849900647
594061054 849900647 594061054 866662947
580292730 849900647 580292730 871486584
580292730 871486584 586195447 881264077
608624073 849900647 643725128 862170521
643725128 862170521 657095361 862170521
657095361 862170521 659266908 862170521
657095361 862170521 657095361 866856304
657095361 866856304 658463168 872071032
643725128 862170521 643725128 904376327
643725128 904376327 658542552 928646549
658542552 928646549 689127055 930016629
689127055 930016629 689127055 945856356
689127055 945856356 695387862 951727895
695387862 951727895 705136770 953603524
689127055 930016629 705136770 930016629
705136770 953603524 719067379 961394420
719067379 961394420 719067379 968398639
719067379 961394420 726821804 961394420
705136770 930016629 736608913 930016629
736608913 930016629 741790602 933712198
741790602 933712198 741790602 935342703
741790602 935342703 744184279 941756150
558055083 765175452 568546441 803921795
568546441 803921795 574985354 803921795
523822876 668352054 565188046 677285665
565188046 677285665 582005794 677285665
565188046 677285665 565188046 696807918
565188046 696807918 566856997 698478700
566856997 698478700 566856997 707674008
566856997 707674008 567745585 707674008
566856997 698478700 581150048 698478700
566856997 707674008 566856997 733495646
566856997 733495646 589555624 738043809
589555624 738043809 603135400 752701170
603135400 752701170 612188398 752701170
612188398 752701170 635585409 755389253
635585409 755389253 657891700 755389253
635585409 755389253 635585409 785327592
635585409 785327592 636727174 798328661
636727174 798328661 636727174 815639671
636727174 815639671 639563669 815639671
636727174 815639671 636727174 838498661
636727174 798328661 667263709 798328661
667263709 798328661 688206432 802187944
688206432 802187944 692183536 808231335
692183536 808231335 694713164 808231335
657891700 755389253 667263709 780098499
667263709 780098499 700170551 780098499
700170551 780098499 725945442 780469340
725945442 780469340 738325530 780469340
725945442 780469340 725945442 800036830
692183536 808231335 692183536 845371032
694713164 808231335 724680652 817860015
692183536 845371032 693189025 891516098
693189025 891516098 699096230 919123264
724680652 817860015 763219390 826519145
763219390 826519145 766114263 827766131
766114263 827766131 766114263 877050554
766114263 877050554 766114263 879757674
766114263 877050554 768996419 877050554
766114263 827766131 815945936 827766131
815945936 827766131 824571332 827766131
824571332 827766131 833749260 827766131
824571332 827766131 824571332 848430923
824571332 848430923 836341917 849137339
836341917 849137339 837225191 849137339
837225191 849137339 837225191 851417301
837225191 851417301 839309169 856966790
837225191 849137339 844981494 849137339
836341917 849137339 836341917 883187924
815945936 827766131 815945936 875447775
636727174 838498661 680182251 844975631
586195447 881264077 592698606 926168162
836341917 883187924 884008219 889915266
884008219 889915266 901953733 889915266
901953733 889915266 907020479 896401308
907020479 896401308 909253993 896401308
907020479 896401308 907020479 902956235
884008219 889915266 884008219 908261362
810335766 625450353 810335766 681940779
810335766 681940779 810975095 684334982
810975095 684334982 813224207 710463259
861205910 773519506 917976893 773519506
917976893 773519506 921526420 773519506
917976893 773519506 917976893 783696076
917976893 783696076 924410167 789095970
924410167 789095970 924410167 799611227
924410167 799611227 933877512 801024470
933877512 801024470 968108205 802641028
968108205 802641028 985085059 819520170
985085059 819520170 990879824 826785903
924410167 789095970 967128460 789095970
582005794 677285665 629627174 687526925
629627174 687526925 651120145 693136798
651120145 693136798 655114414 693136798
651120145 693136798 651120145 700271083
651120145 700271083 654729524 704442589
654729524 704442589 655937436 704442589
655937436 704442589 668931321 705068247
668931321 705068247 684165406 705068247
684165406 705068247 688905529 710300111
668931321 705068247 668931321 732778993
688905529 710300111 712485614 715859879
712485614 715859879 712485614 719778680
712485614 719778680 717984778 736625977
717984778 736625977 717984778 763646500
712485614 715859879 740029029 715859879
740029029 715859879 750372739 719588611
750372739 719588611 750372739 736625977
750372739 736625977 756018537 737953357
750372739 719588611 774624988 719588611
774624988 719588611 801803178 730884488
801803178 730884488 804831393 748954218
804831393 748954218 804831393 764521983
804831393 748954218 835655570 748954218
835655570 748954218 845863626 748954218
835655570 748954218 835655570 763872181
654729524 704442589 654729524 750552598
0 66678204 0 124818462
0 124818462 0 150489295
0 150489295 0 170520981
0 170520981 11529181 170520981
0 170520981 0 190315049
0 190315049 3278307 190315049
0 190315049 0 194186498
0 194186498 0 210377445
0 194186498 24841616 194186498
24841616 194186498 36669402 203892025
36669402 203892025 36669402 210377445
0 150489295 28655749 150489295
0 210377445 0 242848160
0 242848160 0 258379500
0 258379500 0 284991909
0 284991909 0 286229386
0 284991909 9381530 284991909
0 258379500 28155878 258379500
0 286229386 0 319971973
0 319971973 0 327083974
0 327083974 0 331865577
0 331865577 0 342514394
0 342514394 24028207 342514394
0 319971973 30675371 319971973
30675371 319971973 40452060 327083974
40452060 327083974 44194474 331865577
0 124818462 34108565 124818462
36669402 203892025 70788361 203892025
70788361 203892025 78199300 219168038
78199300 219168038 78199300 222179603
78199300 222179603 79790332 222179603
78199300 222179603 78199300 231965726
78199300 219168038 91713413 219168038
91713413 219168038 94080348 222057361
78199300 231965726 86444953 241501439
9381530 284991909 44903634 286229386
0 342514394 0 387347167
0 387347167 5438229 387347167
0 387347167 0 430872406
0 430872406 19223319 430872406
0 430872406 0 473908447
0 473908447 19737882 473908447
0 473908447 0 515819978
0 515819978 0 521503987
0 521503987 0 546379830
0 546379830 16642595 546379830
0 521503987 31850685 521503987
0 515819978 38960718 515819978
19223319 430872406 59264833 443662220
59264833 443662220 61594318 446286575
61594318 446286575 61594318 472331739
61594318 472331739 70561242 472331739
70561242 472331739 76613394 474132764
61594318 472331739 61594318 501199349
61594318 501199349 61594318 505779555
61594318 501199349 68446111 501199349
61594318 505779555 65092816 514919875
68446111 501199349 83268400 502433868
83268400 502433868 86250254 514919875
86250254 514919875 96647259 528394841
96647259 528394841 96647259 539694295
96647259 539694295 105463821 539694295
96647259 539694295 96647259 550844739
65092816 514919875 65092816 542864010
65092816 542864010 65092816 557546180
65092816 557546180 67890411 557546180
65092816 542864010 81117686 542864010
81117686 542864010 82299920 552814221
82299920 552814221 86486123 561426426
86486123 561426426 92167970 561426426
86486123 561426426 86486123 567781491
86486123 567781491 86581615 577026372
67890411 557546180 77165465 574543344
86581615 577026372 113284890 577026372
113284890 577026372 113284890 577195524
113284890 577195524 113284890 581687918
113284890 577195524 119297993 577195524
113284890 577026372 139526857 577026372
119297993 577195524 137534610 597751203
139526857 577026372 186278249 579368692
186278249 579368692 195863641 601111631
195863641 601111631 195863641 618314533
195863641 618314533 211227239 626649668
211227239 626649668 211227239 634995891
211227239 626649668 219730882 626649668
219730882 626649668 219730882 630781315
219730882 630781315 237864910 644608224
237864910 644608224 243122350 644608224
243122350 644608224 244421727 646872016
244421727 646872016 250949202 646872016
237864910 644608224 237864910 656948598
237864910 656948598 244421727 667722554
219730882 626649668 256156724 626649668
256156724 626649668 264592310 631076489
264592310 631076489 290510547 631344519
195863641 601111631 233167623 601111631
244421727 667722554 268028052 695067601
268028052 695067601 268363517 699823993
268363517 699823993 271461708 699823993
271461708 699823993 271461708 715678037
271461708 699823993 289844307 699823993
268363517 699823993 268363517 746634450
268363517 746634450 269283904 746634450
268363517 746634450 268363517 755812566
268363517 755812566 282187488 761549189
282187488 761549189 305634968 761549189
305634968 761549189 305634968 768553731
305634968 761549189 321260974 761549189
282187488 761549189 282187488 794871999
282187488 794871999 282187488 798855339
282187488 794871999 301066842 794871999
301066842 794871999 310966652 801583105
310966652 801583105 310966652 805604553
310966652 805604553 310966652 807447863
310966652 805604553 318170522 805604553
310966652 801583105 339483447 801583105
318170522 805604553 321283214 831905754
321283214 831905754 321283214 834620143
321283214 831905754 333594204 831905754
333594204 831905754 343177465 845291817
343177465 845291817 345980432 853248273
345980432 853248273 345980432 866706175
345980432 853248273 372846590 853248273
372846590 853248273 384268924 857211723
384268924 857211723 399102036 863594755
399102036 863594755 399102036 883974244
282187488 798855339 286808437 832707967
286808437 832707967 290281454 834659499
290281454 834659499 309473892 834659499
290281454 834659499 290281454 882032791
290281454 882032791 293668199 882032791
290281454 882032791 290281454 885999025
290281454 885999025 290281454 894886283
290281454 894886283 293668199 894886283
290281454 894886283 290281454 903107681
293668199 882032791 307942099 882032791
290281454 885999025 307262582 885999025
307942099 882032791 338426685 883678615
290281454 903107681 309915892 917197197
338426685 883678615 361821101 905456324
361821101 905456324 361821101 907660444
361821101 905456324 369516118 905456324
309915892 917197197 326848729 950745025
326848729 950745025 349106281 950745025
349106281 950745025 350412005 952487188
350412005 952487188 350412005 957760130
350412005 952487188 369435064 952487188
369435064 952487188 382822442 957974761
382822442 957974761 391476369 957974761
382822442 957974761 382822442 981368255
382822442 981368255 386878573 991106135
391476369 957974761 406175037 967920796
406175037 967920796 406175037 980892072
406175037 967920796 432048867 967920796
326848729 950745025 326848729 991646879
326848729 991646879 348978918 996390718
137534610 597751203 139936430 646738308
139936430 646738308 151835973 653337257
151835973 653337257 173767971 653337257
173767971 653337257 182990107 664020134
182990107 664020134 184688656 674152883
184688656 674152883 185348553 674152883
185348553 674152883 191947672 686847191
191947672 686847191 202859622 686847191
191947672 686847191 191947672 702810025
184688656 674152883 184688656 702041537
191947672 702810025 204378163 724373408
204378163 724373408 204378163 738826184
204378163 738826184 204378163 745742252
204378163 738826184 211680367 738826184
204378163 724373408 228212346 724373408
228212346 724373408 231265511 727926252
231265511 727926252 233884128 731834680
211680367 738826184 222104273 756933193
151835973 653337257 151835973 698479351
151835973 698479351 151835973 706055858
151835973 698479351 167835040 698479351
233167623 601111631 281693614 604178038
281693614 604178038 283699209 604178038
281693614 604178038 281693614 617738054
309473892 834659499 316879903 881029773
11529181 170520981 61242102 177058360
65092816 557546180 65092816 613907160
65092816 613907160 86581615 639599838
86581615 639599838 96242481 639600265
369516118 905456324 388328347 943150166
388328347 943150166 408464649 946287345
44194474 331865577 90063692 342627606
90063692 342627606 123712594 362751044
123712594 362751044 132342660 362751044
132342660 362751044 132342660 363074823
132342660 362751044 144005245 362751044
132342660 363074823 136834231 374088218
136834231 374088218 138104689 374088218
138104689 374088218 142127307 378086374
142127307 378086374 160945381 386683197
136834231 374088218 136834231 414107617
222104273 756933193 249342395 787205170
249342395 787205170 259909535 787205170
259909535 787205170 259909535 791900883
259909535 787205170 267983142 787205170
249342395 787205170 249342395 801582675
259909535 791900883 260865700 817981671
517938774 659988807 577413647 659988807
577413647 659988807 616438496 661318798
616438496 661318798 616438496 661883235
616438496 661318798 620721358 661318798
620721358 661318798 656117656 684739075
804831393 764521983 820951853 808575658
447781541 247104479 498752717 256407508
498752717 256407508 501929686 260629834
501929686 260629834 503081211 292666180
180986045 0 241935813 0
241935813 0 241935813 43735121
241935813 0 296336902 0
296336902 0 298734434 0
296336902 0 296336902 18616663
296336902 18616663 298734434 49890169
298734434 0 353865661 0
353865661 0 353865661 33895734
353865661 33895734 361334848 82915977
361334848 82915977 361334848 82957363
361334848 82957363 368763438 94213642
368763438 94213642 368763438 98984964
361334848 82915977 382802865 82915977
382802865 82915977 406976079 83207090
406976079 83207090 406976079 94213642
406976079 83207090 419717215 83207090
368763438 98984964 369312875 125533179
369312875 125533179 369312875 126664982
369312875 126664982 380787576 130727912
380787576 130727912 381795076 130727912
369312875 125533179 389131817 125533179
389131817 125533179 408750482 128634934
408750482 128634934 408750482 133998550
408750482 133998550 411198889 166105693
411198889 166105693 412432843 178661950
412432843 178661950 418067002 178661950
412432843 178661950 412432843 184797063
412432843 184797063 416140341 212143958
416140341 212143958 416684857 230663552
408750482 128634934 447412706 128634934
447412706 128634934 463416380 137861872
463416380 137861872 463416380 146789140
463416380 137861872 474355743 137861872
474355743 137861872 474787345 137861872
474355743 137861872 474355743 142440501
380787576 130727912 380787576 173825660
474355743 142440501 490397965 170021018
490397965 170021018 490397965 172834464
490397965 172834464 501916941 173077369
501916941 173077369 506086526 173077369
506086526 173077369 506086526 180049310
506086526 173077369 517720477 173077369
490397965 170021018 521296653 170021018
521296653 170021018 545656032 181001000
545656032 181001000 550355049 181001000
550355049 181001000 550355049 197909959
550355049 197909959 552083383 197909959
550355049 197909959 550355049 202032300
550355049 181001000 583466963 181001000
583466963 181001000 596197631 182637797
596197631 182637797 596197631 189581964
596197631 189581964 602305031 189581964
596197631 182637797 616630168 182637797
616630168 182637797 619891772 186672982
619891772 186672982 624232029 186672982
619891772 186672982 619891772 200520798
619891772 200520798 636707650 200520798
602305031 189581964 616281610 196833901
619891772 200520798 619891772 229378353
545656032 181001000 545656032 217200306
596197631 189581964 596197631 227203154
619891772 229378353 623030691 266540097
623030691 266540097 623030691 286039970
623030691 286039970 623030691 292400170
623030691 292400170 624897062 298545450
623030691 286039970 641556410 286039970
641556410 286039970 653384827 287190392
653384827 287190392 653384827 298545450
653384827 298545450 661536765 298545450
653384827 298545450 653384827 307741012
653384827 287190392 666911072 287190392
624897062 298545450 624897062 319680012
624897062 319680012 639079329 323505563
623030691 266540097 649026128 266540097
649026128 266540097 663071281 270253560
663071281 270253560 663071281 282928536
663071281 270253560 685679516 270253560
624232029 186672982 660623820 195477552
660623820 195477552 669920906 195477552
660623820 195477552 660623820 223821255
660623820 223821255 663071281 250646776
663071281 250646776 685679516 250646776
685679516 250646776 705964180 250646776
705964180 250646776 709204471 261930114
709204471 261930114 714560075 264828342
714560075 264828342 721653335 285871500
721653335 285871500 738139989 285871500
721653335 285871500 721653335 309831881
721653335 309831881 734179032 310342155
734179032 310342155 741268252 310342155
734179032 310342155 734179032 323984168
741268252 310342155 753198779 317961325
738139989 285871500 741268252 308464047
753198779 317961325 753198779 343854268
753198779 317961325 788202338 317961325
753198779 343854268 768597814 364480624
768597814 364480624 779860346 364480624
768597814 364480624 768597814 395442501
779860346 364480624 789882132 385656218
789882132 385656218 795771518 405577453
795771518 405577453 804683564 405577453
788202338 317961325 811349518 332655937
811349518 332655937 811349518 342837681
811349518 332655937 833387962 332655937
833387962 332655937 869349508 335126488
869349508 335126488 876316470 335126488
869349508 335126488 869349508 353082658
869349508 353082658 869406469 385998272
869406469 385998272 882912404 385998272
882912404 385998272 885770611 387108832
885770611 387108832 920709388 387108832
920709388 387108832 923696164 412423581
923696164 412423581 931214204 423076357
931214204 423076357 940503398 423076357
931214204 423076357 931214204 435022538
931214204 435022538 931509716 467383816
931509716 467383816 938929787 494998949
938929787 494998949 938929787 503861977
938929787 494998949 967088255 494998949
967088255 494998949 968030560 511230649
968030560 511230649 981642687 511230649
981642687 511230649 991978445 522296571
991978445 522296571 994560872 522296571
991978445 522296571 991978445 525946926
991978445 525946926 995878082 528909089
869406469 385998272 869406469 421556684
869406469 421556684 880455631 427012462
880455631 427012462 885770611 440598762
885770611 440598762 886993128 453951503
886993128 453951503 886993128 467364076
886993128 453951503 907711999 453951503
907711999 453951503 911266519 459938057
795771518 405577453 795771518 445155343
886993128 467364076 905787090 489325615
795771518 445155343 818142981 463707019
818142981 463707019 844275578 471980585
636707650 200520798 658645334 223821255
658645334 223821255 658645334 228598171
811349518 342837681 832041253 370090798
968030560 511230649 968030560 559866168
968030560 559866168 972205564 567010523
905787090 489325615 928309860 516189055
416684857 230663552 466798693 230663552
501916941 173077369 501916941 226164918
501916941 226164918 504209015 246723374
504209015 246723374 504209015 252082950
504209015 246723374 540069606 246723374
741268252 308464047 800144957 308464047
800144957 308464047 847874875 309868729
847874875 309868729 847874875 314822941
847874875 309868729 854184420 309868729
854184420 309868729 869349508 315729920
869349508 315729920 911757450 315729920
911757450 315729920 923523270 317659646
923523270 317659646 950221472 317659646
950221472 317659646 955780984 317659646
955780984 317659646 977173776 322450107
977173776 322450107 977173776 324252994
977173776 322450107 999698334 322450107
950221472 317659646 950221472 348650315
950221472 348650315 959661964 366700605
959661964 366700605 992258816 368253186
923523270 317659646 923523270 364703246
992258816 368253186 994290772 416079841
353865661 0 413943595 0
413943595 0 420912979 0
420912979 0 429316622 0
429316622 0 430622345 0
430622345 0 435222522 0
435222522 0 439070679 0
439070679 0 439070679 121241
429316622 0 429316622 25585688
429316622 25585688 430349287 40441985
430349287 40441985 430622345 40441985
430622345 40441985 435222522 41255419
430349287 40441985 430349287 58275388
420912979 0 420912979 26430890
439070679 0 471676021 0
471676021 0 473798282 0
471676021 0 471676021 11300233
471676021 11300233 473798282 13630319
413943595 0 413943595 36220545
473798282 0 518849695 0
518849695 0 518849695 17725903
518849695 0 549337032 0
549337032 0 549668728 0
549668728 0 562967187 0
562967187 0 598178266 0
598178266 0 613594542 0
613594542 0 615917993 0
615917993 0 620920417 0
613594542 0 613594542 11084422
613594542 11084422 615917993 21160619
615917993 21160619 620920417 21160619
615917993 21160619 615917993 32940219
598178266 0 598178266 24059289
620920417 0 645225637 0
645225637 0 647395833 0
615917993 32940219 624464292 56386270
645225637 0 645225637 32344845
645225637 32344845 647395833 36312101
647395833 36312101 661069966 51845970
661069966 51845970 661069966 67252301
661069966 67252301 672139695 71973428
672139695 71973428 681685084 71973428
661069966 51845970 677521344 51845970
672139695 71973428 672139695 91730019
672139695 91730019 687598133 91759240
687598133 91759240 708340638 91759240
687598133 91759240 687598133 113546308
687598133 113546308 699465490 122249151
677521344 51845970 689473481 63664526
699465490 122249151 699465490 149806961
699465490 149806961 707276907 156118054
707276907 156118054 708301079 156118054
707276907 156118054 707276907 177163622
647395833 0 681339242 0
681339242 0 681339242 1902887
681339242 0 684853879 0
684853879 0 701586048 0
701586048 0 701586048 3902889
684853879 0 684853879 17703516
701586048 0 728230473 0
728230473 0 728230473 9449183
728230473 0 741030240 0
741030240 0 741030240 8394050
741030240 0 756975977 0
756975977 0 770690312 0
770690312 0 775973551 0
775973551 0 783536318 0
775973551 0 775973551 9743198
783536318 0 801197099 0
801197099 0 816744897 0
756975977 0 756975977 23193101
756975977 23193101 770690312 29811498
770690312 29811498 775154140 44024118
775154140 44024118 783536318 44024118
783536318 44024118 796410821 49359659
796410821 49359659 801197099 49359659
801197099 49359659 806591820 60968664
816744897 0 816744897 23331969
816744897 0 844104430 0
844104430 0 844104430 17938742
844104430 0 872936057 0
872936057 0 874907288 0
874907288 0 879135244 0
879135244 0 888354463 0
888354463 0 903130946 0
903130946 0 920333270 0
920333270 0 922284330 0
922284330 0 934333946 0
934333946 0 938714838 0
938714838 0 938714838 669453
920333270 0 920333270 17160574
920333270 17160574 920801136 22621416
920801136 22621416 934333946 22621416
888354463 0 888354463 19642363
872936057 0 872936057 20931287
872936057 20931287 874907288 23299213
874907288 23299213 879135244 23299213
874907288 23299213 874907288 28097604
920801136 22621416 920801136 45500118
920801136 45500118 922284330 45500118
920801136 45500118 920801136 66695125
796410821 49359659 796410821 80010495
796410821 80010495 796428548 80010495
796410821 80010495 796410821 83453769
796410821 83453769 807034489 97035394
807034489 97035394 807034489 101437811
807034489 101437811 824469070 113359240
874907288 28097604 879794387 53908955
807034489 97035394 837867053 97035394
837867053 97035394 864581775 100628466
864581775 100628466 864581775 106121364
864581775 100628466 870530788 100628466
922284330 45500118 952860563 47146226
952860563 47146226 968058673 48203456
968058673 48203456 969558951 52459034
969558951 52459034 969998437 52459034
969558951 52459034 969558951 62119326
969558951 62119326 972155632 70178104
920801136 66695125 935620923 84873972
935620923 84873972 941283835 84873972
935620923 84873972 935620923 102198572
562967187 0 562967187 37407177
562967187 37407177 564843456 68740143
564843456 68740143 577282964 84380825
707276907 177163622 731740220 190432410
731740220 190432410 740186131 198995486
740186131 198995486 755126574 198995486
755126574 198995486 755126574 199221097
755126574 198995486 764698923 198995486
764698923 198995486 769735774 205083726
769735774 205083726 771421851 205083726
740186131 198995486 740186131 216596174
769735774 205083726 769735774 223527948
769735774 223527948 775714117 232213573
740186131 216596174 751914053 223527948
751914053 223527948 751914053 227549283
751914053 227549283 761397996 247629034
699465490 122249151 739850087 122249151
775154140 44024118 775154140 86061224
870530788 100628466 887611372 127954625
887611372 127954625 913081651 137957118
824469070 113359240 850297208 132343009
850297208 132343009 859858076 163405428
859858076 163405428 859900376 173641689
859900376 173641689 860837096 173872517
860837096 173872517 884235509 173872517
884235509 173872517 884235509 180518619
884235509 173872517 897320846 173872517
897320846 173872517 900474185 181939814
900474185 181939814 927338059 181939814
927338059 181939814 927338059 192224421
927338059 192224421 936694458 202154418
927338059 181939814 948934483 181939814
948934483 181939814 965905648 183526885
965905648 183526885 965905648 188925119
965905648 183526885 986831083 183526885
860837096 173872517 860837096 207303804
860837096 207303804 864362052 216469538
986831083 183526885 995070089 216434230
549337032 0 549337032 44865970
549337032 44865970 549668728 47093025
708301079 156118054 742558317 166921407
742558317 166921407 755738582 167254310
755738582 167254310 775913371 167254310
775913371 167254310 775913371 173377180
755738582 167254310 755738582 188869447
775913371 173377180 801506191 182723989
801506191 182723989 815379614 197929223
775913371 167254310 819700381 167254310
844104430 17938742 855657341 52470303
430349287 58275388 466022154 70645167
466022154 70645167 466022154 74267931
466022154 70645167 513034163 70645167
513034163 70645167 519233957 83988513
519233957 83988513 540157222 104548704
540157222 104548704 540802042 119018964
540802042 119018964 550011655 119018964
540802042 119018964 540802042 143644924
540802042 143644924 548062125 151173810
548062125 151173810 548062125 160351660
548062125 151173810 588654772 151173810
588654772 151173810 588654772 153169058
588654772 153169058 593377555 154202844
593377555 154202844 593598502 154202844
588654772 151173810 595634199 151173810
593377555 154202844 593377555 176514255
938714838 669453 979475467 8635932
979475467 8635932 995554239 13496851
624464292 56386270 636274141 95163617
636274141 95163617 645985562 95163617
636274141 95163617 636274141 110816870
636274141 110816870 636607683 138772880
636607683 138772880 640888545 148831889
640888545 148831889 640888545 171799155
640888545 148831889 666691023 148831889
666691023 148831889 674493933 159069708
640888545 171799155 659858847 180711265
659858847 180711265 686570143 187642858
761397996 247629034 806725764 256034918
806725764 256034918 842104283 267782047
744184279 941756150 790648694 956365462
790648694 956365462 796632006 965118501
796632006 965118501 796632006 987248430
796632006 965118501 832715991 965118501
832715991 965118501 840763400 977671018
840763400 977671018 840763400 987279360
840763400 977671018 859599721 977671018
859599721 977671018 898105093 978499519
898105093 978499519 925009580 979079060
925009580 979079060 946653324 980709189
946653324 980709189 946653324 980764659
946653324 980709189 954587559 980709189
518849695 17725903 539975412 57920414
395273022 665055327 442167344 679512844
442167344 679512844 450071553 680099354
450071553 680099354 450071553 696612575
450071553 696612575 457194444 696612575
450071553 696612575 450071553 729400869
450071553 729400869 466258146 732223155
466258146 732223155 466258146 736144905
466258146 732223155 472245642 732223155
472245642 732223155 496635517 739114111
496635517 739114111 496699067 749296722
496699067 749296722 496699067 749661923
496699067 749296722 551302934 749296722
844275578 471980585 858926944 518926496
858926944 518926496 858926944 523700906
858926944 518926496 880389761 518926496
880389761 518926496 892621678 537479869
892621678 537479869 901201628 541803260
471606657 556583983 471606657 618496054
573055268 849900647 573055268 911928115
573055268 911928115 576871224 912104640
123712594 362751044 123712594 424787152
123712594 424787152 126132757 446286575
126132757 446286575 126231405 446286575
126132757 446286575 126132757 447137196
534303617 571163372 596661511 571163372
286467494 89782992 338244298 100368741
911266519 459938057 967713434 466186187
339483447 801583105 382626299 821685438
382626299 821685438 402412839 832846070
402412839 832846070 402412839 835920565
972155632 70178104 985532036 120224774
985532036 120224774 995084262 120224774
995084262 120224774 995084262 123305186
995084262 120224774 999788552 120224774
985532036 120224774 985532036 136378756
985532036 136378756 990327413 175542634
990327413 175542634 994259239 175542634
990327413 175542634 990327413 181648175
543949726 545987716 599635041 554654959
599635041 554654959 609592374 555129557
419717215 83207090 465241633 102678381
900474185 181939814 900474185 247090305
900474185 247090305 901513466 247090305
900474185 247090305 900474185 250604995
900474185 250604995 907486022 254149420
907486022 254149420 916068622 282265015
151835973 706055858 156837735 766441323
156837735 766441323 174747791 789216493
174747791 789216493 177079014 809368324
177079014 809368324 198877535 840146510
198877535 840146510 214206068 840146510
198877535 840146510 198877535 862714163
198877535 862714163 239582673 863816323
239582673 863816323 242092704 872997847
242092704 872997847 258447359 872997847
258447359 872997847 277341095 874007735
242092704 872997847 242092704 904242508
214206068 840146510 243429530 854155902
503081211 292666180 558577029 302651608
558577029 302651608 580663885 302786605
289844307 699823993 314859212 741235088
314859212 741235088 314859212 743411595
314859212 741235088 328335829 741235088
804683564 405577453 855456967 421698665
639079329 323505563 669446199 361185198
669446199 361185198 673375417 377107930
673375417 377107930 673375417 416915315
673375417 377107930 716394500 377107930
673375417 416915315 683214346 460207675
683214346 460207675 691926734 460398356
691926734 460398356 727818565 470458135
727818565 470458135 728204525 470458135
727818565 470458135 727818565 476034341
716394500 377107930 733050365 420435959
681685084 71973428 733816136 88002213
733816136 88002213 769616304 118943785
733050365 420435959 754434940 470180168
96647259 528394841 167868496 528394841
815945936 875447775 829097293 933712198
361890627 528175675 399972293 561649180
522622401 963219754 570058795 987401665
726821804 961394420 779208987 980706510
442202394 266313713 442202394 338235123
253033702 432445065 322004536 435876283
322004536 435876283 322991180 435876283
322004536 435876283 322004536 437539887
519026112 412044549 525079292 478793525
525079292 478793525 531615383 481316698
531615383 481316698 539507591 493762752
539507591 493762752 568776126 493762752
568776126 493762752 614018137 510174868
614018137 510174868 618900727 511430744
618900727 511430744 641245399 511430744
618900727 511430744 618900727 551391400
845863626 748954218 911690383 756463797
911690383 756463797 935378368 762549173
935378368 762549173 966160610 765172920
977142635 902860812 982055245 972909934
0 546379830 0 621719853
0 621719853 0 639242368
0 639242368 16133945 639242368
0 621719853 25698347 621719853
0 639242368 0 694376502
0 694376502 0 712388302
0 712388302 0 721260304
0 721260304 0 734093889
0 734093889 0 747693414
0 747693414 0 749399930
0 712388302 19859372 712388302
0 747693414 25646921 747693414
25646921 747693414 38403744 749399930
0 749399930 0 775401829
0 775401829 0 775712058
0 775712058 0 789176093
0 789176093 0 798791081
0 798791081 3225603 798791081
0 798791081 0 808564302
0 808564302 0 817362641
0 775401829 16220274 775401829
16220274 775401829 20905942 775712058
0 817362641 25520570 817362641
0 817362641 0 846844809
0 846844809 0 847661112
0 847661112 7986419 847661112
0 846844809 9602948 846844809
0 694376502 33131826 694376502
19859372 712388302 46932527 720865892
46932527 720865892 46932527 721260304
46932527 721260304 54158591 726693235
54158591 726693235 58597124 726693235
54158591 726693235 54158591 733660005
54158591 733660005 58822870 735302663
58822870 735302663 77639614 749028178
77639614 749028178 77639614 755455929
77639614 749028178 91528213 749028178
0 808564302 35693393 808564302
35693393 808564302 74879659 810499648
74879659 810499648 95299943 810499648
95299943 810499648 99466863 810499648
95299943 810499648 95299943 843882353
95299943 843882353 115647202 853824992
99466863 810499648 115647202 835571097
115647202 835571097 118466371 835571097
20905942 775712058 49981298 789176093
49981298 789176093 50711445 791419549
50711445 791419549 58436644 791419549
50711445 791419549 50711445 806049500
0 734093889 43764275 734093889
46932527 720865892 91266524 720865892
91528213 749028178 124156327 761278406
124156327 761278406 129241662 764073805
129241662 764073805 130780719 808355012
118466371 835571097 158207484 849052484
158207484 849052484 166476266 850524499
166476266 850524499 195791151 869092431
0 847661112 0 908870619
0 908870619 0 917642452
0 917642452 1101672 917642452
1101672 917642452 26618096 917642452
0 908870619 43918600 908870619
43918600 908870619 58043438 941407975
58043438 941407975 66192209 946127218
66192209 946127218 85838030 946127218
66192209 946127218 66192209 966294833
1101672 917642452 1101672 982180260
1101672 982180260 8085528 991955859
91266524 720865892 142812348 735337889
115647202 853824992 141347055 900274367
141347055 900274367 150221553 900274367
141347055 900274367 141347055 914830138
150221553 900274367 190706830 914740354
190706830 914740354 207153353 944331086
207153353 944331086 210712713 960964144
210712713 960964144 210712713 961247456
210712713 960964144 218237898 960964144
218237898 960964144 218719900 968202383
218719900 968202383 226803345 968202383
218719900 968202383 218719900 991335533
226803345 968202383 256738778 979841720
256738778 979841720 256738778 984111630
256738778 984111630 273448291 991787733
273448291 991787733 298682308 996550066
256738778 979841720 307764562 979841720
311832819 359557597 328131106 418641769
480042625 443420528 508490528 490586567
884916016 704313033 933687202 732877204
907020479 902956235 926432913 961175269
926432913 961175269 951291188 961510311
951291188 961510311 951291188 963743143
951291188 961510311 954035651 961510311
951291188 963743143 952820127 970791000
560876611 383074406 560876611 461784217
995070089 216434230 999142422 292850683
916068622 282265015 989196606 289924175
238156813 478196487 245855307 551998689
245855307 551998689 246735637 552352986
246735637 552352986 246735637 566393439
246735637 566393439 246735637 567824612
246735637 566393439 253442028 566393439
253442028 566393439 256758165 567854466
256758165 567854466 256758165 572350824
256758165 567854466 264765411 567854466
246735637 552352986 270458908 552352986
256758165 572350824 264188744 596797902
621017459 972119730 679409828 996459500
901201628 541803260 919762370 606723613
74879659 810499648 74879659 896069439
74879659 896069439 94085291 908070596
141347055 914830138 144793445 998480079
741484026 550291073 754445009 625878247
754445009 625878247 755422595 662283469
721734070 565481147 725942321 650278556
725942321 650278556 736872413 650278556
736872413 650278556 737042831 650278556
736872413 650278556 736872413 658247370
725942321 650278556 725942321 666177666
736872413 658247370 745768466 678229005
348683316 329799676 389779133 378219665
815379614 197929223 855604251 248451398
177781041 447700053 189784942 526862892
382930445 435347390 465577511 448864744
465577511 448864744 472974538 448864744
465577511 448864744 465577511 463585051
465577511 463585051 469386844 463585051
469386844 463585051 476758875 474704397
465577511 463585051 465577511 483969310
