1469
0 0 0 2203825
0 2203825 0 8711082
0 0 7936660 0
7936660 0 10170938 0
10170938 0 17991643 0
0 8711082 0 18938094
0 18938094 0 25995682
17991643 0 30693684 0
30693684 0 30693684 2203825
30693684 0 39409016 0
39409016 0 39409016 8711082
39409016 0 49802489 0
0 25995682 0 39842430
0 39842430 0 48925781
0 48925781 7936660 48925781
0 39842430 10170938 39842430
0 18938094 17991643 18938094
49802489 0 68304194 0
68304194 0 68304194 9760949
68304194 0 84333324 0
84333324 0 91457106 0
91457106 0 91457106 6297827
91457106 0 103768029 0
103768029 0 114595251 0
114595251 0 115501000 0
49802489 0 49802489 25995682
84333324 0 84333324 26632524
84333324 26632524 89282016 27463397
89282016 27463397 103768029 27463397
103768029 27463397 114595251 29691656
114595251 29691656 115501000 46090202
0 48925781 0 90329633
0 90329633 37708250 90329633
0 90329633 0 131676955
0 131676955 1282319 131676955
0 131676955 0 135131693
0 135131693 12756581 135131693
37708250 90329633 77547218 93127770
77547218 93127770 77547218 93445385
77547218 93127770 85654307 93127770
85654307 93127770 86976655 98465158
86976655 98465158 93844980 100675229
93844980 100675229 103641411 100675229
93844980 100675229 93844980 119504066
103641411 100675229 119232102 114637133
119232102 114637133 121741801 118190612
121741801 118190612 142825025 118190612
142825025 118190612 142825025 126583699
121741801 118190612 121741801 143474791
142825025 118190612 169264422 118190612
169264422 118190612 179697889 123559330
179697889 123559330 179697889 125725244
179697889 123559330 219201414 123559330
219201414 123559330 240722985 124092650
240722985 124092650 240722985 139098811
142825025 126583699 162782444 148196417
162782444 148196417 178899624 176317860
178899624 176317860 178899624 197792433
178899624 176317860 214213236 176317860
89282016 27463397 89282016 73944197
115501000 46090202 154269046 54573794
154269046 54573794 154269046 61638475
154269046 61638475 158248472 61638475
154269046 61638475 154269046 73659826
158248472 61638475 182720206 61927501
182720206 61927501 182720206 91613654
182720206 91613654 184659947 95817944
184659947 95817944 184659947 99194133
184659947 95817944 214943416 95817944
214943416 95817944 214943416 96410543
214943416 95817944 225198535 95817944
154269046 54573794 194876300 54573794
194876300 54573794 233454568 61927501
233454568 61927501 268897240 69840976
268897240 69840976 313864060 73296464
313864060 73296464 313864060 88460752
313864060 73296464 340978894 73296464
240722985 139098811 283233532 145367559
283233532 145367559 288614341 147223977
288614341 147223977 326805221 147223977
326805221 147223977 340957456 153141198
340957456 153141198 349677102 153141198
349677102 153141198 349677102 157233373
349677102 153141198 354578588 153141198
340957456 153141198 340957456 169499001
340957456 169499001 344103787 169499001
354578588 153141198 370371906 156018756
370371906 156018756 371640980 157198401
340957456 169499001 340957456 195192427
371640980 157198401 389807587 171649242
389807587 171649242 391406365 180302320
391406365 180302320 407919364 198770298
407919364 198770298 437235625 199541628
437235625 199541628 460059878 203908524
340957456 195192427 340980989 231402452
340980989 231402452 340980989 240970872
340980989 231402452 354237120 231402452
340980989 240970872 350250451 245217263
350250451 245217263 350250451 248696479
350250451 248696479 356156903 250531331
350250451 245217263 367748135 245217263
367748135 245217263 394596232 245447337
394596232 245447337 410828384 245447337
410828384 245447337 410828384 259793013
410828384 245447337 427305475 245447337
427305475 245447337 427421997 251393025
427421997 251393025 427421997 253413481
394596232 245447337 394596232 275070794
460059878 203908524 495060917 213569472
240722985 124092650 291917097 124092650
394596232 275070794 403538650 322896742
403538650 322896742 411819570 331460605
411819570 331460605 453990492 331460605
453990492 331460605 468214000 331460605
468214000 331460605 478214661 331506624
478214661 331506624 480805072 335619817
480805072 335619817 481516911 335619817
481516911 335619817 485413631 337059690
480805072 335619817 480805072 360980010
453990492 331460605 453990492 367660032
453990492 367660032 462908152 393114599
462908152 393114599 465641631 395083096
465641631 395083096 465641631 426795059
465641631 426795059 470702438 456158106
465641631 395083096 501022107 395083096
501022107 395083096 513374587 395083096
501022107 395083096 501022107 410242138
513374587 395083096 534327754 399323362
534327754 399323362 534327754 403530223
534327754 399323362 545071688 399323362
545071688 399323362 567372693 401565765
567372693 401565765 589734470 401565765
589734470 401565765 611746596 401565765
611746596 401565765 620242055 407190598
620242055 407190598 635508599 421587444
635508599 421587444 635508599 440546989
635508599 440546989 645547807 440546989
635508599 421587444 657461464 421587444
657461464 421587444 657461464 431661218
657461464 421587444 677540598 421587444
677540598 421587444 682211506 432570040
682211506 432570040 690780376 432570040
682211506 432570040 682211506 445389912
682211506 445389912 685867461 445389912
685867461 445389912 693570655 457247485
693570655 457247485 696548026 458037971
690780376 432570040 715776159 433282237
682211506 445389912 682211506 475581515
501022107 410242138 505633602 435838859
682211506 475581515 696548026 494435266
696548026 494435266 696548026 502344236
696548026 502344236 700120264 523389768
700120264 523389768 700120264 547095419
700120264 547095419 709277339 550080164
709277339 550080164 709277339 556100795
709277339 556100795 714877612 556100795
714877612 556100795 718671874 559124174
718671874 559124174 718671874 560907916
709277339 556100795 709277339 567114939
718671874 560907916 721008173 570880870
721008173 570880870 723571523 570880870
709277339 550080164 726516414 550080164
723571523 570880870 734173049 581753577
734173049 581753577 746723026 584937520
718671874 559124174 746243678 559124174
746243678 559124174 765436514 566800492
726516414 550080164 753763454 553995807
753763454 553995807 782675355 556635539
782675355 556635539 782675355 564581280
782675355 556635539 814212894 556635539
700120264 523389768 733131050 523389768
746723026 584937520 753993181 610995100
753993181 610995100 757908247 633240961
757908247 633240961 757908247 637199962
757908247 633240961 762014300 633240961
757908247 637199962 757908247 648936129
757908247 648936129 762014300 648936129
757908247 648936129 757908247 663259690
762014300 648936129 777936355 649868913
777936355 649868913 781119979 662288316
781119979 662288316 781119979 662713744
762014300 633240961 793338799 633240961
793338799 633240961 793338799 637199962
793338799 633240961 803304551 633240961
803304551 633240961 803761784 638988847
781119979 662288316 816655197 662288316
696548026 494435266 732295143 494435266
732295143 494435266 759548234 494942625
759548234 494942625 771669204 500684585
771669204 500684585 784230259 504746651
784230259 504746651 790521170 516483326
790521170 516483326 793281477 519644792
793281477 519644792 793281477 530482780
793281477 519644792 824270821 519644792
824270821 519644792 843056614 528006582
793281477 530482780 814212894 541085209
814212894 541085209 824094533 541085209
635508599 440546989 635508599 477041425
635508599 477041425 654779537 496285730
654779537 496285730 654779537 503331650
654779537 496285730 674115290 496285730
470702438 456158106 472969710 492999759
472969710 492999759 494188022 508978859
494188022 508978859 494188022 509721196
494188022 509721196 499293693 512835895
499293693 512835895 504786787 512835895
504786787 512835895 517052047 515987889
494188022 508978859 512077276 508978859
499293693 512835895 499293693 536225504
499293693 536225504 512833848 543116154
512833848 543116154 520705260 543116154
520705260 543116154 534334854 543643634
534334854 543643634 534334854 547195901
534334854 543643634 543672088 543643634
543672088 543643634 547113826 548263949
512833848 543116154 512833848 564406226
512833848 564406226 518440937 593674563
518440937 593674563 521849519 600858928
521849519 600858928 521849519 617423933
521849519 617423933 523869452 617423933
521849519 617423933 521849519 634021929
521849519 600858928 541658970 600858928
541658970 600858928 541658970 611846954
521849519 634021929 528663614 648590978
528663614 648590978 539969573 648590978
528663614 648590978 528663614 660102510
528663614 660102510 529725376 675634958
541658970 611846954 543963231 633913535
539969573 648590978 562614633 651032425
543963231 633913535 560233707 643558426
529725376 675634958 556003887 675634958
556003887 675634958 560746525 692415106
560746525 692415106 560746525 695073189
541658970 600858928 568521544 600858928
568521544 600858928 573992460 604398345
529725376 675634958 529725376 703736366
560746525 692415106 589689687 692415106
589689687 692415106 622005060 693054295
622005060 693054295 634692512 693054295
634692512 693054295 637538884 693054295
634692512 693054295 634692512 705124749
634692512 705124749 635150003 725026473
635150003 725026473 635150003 737891127
635150003 737891127 643720616 737891127
635150003 725026473 656584058 725026473
656584058 725026473 674542453 727942839
674542453 727942839 676387953 727942839
674542453 727942839 674542453 743219387
622005060 693054295 622005060 717612907
622005060 717612907 629065660 720658814
676387953 727942839 692157129 736914479
674542453 743219387 675366235 772871939
692157129 736914479 713884919 748121917
643720616 737891127 652860376 762900700
652860376 762900700 653465753 762900700
652860376 762900700 652860376 774320651
589734470 401565765 589734470 443308142
573992460 604398345 604897542 617573799
604897542 617573799 637344692 619055833
781119979 662713744 789285728 698878710
789285728 698878710 789489323 709807432
789489323 709807432 789489323 738633482
789489323 738633482 798615280 754680561
798615280 754680561 798615280 770199787
798615280 754680561 816790483 754680561
816790483 754680561 816790483 762654506
816790483 754680561 840334759 754680561
840334759 754680561 840334759 757788512
840334759 754680561 857735747 754680561
798615280 770199787 810690232 789752617
810690232 789752617 810690232 791613166
810690232 789752617 827405756 789752617
810690232 791613166 814351599 823572089
814351599 823572089 828222291 832276990
828222291 832276990 828222291 839909609
828222291 839909609 830318054 839909609
830318054 839909609 838815162 847219861
838815162 847219861 838815162 857390445
838815162 847219861 854924289 847219861
854924289 847219861 871169837 850314880
871169837 850314880 878481360 850314880
878481360 850314880 891631143 857551808
828222291 839909609 828222291 865798065
891631143 857551808 909653748 869099830
909653748 869099830 915017979 876231677
915017979 876231677 915017979 897763579
915017979 897763579 928687551 897763579
915017979 897763579 915017979 929610106
915017979 929610106 919263787 941461499
919263787 941461499 928573815 953254272
928573815 953254272 947849829 953254272
928573815 953254272 928573815 979039206
871169837 850314880 871169837 890444152
915017979 876231677 957247092 876231677
928687551 897763579 947715363 922258120
696548026 458037971 741859173 458037971
741859173 458037971 759548234 483773952
759548234 483773952 778877263 483773952
675366235 772871939 703925683 789750577
703925683 789750577 703993500 813011734
703993500 813011734 703993500 843174889
703993500 843174889 711855951 843174889
703993500 843174889 703993500 852817614
703993500 852817614 705141257 877275657
705141257 877275657 705141257 881628760
705141257 881628760 705141257 884314404
705141257 881628760 711485965 881628760
705141257 877275657 720323461 877275657
720323461 877275657 730647536 891212779
730647536 891212779 737916060 891212779
737916060 891212779 739761138 899903259
739761138 899903259 739761138 903782029
730647536 891212779 730647536 903361949
739761138 903782029 742432490 915632162
742432490 915632162 754943961 915632162
739761138 899903259 756717184 899903259
742432490 915632162 742432490 940568998
756717184 899903259 787231777 900172532
787231777 900172532 795673283 907756418
795673283 907756418 800501614 923696382
800501614 923696382 807505062 931503822
807505062 931503822 818422061 949657149
818422061 949657149 818422061 960874736
818422061 960874736 824394519 960874736
824394519 960874736 830684886 962408385
818422061 960874736 818422061 969858415
830684886 962408385 830684886 973805970
830684886 973805970 834361291 974812703
703993500 813011734 734877723 813011734
734877723 813011734 772409844 816679218
772409844 816679218 778118546 816679218
772409844 816679218 772409844 828625005
778118546 816679218 787587204 823572089
787587204 823572089 787587204 827277888
830684886 962408385 874322626 962408385
874322626 962408385 905109907 963508810
905109907 963508810 909692736 985566916
909692736 985566916 911386078 985566916
909692736 985566916 909692736 992273396
818422061 949657149 862299343 949657149
862299343 949657149 863975154 952347299
863975154 952347299 870600053 952347299
870600053 952347299 875013657 952347299
870600053 952347299 870600053 957551156
875013657 952347299 878036163 955542818
878036163 955542818 878036163 957083402
878036163 955542818 896155510 955542818
863975154 952347299 863975154 992493534
411819570 331460605 411819570 377196078
411819570 377196078 411819570 382306099
411819570 377196078 433332048 377196078
433332048 377196078 444012229 382347400
411819570 382306099 416918421 408700580
416918421 408700580 425016918 429020576
425016918 429020576 425496671 429020576
425496671 429020576 425496671 447413411
425496671 429020576 445311505 429020576
445311505 429020576 456383806 429020576
445311505 429020576 445311505 445063260
425016918 429020576 425016918 452217730
547113826 548263949 569147828 572526434
569147828 572526434 573992460 581314229
573992460 581314229 573992460 596189866
573992460 596189866 590170169 596189866
590170169 596189866 590402142 602484626
573992460 581314229 594203290 581314229
590402142 602484626 607949274 614980257
594203290 581314229 629615310 591844519
814212894 556635539 832367236 584913731
832367236 584913731 843656143 590534397
843656143 590534397 847939470 590534397
843656143 590534397 843656143 602476566
843656143 602476566 857461122 627667950
847939470 590534397 883667212 598049289
883667212 598049289 890027528 609136173
890027528 609136173 890106011 613296864
890106011 613296864 921918459 613296864
921918459 613296864 944338131 620961136
944338131 620961136 945191602 622169814
945191602 622169814 958969072 622169814
958969072 622169814 971340964 628130303
945191602 622169814 945191602 654589016
505633602 435838859 517517300 471591132
517517300 471591132 517517300 477738004
517517300 471591132 526904737 471591132
526904737 471591132 536612594 484260349
536612594 484260349 536612594 493192912
536612594 493192912 536612594 494444029
536612594 493192912 543944224 493192912
543944224 493192912 544634190 497616845
544634190 497616845 561567741 499476094
561567741 499476094 594948945 499476094
594948945 499476094 627865437 503331650
627865437 503331650 627865437 506340692
627865437 506340692 629870390 506685360
561567741 499476094 561567741 539088050
536612594 484260349 577321698 484260349
577321698 484260349 583545200 527259774
721008173 570880870 721008173 620146978
721008173 620146978 746170905 635447516
567372693 401565765 567372693 451010647
629870390 506685360 644430938 543218619
644430938 543218619 654258155 547095419
654258155 547095419 654258155 556750307
654258155 556750307 657103967 556750307
654258155 547095419 681067167 547095419
681067167 547095419 681067167 549751765
654258155 556750307 654258155 584670033
681067167 549751765 696796010 574700347
583545200 527259774 594561015 568281507
594561015 568281507 622178268 574467436
622178268 574467436 622178268 579325189
622178268 574467436 628505374 574467436
843056614 528006582 887448030 536251182
887448030 536251182 921997882 553367091
921997882 553367091 936496090 561368542
936496090 561368542 961845432 561368542
936496090 561368542 936496090 587867417
936496090 587867417 947114050 598296772
961845432 561368542 994686229 572975003
637344692 619055833 670708046 640894469
670708046 640894469 672171850 640894469
672171850 640894469 683730389 643221371
670708046 640894469 670708046 657292531
709277339 567114939 711390615 620356740
711390615 620356740 715990578 620356740
711390615 620356740 711390615 631790324
828222291 832276990 883637202 832276990
883637202 832276990 897106545 833596357
897106545 833596357 907680426 836681389
907680426 836681389 931458710 851765937
931458710 851765937 957734003 855826072
957734003 855826072 959220605 855959451
959220605 855959451 981690451 872869942
871169837 890444152 875013657 942132837
875013657 942132837 908667735 942132837
89282016 73944197 146494225 76534309
657461464 431661218 674115290 475581515
425016918 452217730 434087275 503725096
434087275 503725096 435449653 503725096
434087275 503725096 434087275 530913735
434087275 530913735 446043161 534376958
446043161 534376958 469983009 550812150
469983009 550812150 483754101 550812150
483754101 550812150 489720906 550812150
489720906 550812150 491066880 554421229
483754101 550812150 483754101 561916884
469983009 550812150 469983009 573327837
857735747 754680561 897232306 776092931
897232306 776092931 906665294 785743188
906665294 785743188 934200379 785743188
934200379 785743188 934200379 790414924
934200379 790414924 937519716 811650540
934200379 785743188 964984279 785743188
937519716 811650540 960999696 828557233
960999696 828557233 967850863 837206532
906665294 785743188 906665294 828401988
945191602 654589016 954584274 706380129
178899624 197792433 193420397 244717595
193420397 244717595 198379926 259037191
198379926 259037191 205219592 260744563
205219592 260744563 222973036 260744563
222973036 260744563 222973036 276123527
222973036 276123527 226472094 294181908
205219592 260744563 205219592 290407589
222973036 260744563 262674840 260744563
262674840 260744563 264206985 275549882
264206985 275549882 285028608 275549882
264206985 275549882 264206985 320834061
264206985 320834061 270968207 320834061
270968207 320834061 270968207 321816160
270968207 320834061 277060866 320834061
277060866 320834061 291989213 328662166
291989213 328662166 291989213 337074072
291989213 337074072 294032939 347576867
294032939 347576867 302761754 356405006
302761754 356405006 302761754 366875782
302761754 356405006 326947168 356405006
326947168 356405006 328903230 356405006
326947168 356405006 326947168 364533273
291989213 328662166 326947168 328662166
326947168 328662166 335730341 328662166
335730341 328662166 349675489 343291390
349675489 343291390 363175920 362355984
264206985 320834061 264206985 367376704
264206985 367376704 266742123 369157721
266742123 369157721 266742123 388602163
266742123 388602163 268562220 388602163
266742123 369157721 288474060 369157721
326947168 364533273 345434613 394579116
345434613 394579116 359673319 396595475
359673319 396595475 380931902 396595475
380931902 396595475 396673426 397375623
396673426 397375623 398120755 397375623
396673426 397375623 396673426 403660573
396673426 403660573 397729378 408700580
397729378 408700580 397729378 427565709
397729378 427565709 403266235 427565709
397729378 427565709 397729378 459483268
266742123 388602163 266742123 437893749
266742123 437893749 271301220 439214500
271301220 439214500 299184730 439214500
299184730 439214500 302544368 462993351
302544368 462993351 302544368 465370899
302544368 465370899 307798208 466297458
307798208 466297458 308976537 466297458
307798208 466297458 307798208 475812186
302544368 462993351 321731938 462993351
321731938 462993351 329901194 487383106
329901194 487383106 329901194 494875073
329901194 487383106 359061124 487383106
359061124 487383106 367316950 488299082
271301220 439214500 271301220 472684839
271301220 472684839 289572593 501960409
289572593 501960409 289572593 508831478
289572593 501960409 298224042 501960409
289572593 508831478 294060281 550481199
294060281 550481199 312510149 552519749
312510149 552519749 312510149 587338791
312510149 552519749 351835626 552519749
351835626 552519749 358370254 558862880
358370254 558862880 371917547 570505738
371917547 570505738 384116338 570505738
384116338 570505738 384116338 579361858
384116338 579361858 384495529 590622365
384495529 590622365 385163930 590622365
384495529 590622365 384495529 600676460
384116338 570505738 396897164 570505738
384495529 600676460 398402712 608676325
398402712 608676325 398402712 612768339
398402712 612768339 398590790 623935340
398590790 623935340 400964056 626150092
400964056 626150092 415793494 627254232
415793494 627254232 423720392 627254232
415793494 627254232 415793494 646247499
415793494 646247499 417782826 646282723
398402712 608676325 431214764 608676325
431214764 608676325 448211103 614567218
448211103 614567218 448211103 616680042
448211103 614567218 458255044 614567218
458255044 614567218 467638114 630191889
467638114 630191889 475943618 643397795
475943618 643397795 475943618 654716293
475943618 643397795 494847031 643397795
494847031 643397795 502503770 661747643
502503770 661747643 509491447 661747643
502503770 661747643 502503770 672686890
502503770 672686890 506870404 678304748
506870404 678304748 511884160 678304748
511884160 678304748 513092449 678642377
506870404 678304748 506870404 703782047
506870404 703782047 507251055 727923742
448211103 616680042 454087972 642551186
454087972 642551186 454466678 660758101
454466678 660758101 458283569 660758101
454466678 660758101 454466678 687308101
454466678 687308101 479739795 691512880
479739795 691512880 480839642 718029630
480839642 718029630 485827866 718029630
480839642 718029630 480839642 731386251
480839642 731386251 483216987 742557432
483216987 742557432 491028278 742557432
491028278 742557432 491028278 746982754
491028278 742557432 500347354 742557432
483216987 742557432 483216987 752583521
483216987 752583521 489790057 772318400
371917547 570505738 371917547 603561814
371917547 603561814 380934047 612870743
359673319 396595475 359673319 453189569
359673319 453189569 367316950 457969414
367316950 457969414 373250240 457969414
285028608 275549882 315506099 303661805
315506099 303661805 315506099 311490598
315506099 303661805 339988532 303661805
489790057 772318400 521986247 799619842
521986247 799619842 532799839 821988965
532799839 821988965 555298784 829090232
555298784 829090232 559581528 829090232
559581528 829090232 567846646 829090232
567846646 829090232 567870475 829090232
567846646 829090232 567846646 836899386
559581528 829090232 559581528 844210693
567846646 836899386 570902776 860831449
570902776 860831449 583409364 860831449
570902776 860831449 570902776 892583239
583409364 860831449 615581063 862811790
615581063 862811790 617947039 865973989
617947039 865973989 617947039 884787103
617947039 884787103 617947039 900712928
617947039 884787103 637115021 884787103
637115021 884787103 637230232 904929410
637230232 904929410 639496522 932240339
639496522 932240339 645680594 932240339
639496522 932240339 639496522 941815798
617947039 865973989 658790189 865973989
570902776 892583239 584832515 920657443
639496522 941815798 663348132 971468756
663348132 971468756 663348132 983781492
663348132 983781492 679040265 989841587
679040265 989841587 695813720 993881265
663348132 971468756 690253022 971468756
695813720 993881265 734545496 996925758
658790189 865973989 693926166 885045434
693926166 885045434 696236226 917978253
584832515 920657443 605151745 955274007
605151745 955274007 607363349 956775456
607363349 956775456 612557522 956775456
612557522 956775456 613002539 956775456
612557522 956775456 612557522 959627528
607363349 956775456 607363349 985959293
555298784 829090232 555298784 884441977
555298784 884441977 560932433 923848239
560932433 923848239 560932433 929852542
560932433 923848239 569547138 923848239
560932433 929852542 561123776 954268211
561123776 954268211 585860933 982695152
585860933 982695152 590279701 986115802
590279701 986115802 603877313 989275882
417782826 646282723 425414481 698721928
425414481 698721928 425414481 706007746
425414481 698721928 432759195 698721928
432759195 698721928 432759195 699775718
432759195 698721928 436583648 698721928
432759195 699775718 436268522 714560550
436268522 714560550 436505902 714560550
436268522 714560550 436268522 717979838
436268522 717979838 446552660 758736940
446552660 758736940 448678365 785421006
448678365 785421006 458676042 789654734
458676042 789654734 459653093 789654734
458676042 789654734 458676042 823254775
459653093 789654734 468245781 816604582
468245781 816604582 487582297 847224021
567870475 829090232 630141782 829262224
630141782 829262224 633920997 830500603
633920997 830500603 633920997 835418366
633920997 830500603 647898835 830500603
647898835 830500603 658790189 842714422
658790189 842714422 674828633 842714422
674828633 842714422 687653028 860987173
696236226 917978253 727179995 949755419
727179995 949755419 728599434 965158050
288474060 369157721 302490932 417995340
485413631 337059690 529320491 357246876
427421997 251393025 492951195 251393025
492951195 251393025 502406542 302592398
502406542 302592398 502406542 315807275
502406542 302592398 517783663 302592398
517783663 302592398 522735116 302592398
517783663 302592398 517783663 307659850
522735116 302592398 588268593 303010071
588268593 303010071 607416444 344682857
607416444 344682857 644151982 365495330
644151982 365495330 656468961 377949762
656468961 377949762 656468961 391325258
656468961 391325258 683306054 391916321
656468961 377949762 684670373 377949762
683306054 391916321 706814058 405186400
706814058 405186400 706814058 407198101
706814058 405186400 727451759 405186400
312510149 587338791 332565767 633576940
332565767 633576940 347349833 636882800
347349833 636882800 357779701 636882800
347349833 636882800 347349833 683984834
347349833 683984834 351396608 717283155
351396608 717283155 389237661 717283155
389237661 717283155 392464940 718174559
392464940 718174559 410738936 718174559
392464940 718174559 392464940 749642719
392464940 749642719 393015261 760254001
393015261 760254001 399788812 760254001
393015261 760254001 393015261 772752510
393015261 772752510 401250897 777890139
401250897 777890139 402520800 777890139
351396608 717283155 351396608 757890491
401250897 777890139 401250897 821632510
402520800 777890139 413930226 815661668
413930226 815661668 413930226 818480359
413930226 815661668 424087054 815661668
424087054 815661668 424087054 817698356
424087054 815661668 433071665 815661668
433071665 815661668 437802821 849723259
437802821 849723259 438778976 864920227
438778976 864920227 455733883 882742416
455733883 882742416 455974389 915601292
455974389 915601292 455974389 922134862
455974389 922134862 455974389 934746802
455974389 934746802 462437577 957569457
462437577 957569457 462437577 976203847
462437577 957569457 484482059 957569457
455974389 922134862 492403212 922134862
492403212 922134862 497726285 922801000
497726285 922801000 507836463 929852542
507836463 929852542 507836463 930402122
455974389 915601292 495550213 915601292
495550213 915601292 497726285 916159493
507836463 930402122 530309192 956223915
484482059 957569457 513224564 980912368
497726285 916159493 551364295 916159493
413930226 818480359 417753122 879606124
417753122 879606124 436540163 882742416
436540163 882742416 436540163 924936055
436540163 924936055 437816885 940854868
437816885 940854868 446256954 940854868
437816885 940854868 437816885 959396049
437816885 959396049 437816885 961790472
437816885 959396049 442119686 959396049
442119686 959396049 447656032 990436502
560746525 695073189 580096129 742712578
635150003 737891127 635150003 804949854
635150003 804949854 645866788 826269666
715776159 433282237 769512700 448573329
769512700 448573329 787539704 449943371
787539704 449943371 787539704 454862668
787539704 449943371 800210114 449943371
800210114 449943371 818272838 451804942
818272838 451804942 841120384 468845885
841120384 468845885 841120384 469597135
841120384 468845885 883444764 468845885
883444764 468845885 909257723 489287915
909257723 489287915 909257723 491085492
909257723 489287915 920237182 489287915
920237182 489287915 950744861 517500657
950744861 517500657 950744861 519708160
950744861 517500657 956229337 517500657
956229337 517500657 960831303 552817430
789489323 709807432 859611895 709807432
859611895 709807432 859611895 714898084
859611895 709807432 875683837 709807432
875683837 709807432 887133271 724831054
887133271 724831054 887133271 733837359
887133271 733837359 888929803 733839723
887133271 724831054 896152308 724831054
68304194 9760949 76474369 72081163
288614341 147223977 288614341 218239100
288614341 218239100 288614341 231397694
288614341 218239100 313278309 218239100
313278309 218239100 313791942 223616659
313791942 223616659 340775032 257191069
1282319 131676955 71472058 132928093
607949274 614980257 627299075 667574738
340978894 73296464 377517611 108923439
377517611 108923439 412463539 123913626
412463539 123913626 415370108 126346265
415370108 126346265 415370108 133409847
415370108 126346265 432522983 126346265
432522983 126346265 440464411 144820832
440464411 144820832 440464411 167371541
440464411 167371541 460081888 185778744
460081888 185778744 481742154 191713071
481742154 191713071 481742154 197715706
481742154 191713071 507582111 191713071
440464411 144820832 483538340 144820832
483538340 144820832 515895891 146803218
515895891 146803218 530989341 163746376
530989341 163746376 543707516 163746376
543707516 163746376 543707516 167651126
543707516 167651126 555775101 169388140
555775101 169388140 555775101 170310034
555775101 169388140 561246890 169388140
561246890 169388140 561451471 183210397
530989341 163746376 530989341 178818321
530989341 178818321 537022146 178818321
530989341 178818321 530989341 187766968
561451471 183210397 561451471 202408476
543707516 163746376 569490417 163746376
530989341 187766968 542442841 205372217
561451471 183210397 591640153 183210397
591640153 183210397 592513831 195290002
592513831 195290002 592513831 204848348
592513831 204848348 601786104 204848348
592513831 204848348 592513831 235429261
592513831 195290002 626885299 195290002
626885299 195290002 627143119 201091530
627143119 201091530 634834283 201091530
627143119 201091530 627143119 234691979
627143119 234691979 629232785 268063549
629232785 268063549 629232785 278659810
629232785 278659810 650727058 291584390
650727058 291584390 664196680 291584390
664196680 291584390 664196680 299149814
664196680 291584390 683910015 291584390
683910015 291584390 695480430 295441826
629232785 268063549 665802587 268063549
665802587 268063549 685476986 269264254
685476986 269264254 685476986 269347820
685476986 269347820 695480430 290277678
695480430 290277678 717284495 290277678
685476986 269264254 717487560 269264254
717487560 269264254 754217691 271451328
754217691 271451328 762593857 284908444
762593857 284908444 780899462 295037964
780899462 295037964 780899462 320520598
780899462 320520598 782275656 321011377
782275656 321011377 803123209 321011377
782275656 321011377 782275656 352234027
782275656 352234027 789235892 353283301
803123209 321011377 823469769 333979904
823469769 333979904 842732884 350982367
842732884 350982367 860557777 356904634
860557777 356904634 881176184 366916400
881176184 366916400 888248304 366916400
881176184 366916400 881176184 380724621
881176184 380724621 888248304 380724621
888248304 380724621 889102220 386494426
889102220 386494426 903307665 392847224
888248304 366916400 910901692 366916400
910901692 366916400 915583798 367201745
915583798 367201745 915583798 368743318
650727058 291584390 650727058 330589527
650727058 330589527 650727058 336255758
650727058 330589527 663588012 330589527
663588012 330589527 669549225 355795470
903307665 392847224 944848766 392847224
944848766 392847224 950771412 404247192
950771412 404247192 967592954 404247192
967592954 404247192 967592954 413640813
967592954 413640813 978651019 417269100
978651019 417269100 992570568 417269100
967592954 404247192 983367075 404247192
950771412 404247192 950771412 431970126
950771412 431970126 955888535 431970126
950771412 431970126 950771412 448423057
950771412 448423057 978651019 452086583
780899462 295037964 822852753 295037964
822852753 295037964 823358082 295037964
822852753 295037964 822852753 320323235
823358082 295037964 835238761 309815243
835238761 309815243 840588669 317069656
840588669 317069656 855434101 317069656
840588669 317069656 840588669 333401486
855434101 317069656 877097163 324800474
877097163 324800474 877097163 328340528
877097163 328340528 882285829 336523117
882285829 336523117 887141704 347989993
877097163 324800474 899459059 324800474
542442841 205372217 549311806 243208022
549311806 243208022 559954551 277273723
559954551 277273723 562395174 292060257
562395174 292060257 562395174 295063430
562395174 292060257 576407566 292060257
789235892 353283301 807030997 382118280
807030997 382118280 811965907 387439717
881176184 380724621 881176184 431830714
881176184 431830714 903307665 462755009
717284495 290277678 742536912 324201500
742536912 324201500 760735556 340952825
760735556 340952825 766891482 340952825
766891482 340952825 770466931 352234027
770466931 352234027 770466931 357680553
770466931 357680553 775692078 363628463
760735556 340952825 760735556 368713561
760735556 368713561 764428680 376347352
764428680 376347352 780934418 402878255
634834283 201091530 674563653 221110891
562395174 295063430 564465259 354255370
915583798 367201745 983337954 367201745
564465259 354255370 591783919 396222415
580096129 742712578 585681038 809916755
585681038 809916755 619271371 819348960
619271371 819348960 630141782 826269666
954584274 706380129 970121579 763658819
970121579 763658819 988452335 779796000
713884919 748121917 770185437 764709452
351396608 757890491 357265900 826658192
357265900 826658192 357265900 830029232
357265900 826658192 368126815 826658192
368126815 826658192 368346113 852900000
368346113 852900000 374924147 852900000
374924147 852900000 377466213 855806869
368346113 852900000 368346113 864046206
368346113 864046206 374096323 864046206
374096323 864046206 397713299 864920227
397713299 864920227 397713299 872197136
397713299 872197136 399346882 872197136
399346882 872197136 399708453 879606124
399708453 879606124 399708453 894411565
397713299 872197136 397713299 896320036
397713299 896320036 398783492 926119589
398783492 926119589 409089408 940854868
409089408 940854868 409089408 942722785
368346113 864046206 368346113 899952592
368346113 899952592 387316359 949881938
387316359 949881938 387360294 974257049
387360294 974257049 387815596 974257049
387360294 974257049 387360294 984893409
387360294 984893409 398843905 995367832
0 135131693 0 212926212
0 212926212 0 220086604
0 220086604 0 233362564
0 233362564 0 242114705
0 242114705 7816992 242114705
0 242114705 0 260511654
0 260511654 0 272162324
0 272162324 0 280882031
0 272162324 14336880 272162324
0 280882031 0 299205833
0 299205833 0 299799346
14336880 272162324 26105446 280882031
26105446 280882031 34666280 299205833
34666280 299205833 34666280 299799346
34666280 299205833 43639500 299205833
0 233362564 28552797 233362564
28552797 233362564 33782692 251819511
33782692 251819511 33782692 260511654
0 212926212 28773705 212926212
28773705 212926212 40424631 220086604
0 299799346 0 330405621
0 330405621 0 347906251
0 347906251 0 357070101
0 357070101 0 363579540
0 363579540 0 373022970
0 373022970 0 384708798
0 384708798 0 390526157
0 390526157 0 393264066
0 393264066 0 395598206
0 395598206 0 397362537
0 397362537 0 402118029
0 390526157 9078086 390526157
9078086 390526157 11449586 395598206
0 402118029 0 415685367
0 415685367 0 418125820
0 418125820 0 425954013
0 425954013 0 433119747
0 418125820 11227253 418125820
11227253 418125820 11831300 425954013
0 433119747 11510251 433119747
0 363579540 16802961 363579540
0 384708798 24474894 384708798
24474894 384708798 31275093 393264066
31275093 393264066 32897230 393264066
31275093 393264066 31275093 402118029
32897230 393264066 49854359 397362537
0 347906251 28034202 347906251
28034202 347906251 46248331 357070101
46248331 357070101 50292407 368101885
50292407 368101885 50292407 369346239
50292407 369346239 59824333 371119023
59824333 371119023 59824333 388038593
59824333 388038593 65983905 394882351
65983905 394882351 82268351 394882351
59824333 371119023 80684573 371119023
0 433119747 0 461705744
0 461705744 0 482932680
0 482932680 0 483905568
0 483905568 0 504604501
0 504604501 0 515285904
0 515285904 0 539478130
0 539478130 6748356 539478130
0 539478130 0 558240240
0 558240240 0 561701735
0 415685367 30147024 415685367
0 504604501 30697944 504604501
30697944 504604501 39652416 515285904
65983905 394882351 65983905 425592789
65983905 425592789 75854438 428333156
75854438 428333156 79957289 428333156
79957289 428333156 79957289 430403504
79957289 430403504 95174256 436584364
75854438 428333156 75854438 452716900
75854438 452716900 77177422 453582510
79957289 428333156 106107845 428333156
0 561701735 0 593821916
0 593821916 0 613920476
0 613920476 439581 613920476
0 613920476 0 633265041
0 633265041 0 634275653
0 634275653 0 655132490
0 655132490 3185762 655132490
0 655132490 0 670868028
0 670868028 4009320 670868028
0 670868028 0 687161116
0 687161116 0 700735709
0 700735709 0 701003595
0 701003595 0 704588570
0 704588570 0 706190373
0 706190373 8784555 706190373
0 687161116 16577374 687161116
16577374 687161116 19071729 700735709
19071729 700735709 33050831 701003595
33050831 701003595 40149323 704588570
0 633265041 28393482 633265041
28393482 633265041 41105963 634166249
41105963 634166249 41105963 634275653
41105963 634166249 52568516 634166249
39652416 515285904 64771661 522408430
64771661 522408430 75644073 522408430
75644073 522408430 83965585 522408430
75644073 522408430 75644073 535122035
75644073 535122035 77551093 543027461
77551093 543027461 79581675 545027467
79581675 545027467 79581675 561859359
79581675 561859359 79581675 579518599
79581675 561859359 101424692 561859359
79581675 545027467 101938595 545027467
101938595 545027467 107221643 554323371
107221643 554323371 114869141 560044762
114869141 560044762 114869141 572739259
114869141 560044762 136737998 560044762
136737998 560044762 146063186 561965284
146063186 561965284 146063186 564303324
146063186 564303324 156060769 571658000
79581675 579518599 88726119 597324509
64771661 522408430 64771661 554926768
0 461705744 32644486 461705744
32644486 461705744 42965640 476871868
42965640 476871868 42965640 482932680
42965640 482932680 42965640 483905568
42965640 482932680 48999541 482932680
42965640 476871868 60714543 476871868
50292407 368101885 83127171 368101885
0 593821916 33574499 593821916
43639500 299205833 47871199 330405621
47871199 330405621 51580050 334002702
0 561701735 35493216 561701735
0 558240240 37515353 558240240
146063186 561965284 186023105 561965284
186023105 561965284 194045151 562946761
194045151 562946761 205858218 562946761
205858218 562946761 209478532 586212500
209478532 586212500 209478532 591396732
209478532 586212500 245447052 586212500
245447052 586212500 262316969 588651831
262316969 588651831 263022759 606745595
263022759 606745595 287793896 606745595
287793896 606745595 294022700 606745595
287793896 606745595 287793896 626652927
263022759 606745595 263022759 643014335
263022759 643014335 276552697 646760170
276552697 646760170 282172148 659520060
282172148 659520060 282172148 673453496
282172148 659520060 316937971 659520060
194045151 562946761 194045151 600419114
194045151 600419114 204166431 600419114
194045151 600419114 194045151 613785099
82268351 394882351 122764031 396763779
122764031 396763779 124980962 396763779
122764031 396763779 122764031 412100659
114869141 572739259 125817223 609205766
52568516 634166249 82368594 653678482
82368594 653678482 101965620 661447555
101965620 661447555 127834394 661447555
127834394 661447555 127834394 690511030
127834394 690511030 128248809 691985837
128248809 691985837 130837903 691985837
101965620 661447555 101965620 696825737
127834394 661447555 164349799 661447555
164349799 661447555 171531781 679306708
128248809 691985837 128248809 729625816
130837903 691985837 144994052 716223608
144994052 716223608 153960923 716223608
153960923 716223608 153960923 716376978
153960923 716223608 157044473 716223608
144994052 716223608 144994052 725193821
144994052 725193821 150732022 747099528
150732022 747099528 165238307 759920908
165238307 759920908 166782625 786893093
166782625 786893093 166782625 798327580
166782625 786893093 180230059 786893093
180230059 786893093 209913688 790648689
0 706190373 0 755626201
0 755626201 22613407 755626201
22613407 755626201 55301860 768460074
55301860 768460074 81778105 768460074
81778105 768460074 89443720 792340050
89443720 792340050 106040898 792340050
89443720 792340050 89443720 815286146
55301860 768460074 55301860 801141383
55301860 801141383 65833295 833614262
65833295 833614262 74182042 839185686
74182042 839185686 74427764 855578895
74427764 855578895 74427764 879610379
74427764 879610379 80896198 879610379
74427764 855578895 111523345 855578895
111523345 855578895 112782462 864211229
112782462 864211229 112782462 871874406
112782462 864211229 125862619 864211229
125862619 864211229 146137283 879708889
146137283 879708889 146137283 885728493
146137283 885728493 147555295 888902265
147555295 888902265 160549629 889467215
146137283 879708889 168946085 879708889
74427764 879610379 74427764 921189226
160549629 889467215 204043921 889620202
204043921 889620202 204043921 899352772
204043921 889620202 222238032 889620202
106040898 792340050 147417197 795682339
112782462 871874406 116133056 915691062
116133056 915691062 118578351 917458271
118578351 917458271 118578351 936681384
118578351 917458271 143177887 917458271
143177887 917458271 143473069 917458271
143177887 917458271 143177887 929363320
143177887 929363320 152058747 942229777
152058747 942229777 152058747 952968579
152058747 942229777 167347774 942229777
167347774 942229777 182835150 972728970
182835150 972728970 183439868 972728970
182835150 972728970 182835150 973722844
171531781 679306708 214591139 686044245
214591139 686044245 214591139 687776360
214591139 686044245 220623230 686044245
220623230 686044245 237325161 688116787
237325161 688116787 247186054 691971334
247186054 691971334 251764431 719184475
251764431 719184475 264871696 721385964
264871696 721385964 287691532 721385964
264871696 721385964 264871696 761250392
264871696 761250392 293750732 779628830
293750732 779628830 293750732 789517470
293750732 789517470 295091877 792948641
295091877 792948641 295091877 799041371
293750732 779628830 314221252 779628830
314221252 779628830 345387053 792948641
80896198 879610379 97825379 913076420
51580050 334002702 81930212 354128756
101965620 696825737 124419743 725193821
124419743 725193821 124419743 731312473
0 755626201 0 808126822
0 808126822 0 808362373
0 808126822 4801245 808126822
0 808362373 0 819803895
0 819803895 11214190 819803895
4801245 808126822 24179955 808362373
0 819803895 0 840395663
0 840395663 19938245 840395663
0 840395663 0 872439485
0 872439485 0 876627726
0 876627726 0 879119541
0 879119541 26779194 879119541
0 872439485 40951880 872439485
40951880 872439485 48089494 876627726
194045151 613785099 228031820 636108766
228031820 636108766 237325161 656419521
237325161 656419521 243814853 656419521
157044473 716223608 200219106 730194816
200219106 730194816 231601527 739595188
231601527 739595188 246623069 739595188
231601527 739595188 231601527 766045502
209913688 790648689 238638396 820930682
238638396 820930682 240285388 852050134
240285388 852050134 263763570 852050134
263763570 852050134 274970630 853523866
274970630 853523866 274970630 860922883
274970630 860922883 283402580 862364750
283402580 862364750 283402580 862877261
283402580 862364750 289096621 862364750
240285388 852050134 240285388 883457022
289096621 862364750 301014906 889534167
301014906 889534167 314914205 889534167
314914205 889534167 331884493 898273823
331884493 898273823 356093863 898273823
356093863 898273823 360198639 899952592
360198639 899952592 360198639 900190815
301014906 889534167 301014906 920343991
301014906 920343991 306116574 920343991
306116574 920343991 311526107 921063041
301014906 920343991 301014906 931578345
311526107 921063041 331884493 930758578
331884493 930758578 338258965 972293209
338258965 972293209 350798327 973839517
350798327 973839517 372403818 973839517
372403818 973839517 377286360 987022596
350798327 973839517 350798327 999239972
33782692 251819511 93374895 251819511
93374895 251819511 95412729 254104012
95412729 254104012 96659772 261904909
96659772 261904909 96659772 271810766
96659772 261904909 121935844 261904909
121935844 261904909 121935844 269576834
121935844 261904909 136800818 261904909
136800818 261904909 141371023 278125453
141371023 278125453 141371023 290322665
141371023 290322665 144189003 314849832
144189003 314849832 150686961 314849832
144189003 314849832 144189003 323214360
144189003 323214360 160390319 346160977
160390319 346160977 164498612 376352500
164498612 376352500 164498612 377341190
164498612 376352500 172988588 376352500
172988588 376352500 183448239 380386376
183448239 380386376 204734541 380386376
204734541 380386376 206510318 380386376
204734541 380386376 204734541 403102116
204734541 403102116 209018341 415280353
209018341 415280353 222056555 415280353
222056555 415280353 230203881 415280353
222056555 415280353 222056555 426112442
222056555 426112442 228347706 426112442
222056555 426112442 222056555 434212662
230203881 415280353 242954750 423887471
183448239 380386376 183448239 417646887
183448239 417646887 184359589 417646887
209018341 415280353 209018341 452829635
141371023 278125453 180676020 278125453
180676020 278125453 180676020 281277410
180676020 278125453 184090261 278125453
184090261 278125453 198226601 298489661
183448239 417646887 183448239 457086485
242954750 423887471 244312137 472656282
209018341 452829635 232538318 484530717
232538318 484530717 242611647 520074253
242611647 520074253 242611647 532313427
242611647 532313427 250077597 532313427
242611647 532313427 242611647 548482247
250077597 532313427 258632266 542637935
258632266 542637935 261170356 542637935
258632266 542637935 258632266 554023107
261170356 542637935 270478617 549229002
242611647 520074253 264818844 520074253
270478617 549229002 283270815 575132976
81930212 354128756 142775179 354714874
142775179 354714874 147126124 368843653
40149323 704588570 79758511 726613879
79758511 726613879 83758632 726613879
79758511 726613879 79758511 748918832
118578351 936681384 139978647 977512232
0 879119541 0 941390045
0 941390045 0 946653957
0 946653957 14408430 946653957
0 941390045 19474624 941390045
14408430 946653957 44350938 950791344
44350938 950791344 50447562 950791344
44350938 950791344 44350938 961276495
50447562 950791344 62553319 953733347
62553319 953733347 74246254 953733347
62553319 953733347 62553319 974637967
62553319 974637967 67235512 975161098
67235512 975161098 67235512 985978277
67235512 975161098 104715738 975161098
104715738 975161098 113214572 996670699
274970630 853523866 340177448 853523866
60714543 476871868 103497554 501273704
125817223 609205766 170113914 638188631
222238032 889620202 230180687 961224716
230180687 961224716 289516167 973794202
289516167 973794202 317479945 995378011
888929803 733839723 896447910 806064439
890106011 613296864 890106011 694753450
427421997 253413481 467334518 297817395
467334518 297817395 469507950 301939096
469507950 301939096 469507950 316087349
469507950 316087349 481320157 322891167
481320157 322891167 489840625 328231895
469507950 301939096 532409363 301939096
226472094 294181908 237744314 367454861
122764031 412100659 142885819 476525603
115501000 0 201396926 0
201396926 0 203922232 0
203922232 0 209468128 0
209468128 0 211978572 0
203922232 0 203922232 6523478
211978572 0 231359725 0
231359725 0 239975074 0
239975074 0 239975074 906913
231359725 0 231359725 30300852
203922232 6523478 209468128 33609844
209468128 33609844 211978572 45435480
201396926 0 201396926 39029914
239975074 0 286113571 0
286113571 0 286113571 26783998
286113571 0 339719802 0
339719802 0 339719802 5796245
339719802 0 350333335 0
350333335 0 352346446 0
352346446 0 389146704 0
389146704 0 394805555 0
389146704 0 389146704 7298512
394805555 0 435249865 0
435249865 0 436251969 0
435249865 0 435249865 10546963
436251969 0 451637673 0
451637673 0 454066013 0
454066013 0 468258192 0
468258192 0 479663863 0
479663863 0 479663863 107632
468258192 0 468258192 16875451
435249865 10546963 436251969 32476949
451637673 0 451637673 25786846
451637673 25786846 454066013 27841210
479663863 0 517453405 0
517453405 0 519053696 0
519053696 0 533175933 0
517453405 0 517453405 23686432
517453405 23686432 519053696 24537214
519053696 24537214 533175933 27787410
350333335 0 350333335 41845307
350333335 41845307 352346446 46785311
352346446 46785311 363651268 51547319
363651268 51547319 363651268 62168505
363651268 51547319 393225105 51547319
393225105 51547319 393225105 57631225
393225105 57631225 406222888 71773846
406222888 71773846 406222888 81911908
406222888 71773846 424279315 71773846
393225105 51547319 430174983 51547319
430174983 51547319 435243238 53001362
533175933 0 580184559 0
580184559 0 594288670 0
594288670 0 595896379 0
595896379 0 598708460 0
598708460 0 598708460 11005133
598708460 0 618703196 0
618703196 0 618703196 5564243
618703196 0 631365116 0
631365116 0 650233309 0
594288670 0 594288670 20805385
594288670 20805385 595896379 29247352
631365116 0 631365116 29257124
631365116 29257124 650233309 42209638
650233309 42209638 652282913 64474212
652282913 64474212 656954272 72542146
656954272 72542146 658500791 73969763
658500791 73969763 658500791 85117565
658500791 85117565 662775914 95352659
662775914 95352659 662775914 102168348
662775914 102168348 672079795 110837645
662775914 95352659 681854674 95352659
580184559 0 580184559 40085716
580184559 40085716 581093282 76447251
581093282 76447251 590709345 76447251
581093282 76447251 581093282 86225767
590709345 76447251 628929793 81968278
628929793 81968278 629477443 115909173
629477443 115909173 631378776 115909173
631378776 115909173 637229925 116429591
629477443 115909173 629477443 125321632
629477443 125321632 647250755 144190512
672079795 110837645 720159474 112014324
720159474 112014324 732974549 145637441
732974549 145637441 762365517 145637441
762365517 145637441 788321886 147727909
788321886 147727909 797940006 147727909
797940006 147727909 809375720 152053926
809375720 152053926 826552249 152053926
826552249 152053926 830343917 152053926
826552249 152053926 826552249 171858948
809375720 152053926 809375720 181951459
809375720 181951459 817850446 181951459
809375720 181951459 809375720 211742280
809375720 211742280 831278125 214483394
831278125 214483394 853197476 220040157
853197476 220040157 859732780 224727297
859732780 224727297 881852162 224727297
881852162 224727297 881852162 245921034
881852162 245921034 891106452 245921034
881852162 245921034 881852162 263572625
881852162 263572625 881852162 265861977
881852162 263572625 888017239 263572625
859732780 224727297 859732780 249954494
888017239 263572625 889521782 289342977
889521782 289342977 895882489 291048028
895882489 291048028 895882489 304692631
881852162 224727297 910387931 224727297
895882489 291048028 924777750 291048028
859732780 249954494 864306300 277712951
732974549 145637441 732974549 182428571
732974549 182428571 745271973 201062250
745271973 201062250 760447751 201062250
745271973 201062250 745271973 219659430
760447751 201062250 778696082 216288244
778696082 216288244 778696082 219470228
778696082 216288244 795669629 216288244
795669629 216288244 797330170 247395605
830343917 152053926 858132351 171172301
858132351 171172301 873417906 172480176
873417906 172480176 880385645 172480176
880385645 172480176 887226166 172480176
880385645 172480176 880385645 190843120
873417906 172480176 873417906 191670918
873417906 191670918 877011229 210719402
745271973 219659430 758054306 254006573
758054306 254006573 770073562 254779049
797330170 247395605 827961334 265799492
827961334 265799492 832713997 280333467
832713997 280333467 844983945 284693665
788321886 147727909 788321886 199317738
424279315 71773846 467105406 80707532
467105406 80707532 470034305 80707532
470034305 80707532 470034305 90325855
470034305 80707532 488064875 80707532
488064875 80707532 510492150 88419327
510492150 88419327 510492150 103965285
510492150 88419327 536542967 88419327
467105406 80707532 467105406 119920786
581093282 86225767 585677858 136750180
595896379 29247352 607622524 73146067
607622524 73146067 607622524 74565572
607622524 73146067 621671196 73146067
887226166 172480176 937677686 180540483
937677686 180540483 950994967 223790442
585677858 136750180 627264463 153900549
950994967 223790442 968427143 278795422
968427143 278795422 968427143 280284043
968427143 278795422 973284950 278795422
231359725 30300852 282803290 52523736
282803290 52523736 339545321 54072913
650233309 0 725596674 0
725596674 0 725596674 1402774
725596674 0 747552889 0
747552889 0 747552889 5663726
747552889 0 766393039 0
766393039 0 766393039 26355498
766393039 0 801194818 0
801194818 0 806657072 0
806657072 0 806657072 14211167
801194818 0 801194818 20420181
806657072 0 833497118 0
833497118 0 833497118 20624816
833497118 0 869150495 0
869150495 0 869150495 19437238
869150495 19437238 883562795 51830037
883562795 51830037 883562795 61057314
883562795 51830037 911730663 51830037
883562795 61057314 897901900 77678700
897901900 77678700 907098120 89137771
907098120 89137771 907098120 112072436
907098120 112072436 907098120 121449189
907098120 121449189 921999405 141980628
921999405 141980628 932236794 143056699
932236794 143056699 937677686 144905839
937677686 144905839 961306801 144905839
961306801 144905839 986104483 154900045
907098120 112072436 947712560 112072436
947712560 112072436 956401387 112856625
956401387 112856625 988146601 128227111
907098120 89137771 956401387 89137771
956401387 89137771 957484869 89137771
957484869 89137771 957484869 93160084
957484869 89137771 968697550 89137771
957484869 93160084 961958463 105073943
801194818 20420181 824717518 54231805
824717518 54231805 840225762 74082803
840225762 74082803 841259322 82497431
841259322 82497431 856721622 82497431
856721622 82497431 861796627 84170097
861796627 84170097 871601251 116254180
841259322 82497431 841259322 125791707
841259322 125791707 846496714 139249001
766393039 26355498 790957909 65128583
869150495 0 942045041 0
942045041 0 949841639 0
949841639 0 949841639 10803208
949841639 10803208 949841639 13643139
942045041 0 942045041 15433454
949841639 13643139 950284828 40958714
949841639 10803208 981766090 10803208
981766090 10803208 982221306 36159733
982221306 36159733 984680792 36159733
984680792 36159733 985678205 70968302
982221306 36159733 982221306 85050350
658500791 73969763 733907485 73969763
733907485 73969763 755185042 82592382
755185042 82592382 756545198 82592382
755185042 82592382 755185042 92921857
756545198 82592382 770165545 87351355
770165545 87351355 770705009 108285020
770705009 108285020 788723172 136077805
788723172 136077805 813974132 138331330
725596674 1402774 746435080 60810454
121741801 143474791 140937726 211829482
142885819 476525603 180033682 527216547
180033682 527216547 222897378 534914155
295091877 799041371 344024262 841566425
647250755 144190512 704981996 184760490
704981996 184760490 729596501 220504937
729596501 220504937 734957107 266313349
711390615 631790324 734368757 711794806
214213236 176317860 280832910 231805323
