1464
0 0 0 781159
0 781159 0 31802679
0 31802679 0 35750574
0 35750574 0 52279392
0 52279392 21290772 52279392
0 0 31152523 0
31152523 0 31895264 0
31895264 0 32344803 0
31152523 0 31152523 781159
32344803 0 54576612 0
54576612 0 61408647 0
61408647 0 68943614 0
54576612 0 54576612 9759969
54576612 9759969 61408647 23332002
61408647 23332002 68943614 29956686
68943614 0 97105301 0
97105301 0 98198730 0
98198730 0 98198730 6513187
97105301 0 97105301 11967148
31152523 781159 31895264 31802679
31895264 31802679 32344803 35750574
0 52279392 0 88619155
0 88619155 0 101044688
0 101044688 6985625 101044688
0 101044688 0 131695552
0 131695552 0 139389180
0 131695552 9476479 131695552
0 139389180 0 156878343
0 156878343 0 158714917
0 158714917 7560274 158714917
0 88619155 36653766 88619155
36653766 88619155 61765503 91867414
61765503 91867414 75475643 103941452
0 156878343 36747092 156878343
9476479 131695552 42424046 139389180
36747092 156878343 55483251 180766810
55483251 180766810 73732714 180766810
73732714 180766810 73732714 181880786
73732714 181880786 74688317 190686397
73732714 180766810 87011950 180766810
87011950 180766810 99509721 190686397
74688317 190686397 74688317 213218951
55483251 180766810 55483251 226411496
55483251 226411496 57876605 278416653
57876605 278416653 62167346 283952238
62167346 283952238 62167346 296186119
62167346 296186119 68950087 296186119
68950087 296186119 75217953 311559751
75217953 311559751 82298903 311559751
82298903 311559751 89208387 331487502
89208387 331487502 108156627 331487502
108156627 331487502 108156627 336032729
108156627 331487502 118881620 331487502
118881620 331487502 118881620 333844452
118881620 333844452 121671079 351488312
118881620 331487502 143237259 331487502
143237259 331487502 154011347 333763264
154011347 333763264 170533178 341554480
170533178 341554480 174984990 341554480
170533178 341554480 170533178 350756478
89208387 331487502 89208387 369827779
89208387 369827779 94132665 401034592
94132665 401034592 94415612 404457427
94415612 404457427 102288117 404457427
102288117 404457427 123201775 419978432
123201775 419978432 123201775 435916660
123201775 435916660 130519291 435916660
123201775 419978432 151248276 419978432
151248276 419978432 158277712 420205492
158277712 420205492 158390874 420205492
123201775 435916660 123201775 465337773
123201775 465337773 141032530 475056544
141032530 475056544 158277712 475056544
158277712 475056544 159369339 478868667
159369339 478868667 159369339 487865826
159369339 478868667 170309943 478868667
170309943 478868667 182351583 480897165
182351583 480897165 185146343 483369115
141032530 475056544 141032530 501793129
185146343 483369115 185146343 515113218
159369339 487865826 165284471 521449216
141032530 501793129 144711724 538792219
174984990 341554480 219801092 341870088
219801092 341870088 221859902 341870088
219801092 341870088 219801092 379811056
185146343 483369115 231647318 483369115
231647318 483369115 236117973 501421261
236117973 501421261 236602457 501421261
236117973 501421261 236117973 536616817
236602457 501421261 254912495 526964507
254912495 526964507 265136511 527802001
265136511 527802001 265136511 528581396
265136511 528581396 287677181 532645881
287677181 532645881 296482929 532645881
296482929 532645881 296482929 533005243
296482929 533005243 296718365 533005243
296482929 532645881 300723507 532645881
296482929 533005243 296482929 539187965
300723507 532645881 324724912 533544050
324724912 533544050 344432177 542067467
344432177 542067467 353366181 542067467
344432177 542067467 344432177 572383080
344432177 572383080 350437410 574870644
350437410 574870644 351149616 574870644
350437410 574870644 350437410 582390143
350437410 582390143 361157320 595841566
361157320 595841566 366557261 596477416
366557261 596477416 376134616 596477416
366557261 596477416 366557261 614215347
366557261 614215347 391558231 631919210
391558231 631919210 391558231 648318525
391558231 648318525 391739564 648318525
391558231 631919210 416647539 631919210
416647539 631919210 423336223 631919210
416647539 631919210 416647539 645552153
391739564 648318525 393205371 672074337
393205371 672074337 393205371 689512273
393205371 689512273 400278062 699655390
416647539 645552153 442885060 646674411
442885060 646674411 445507891 646674411
442885060 646674411 442885060 657159104
391558231 648318525 391558231 680098755
393205371 672074337 427274078 672074337
353366181 542067467 382014780 558841152
382014780 558841152 382014780 565669633
382014780 558841152 412091915 558841152
412091915 558841152 429052786 563182624
382014780 565669633 385870997 592795647
429052786 563182624 463283276 575342784
463283276 575342784 465383240 614722542
465383240 614722542 465383240 617174952
465383240 614722542 481412244 614722542
481412244 614722542 491791823 620339955
491791823 620339955 499514972 620339955
491791823 620339955 491791823 642823941
491791823 642823941 497492429 652536065
497492429 652536065 497492429 653116402
497492429 653116402 497727777 656704875
497727777 656704875 507557794 656704875
497727777 656704875 497727777 667583765
497727777 667583765 511242500 671348816
507557794 656704875 531585897 661057396
531585897 661057396 531585897 666300798
531585897 661057396 544722732 661057396
531585897 666300798 540682603 677379800
511242500 671348816 513552449 707774444
513552449 707774444 525239201 708478793
525239201 708478793 534126270 716615406
534126270 716615406 566242108 716615406
566242108 716615406 585779225 728094909
585779225 728094909 585779225 731264472
585779225 728094909 592721153 728094909
544722732 661057396 581367864 666256260
581367864 666256260 584799159 679790277
584799159 679790277 584799159 707112374
584799159 679790277 615521248 679790277
158390874 420205492 179932558 445768321
179932558 445768321 183273448 445768321
183273448 445768321 183273448 447164597
183273448 447164597 192389635 448017247
179932558 445768321 179932558 470648349
179932558 470648349 198277232 475468792
183273448 445768321 213022687 445768321
198277232 475468792 231647318 476687997
231647318 476687997 266372333 476687997
400278062 699655390 423626998 724104295
423626998 724104295 438167658 742238263
438167658 742238263 479487799 742238263
438167658 742238263 438167658 784567914
438167658 784567914 440736406 784567914
438167658 784567914 438167658 793353826
440736406 784567914 447211399 790335682
447211399 790335682 463218612 790335682
463218612 790335682 470616820 793273351
470616820 793273351 486246395 793273351
486246395 793273351 486246395 793728442
486246395 793273351 503718861 793273351
503718861 793273351 508283678 796685636
508283678 796685636 524973978 796685636
524973978 796685636 538302260 801645212
508283678 796685636 508283678 817194926
508283678 817194926 513674032 817739163
513674032 817739163 517462696 817739163
470616820 793273351 470616820 818859338
470616820 818859338 471240044 853387462
471240044 853387462 483604241 853387462
483604241 853387462 490932460 854712096
490932460 854712096 491762894 854712096
490932460 854712096 490932460 868772606
471240044 853387462 471240044 869074677
471240044 869074677 483510728 873938785
491762894 854712096 513674032 860552999
513674032 860552999 513674032 863154837
513674032 860552999 523357692 860552999
523357692 860552999 531205189 866936151
531205189 866936151 552805565 866936151
513674032 863154837 518742750 880433810
552805565 866936151 576477463 869044541
576477463 869044541 579709099 886403507
579709099 886403507 579709099 892686522
579709099 892686522 579709099 892819897
579709099 892686522 580354668 892686522
579709099 886403507 599184759 886403507
580354668 892686522 595458205 903402300
595458205 903402300 597938686 903402300
597938686 903402300 598059117 913274273
518742750 880433810 531205189 899274197
531205189 899274197 531205189 902504238
531205189 902504238 533353083 905760698
531205189 899274197 537484176 899274197
533353083 905760698 550224366 905760698
598059117 913274273 630492846 913274273
630492846 913274273 632447103 918853909
632447103 918853909 638605586 918853909
638605586 918853909 645716688 933927977
645716688 933927977 661256591 933927977
661256591 933927977 664765935 945209823
664765935 945209823 664765935 964005660
645716688 933927977 645716688 955175145
598059117 913274273 598059117 947966865
598059117 947966865 598059117 965962173
598059117 947966865 622762910 947966865
622762910 947966865 632447103 964320125
632447103 964320125 645125821 969049194
598059117 965962173 605753886 994455703
605753886 994455703 615777582 996303703
538302260 801645212 572515625 804927134
572515625 804927134 573648847 804927134
572515625 804927134 572515625 830971293
533353083 905760698 533353083 943506459
533353083 943506459 551607540 963576533
551607540 963576533 551607540 972050657
551607540 972050657 565204611 973441978
551607540 963576533 573587201 963576533
572515625 830971293 606344560 835563898
606344560 835563898 612503399 835563898
606344560 835563898 606344560 862774954
573648847 804927134 594140708 823077826
594140708 823077826 594140708 830110264
594140708 823077826 624593055 823077826
595458205 903402300 595458205 942506344
664765935 964005660 698318018 973089074
698318018 973089074 698318018 991211204
698318018 973089074 716572525 973089074
447211399 790335682 447211399 835376656
447211399 835376656 455222805 869074677
455222805 869074677 455222805 885176420
455222805 885176420 460345168 912971688
460345168 912971688 469825070 930554436
469825070 930554436 481051403 943328309
481051403 943328309 482966419 943328309
481051403 943328309 481051403 959801445
481051403 959801445 508755230 965120724
266372333 476687997 297569289 493791369
534126270 716615406 534126270 765823089
534126270 765823089 538302260 780670318
538302260 780670318 551838041 780670318
551838041 780670318 551838041 782111197
551838041 780670318 563609210 780670318
287677181 532645881 287677181 583003530
287677181 583003530 294366666 583003530
287677181 583003530 287677181 591118817
664765935 945209823 715577250 945209823
715577250 945209823 746935035 948873832
746935035 948873832 751833986 948873832
746935035 948873832 746935035 970157262
746935035 970157262 746935035 971997147
746935035 970157262 751213218 970157262
751213218 970157262 765828076 970177632
765828076 970177632 809952912 976417942
751833986 948873832 801391828 950377468
801391828 950377468 802629043 950377468
801391828 950377468 801391828 957951881
801391828 957951881 818790549 959297732
802629043 950377468 818790549 954087764
818790549 959297732 830308240 970609391
830308240 970609391 839015936 973622671
818790549 954087764 852474529 954087764
852474529 954087764 854507765 958669656
854507765 958669656 873498650 964864613
873498650 964864613 874582054 966681913
874582054 966681913 920883365 968667224
920883365 968667224 921194610 968667224
920883365 968667224 920883365 977103198
921194610 968667224 949027237 974874307
599184759 886403507 637925666 900659685
637925666 900659685 637925666 903392177
637925666 900659685 641169699 900659685
265136511 527802001 319108212 527802001
592721153 728094909 603244918 774433452
603244918 774433452 631683279 785226992
631683279 785226992 638978613 785226992
631683279 785226992 631683279 798426652
638978613 785226992 660239266 793211847
660239266 793211847 674700453 797454568
674700453 797454568 677850759 797454568
677850759 797454568 677850759 804804607
677850759 797454568 685675583 797454568
685675583 797454568 686549626 799540280
686549626 799540280 686549626 819262435
686549626 819262435 710967905 822940810
710967905 822940810 716618482 832925486
716618482 832925486 716618482 846213415
716618482 846213415 721989524 849241758
721989524 849241758 721989524 851577955
721989524 849241758 739731958 849241758
739731958 849241758 752216704 852608053
716618482 832925486 734449259 832925486
734449259 832925486 734449259 833450383
721989524 851577955 728749583 870618133
728749583 870618133 737661829 882322261
737661829 882322261 737661829 884435337
737661829 882322261 744153100 882322261
744153100 882322261 745512918 887616143
737661829 884435337 741158404 887616143
734449259 832925486 760353589 832925486
760353589 832925486 761982267 847553350
761982267 847553350 791615093 851186086
791615093 851186086 792939488 861005705
792939488 861005705 792939488 877253202
792939488 861005705 826947078 861005705
826947078 861005705 829494831 861512504
829494831 861512504 848622282 861512504
848622282 861512504 853992012 870816487
741158404 887616143 741158404 930170940
745512918 887616143 765326956 914726319
99509721 190686397 148892871 198481661
148892871 198481661 148892871 199426696
148892871 198481661 154967477 198481661
148892871 199426696 149039503 239529169
149039503 239529169 156846611 239529169
149039503 239529169 149039503 247920666
156846611 239529169 168821986 243918107
168821986 243918107 177952561 249256900
177952561 249256900 193147474 249256900
177952561 249256900 177952561 276395358
177952561 276395358 185611584 294834189
185611584 294834189 185611584 307078261
185611584 307078261 189011783 307078261
185611584 307078261 185611584 330508737
185611584 330508737 218326182 332840645
218326182 332840645 218326182 335781018
218326182 332840645 226119846 332840645
189011783 307078261 218326182 320979882
218326182 320979882 245181061 320979882
154967477 198481661 182584795 214978911
182584795 214978911 190051409 219932022
185611584 294834189 233521470 294834189
233521470 294834189 269288248 309977189
269288248 309977189 272808707 309977189
269288248 309977189 269288248 318580927
269288248 318580927 271080432 359409718
271080432 359409718 271080432 362235388
271080432 359409718 284206550 359409718
284206550 359409718 284461753 375103502
271080432 362235388 276854709 375103502
276854709 375103502 276854709 394382136
276854709 394382136 278596656 400158652
278596656 400158652 282308542 400158652
282308542 400158652 283874765 401541706
283874765 401541706 283874765 419553315
283874765 419553315 286272443 425954278
286272443 425954278 286272443 426197201
278596656 400158652 278596656 419553315
278596656 419553315 278596656 427687085
283874765 401541706 331371149 401541706
331371149 401541706 331371149 418003077
331371149 401541706 349431060 401541706
349431060 401541706 349431060 408479634
349431060 408479634 354554628 414263741
331371149 418003077 342942344 425954278
349431060 401541706 382072790 401541706
382072790 401541706 393452284 425954278
393452284 425954278 394284407 425954278
394284407 425954278 411059241 440371483
411059241 440371483 425518317 440371483
411059241 440371483 411059241 479350451
411059241 479350451 419755464 485049523
419755464 485049523 419755464 514661088
419755464 514661088 425557132 525322341
425557132 525322341 429052786 530700018
429052786 530700018 443515969 530700018
419755464 485049523 452993863 485049523
452993863 485049523 456692128 485049523
452993863 485049523 452993863 498251155
393452284 425954278 393452284 466170758
393452284 466170758 394058216 490533603
456692128 485049523 494311673 489203009
494311673 489203009 498528773 491540705
498528773 491540705 502818869 528943709
502818869 528943709 508536609 535823414
508536609 535823414 508536609 538073716
508536609 535823414 524116326 535823414
508536609 538073716 511806244 550824038
236117973 536616817 240646931 590473218
240646931 590473218 241376481 601595764
241376481 601595764 254540322 601595764
241376481 601595764 241376481 620085225
241376481 620085225 241376481 623143564
241376481 620085225 249915821 620085225
674700453 797454568 674700453 856136605
249915821 620085225 277602739 652568442
277602739 652568442 282888756 680048896
282888756 680048896 303016235 688108851
303016235 688108851 308778407 688108851
308778407 688108851 308778407 700418479
308778407 688108851 328934624 688108851
328934624 688108851 338421246 690542248
303016235 688108851 303016235 713377191
303016235 713377191 306125907 734057984
306125907 734057984 308008247 734057984
308008247 734057984 312018883 736585088
306125907 734057984 306125907 752428370
306125907 752428370 312018883 766658647
338421246 690542248 364987414 690542248
364987414 690542248 369199244 705030772
369199244 705030772 375845608 716289359
375845608 716289359 375845608 724516495
375845608 716289359 386069699 716289359
312018883 736585088 341257261 736585088
338421246 690542248 338421246 727138107
338421246 727138107 338421246 734053098
338421246 727138107 358663771 727138107
375845608 724516495 386032230 756715807
144711724 538792219 145342445 599377761
145342445 599377761 145342445 605154132
145342445 599377761 160086773 599377761
160086773 599377761 210695309 600336778
210695309 600336778 210695309 611940974
210695309 600336778 229088034 600336778
443515969 530700018 479720336 556638541
219801092 379811056 243484807 418308539
243484807 418308539 243484807 419468638
243484807 418308539 245959242 418308539
497492429 652536065 559761365 652536065
829494831 861512504 829494831 923933047
853992012 870816487 890357225 897153767
890357225 897153767 941223773 902078616
941223773 902078616 954872141 907534273
954872141 907534273 993267440 907534273
993267440 907534273 995379431 938097872
995379431 938097872 998342267 938097872
995379431 938097872 995379431 944966632
995379431 944966632 995379431 945912572
995379431 944966632 998070536 944966632
954872141 907534273 954872141 960492715
342942344 425954278 342942344 488828727
342942344 488828727 344432177 490533603
344432177 490533603 387258323 490533603
387258323 490533603 387258323 516739474
524116326 535823414 577543908 546880545
577543908 546880545 580396239 552303084
580396239 552303084 588485978 572510213
588485978 572510213 626611694 572510213
626611694 572510213 640890298 574875125
640890298 574875125 643487959 574875125
640890298 574875125 640890298 597120417
643487959 574875125 668711519 581299079
668711519 581299079 669125008 582241005
669125008 582241005 669125008 584771197
588485978 572510213 588485978 612936844
669125008 582241005 728108097 582241005
728108097 582241005 735812496 597345371
735812496 597345371 735812496 607619297
735812496 597345371 771847862 597345371
771847862 597345371 775378350 597345371
771847862 597345371 771847862 602796953
771847862 602796953 795877944 606388864
735812496 607619297 743195364 636818132
743195364 636818132 743195364 640908534
743195364 640908534 743195364 654263210
743195364 640908534 757826739 640908534
757826739 640908534 759077774 640908534
757826739 640908534 757826739 651323872
757826739 651323872 769566801 660691405
769566801 660691405 769566801 680744512
769566801 680744512 771419136 687852649
771419136 687852649 771419136 700497168
771419136 700497168 788935242 700497168
771419136 687852649 791175903 687852649
791175903 687852649 791175903 689496357
791175903 689496357 796249636 689612910
796249636 689612910 796249636 699594107
791175903 687852649 801417204 687852649
743195364 636818132 768411060 636818132
771419136 700497168 771419136 726152258
796249636 699594107 802470296 719518105
801417204 687852649 828003139 689612910
769566801 660691405 805491857 660691405
805491857 660691405 817420047 666788242
817420047 666788242 817420047 668702579
817420047 668702579 822455302 674626156
817420047 666788242 850666102 666788242
850666102 666788242 883296071 667855133
883296071 667855133 883296071 671988721
883296071 667855133 903612870 667855133
903612870 667855133 912360124 675958895
912360124 675958895 912360124 691257464
912360124 675958895 943731749 675958895
943731749 675958895 944736890 675958895
943731749 675958895 943731749 687816371
943731749 687816371 944155827 687816371
943731749 687816371 943731749 690472156
944155827 687816371 947484352 689587263
883296071 671988721 901078964 691257464
901078964 691257464 901078964 705276852
802470296 719518105 818449870 742545043
818449870 742545043 818449870 749628548
818449870 749628548 825265363 756809028
825265363 756809028 825265363 762586889
825265363 762586889 827170046 763169747
827170046 763169747 827170046 766201122
827170046 766201122 833092478 772417963
827170046 763169747 840653696 763169747
833092478 772417963 833636483 787058478
818449870 742545043 840172766 742545043
840653696 763169747 858019815 768128825
858019815 768128825 868310299 768128825
868310299 768128825 868310299 772360947
868310299 768128825 882490636 768128825
858019815 768128825 858019815 786009870
858019815 786009870 872358829 790032630
872358829 790032630 878650441 790032630
840172766 742545043 849511486 756809028
849511486 756809028 852497661 760995512
912360124 691257464 940791017 702443008
940791017 702443008 941582671 714186483
768411060 636818132 806408725 641230731
941582671 714186483 952074129 746157535
952074129 746157535 952074129 759942043
952074129 759942043 952074129 764521630
952074129 759942043 957919368 759942043
952074129 764521630 953766267 781260358
953766267 781260358 953766267 813427565
953766267 813427565 966903190 813427565
953766267 813427565 953766267 843589561
953766267 781260358 991892126 781260358
953766267 843589561 965014310 871472110
965014310 871472110 971816946 896785993
971816946 896785993 972408698 897203878
972408698 897203878 989545971 900185482
989545971 900185482 990789621 900185482
952074129 746157535 991317214 746157535
771419136 726152258 779594476 760490721
779594476 760490721 779594476 774432563
779594476 760490721 796432965 760490721
796432965 760490721 812979483 779818334
828003139 689612910 857627124 706244074
857627124 706244074 861852265 731865692
861852265 731865692 861852265 733982888
861852265 731865692 888441685 731865692
882490636 768128825 927799773 770581425
989545971 900185482 989545971 948039305
669125008 584771197 672824552 642855532
672824552 642855532 678382386 653703632
678382386 653703632 691524374 672836015
691524374 672836015 691524374 693625003
691524374 672836015 712676216 672836015
888441685 731865692 927809566 758391712
872358829 790032630 872358829 857816964
872358829 857816964 906246403 858860831
906246403 858860831 928021017 863948969
0 158714917 0 226987086
0 226987086 0 231690590
0 231690590 0 239130174
0 239130174 0 247929437
0 247929437 0 258340610
0 258340610 0 263381435
0 231690590 11065378 231690590
11065378 231690590 23480450 239130174
0 263381435 0 284335649
0 284335649 0 286672004
0 286672004 0 290757075
0 290757075 4597454 290757075
0 284335649 11449641 284335649
11449641 284335649 26089326 286672004
0 247929437 21688849 247929437
21688849 247929437 23208541 258340610
23208541 258340610 23208541 263381435
23208541 258340610 28438884 258340610
0 226987086 26881992 226987086
75217953 311559751 75217953 380248234
685675583 797454568 752447788 799540280
193147474 249256900 248547201 263214635
248547201 263214635 248547201 275038684
248547201 275038684 253119398 288460877
253119398 288460877 253119398 294299946
253119398 288460877 267169686 288460877
267169686 288460877 269288248 288859201
269288248 288859201 275691928 288859201
275691928 288859201 279830010 288859201
275691928 288859201 275691928 307850490
248547201 263214635 283966540 263214635
279830010 288859201 312254931 296744714
283966540 263214635 341571008 274159846
341571008 274159846 354817025 275205867
354817025 275205867 358251452 275205867
358251452 275205867 358251452 279435196
358251452 279435196 365913152 291058703
365913152 291058703 365913152 295724970
365913152 291058703 387939264 291058703
387939264 291058703 395411550 294797804
395411550 294797804 406808979 294797804
358251452 275205867 388277318 275205867
395411550 294797804 395411550 339458089
354817025 275205867 354817025 325182727
354817025 325182727 386091357 347388885
395411550 339458089 424206074 375253135
424206074 375253135 440143440 393786002
440143440 393786002 460870894 423733738
460870894 423733738 487341374 435883886
487341374 435883886 497607234 440453568
497607234 440453568 497607234 444548200
497607234 440453568 503140413 440453568
503140413 440453568 554206807 441858290
554206807 441858290 570679630 443735046
570679630 443735046 589389551 443735046
589389551 443735046 589389551 457248013
589389551 457248013 592466153 465079476
589389551 443735046 606085159 443735046
606085159 443735046 630360326 454261859
630360326 454261859 636656817 457531254
636656817 457531254 636656817 497829280
636656817 497829280 665829587 508150728
665829587 508150728 669033867 508769015
669033867 508769015 671766586 508769015
671766586 508769015 671766586 509946424
592466153 465079476 599174028 499145710
599174028 499145710 599174028 513003461
599174028 499145710 628900836 499145710
570679630 443735046 570679630 484832259
570679630 484832259 574808903 486567839
574808903 486567839 575768705 486567839
575768705 486567839 577690575 496108525
577690575 496108525 582998450 513504185
574808903 486567839 574808903 528914670
669033867 508769015 669033867 552334049
669033867 552334049 679296015 569357467
679296015 569357467 698312366 574196400
698312366 574196400 718761949 575331406
671766586 508769015 717976187 508769015
636656817 457531254 685050839 457531254
685050839 457531254 685050839 473711989
685050839 473711989 685050839 482256354
685050839 473711989 699214396 473711989
685050839 457531254 702536992 457531254
699214396 473711989 734144325 477488477
734144325 477488477 746838159 504221643
746838159 504221643 774969546 515681869
774969546 515681869 790045324 530177985
790045324 530177985 790045324 562733724
790045324 562733724 792922346 573011992
792922346 573011992 792922346 579817968
792922346 573011992 821297612 573011992
821297612 573011992 821297612 578649909
821297612 573011992 835302014 573011992
835302014 573011992 835811169 573011992
835302014 573011992 835302014 575885477
835302014 575885477 845167839 591137691
845167839 591137691 845666278 591137691
845167839 591137691 845167839 600519048
845666278 591137691 865385208 596038173
790045324 530177985 825616977 530177985
825616977 530177985 832618936 548722143
832618936 548722143 834731941 549330279
834731941 549330279 864202941 554932937
864202941 554932937 864202941 559047739
864202941 554932937 901393651 554932937
901393651 554932937 926356060 564771621
926356060 564771621 926356060 576028418
926356060 576028418 926948097 599532952
926948097 599532952 946159363 599532952
946159363 599532952 962820000 599532952
946159363 599532952 946159363 622525512
926948097 599532952 926948097 625891711
962820000 599532952 976874590 614235518
976874590 614235518 976874590 626346128
976874590 626346128 984233336 626346128
976874590 626346128 976874590 637501392
976874590 614235518 991714721 614235518
926948097 625891711 944274227 641530391
926356060 564771621 960786683 564771621
960786683 564771621 962820000 565998501
962820000 565998501 980486880 565998501
980486880 565998501 994281781 569973310
845167839 600519048 857724393 627604322
857724393 627604322 860023346 634736883
864202941 559047739 879547400 589778715
879547400 589778715 903589033 622736699
717976187 508769015 720987198 562793925
720987198 562793925 772626381 569587841
406808979 294797804 449665052 317091123
449665052 317091123 467233595 331813531
467233595 331813531 481553859 331813531
467233595 331813531 467233595 347012096
467233595 347012096 467985215 347012096
467985215 347012096 468793159 347398132
467233595 347012096 467233595 358432111
481553859 331813531 495992163 338735953
495992163 338735953 506619911 356987207
506619911 356987207 514904354 356987207
514904354 356987207 520995547 357819824
506619911 356987207 506619911 387607133
520995547 357819824 564845744 371773152
564845744 371773152 565513761 372725612
565513761 372725612 577040079 372725612
577040079 372725612 579394320 372725612
577040079 372725612 577040079 379455496
579394320 372725612 586218535 373297046
565513761 372725612 565513761 390964010
565513761 390964010 566687493 413128198
566687493 413128198 568919717 415950100
568919717 415950100 568919717 440799474
568919717 415950100 615469170 415950100
615469170 415950100 619994432 415950100
615469170 415950100 615469170 438964605
615469170 438964605 647864712 446532737
619994432 415950100 647864712 429256004
647864712 429256004 649687213 429256004
649687213 429256004 676962604 430878604
676962604 430878604 706403686 441433565
706403686 441433565 719196363 443734381
719196363 443734381 719196363 450555884
719196363 443734381 743975013 443734381
743975013 443734381 759727286 452388051
647864712 446532737 650480338 493429296
511806244 550824038 543662388 589198205
543662388 589198205 548648191 589198205
548648191 589198205 556529749 591905307
543662388 589198205 543662388 605840467
543662388 605840467 562292738 607868125
562292738 607868125 583802038 631599246
583802038 631599246 588064997 635306888
588064997 635306888 627115054 650207448
627115054 650207448 628544257 650207448
627115054 650207448 627115054 652068083
627115054 652068083 669795796 676419546
287677181 591118817 330630937 619481412
94415612 404457427 94415612 476931438
94415612 476931438 99412674 485545281
99412674 485545281 106362998 485545281
99412674 485545281 99412674 494186915
99412674 494186915 99412674 498181629
99412674 498181629 102923380 498181629
99412674 494186915 104008954 494186915
106362998 485545281 111747709 489850450
99412674 498181629 99412674 540269066
99412674 540269066 108376443 560980268
108376443 560980268 118825029 560980268
108376443 560980268 108376443 611494557
108376443 611494557 109982960 611494557
108376443 611494557 108376443 616056173
109982960 611494557 119817593 614897073
119817593 614897073 132860734 628739020
132860734 628739020 150486849 673843092
150486849 673843092 166752453 673843092
166752453 673843092 169222816 679700810
169222816 679700810 169222816 688495637
169222816 688495637 172619921 691628733
150486849 673843092 150486849 694688484
172619921 691628733 202431654 691628733
172619921 691628733 172619921 729427586
172619921 729427586 181407360 729427586
181407360 729427586 183965981 737490686
183965981 737490686 191849003 751303906
172619921 729427586 172619921 751265708
172619921 751265708 178511663 751265708
172619921 751265708 172619921 757208691
172619921 757208691 176907120 778544457
176907120 778544457 176907120 780742859
176907120 780742859 181435758 786160201
181435758 786160201 187931337 786160201
176907120 778544457 189854389 778544457
189854389 778544457 200212316 784348395
200212316 784348395 213659659 789487888
213659659 789487888 226664647 789487888
213659659 789487888 213659659 807747852
213659659 807747852 228702322 817844990
228702322 817844990 252531486 817844990
252531486 817844990 281010607 833369528
281010607 833369528 281010607 836755403
281010607 833369528 288751136 833369528
288751136 833369528 291492358 835146401
291492358 835146401 303327421 835146401
303327421 835146401 303327421 852911994
303327421 852911994 306538306 891316031
306538306 891316031 313788157 897202225
313788157 897202225 320876055 897202225
320876055 897202225 337397418 904613297
228702322 817844990 228702322 862329395
228702322 862329395 239731939 883118898
239731939 883118898 257246363 883118898
257246363 883118898 264836782 898172534
264836782 898172534 264836782 903061236
264836782 903061236 275456841 907802247
275456841 907802247 280052710 915144962
280052710 915144962 285152162 915144962
285152162 915144962 285899913 917637263
285899913 917637263 293779120 928670868
293779120 928670868 293779120 930871490
293779120 928670868 306444380 928670868
264836782 898172534 291492358 898172534
293779120 930871490 296508958 956077302
296508958 956077302 300158454 959922695
306444380 928670868 313788157 950010124
313788157 950010124 319468524 951561412
239731939 883118898 239731939 912484819
239731939 912484819 248515445 937345724
248515445 937345724 262342353 954582759
262342353 954582759 263537737 954582759
263537737 954582759 279885860 959951177
279885860 959951177 280052710 959951177
279885860 959951177 279885860 982767258
262342353 954582759 262342353 992625078
319468524 951561412 354018559 957735011
354018559 957735011 365754284 965991404
365754284 965991404 365754284 982767473
365754284 965991404 390377641 965991404
202431654 691628733 233984252 704764917
233984252 704764917 233984252 705202229
233984252 704764917 238101579 704764917
233984252 705202229 234185457 730795884
234185457 730795884 234417314 743142408
234417314 743142408 234417314 756593400
234417314 756593400 236375408 774958412
234417314 743142408 260490486 743142408
260490486 743142408 260490486 755022273
260490486 743142408 280935269 743142408
280935269 743142408 283948887 759301192
283948887 759301192 285567224 759301192
283948887 759301192 283948887 809938658
303327421 835146401 354406853 835146401
354406853 835146401 375704904 838088985
375704904 838088985 375704904 838564242
375704904 838088985 388742816 838088985
169222816 679700810 222051551 679700810
222051551 679700810 222051551 683832009
222051551 679700810 232034980 679700810
388742816 838088985 431890868 850464539
431890868 850464539 446119356 853387462
446119356 853387462 446119356 867907318
181435758 786160201 181435758 849814844
181435758 849814844 181872028 855271075
181872028 855271075 181872028 879197728
181872028 879197728 195332614 888807499
195332614 888807499 200681064 895199267
181872028 855271075 208303892 855271075
200681064 895199267 218691418 933887943
218691418 933887943 231763643 971204874
231763643 971204874 240136146 979795905
62167346 296186119 62167346 370370222
62167346 370370222 63160088 370370222
62167346 370370222 62167346 383912542
62167346 383912542 62425270 385903362
75475643 103941452 116830612 137441335
116830612 137441335 160609445 144689649
160609445 144689649 182711871 144689649
160609445 144689649 160609445 176143143
182711871 144689649 215667002 161037191
215667002 161037191 215667002 163217723
215667002 163217723 228942973 168932304
215667002 161037191 255057695 161037191
160609445 176143143 211387609 189380543
255057695 161037191 285098285 200288641
285098285 200288641 286477986 205615731
286477986 205615731 286477986 232245416
286477986 232245416 316834245 248364987
316834245 248364987 335658738 261109087
286477986 205615731 349575415 205615731
349575415 205615731 363807330 212409244
363807330 212409244 363807330 216095047
363807330 212409244 372723447 212409244
372723447 212409244 393874053 214420622
393874053 214420622 407333028 236353319
407333028 236353319 407333028 236978865
407333028 236353319 425062008 236353319
425062008 236353319 440117364 237009475
440117364 237009475 443382217 247732237
443382217 247732237 444457807 249445400
444457807 249445400 494317682 252218159
494317682 252218159 494317682 253703079
494317682 253703079 503460735 258169270
494317682 252218159 517667204 252218159
517667204 252218159 534985155 252909992
534985155 252909992 546580388 258169270
546580388 258169270 546580388 280557454
546580388 280557454 549303735 289794714
503460735 258169270 503460735 311557021
546580388 258169270 606136660 258169270
606136660 258169270 607205495 261175099
607205495 261175099 628272779 261175099
628272779 261175099 636813204 276113231
636813204 276113231 636813204 288906819
636813204 276113231 659272526 276113231
659272526 276113231 660371185 282918005
660371185 282918005 672051801 282918005
672051801 282918005 674606036 286960050
674606036 286960050 685325402 286960050
685325402 286960050 697664731 295470957
697664731 295470957 697664731 295717982
607205495 261175099 607205495 285404491
607205495 285404491 619421372 285404491
674606036 286960050 674606036 317078740
674606036 317078740 687140008 323061106
687140008 323061106 697058512 328497037
697664731 295470957 729536560 295470957
729536560 295470957 744400985 309817067
744400985 309817067 744400985 319345906
744400985 319345906 753001132 335999738
753001132 335999738 773420071 335999738
773420071 335999738 780636238 342203061
753001132 335999738 753001132 367390252
753001132 367390252 758996521 397530046
758996521 397530046 770473974 397530046
770473974 397530046 780312893 397530046
770473974 397530046 770473974 408436144
758996521 397530046 758996521 412173019
758996521 412173019 760061090 429619907
760061090 429619907 760061090 429854253
760061090 429619907 768495690 429619907
770473974 408436144 772097033 426503017
744400985 309817067 785355335 309817067
660371185 282918005 660371185 333816817
660371185 333816817 665753564 352174065
665753564 352174065 674563593 361024083
674563593 361024083 674678140 372602473
674678140 372602473 687012416 372602473
687012416 372602473 688766244 404376344
688766244 404376344 688766244 406891194
688766244 406891194 711076165 417152268
711076165 417152268 711076165 429895656
711076165 417152268 744703082 417152268
674678140 372602473 674678140 421393262
688766244 404376344 737782433 404376344
607205495 285404491 607205495 344975049
607205495 344975049 627563137 348898311
627563137 348898311 629427318 354212415
619421372 285404491 625946965 342039393
780636238 342203061 837746538 349424640
837746538 349424640 843024490 358902368
843024490 358902368 843024490 362521752
843024490 358902368 850169977 358902368
843024490 362521752 847383018 383561751
847383018 383561751 849375951 383561751
849375951 383561751 874896844 390753934
874896844 390753934 883451892 418077374
883451892 418077374 883451892 427793842
883451892 427793842 901790852 427793842
901790852 427793842 910884150 431703090
910884150 431703090 910884150 446536515
883451892 427793842 883451892 448878104
910884150 446536515 943445482 450383800
943445482 450383800 943445482 456491765
943445482 456491765 963847441 458225718
943445482 450383800 970061186 450383800
970061186 450383800 995297619 450661636
883451892 418077374 925968732 418077374
963847441 458225718 994853383 478939668
925968732 418077374 965918449 431703090
847383018 383561751 847383018 443321763
847383018 443321763 848156898 446945130
848156898 446945130 848431845 482121073
848431845 482121073 874087429 503150077
874087429 503150077 875682692 503660203
875682692 503660203 875682692 503903642
875682692 503903642 885121353 515635232
885121353 515635232 914335935 529089903
875682692 503660203 920041175 503660203
914335935 529089903 949580829 543932300
949580829 543932300 949580829 550127947
949580829 543932300 971952043 543932300
971952043 543932300 972373642 543932300
971952043 543932300 971952043 547756297
920041175 503660203 976160338 512054224
976160338 512054224 976160338 517830366
976160338 512054224 982477385 512054224
185146343 515113218 222669587 552783340
222669587 552783340 228357025 552783340
222669587 552783340 222669587 567342594
222669587 567342594 225319937 567342594
222669587 567342594 222669587 590544994
225319937 567342594 241931224 590094409
62167346 283952238 139288224 283952238
139288224 283952238 139288224 286652813
139288224 283952238 146347192 283952238
98198730 0 177438435 0
177438435 0 200841344 0
200841344 0 200841344 9373746
200841344 0 238214082 0
238214082 0 238214082 15783365
238214082 0 258713526 0
258713526 0 262530144 0
262530144 0 275188139 0
275188139 0 275777598 0
275777598 0 275777598 20142766
262530144 0 262530144 32998551
262530144 32998551 275188139 44969469
275188139 44969469 298462139 55986606
258713526 0 258713526 35202797
177438435 0 177438435 39833380
177438435 39833380 180577139 67841626
180577139 67841626 180577139 92379766
180577139 92379766 194757258 92379766
180577139 92379766 180577139 107983353
180577139 107983353 185415635 107983353
180577139 107983353 180577139 118263061
194757258 92379766 215626991 92882862
180577139 118263061 193597680 131170659
180577139 67841626 214327067 67841626
215626991 92882862 260685610 105671924
260685610 105671924 263277094 108635660
263277094 108635660 276144008 108635660
276144008 108635660 276144008 117835712
263277094 108635660 263277094 133902681
263277094 133902681 270969669 142659299
270969669 142659299 285098285 158724637
285098285 158724637 312526609 158724637
312526609 158724637 320612259 158724637
320612259 158724637 332025744 160708196
332025744 160708196 333739152 160708196
333739152 160708196 343173277 164020047
343173277 164020047 349575415 172308121
349575415 172308121 352479798 172308121
349575415 172308121 349575415 176238806
349575415 176238806 350217917 176238806
332025744 160708196 332025744 188288290
352479798 172308121 380143210 174855104
312526609 158724637 312526609 193026491
350217917 176238806 362024699 201155408
276144008 108635660 322130665 108635660
362024699 201155408 409755096 208091844
298462139 55986606 357534288 56705228
357534288 56705228 376997156 94675337
376997156 94675337 392242944 99523389
392242944 99523389 403665673 99523389
403665673 99523389 405021990 108569025
405021990 108569025 408028241 110397667
408028241 110397667 408028241 111903326
392242944 99523389 392242944 111515184
408028241 111903326 424408345 111903326
408028241 111903326 408028241 143967120
408028241 143967120 438205189 144855156
438205189 144855156 441093500 144855156
438205189 144855156 438205189 157114951
438205189 157114951 458190438 170576101
458190438 170576101 471227366 170576101
471227366 170576101 480957843 189283439
458190438 170576101 458190438 200675220
480957843 189283439 492628840 212030259
492628840 212030259 494317682 227307704
494317682 227307704 498306329 227307704
498306329 227307704 517667204 246228497
517667204 246228497 560665816 246228497
560665816 246228497 582271515 248179416
582271515 248179416 587330777 250264544
275777598 0 336839766 0
336839766 0 338149922 0
338149922 0 353193405 0
353193405 0 353193405 18929392
336839766 0 336839766 25248380
336839766 25248380 338088925 42598371
338088925 42598371 338149922 42598371
338088925 42598371 338088925 79090725
338088925 79090725 348782294 90289096
348782294 90289096 348782294 102526774
348782294 102526774 355942722 106770364
348782294 90289096 406784930 90289096
193597680 131170659 259828016 136914134
259828016 136914134 260256748 148879991
408028241 110397667 483099953 110397667
483099953 110397667 487695233 110397667
487695233 110397667 511754024 112486123
483099953 110397667 483099953 137853743
511754024 112486123 537390951 142794268
537390951 142794268 567789511 178672395
567789511 178672395 568136355 178672395
568136355 178672395 593401180 178761204
593401180 178761204 600351313 192557555
600351313 192557555 600351313 209500149
600351313 192557555 620706211 192557555
620706211 192557555 635896166 204424161
635896166 204424161 638633136 209330625
638633136 209330625 638633136 238690123
638633136 238690123 638633136 240347269
638633136 238690123 654081068 238690123
654081068 238690123 677543236 241487879
567789511 178672395 567789511 208288707
638633136 209330625 669468638 209330625
669468638 209330625 686577593 209330625
686577593 209330625 702235956 211269737
702235956 211269737 702235956 212876804
702235956 212876804 710066748 214389280
710066748 214389280 715094609 224924004
669468638 209330625 669468638 227006194
702235956 211269737 726522029 211269737
715094609 224924004 741413958 224924004
677543236 241487879 685412239 266468016
715094609 224924004 715094609 266352231
715094609 266352231 756999638 272205307
756999638 272205307 756999638 278152605
756999638 272205307 768696592 272205307
726522029 211269737 780691880 211858483
780691880 211858483 812818378 214730772
812818378 214730772 834953499 221029555
834953499 221029555 834953499 232295313
834953499 221029555 850054067 221029555
834953499 232295313 840622516 244103846
840622516 244103846 867759205 268192446
867759205 268192446 871371424 268192446
867759205 268192446 867759205 276309264
867759205 276309264 873530307 284832674
873530307 284832674 873530307 304667024
873530307 304667024 875001590 309481959
875001590 309481959 875893884 309481959
875893884 309481959 875893884 322907645
875001590 309481959 875001590 325706341
875001590 325706341 894617948 330264808
894617948 330264808 894617948 340594858
894617948 340594858 894617948 342832555
894617948 342832555 896620324 344743080
894617948 340594858 901938901 340594858
894617948 330264808 906570024 330264808
875893884 309481959 910279941 309481959
910279941 309481959 947160737 310634507
947160737 310634507 955874340 317374120
873530307 284832674 913673138 284832674
913673138 284832674 913673138 296989268
913673138 284832674 931651541 284832674
931651541 284832674 947053299 293325472
947053299 293325472 969554197 295810717
969554197 295810717 969554197 297609946
969554197 295810717 992929166 295810717
850054067 221029555 895266329 227218720
901938901 340594858 931060226 367098400
931060226 367098400 934856815 367098400
931060226 367098400 931060226 373035553
934856815 367098400 940571526 372200743
940571526 372200743 982472075 387118781
982472075 387118781 988496138 392089135
768696592 272205307 822265452 281152132
822265452 281152132 833815134 281152132
822265452 281152132 822265452 303804326
822265452 303804326 854709322 324125628
854709322 324125628 861244734 325706341
861244734 325706341 861244734 328446006
895266329 227218720 968461312 228825234
968461312 228825234 968461312 238753961
968461312 238753961 970664748 239152086
968461312 228825234 989376208 228825234
989376208 228825234 998320074 270686449
337397418 904613297 372757651 949689099
372757651 949689099 429368659 962107636
429368659 962107636 457902267 987454409
606344560 862774954 670792100 879119529
670792100 879119529 710672906 889426238
386032230 756715807 421601802 803225708
421601802 803225708 432057963 809541520
506619911 387607133 557721874 419333120
353193405 0 437053093 0
437053093 0 440684547 0
437053093 0 437053093 4303554
440684547 0 445012787 0
445012787 0 452508515 0
452508515 0 457286838 0
457286838 0 463892735 0
463892735 0 467478291 0
445012787 0 445012787 7922980
467478291 0 484659193 0
467478291 0 467478291 19360110
445012787 7922980 452508515 30553002
452508515 30553002 457286838 35653359
457286838 35653359 457286838 38595338
457286838 35653359 463892735 35653359
463892735 35653359 466226266 49527932
466226266 49527932 466226266 50956413
466226266 49527932 484659193 49527932
466226266 50956413 477285182 62704050
477285182 62704050 478979593 62704050
477285182 62704050 477285182 83483454
477285182 83483454 477872298 88181781
437053093 4303554 440684547 31044812
484659193 0 522282438 0
522282438 0 526608583 0
526608583 0 533166274 0
533166274 0 536807729 0
536807729 0 536807729 4015253
536807729 0 543682255 0
533166274 0 533166274 15475756
543682255 0 561086118 0
533166274 15475756 543682255 23632622
543682255 23632622 561086118 36878388
526608583 0 526608583 38192619
526608583 38192619 533861869 62011996
533861869 62011996 550373071 68048861
550373071 68048861 552290983 68048861
550373071 68048861 550373071 72719324
550373071 72719324 550597718 77144288
561086118 0 600231243 0
600231243 0 600231243 36895704
600231243 36895704 619619310 50892934
619619310 50892934 626368169 50892934
626368169 50892934 662989266 55916535
662989266 55916535 693946433 55916535
522282438 0 522282438 42605685
522282438 42605685 524636928 60595625
524636928 60595625 524696129 60595625
524636928 60595625 524636928 83216113
524636928 83216113 530032253 102590410
478979593 62704050 512737344 76350317
693946433 55916535 723911990 76884110
723911990 76884110 733414588 76884110
723911990 76884110 723911990 93363842
723911990 93363842 724515929 95490397
724515929 95490397 726600123 98544180
726600123 98544180 753115148 98544180
753115148 98544180 763183075 104673251
726600123 98544180 726600123 150867773
726600123 150867773 729611669 150867773
726600123 150867773 726600123 168344042
726600123 168344042 729427948 178578878
729427948 178578878 777462342 181851935
777462342 181851935 787178005 185111169
787178005 185111169 787178005 185266126
787178005 185266126 812675348 200803162
662989266 55916535 662989266 109715822
662989266 109715822 662989266 114700266
662989266 114700266 668410029 119433174
668410029 119433174 679661042 119433174
662989266 109715822 676843076 109715822
668410029 119433174 668410029 162815390
668410029 162815390 708923023 168344042
708923023 168344042 708923023 189733615
708923023 189733615 720303920 189876772
600231243 0 661642917 0
661642917 0 661967076 0
661967076 0 661967076 16579241
661642917 0 661642917 16795881
661967076 0 694163427 0
694163427 0 696732576 0
696732576 0 702949883 0
702949883 0 721803138 0
721803138 0 721803138 696270
721803138 0 743450321 0
743450321 0 753180271 0
694163427 0 694163427 23668613
694163427 23668613 696732576 26528881
696732576 26528881 702949883 26528881
696732576 26528881 696732576 49195169
743450321 0 743450321 39077616
743450321 39077616 747864484 48502878
747864484 48502878 753180271 48502878
747864484 48502878 747864484 65999810
753180271 48502878 791240732 53914599
791240732 53914599 792465386 64071999
792465386 64071999 796962380 64071999
792465386 64071999 792465386 79648623
619619310 50892934 619619310 119840984
619619310 119840984 629498554 154601083
629498554 154601083 631372489 154601083
629498554 154601083 629498554 166048256
629498554 166048256 663445879 190700329
753180271 0 825156340 0
825156340 0 858450746 0
858450746 0 859782600 0
858450746 0 858450746 2753783
859782600 0 875614697 0
875614697 0 875781774 0
875614697 0 875614697 2557644
875614697 2557644 875781774 15496304
875781774 0 904053881 0
904053881 0 908452703 0
908452703 0 908452703 15103812
825156340 0 825156340 35374746
825156340 35374746 841452833 50940274
908452703 0 947087725 0
904053881 0 904053881 40233089
904053881 40233089 918981597 54246619
918981597 54246619 940611618 60829160
940611618 60829160 947720972 60829160
947720972 60829160 947720972 74976576
940611618 60829160 940611618 93092202
947720972 74976576 981931948 84911094
981931948 84911094 985318290 84911094
981931948 84911094 981931948 91940475
981931948 91940475 986352862 109873243
986352862 109873243 991098366 109873243
986352862 109873243 986352862 131577385
947720972 60829160 992798451 60829160
947087725 0 947087725 46944399
841452833 50940274 844196287 109947850
844196287 109947850 844196287 114275903
844196287 114275903 867195155 115087486
867195155 115087486 896281886 122266643
896281886 122266643 915012256 122266643
844196287 109947850 884094357 109947850
896281886 122266643 896281886 164995769
896281886 164995769 907143362 176011001
907143362 176011001 914695749 176011001
914695749 176011001 921870692 185330448
921870692 185330448 937667931 185330448
921870692 185330448 921870692 208663759
907143362 176011001 907143362 213319112
937667931 185330448 958400160 204914567
958400160 204914567 958400160 205343228
958400160 204914567 959559833 204914567
915012256 122266643 966535273 129371665
966535273 129371665 979337146 135223844
787178005 185111169 861030295 185111169
861030295 185111169 883007336 213180512
97105301 11967148 114339244 79524283
629427318 354212415 658960351 410439922
759727286 452388051 808950347 490585415
808950347 490585415 836218916 515268330
691524374 693625003 709563365 771100861
709563365 771100861 725023572 783451206
725023572 783451206 725023572 784954345
725023572 783451206 736316779 783451206
736316779 783451206 740181935 787486240
740181935 787486240 747647042 794362584
549303735 289794714 595961448 349989538
170533178 350756478 212569791 416408563
0 290757075 0 422420275
0 422420275 41448780 422420275
41448780 422420275 53873054 454923420
53873054 454923420 60902420 470986942
0 422420275 0 469117602
0 469117602 0 483197234
0 483197234 20081852 483197234
0 469117602 24013501 469117602
0 483197234 0 510600223
0 510600223 0 529339695
0 529339695 0 546402607
0 546402607 0 558860258
0 558860258 11689501 558860258
0 558860258 0 581252874
0 581252874 0 586885929
0 581252874 9509093 581252874
0 546402607 24154091 546402607
0 529339695 24814436 529339695
0 510600223 26584063 510600223
26584063 510600223 54308193 515450704
54308193 515450704 67130472 523412499
67130472 523412499 85794741 546748993
9509093 581252874 49017262 586885929
49017262 586885929 83064751 597216903
83064751 597216903 87842939 639092902
87842939 639092902 92134511 659343139
92134511 659343139 94350101 670667896
0 586885929 0 639055021
0 639055021 0 641033517
0 641033517 0 646731210
0 646731210 0 649113911
0 639055021 12726867 639055021
12726867 639055021 13805348 641033517
13805348 641033517 13805348 646731210
13805348 641033517 22345191 641033517
22345191 641033517 53637580 653930676
53637580 653930676 61158155 653930676
61158155 653930676 67124978 653930676
61158155 653930676 61158155 664398398
67124978 653930676 73902624 660396631
53637580 653930676 53637580 692035882
53637580 692035882 65697405 699542508
65697405 699542508 78600137 699542508
78600137 699542508 91353119 699542508
78600137 699542508 78600137 716359257
78600137 716359257 95126732 722644870
95126732 722644870 95126732 725284556
95126732 725284556 95126732 745396812
95126732 725284556 122921531 725284556
65697405 699542508 65697405 731470923
65697405 731470923 75099020 744538216
75099020 744538216 75430566 744538216
75099020 744538216 75099020 746044202
95126732 722644870 131894971 722644870
0 649113911 0 703568629
0 703568629 0 711702248
0 711702248 21068192 711702248
0 703568629 30127639 703568629
131894971 722644870 147160913 767356488
147160913 767356488 147160913 779416134
147160913 767356488 162393676 767356488
162393676 767356488 163387382 767356488
162393676 767356488 162393676 772172758
147160913 779416134 152381303 803281729
152381303 803281729 158110400 809350954
122921531 725284556 128344532 781233201
128344532 781233201 133411085 803281729
133411085 803281729 133411085 803532254
133411085 803532254 138372598 809350954
138372598 809350954 138372598 848528702
0 711702248 0 789973685
0 789973685 0 801932697
0 801932697 6421345 801932697
0 801932697 0 810035721
0 810035721 18817490 810035721
0 810035721 0 835205448
0 835205448 0 841833147
0 841833147 0 848866980
0 835205448 14563819 835205448
0 789973685 28409632 789973685
14563819 835205448 40548012 841833147
40548012 841833147 40548012 848866980
40548012 841833147 48058157 841833147
48058157 841833147 55466187 856178017
28409632 789973685 59586264 799468163
59586264 799468163 63717298 812204141
63717298 812204141 63717298 830639829
63717298 830639829 68197894 837148109
68197894 837148109 68197894 838474156
68197894 838474156 89049781 844170470
89049781 844170470 103420485 850361133
103420485 850361133 107266903 862430901
107266903 862430901 111519032 863243489
111519032 863243489 111519032 866169536
111519032 866169536 124727271 870070708
111519032 863243489 133137412 863243489
63717298 812204141 90424078 812204141
90424078 812204141 91767322 812204141
90424078 812204141 90424078 828787954
90424078 828787954 98597277 833021498
98597277 833021498 98597277 837148109
98597277 833021498 109210962 833021498
133137412 863243489 133159489 903011764
124727271 870070708 125240049 911839201
0 848866980 0 894940364
0 894940364 0 896757718
0 896757718 5841014 896757718
0 896757718 0 903443809
0 903443809 0 906791481
0 906791481 0 908324740
0 908324740 0 910190652
0 910190652 0 910791723
0 906791481 3041509 906791481
0 910791723 0 914917590
0 914917590 0 921365943
0 921365943 0 922878393
0 922878393 2927086 922878393
0 914917590 6600010 914917590
6600010 914917590 22953853 921365943
0 922878393 0 946057660
0 946057660 9131816 946057660
9131816 946057660 9131816 963695767
9131816 946057660 31668658 946057660
0 910190652 27070154 910190652
27070154 910190652 33753231 910791723
0 894940364 28155573 894940364
28155573 894940364 28645406 903443809
28645406 903443809 35123243 908324740
9131816 963695767 13594428 991103258
31668658 946057660 66446900 949265142
66446900 949265142 68169153 949265142
66446900 949265142 66446900 984601321
66446900 984601321 79924060 986787315
68169153 949265142 76996802 981469496
55466187 856178017 88342971 869939403
88342971 869939403 99264613 897334535
99264613 897334535 102392692 897334535
99264613 897334535 99264613 913888213
125240049 911839201 167977848 925131811
167977848 925131811 167977848 925739822
167977848 925131811 174110749 925131811
174110749 925131811 201360445 969687485
79924060 986787315 146182383 997961095
