1500
0 0 0 3504421
0 3504421 0 7327751
0 0 6179056 0
6179056 0 6288647 0
6288647 0 7918325 0
6288647 0 6288647 3504421
7918325 0 34890026 0
34890026 0 34890026 7327751
34890026 0 65060081 0
65060081 0 66739435 0
66739435 0 83911043 0
83911043 0 99641739 0
99641739 0 100138928 0
100138928 0 104785013 0
104785013 0 107932364 0
83911043 0 83911043 25776389
83911043 25776389 99641739 29920809
99641739 29920809 100138928 29920809
100138928 29920809 100138928 33530786
100138928 29920809 104785013 29920809
104785013 29920809 105722126 32133411
105722126 32133411 107932364 32133411
99641739 29920809 99641739 42875215
99641739 42875215 105722126 50519003
105722126 50519003 105722126 65392916
105722126 50519003 128705869 50519003
65060081 0 65060081 30356757
65060081 30356757 66739435 33082485
0 7327751 0 39181633
0 39181633 6179056 39181633
0 39181633 0 49695111
0 49695111 0 55707981
0 49695111 7918325 49695111
0 55707981 0 73611705
0 73611705 0 83678410
0 83678410 0 86691106
0 86691106 0 92886590
0 92886590 0 95642277
0 92886590 9065685 92886590
9065685 92886590 11057496 95642277
0 95642277 0 109936415
0 109936415 17970826 109936415
0 109936415 0 133654651
7918325 49695111 26586634 55707981
0 83678410 28392504 83678410
28392504 83678410 34644073 86691106
26586634 55707981 47675243 73611705
66739435 33082485 70080186 70690476
0 133654651 0 175132798
0 175132798 0 180746275
0 175132798 10723123 175132798
0 180746275 0 195585784
10723123 175132798 25687829 180746275
25687829 180746275 34712677 195585784
34712677 195585784 41089510 203416461
41089510 203416461 58867028 203416461
58867028 203416461 68265874 210952955
68265874 210952955 68265874 215667337
41089510 203416461 41089510 223039137
41089510 223039137 44446743 236708431
44446743 236708431 47023302 236708431
44446743 236708431 44446743 241907522
68265874 215667337 79315365 228097159
79315365 228097159 79315365 229215896
79315365 228097159 81096883 228097159
81096883 228097159 82147961 230951797
82147961 230951797 102198086 236129750
68265874 210952955 93566165 210952955
93566165 210952955 105328060 215754231
105328060 215754231 105328060 224816603
0 195585784 0 223039137
0 223039137 0 236708431
0 236708431 0 241907522
0 241907522 0 252210396
0 252210396 18483477 252210396
105328060 215754231 140936353 215754231
140936353 215754231 154019075 216606253
154019075 216606253 165991640 216606253
154019075 216606253 154019075 234341373
154019075 234341373 156526275 238643244
156526275 238643244 156526275 244030663
156526275 244030663 159886755 244030663
156526275 244030663 156526275 268776195
156526275 268776195 158914070 287610795
158914070 287610795 166984387 305735977
166984387 305735977 166984387 308956463
166984387 308956463 177463074 308956463
177463074 308956463 186236494 316960572
186236494 316960572 186236494 329062550
166984387 308956463 166984387 334910606
166984387 334910606 172603906 368244031
172603906 368244031 198126449 377106038
107932364 0 150672701 0
150672701 0 155962092 0
155962092 0 161230240 0
155962092 0 155962092 18958839
161230240 0 187144636 0
187144636 0 195388954 0
195388954 0 195388954 1150405
195388954 0 197852633 0
155962092 18958839 161230240 44127254
161230240 44127254 197852633 47509329
187144636 0 187144636 40069486
187144636 40069486 187406404 74808193
150672701 0 150672701 41321377
34644073 86691106 65391386 99199742
65391386 99199742 83491574 105772420
83491574 105772420 98421110 105772420
83491574 105772420 83491574 122166857
187406404 74808193 227385996 78178733
227385996 78178733 231207688 81143631
231207688 81143631 241903253 81143631
186236494 329062550 216846889 342749918
216846889 342749918 218036188 358029970
218036188 358029970 226660206 360909851
226660206 360909851 230458221 360909851
230458221 360909851 230458221 361894079
230458221 360909851 243086730 360909851
243086730 360909851 247054150 378462518
247054150 378462518 261578863 384731817
261578863 384731817 268714956 384731817
261578863 384731817 261578863 399606833
186236494 316960572 230730679 316960572
230730679 316960572 239562155 322742583
0 133654651 44756841 133654651
0 252210396 0 300248721
0 300248721 4309034 300248721
0 300248721 0 319881400
0 319881400 528203 319881400
0 319881400 0 344670980
0 344670980 0 357218994
0 357218994 0 357305440
0 357305440 15830208 357305440
0 357218994 16901557 357218994
0 357305440 0 378367232
0 378367232 0 410068407
0 410068407 0 420872498
0 420872498 0 442266689
0 442266689 0 444242788
0 444242788 0 471503107
0 471503107 21214619 471503107
0 344670980 34275576 344670980
34275576 344670980 37829880 378367232
37829880 378367232 44186406 380241200
44186406 380241200 70408752 380241200
70408752 380241200 84425837 395656518
84425837 395656518 84425837 397007356
84425837 397007356 88930531 402532124
84425837 395656518 107737004 395656518
44186406 380241200 44186406 410068407
44186406 410068407 49674293 444242788
49674293 444242788 67789481 446876914
67789481 446876914 67789481 449690565
67789481 446876914 72708618 446876914
72708618 446876914 73400136 456529745
73400136 456529745 73400136 471588366
73400136 471588366 85025594 471588366
73400136 471588366 73400136 483844931
73400136 483844931 75768398 491378859
75768398 491378859 89305814 491378859
89305814 491378859 94128864 500438294
94128864 500438294 104076638 506617956
104076638 506617956 107183120 506617956
104076638 506617956 104076638 510185124
104076638 510185124 104880783 535858585
75768398 491378859 75768398 518994887
104880783 535858585 134301610 535858585
134301610 535858585 134301610 539039245
134301610 539039245 145527917 550139668
145527917 550139668 155130414 550139668
155130414 550139668 156576526 550139668
156576526 550139668 163908284 550421583
155130414 550139668 155130414 559832085
134301610 535858585 157419552 535858585
145527917 550139668 145527917 580183285
157419552 535858585 175840164 549319521
104880783 535858585 104880783 567864902
104880783 567864902 104880783 572230674
104880783 567864902 127795314 567864902
73400136 456529745 107198145 456529745
104880783 572230674 118191740 592791304
118191740 592791304 118191740 594012113
118191740 592791304 141671235 592791304
107198145 456529745 132138574 469969046
118191740 594012113 122688006 629715415
122688006 629715415 123013318 632050940
123013318 632050940 123013318 644023679
123013318 644023679 136852369 658760372
136852369 658760372 136852369 667267214
136852369 658760372 158586043 658760372
158586043 658760372 158586043 663152501
158586043 663152501 167105667 673462125
158586043 658760372 182503634 658760372
182503634 658760372 193476004 665661035
193476004 665661035 213737867 665661035
0 420872498 40682181 420872498
40682181 420872498 41528424 442266689
193476004 665661035 193476004 706669981
193476004 706669981 204427894 716498428
175840164 549319521 202793829 572191134
166984387 305735977 217631397 305735977
217631397 305735977 249961605 309969611
249961605 309969611 249961605 311804282
249961605 309969611 272863060 309969611
272863060 309969611 285829871 313417440
285829871 313417440 285829871 314239434
285829871 313417440 310057499 313417440
310057499 313417440 312710355 318493152
312710355 318493152 336753961 318493152
336753961 318493152 337313187 318493152
336753961 318493152 336753961 329076702
312710355 318493152 312710355 360368618
312710355 360368618 326700683 366156545
326700683 366156545 326700683 382315472
326700683 382315472 358189927 389713827
326700683 366156545 366665310 366156545
366665310 366156545 366665310 370009964
366665310 366156545 374759812 366156545
374759812 366156545 374759812 366330496
366665310 370009964 373953862 375596448
374759812 366330496 383413977 374771384
383413977 374771384 402903268 379217411
374759812 366156545 400957725 366156545
402903268 379217411 438822184 379217411
438822184 379217411 445513141 379217411
445513141 379217411 451225017 391148738
451225017 391148738 458199996 391148738
451225017 391148738 451225017 406645413
451225017 406645413 477564207 409136179
438822184 379217411 438822184 411011162
458199996 391148738 500874982 392497896
500874982 392497896 506081990 432122362
506081990 432122362 530616087 432122362
530616087 432122362 539516800 467929684
539516800 467929684 548924199 467929684
548924199 467929684 548924199 472646911
548924199 472646911 552569114 483584919
552569114 483584919 560308238 483584919
560308238 483584919 560725223 491417457
552569114 483584919 552569114 514737301
552569114 514737301 554269802 518318689
554269802 518318689 564723712 519398956
564723712 519398956 564723712 522464209
564723712 522464209 565368298 526894838
564723712 519398956 571054301 519398956
565368298 526894838 574943756 526894838
560725223 491417457 588836425 498071721
539516800 467929684 539516800 504809443
539516800 504809443 545011518 527683443
548924199 467929684 585889874 467929684
585889874 467929684 603736286 480433760
603736286 480433760 619089509 483717534
619089509 483717534 630623660 495779201
630623660 495779201 645953018 495779201
645953018 495779201 646138553 495779201
630623660 495779201 630623660 512495184
630623660 512495184 633303311 522686901
633303311 522686901 645953018 522686901
646138553 495779201 659830428 499380372
659830428 499380372 663256066 499380372
663256066 499380372 663526445 502667298
663526445 502667298 663526445 508941383
663526445 508941383 673356355 514869618
673356355 514869618 673356355 528327658
659830428 499380372 659830428 520151471
659830428 520151471 662539157 539741009
645953018 522686901 651012434 541092586
633303311 522686901 633303311 557691561
633303311 557691561 633303311 563970038
633303311 557691561 645327396 557691561
645327396 557691561 656223225 590053834
656223225 590053834 656223225 591109911
656223225 590053834 693105174 590053834
693105174 590053834 702886935 598799124
702886935 598799124 702886935 607912431
702886935 607912431 706016631 607912431
706016631 607912431 712325293 616163053
702886935 607912431 702886935 625233734
712325293 616163053 737693970 619009480
737693970 619009480 738126362 619009480
737693970 619009480 737693970 625233734
738126362 619009480 750503452 620691082
750503452 620691082 750503452 630472290
750503452 620691082 763497690 620691082
763497690 620691082 763497690 625183534
763497690 620691082 773142169 620691082
773142169 620691082 774114759 624380325
774114759 624380325 774114759 630472290
774114759 624380325 787783237 624380325
787783237 624380325 791226785 638551520
791226785 638551520 791226785 647706357
791226785 638551520 824419752 638551520
702886935 598799124 741986226 598799124
741986226 598799124 741986226 600951106
791226785 647706357 796956918 685811387
796956918 685811387 823012874 690106874
823012874 690106874 828183295 699414086
828183295 699414086 828183295 739704874
828183295 739704874 829676640 741961556
829676640 741961556 829676640 756982697
829676640 756982697 849996372 772278244
849996372 772278244 849996372 772611743
849996372 772611743 854473214 779740117
849996372 772278244 870307537 772278244
870307537 772278244 889112668 779740117
889112668 779740117 919385918 786536680
919385918 786536680 922125979 786536680
829676640 741961556 868197709 741961556
868197709 741961556 901119331 742815657
901119331 742815657 901119331 763742135
901119331 763742135 901119331 767942683
901119331 763742135 918063597 763742135
901119331 742815657 925058783 742815657
925058783 742815657 928972693 745555971
919385918 786536680 919385918 830757325
919385918 830757325 921227425 832606052
921227425 832606052 921227425 842350237
921227425 842350237 927771476 855619768
927771476 855619768 927771476 863737104
927771476 855619768 945139568 855619768
945139568 855619768 952961819 880345617
952961819 880345617 966325447 880345617
966325447 880345617 967233179 896878703
952961819 880345617 952961819 904142941
750503452 630472290 750503452 675214201
741986226 598799124 787045246 598799124
787045246 598799124 812533076 617523960
812533076 617523960 812533076 619444619
812533076 617523960 824706397 617523960
673356355 514869618 719452142 514869618
719452142 514869618 723460739 520171505
723460739 520171505 723460739 532765879
723460739 520171505 751284352 520171505
921227425 832606052 968636457 832606052
968636457 832606052 972556652 837015279
972556652 837015279 975280089 848520386
824419752 638551520 831781594 678769500
656223225 591109911 676295770 618622657
676295770 618622657 676295770 623679651
676295770 618622657 685100281 618622657
685100281 618622657 689938955 620130905
750503452 675214201 765483610 708681826
765483610 708681826 766408787 713457265
766408787 713457265 779475679 713457265
779475679 713457265 783645769 740103244
783645769 740103244 783645769 756982697
783645769 756982697 783645769 760316936
783645769 760316936 785316115 760440587
785316115 760440587 785316115 770733405
785316115 760440587 815515610 760440587
785316115 770733405 798174775 789146516
798174775 789146516 804811387 808690038
783645769 740103244 820404606 740103244
766408787 713457265 766408787 756803244
766408787 756803244 770234568 756982697
770234568 756982697 770234568 787879781
770234568 787879781 781622350 787879781
770234568 787879781 770234568 800716426
770234568 800716426 776693224 804552727
702886935 625233734 702886935 675205149
702886935 675205149 703103405 686024128
967233179 896878703 989556823 926114701
261578863 399606833 303711931 410219767
303711931 410219767 303711931 410909593
303711931 410219767 306096641 410219767
306096641 410219767 315905199 430864695
315905199 430864695 332374722 439159490
332374722 439159490 332374722 448626211
332374722 448626211 347453180 450683601
347453180 450683601 351140914 450683601
332374722 439159490 352209925 439159490
352209925 439159490 372650943 439329825
372650943 439329825 372650943 448533137
372650943 439329825 387689253 439329825
387689253 439329825 390990192 441242234
372650943 448533137 379906162 459930729
347453180 450683601 347453180 496019146
347453180 496019146 373552809 503416747
373552809 503416747 373552809 524081479
373552809 524081479 375407946 531993728
375407946 531993728 383301613 531993728
375407946 531993728 375407946 543202783
383301613 531993728 392672150 534925548
392672150 534925548 396464626 557033450
396464626 557033450 396464626 572260744
396464626 572260744 401280595 572260744
396464626 572260744 396464626 591677746
396464626 591677746 396464626 594655564
396464626 591677746 399587255 591677746
399587255 591677746 409243888 592903889
409243888 592903889 414959918 611131539
414959918 611131539 424810350 613711363
373552809 503416747 420480042 503416747
424810350 613711363 462322884 630274858
462322884 630274858 466368728 632308326
466368728 632308326 469417273 632308326
469417273 632308326 477121615 645617681
477121615 645617681 477812604 645617681
477121615 645617681 477121615 654973328
477121615 654973328 481760925 658304120
477812604 645617681 488890694 648527857
488890694 648527857 488890694 650242551
466368728 632308326 466368728 657135904
466368728 657135904 474289014 671253911
474289014 671253911 484322386 680744038
484322386 680744038 484322386 695723748
484322386 695723748 484322386 708697926
484322386 695723748 498449463 695723748
498449463 695723748 523085652 705689925
523085652 705689925 541750597 711945330
541750597 711945330 541750597 717213082
541750597 711945330 553856153 711945330
484322386 680744038 525764425 680744038
488890694 648527857 533549666 648527857
533549666 648527857 539901965 671428159
539901965 671428159 539901965 672306526
539901965 671428159 562811356 671428159
562811356 671428159 565832658 679221659
565832658 679221659 565832658 689805304
565832658 679221659 591520015 679221659
591520015 679221659 591520015 684385260
591520015 679221659 602625606 679221659
591520015 684385260 595475593 703859384
595475593 703859384 620241299 722721874
620241299 722721874 647545366 732858254
647545366 732858254 651022116 745309350
651022116 745309350 651022116 756144699
651022116 756144699 657573404 756144699
657573404 756144699 675619929 756886087
675619929 756886087 676856230 756886087
675619929 756886087 675619929 775600329
651022116 756144699 651022116 777794357
651022116 745309350 679722096 745309350
676856230 756886087 706051580 763394981
679722096 745309350 718203443 746763895
718203443 746763895 722273101 753186074
722273101 753186074 749678666 756803244
749678666 756803244 749678666 794642848
749678666 794642848 757206472 794642848
749678666 794642848 749678666 810729738
749678666 810729738 753913856 810729738
749678666 810729738 749678666 818412667
553856153 711945330 575470544 739454738
575470544 739454738 578167555 739454738
575470544 739454738 575470544 760695129
575470544 760695129 577653777 760695129
577653777 760695129 578349914 772692187
575470544 760695129 575470544 774859586
578349914 772692187 584205281 790820602
584205281 790820602 587948611 790820602
587948611 790820602 594640485 793589116
594640485 793589116 594640485 794939582
594640485 794939582 594640485 803857553
594640485 803857553 599951208 811208601
599951208 811208601 611190379 811208601
594640485 794939582 610069201 794939582
578167555 739454738 591448306 752996065
594640485 793589116 633327590 793589116
633327590 793589116 642815550 809015963
642815550 809015963 652317206 839234130
652317206 839234130 652317206 850848610
652317206 850848610 656984865 854675759
652317206 839234130 668811736 839234130
656984865 854675759 662483276 884951004
662483276 884951004 662483276 886938075
662483276 886938075 668078870 897293979
668078870 897293979 668078870 901756440
668078870 901756440 668078870 903723352
668078870 901756440 672908871 901756440
668078870 897293979 681235919 897293979
681235919 897293979 703671707 911378318
662483276 884951004 699211466 884951004
699211466 884951004 714536777 886555857
714536777 886555857 726935838 905231886
726935838 905231886 745861888 911199836
745861888 911199836 765849348 919358589
765849348 919358589 765849348 941695838
765849348 919358589 795303746 919358589
795303746 919358589 797193696 919358589
795303746 919358589 795303746 926818982
668811736 839234130 704092365 844703103
704092365 844703103 714536777 880442652
714536777 880442652 717888690 880442652
717888690 880442652 726935838 881748829
584205281 790820602 584205281 839119363
584205281 839119363 587411695 859753661
587411695 859753661 587411695 863591577
587411695 863591577 588259333 863591577
587411695 859753661 599951208 859753661
587411695 863591577 587411695 878684738
587411695 878684738 614827409 878809913
614827409 878809913 627081937 878809913
627081937 878809913 628143019 878809913
627081937 878809913 627081937 884257811
599951208 859753661 613271730 877524487
614827409 878809913 614827409 915254523
726935838 881748829 776527541 881748829
776527541 881748829 781530847 905220244
781530847 905220244 795303746 909412206
795303746 909412206 806533402 909412206
795303746 926818982 828422261 947367944
828422261 947367944 832746189 947367944
828422261 947367944 828422261 973988951
828422261 973988951 849283026 982690499
849283026 982690499 849283026 987775976
849283026 987775976 850032726 994425779
849283026 982690499 872498783 982690499
132138574 469969046 185020087 471302758
185020087 471302758 228880044 473978848
226660206 360909851 226660206 415730419
226660206 415730419 257184649 438415800
257184649 438415800 281349001 461516971
281349001 461516971 291237412 461516971
291237412 461516971 292125804 461516971
291237412 461516971 291237412 469819348
281349001 461516971 281349001 471672163
291237412 469819348 296939305 479621843
107737004 395656518 138253983 420026696
138253983 420026696 163076052 423467314
163076052 423467314 163076052 425582206
163076052 423467314 165862235 423467314
165862235 423467314 175712512 430418432
175712512 430418432 177234110 430418432
175712512 430418432 175712512 465923369
175712512 465923369 175840164 484129230
175840164 484129230 179990571 484129230
179990571 484129230 180121745 499633393
180121745 499633393 180121745 516459320
175840164 484129230 175840164 511794957
175840164 511794957 208322600 511794957
180121745 499633393 214383351 499633393
214383351 499633393 227623745 506238479
227623745 506238479 227623745 529964063
227623745 529964063 227623745 530382442
227623745 529964063 232797965 529964063
232797965 529964063 233101360 545972409
233101360 545972409 253224606 550572579
227623745 506238479 259579981 506238479
259579981 506238479 264623458 506238479
259579981 506238479 259579981 527572158
253224606 550572579 254208080 583700208
167105667 673462125 178795831 717052601
44446743 241907522 56136562 286568967
56136562 286568967 56136562 287244995
56136562 287244995 56316518 304683001
56136562 286568967 78716145 286568967
78716145 286568967 80704881 290711483
80704881 290711483 88620300 290711483
80704881 290711483 80704881 314538156
80704881 314538156 81046654 314538156
80704881 314538156 80704881 315314812
80704881 315314812 117610067 330422093
117610067 330422093 140756083 331298242
140756083 331298242 154678605 331298242
140756083 331298242 140756083 353628405
140756083 353628405 141941015 390120357
506081990 432122362 506081990 488831281
506081990 488831281 523941286 511172911
241903253 81143631 274536020 105304079
274536020 105304079 280339491 134242083
280339491 134242083 287932233 134242083
280339491 134242083 280339491 142001761
280339491 142001761 300799089 159537789
300799089 159537789 300799089 171156684
300799089 171156684 308754545 171156684
300799089 171156684 300799089 193202103
300799089 193202103 301793900 196618966
300799089 159537789 329020355 159537789
301793900 196618966 301793900 243388073
301793900 243388073 319254631 270084737
319254631 270084737 336753961 299385271
336753961 299385271 339367957 299385271
339367957 299385271 339367957 308903971
339367957 299385271 367578087 299385271
367578087 299385271 411749424 304374448
411749424 304374448 411749424 327899315
411749424 327899315 425540235 327899315
411749424 327899315 411749424 354534936
411749424 354534936 413609845 354534936
411749424 354534936 411749424 357040049
411749424 357040049 414217026 365089739
414217026 365089739 438822184 365089739
438822184 365089739 462604234 365089739
411749424 304374448 446379907 304374448
446379907 304374448 447486433 304374448
446379907 304374448 446379907 318745300
446379907 318745300 468339072 342479040
468339072 342479040 500481933 354194858
500481933 354194858 522585669 370287676
522585669 370287676 527582467 370287676
522585669 370287676 522585669 387566213
522585669 387566213 542736194 412339429
542736194 412339429 548924199 432068041
548924199 432068041 588145797 432068041
588145797 432068041 603736286 435387076
603736286 435387076 605026927 435387076
605026927 435387076 606938119 453326511
606938119 453326511 610579433 467805482
610579433 467805482 614925722 471317152
614925722 471317152 636395781 475417206
636395781 475417206 636395781 477595072
636395781 475417206 641317270 475417206
301793900 196618966 358291478 196618966
358291478 196618966 367060627 196618966
367060627 196618966 381853496 207917012
358291478 196618966 358291478 228521557
381853496 207917012 395268445 234278266
358291478 228521557 372845477 253955434
395268445 234278266 401152254 274210725
202793829 572191134 209301331 622522128
209301331 622522128 214598118 622522128
209301331 622522128 209301331 629044527
209301331 629044527 213737867 634951362
213737867 634951362 229376629 634951362
229376629 634951362 239076872 637099946
239076872 637099946 239076872 649158916
239076872 637099946 261307773 637099946
261307773 637099946 267281060 637099946
261307773 637099946 261307773 645500236
261307773 645500236 272168643 666770451
272168643 666770451 287419424 671162751
287419424 671162751 287419424 688613379
287419424 688613379 297771043 691938021
297771043 691938021 300625498 697951333
300625498 697951333 300625498 701981357
300625498 701981357 304575997 701981357
304575997 701981357 308088316 708038114
308088316 708038114 308088316 713770454
308088316 708038114 317286978 708038114
317286978 708038114 317286978 713227041
317286978 708038114 329240919 708038114
329240919 708038114 334660797 723629938
334660797 723629938 334660797 730858113
334660797 730858113 334660797 732594233
334660797 730858113 336805241 730858113
336805241 730858113 339310413 736265021
339310413 736265021 339310413 747680938
317286978 713227041 318017158 734759925
339310413 736265021 363723017 736265021
363723017 736265021 363723017 740028802
363723017 736265021 384968589 736265021
300625498 697951333 325202746 697951333
339310413 747680938 342961207 771844069
342961207 771844069 353346070 771844069
353346070 771844069 361082902 776128141
361082902 776128141 361082902 784616449
361082902 784616449 361333221 784616449
361082902 784616449 361082902 790442472
361333221 784616449 377997901 787107780
361082902 776128141 386617109 776128141
386617109 776128141 394506774 777556402
342961207 771844069 342961207 802454054
361082902 790442472 371878801 819795281
371878801 819795281 384926741 822339541
384926741 822339541 419745117 822339541
419745117 822339541 420549067 822339541
419745117 822339541 419745117 830733992
420549067 822339541 435154907 830276842
435154907 830276842 435154907 862814987
384968589 736265021 391555726 770434300
334660797 723629938 378058844 723629938
378058844 723629938 404628622 725414331
435154907 862814987 470336516 871338254
470336516 871338254 476506956 874218509
476506956 874218509 476506956 899324434
384926741 822339541 384926741 866529177
435154907 830276842 479801642 830276842
479801642 830276842 521898843 839219790
521898843 839219790 523933844 839219790
521898843 839219790 521898843 844025179
521898843 844025179 533248000 874218509
533248000 874218509 535084289 877615255
535084289 877615255 535084289 889273937
535084289 889273937 546064302 889273937
546064302 889273937 549132465 920388268
549132465 920388268 562106519 920388268
549132465 920388268 549132465 936780266
549132465 936780266 555220368 961383590
555220368 961383590 568805262 965175678
568805262 965175678 574079871 968595448
574079871 968595448 586926642 968595448
586926642 968595448 586926642 976440605
574079871 968595448 574079871 995892739
586926642 968595448 614447406 968595448
614447406 968595448 614737704 973445959
614737704 973445959 614737704 975263093
535084289 877615255 571396876 877615255
571396876 877615255 578102870 877615255
571396876 877615255 571396876 887373951
535084289 889273937 535084289 932163291
535084289 932163291 536653145 932163291
535084289 932163291 535084289 948105400
535084289 948105400 539100413 958593637
539100413 958593637 547815435 958593637
539100413 958593637 539100413 976253958
539100413 976253958 553492783 976917802
553492783 976917802 565450952 995892739
565450952 995892739 565450952 998083655
614737704 973445959 662730752 973445959
662730752 973445959 664986487 982474898
239076872 649158916 255041918 685667875
394506774 777556402 445638461 780674178
445638461 780674178 461549888 780674178
445638461 780674178 445638461 813838068
562106519 920388268 611426393 927413274
611426393 927413274 612509774 951246535
287419424 671162751 344260483 671162751
344260483 671162751 387302333 676684817
387302333 676684817 403233421 686005139
403233421 686005139 403233421 699106072
403233421 686005139 438894489 686005139
662539157 539741009 702568991 556691035
702568991 556691035 702568991 559187188
702568991 559187188 703645822 559588905
702568991 556691035 715181331 556691035
751284352 520171505 807290584 521280887
807290584 521280887 812901211 525288431
812901211 525288431 828087108 525288431
828087108 525288431 836667690 525288431
836667690 525288431 836667690 526072377
828087108 525288431 828087108 540530614
836667690 526072377 847718314 535758249
847718314 535758249 847718314 535975332
847718314 535758249 855526926 535758249
855526926 535758249 860354693 539110131
860354693 539110131 872648007 539110131
860354693 539110131 860354693 555186010
860354693 555186010 863298199 558399591
863298199 558399591 863298199 572290778
863298199 558399591 878293816 558399591
872648007 539110131 878293816 554776848
878293816 554776848 909685146 554776848
909685146 554776848 910447460 569455268
910447460 569455268 910447460 580695304
910447460 569455268 931064690 569455268
931064690 569455268 931064690 571804787
931064690 569455268 945372015 569455268
910447460 580695304 926803464 599778238
878293816 558399591 896884609 576679977
896884609 576679977 903683384 576679977
903683384 576679977 904810794 576679977
904810794 576679977 905848117 580695304
905848117 580695304 905848117 586421642
903683384 576679977 903683384 582718740
905848117 586421642 906066504 599778238
896884609 576679977 896884609 591164272
926803464 599778238 954452618 614931882
954452618 614931882 976139890 614931882
976139890 614931882 981567133 651179390
836667690 525288431 882106134 525288431
812901211 525288431 812901211 574464916
812901211 574464916 824706397 591902531
824706397 591902531 855105241 591902531
981567133 651179390 998445171 683670376
329020355 159537789 381853496 164035633
381853496 164035633 381853496 187020029
381853496 187020029 388073877 187020029
381853496 164035633 406162315 164035633
406162315 164035633 406801763 174613453
406801763 174613453 406801763 180540786
406801763 174613453 418920351 174613453
406801763 180540786 418721203 196949115
418920351 174613453 437360172 189446212
437360172 189446212 454408985 193366741
454408985 193366741 472163680 199266351
472163680 199266351 478721757 199266351
472163680 199266351 472163680 226066018
472163680 226066018 472163680 227785879
472163680 226066018 476319972 226066018
476319972 226066018 484783553 263889629
484783553 263889629 484783553 269266735
484783553 269266735 497300577 274563276
497300577 274563276 497300577 285333566
497300577 285333566 500481933 298109242
500481933 298109242 503105100 298109242
497300577 274563276 520221821 274563276
484783553 263889629 514427507 263889629
520221821 274563276 543158099 297599499
543158099 297599499 559722273 302316937
559722273 302316937 560463103 311824771
503105100 298109242 512563655 336674139
512563655 336674139 527582467 338952627
527582467 338952627 539122599 338952627
539122599 338952627 547799673 344288184
547799673 344288184 553394689 369294457
553394689 369294457 595833682 375103801
595833682 375103801 616360124 375103801
595833682 375103801 595833682 395822582
595833682 395822582 598456911 420597560
598456911 420597560 598456911 425889355
598456911 420597560 621216673 420597560
621216673 420597560 622866515 422778058
622866515 422778058 622866515 430023743
622866515 422778058 633968266 422778058
633968266 422778058 636395781 428124349
636395781 428124349 636869500 428124349
636869500 428124349 636869500 430644874
636869500 430644874 641317270 431628160
641317270 431628160 661511517 431628160
661511517 431628160 662197711 444207055
636869500 428124349 660376664 428124349
616360124 375103801 643568879 384639362
643568879 384639362 643568879 399413077
643568879 384639362 667273674 384639362
667273674 384639362 670391223 384639362
667273674 384639362 667273674 388966118
667273674 388966118 676734321 398347554
676734321 398347554 683838416 398347554
676734321 398347554 676734321 419205044
683838416 398347554 719354881 398813667
719354881 398813667 719354881 407682778
719354881 398813667 742929127 398813667
742929127 398813667 742929127 406808170
742929127 398813667 764478255 398813667
764478255 398813667 767303677 404142566
767303677 404142566 775062131 404142566
775062131 404142566 775062131 408925586
775062131 408925586 777325589 410682117
775062131 404142566 779893131 404142566
779893131 404142566 779893131 405097733
779893131 404142566 812744811 404142566
812744811 404142566 815222414 409636249
815222414 409636249 815323980 409636249
815323980 409636249 815323980 445096262
815323980 445096262 815882658 447544888
815882658 447544888 823074024 447544888
823074024 447544888 839739870 449217929
815222414 409636249 815222414 447544888
815222414 447544888 815222414 462712404
815222414 462712404 815882658 486983631
815323980 409636249 855577576 409636249
855577576 409636249 855577576 426108064
767303677 404142566 767303677 446804845
855577576 409636249 901516617 409636249
901516617 409636249 929143247 416412441
929143247 416412441 929143247 435369848
929143247 435369848 938030931 435369848
929143247 435369848 929143247 457373363
929143247 457373363 929880630 488907570
929880630 488907570 946159274 502655713
946159274 502655713 953815533 502655713
946159274 502655713 946159274 526293293
946159274 526293293 949724573 532231737
949724573 532231737 949724573 539983500
929143247 416412441 962274153 416412441
962274153 416412441 964675799 420878190
949724573 539983500 972325487 555169761
972325487 555169761 999568096 566606910
953815533 502655713 983725484 517956563
983725484 517956563 999775541 532231737
719354881 407682778 728644800 448187171
728644800 448187171 729031288 448187171
729031288 448187171 734867677 456553686
728644800 448187171 728644800 479580437
728644800 479580437 739837236 485181509
739837236 485181509 739837236 487087111
739837236 485181509 755991439 485181509
734867677 456553686 756672459 470611470
756672459 470611470 759516486 471797268
755991439 485181509 787745326 495171172
759516486 471797268 804952584 472569225
964675799 420878190 995943049 440780677
995943049 440780677 999254810 440780677
995943049 440780677 995943049 458613167
560463103 311824771 590807668 337466006
590807668 337466006 616841086 349436867
616841086 349436867 671741460 349871700
671741460 349871700 671741460 358213114
671741460 349871700 697687306 349871700
671741460 358213114 690853845 371083632
697687306 349871700 731466358 355060124
731466358 355060124 755578588 355296918
755578588 355296918 755578588 362147034
755578588 362147034 765700316 372328684
765700316 372328684 779893131 373631769
779893131 373631769 790153115 373631769
790153115 373631769 820708941 382372729
820708941 382372729 820708941 393480939
820708941 382372729 836347324 382372729
836347324 382372729 843122073 384294515
843122073 384294515 852921479 384294515
852921479 384294515 854612945 384294515
852921479 384294515 852921479 390912620
843122073 384294515 843122073 401559300
755578588 355296918 808334019 355296918
402903268 379217411 402903268 436797428
402903268 436797428 402903268 439027623
402903268 436797428 414217026 436797428
703671707 911378318 724842112 947943183
724842112 947943183 748843277 970516230
828183295 699414086 885960253 699414086
885960253 699414086 888022302 699414086
885960253 699414086 885960253 716139277
888022302 699414086 907731532 707868074
907731532 707868074 918063597 713723325
918063597 713723325 930233663 713723325
930233663 713723325 937491787 725579443
937491787 725579443 937491787 740854389
937491787 725579443 977364222 725579443
308088316 713770454 309578444 770414090
309578444 770414090 309906333 823505433
309906333 823505433 321132793 851616919
321132793 851616919 325013491 851616919
321132793 851616919 321132793 859210282
321132793 859210282 323833614 875037654
323833614 875037654 338405184 876923853
338405184 876923853 358722268 876923853
358722268 876923853 380202996 882931655
380202996 882931655 382751824 882931655
380202996 882931655 380202996 906132815
382751824 882931655 413458121 897729562
413458121 897729562 425417288 901363608
425417288 901363608 429136351 901363608
425417288 901363608 425417288 907481303
425417288 907481303 433212495 923310164
433212495 923310164 435190764 923310164
435190764 923310164 451584271 933985484
451584271 933985484 456796628 934180756
433212495 923310164 433212495 951985720
433212495 951985720 447779433 978185177
447779433 978185177 464107344 998107687
456796628 934180756 463285441 971940271
463285441 971940271 463285441 974199646
463285441 974199646 464107344 974874919
463285441 971940271 491830776 971940271
491830776 971940271 492839234 974874919
338405184 876923853 338405184 930083675
338405184 930083675 338405184 940794557
338405184 930083675 352630831 930083675
352630831 930083675 362339002 968156001
362339002 968156001 397834048 985822181
397834048 985822181 422405281 992953943
461549888 780674178 496716992 804880896
496716992 804880896 513537982 823046798
804811387 808690038 807492518 865664045
807492518 865664045 852385789 877495398
852385789 877495398 860700518 882197998
860700518 882197998 860700518 897374076
860700518 882197998 877410023 882197998
877410023 882197998 877410023 883692850
877410023 882197998 884956563 882197998
884956563 882197998 888366039 906765010
888366039 906765010 888366039 910211023
888366039 910211023 892046152 921607407
860700518 897374076 874915340 916517540
874915340 916517540 883765827 921607407
883765827 921607407 883765827 938232946
888366039 906765010 922028416 906765010
883765827 938232946 891100842 971636496
891100842 971636496 927564165 980293975
927564165 980293975 970164963 985335598
970164963 985335598 970164963 999409657
970164963 985335598 986397915 985335598
922028416 906765010 929595419 955701014
929595419 955701014 929595419 963469719
929595419 955701014 947609850 955701014
954452618 614931882 954452618 674608395
954452618 674608395 970077543 694661265
254208080 583700208 294774141 603310287
107183120 506617956 167211841 507210415
83491574 122166857 119905960 146870102
119905960 146870102 119905960 160433996
119905960 146870102 146444377 146870102
177234110 430418432 215066193 454753502
663526445 502667298 726670173 502667298
156526275 238643244 219782395 238643244
219782395 238643244 232310888 239099341
232310888 239099341 233941464 239099341
232310888 239099341 232310888 241032087
232310888 241032087 255936490 254170858
255936490 254170858 255936490 265304182
255936490 254170858 270145506 254170858
255936490 265304182 264252874 288672704
831781594 678769500 894120811 680410792
894120811 680410792 907731532 680897953
907731532 680897953 927201231 680897953
927201231 680897953 928535061 680897953
928535061 680897953 935275709 689240867
935275709 689240867 935275709 701885202
927201231 680897953 927201231 698531160
935275709 689240867 953927270 689240867
565368298 526894838 565368298 591286797
565368298 591286797 570087948 611391983
570087948 611391983 570087948 616237516
570087948 611391983 580576093 611391983
852921479 390912620 907336652 401163463
907336652 401163463 938030931 403448504
938030931 403448504 967271407 403448504
967271407 403448504 986264996 406499862
75768398 518994887 92410430 567864902
92410430 567864902 92410430 609428377
92410430 609428377 103496244 609428377
92410430 609428377 92410430 629542982
92410430 629542982 102303738 639214610
102303738 639214610 105235079 639214610
102303738 639214610 102303738 666822884
300625498 701981357 300625498 767656287
197852633 0 263764813 0
263764813 0 274607549 0
274607549 0 274607549 2124995
263764813 0 263764813 13023340
274607549 0 304371149 0
304371149 0 322891054 0
322891054 0 331604514 0
331604514 0 331604514 9210595
331604514 0 343791991 0
343791991 0 343791991 9779713
343791991 0 384708448 0
384708448 0 389621589 0
384708448 0 384708448 16303701
384708448 16303701 389621589 46456463
389621589 0 427580753 0
427580753 0 427580753 22663706
427580753 0 451233422 0
451233422 0 451233422 1475388
451233422 0 482078436 0
482078436 0 485656857 0
482078436 0 482078436 8272503
485656857 0 502925097 0
502925097 0 503593138 0
502925097 0 502925097 7226229
502925097 7226229 503593138 11806037
503593138 0 521799597 0
521799597 0 541520196 0
521799597 0 521799597 25080833
521799597 25080833 541520196 30982412
541520196 0 577746437 0
577746437 0 582536029 0
582536029 0 582536029 8898459
582536029 0 592467985 0
592467985 0 595405351 0
595405351 0 610852019 0
610852019 0 610967610 0
610967610 0 612125399 0
612125399 0 613430214 0
612125399 0 612125399 5596995
577746437 0 577746437 20531889
577746437 20531889 592467985 21262409
592467985 21262409 595405351 21262409
613430214 0 637107819 0
637107819 0 640477838 0
637107819 0 637107819 9305210
592467985 21262409 592467985 45081598
592467985 45081598 609508990 49805939
609508990 49805939 610852019 49805939
609508990 49805939 609508990 55590661
609508990 55590661 618759443 64833779
618759443 64833779 618759443 71885713
618759443 64833779 636325720 64833779
640477838 0 664908018 0
664908018 0 664908018 20877249
618759443 71885713 630638285 85396237
630638285 85396237 635156033 91472685
635156033 91472685 647124086 91472685
635156033 91472685 635156033 108606085
635156033 108606085 640369020 108606085
640369020 108606085 644645272 121400023
644645272 121400023 644645272 131907656
644645272 131907656 646519814 131907656
644645272 131907656 644645272 140066851
637107819 9305210 640477838 33457762
635156033 108606085 635156033 136551846
635156033 136551846 640888488 156818671
640888488 156818671 641308752 160724439
641308752 160724439 652258748 176724333
652258748 176724333 652258748 179156180
652258748 179156180 667124380 185425460
595405351 21262409 610967610 33727043
610967610 33727043 613430214 34925482
652258748 176724333 680459738 176724333
664908018 0 697309520 0
697309520 0 697309520 4656434
697309520 0 713135860 0
680459738 176724333 685901023 205393923
482078436 8272503 485656857 43363909
485656857 43363909 494763169 60937375
494763169 60937375 500836467 64139225
500836467 64139225 500836467 75433902
500836467 75433902 507291928 94905099
507291928 94905099 507291928 97393863
507291928 94905099 533159545 94905099
533159545 94905099 536452103 124142073
536452103 124142073 554373591 130112464
554373591 130112464 569749141 130884466
569749141 130884466 593297515 140723661
593297515 140723661 593297515 148917078
593297515 148917078 594962166 157418867
594962166 157418867 609568453 158130676
609568453 158130676 619850773 158130676
609568453 158130676 609568453 184916824
609568453 184916824 615381292 184916824
593297515 140723661 622326757 140723661
500836467 64139225 534778038 64139225
534778038 64139225 535550994 67741195
535550994 67741195 552856870 85274638
552856870 85274638 554373591 93142557
554373591 93142557 575155797 93142557
575155797 93142557 581060075 97593637
581060075 97593637 605203239 97593637
581060075 97593637 581060075 128331327
507291928 97393863 513409706 132075021
513409706 132075021 523448204 146947267
523448204 146947267 524211232 151112257
524211232 151112257 524211232 164500231
524211232 164500231 524983514 164500231
524983514 164500231 528944588 168177966
524211232 164500231 524211232 187685097
524211232 151112257 553915120 151112257
528944588 168177966 550057570 181792977
389621589 46456463 404268659 74887660
404268659 74887660 404268659 83414534
404268659 74887660 417893340 74887660
417893340 74887660 418180181 94330671
418180181 94330671 418180181 99800593
418180181 94330671 424034975 94330671
424034975 94330671 435995755 102700537
435995755 102700537 435995755 124036550
418180181 99800593 420716844 131980739
435995755 102700537 472838235 102700537
472838235 102700537 474589430 122522462
474589430 122522462 474589430 144605030
474589430 144605030 488590794 144605030
474589430 122522462 498161346 122522462
474589430 144605030 474589430 174611437
474589430 174611437 478721757 181800933
478721757 181800933 508603036 181800933
304371149 0 304371149 45836814
304371149 45836814 322891054 49363151
322891054 49363151 361038903 53932642
361038903 53932642 372282658 53932642
361038903 53932642 361038903 80068387
361038903 80068387 367738156 112902457
713135860 0 759966545 0
759966545 0 760109718 0
760109718 0 761835767 0
761835767 0 777615983 0
777615983 0 801932791 0
801932791 0 811245821 0
811245821 0 815111645 0
815111645 0 833304038 0
833304038 0 846978275 0
846978275 0 854042170 0
854042170 0 861895751 0
861895751 0 874128485 0
874128485 0 881288810 0
881288810 0 886468843 0
886468843 0 888347025 0
886468843 0 886468843 11207495
881288810 0 881288810 12563486
888347025 0 901595704 0
901595704 0 915840117 0
915840117 0 932648154 0
932648154 0 934765345 0
934765345 0 940162302 0
874128485 0 874128485 18803006
833304038 0 833304038 24718548
833304038 24718548 846978275 28577529
846978275 28577529 854042170 39411252
854042170 39411252 854042170 41289254
854042170 39411252 861895751 39411252
886468843 11207495 888347025 34077460
760109718 0 760109718 27236789
760109718 27236789 761835767 47605137
761835767 47605137 761835767 48156078
761835767 47605137 777615983 47605137
777615983 47605137 786493759 61837600
786493759 61837600 786493759 61871079
786493759 61837600 790980752 61837600
811245821 0 811245821 27748232
811245821 27748232 815111645 29642455
888347025 34077460 915840117 38989813
915840117 38989813 915840117 43691636
915840117 38989813 932648154 38989813
932648154 38989813 940162302 42902994
901595704 0 901595704 32633101
934765345 0 934765345 32826592
940162302 42902994 944938959 74039321
944938959 74039321 957683170 75778213
957683170 75778213 957683170 92806695
861895751 39411252 865155453 74331698
865155453 74331698 873849623 78651311
873849623 78651311 873906330 78651311
873849623 78651311 873849623 88602274
873849623 88602274 886839555 97406584
886839555 97406584 898973654 99730646
898973654 99730646 922437864 99730646
922437864 99730646 922437864 105734946
922437864 105734946 922437864 109036093
922437864 105734946 928027793 105734946
922437864 99730646 940897274 99730646
898973654 99730646 898973654 125039406
815111645 29642455 832688346 51580508
832688346 51580508 839258794 73435294
839258794 73435294 847176567 96003069
957683170 75778213 997642995 75778213
801932791 0 801932791 41339335
940162302 0 984442362 1058186
984442362 1058186 984442362 2411946
984442362 1058186 998170212 1058186
984442362 2411946 996591768 21437497
609568453 184916824 609568453 232404360
615381292 184916824 623533912 224265243
623533912 224265243 623533912 226503534
623533912 224265243 628758093 224265243
628758093 224265243 656818638 229943148
656818638 229943148 666318969 229943148
656818638 229943148 656818638 255078594
656818638 255078594 673712519 258823033
957683170 92806695 971568647 126795234
971568647 126795234 981250500 164148118
981250500 164148118 985828156 185307355
985828156 185307355 996625995 204588506
996625995 204588506 998630143 204588506
996625995 204588506 996625995 220921144
996625995 220921144 997879948 220921144
996625995 220921144 996625995 235686850
940897274 99730646 947675659 141817519
947675659 141817519 948448551 150478625
948448551 150478625 964347187 150478625
948448551 150478625 948448551 168377353
948448551 168377353 948448551 180039443
948448551 180039443 948448551 183912857
948448551 180039443 958338866 180039443
958338866 180039443 959332401 183057546
948448551 168377353 960373263 168377353
948448551 183912857 948507049 208742709
948507049 208742709 956690237 241080094
956690237 241080094 956690237 260370003
956690237 260370003 962835668 271849444
962835668 271849444 962835668 272551307
962835668 271849444 967608499 271849444
962835668 272551307 962892703 282298456
956690237 241080094 977988592 241080094
962892703 282298456 980754387 286571572
713135860 0 713135860 49925485
367738156 112902457 373639642 157841778
644645272 121400023 696052047 121400023
696052047 121400023 696052047 122636702
696052047 121400023 712726199 121400023
712726199 121400023 732308064 133356429
732308064 133356429 743863236 162541511
743863236 162541511 771717295 181083415
771717295 181083415 782955344 181083415
782955344 181083415 785823300 182622881
785823300 182622881 819554074 182622881
785823300 182622881 785823300 222915863
898973654 125039406 905022497 174852027
263764813 13023340 278318299 55883250
278318299 55883250 278318299 59498150
278318299 55883250 292287223 55883250
292287223 55883250 302460754 88247204
771717295 181083415 771717295 240444941
673712519 258823033 691215082 304759083
691215082 304759083 691215082 338903896
819554074 182622881 871412346 194846505
871412346 194846505 897383631 194846505
871412346 194846505 871412346 242320368
871412346 242320368 888957066 242320368
871412346 242320368 871412346 262471860
871412346 262471860 923688064 264452427
923688064 264452427 927880631 273955110
897383631 194846505 932277633 223065201
932277633 223065201 933463816 223065201
932277633 223065201 932277633 229090986
550057570 181792977 556374164 241067450
556374164 241067450 556374164 249428178
556374164 241067450 567463355 241067450
567463355 241067450 567463355 247044639
567463355 241067450 582167316 241067450
98421110 105772420 153187190 117518510
231207688 81143631 231207688 148045601
231207688 148045601 237190900 169250817
237190900 169250817 237645512 169250817
237645512 169250817 241181451 171662208
241181451 171662208 244751550 171662208
244751550 171662208 264105732 205203954
264105732 205203954 276823574 205203954
264105732 205203954 264105732 219060865
237190900 169250817 237190900 223152220
237190900 223152220 241181451 226023565
396464626 557033450 463391549 557033450
463391549 557033450 488037992 576936569
488037992 576936569 488268610 579916291
488268610 579916291 488268610 599524320
488268610 579916291 509410285 579916291
509410285 579916291 520856349 579916291
509410285 579916291 509410285 594041069
509410285 594041069 511390052 604159295
511390052 604159295 511390052 608651573
511390052 608651573 524744239 625851958
511390052 604159295 560352753 604159295
524744239 625851958 560333818 644218808
691215082 304759083 758506101 304759083
758506101 304759083 776664147 307154625
776664147 307154625 776664147 309700075
776664147 309700075 776664147 312573236
776664147 312573236 796016434 314342554
796016434 314342554 796016434 327568808
796016434 314342554 809488325 314342554
776664147 309700075 812733487 309700075
812733487 309700075 814593748 311879801
776664147 307154625 827325441 307154625
827325441 307154625 831695765 309206162
831695765 309206162 863891249 309206162
831695765 309206162 831695765 348055886
863891249 309206162 903593357 310979144
903593357 310979144 905953189 336103524
905953189 336103524 925218332 336103524
925218332 336103524 931035263 344871475
931035263 344871475 945356205 344871475
945356205 344871475 956523638 344871475
945356205 344871475 945356205 356143927
931035263 344871475 931035263 361296787
931035263 361296787 943790829 371691365
943790829 371691365 961992498 378191145
945356205 356143927 965652308 364214658
965652308 364214658 966460850 364214658
965652308 364214658 965652308 366060863
905953189 336103524 905953189 365665367
259579981 527572158 326501159 528325008
713135860 49925485 737327125 93633036
737327125 93633036 754232869 116911720
123013318 632050940 191206034 632050940
0 471503107 0 539813975
0 539813975 0 569067811
0 569067811 39102184 569067811
0 539813975 47541117 539813975
47541117 539813975 61615366 557470193
61615366 557470193 68742315 564774309
831695765 348055886 885022090 365092092
580576093 611391983 630391472 632258825
630391472 632258825 654386710 637281254
654386710 637281254 657942509 663886830
657942509 663886830 670578488 689968309
670578488 689968309 683009042 689968309
670578488 689968309 670578488 705549118
197852633 47509329 260119076 56980454
854473214 779740117 854473214 853967015
854473214 853967015 870938181 855158912
420480042 503416747 475582329 522888157
475582329 522888157 488037992 527683443
771717295 240444941 817500532 269416900
294774141 603310287 367576865 606126162
367576865 606126162 371825061 613481500
371825061 613481500 371825061 619630216
371825061 619630216 373701446 619630216
373701446 619630216 375087439 626720005
371825061 613481500 381669960 613481500
375087439 626720005 387234796 626720005
371825061 619630216 371825061 657730254
371825061 657730254 375087439 666653387
375087439 666653387 375087439 668737312
375087439 666653387 414080032 666653387
839739870 449217929 884433073 481935801
884433073 481935801 907891935 489697851
907891935 489697851 926127012 496783254
906066504 599778238 906066504 678201645
178795831 717052601 181429858 794085726
181429858 794085726 199979579 801829893
199979579 801829893 223773983 801829893
223773983 801829893 228192751 801829893
223773983 801829893 223773983 819216107
199979579 801829893 199979579 827124040
223773983 819216107 232593658 840948071
232593658 840948071 232593658 866530672
232593658 866530672 238708034 870681365
238708034 870681365 244978670 881809834
244978670 881809834 244978670 901591982
244978670 901591982 257914069 901591982
244978670 901591982 244978670 918939526
244978670 881809834 291847211 881809834
232593658 840948071 294779252 840948071
199979579 827124040 208200255 882366149
208200255 882366149 208200255 884680012
208200255 882366149 223535586 882366149
208200255 884680012 215124794 901591982
215124794 901591982 215124794 919148186
215124794 919148186 221761173 950575759
221761173 950575759 224304315 963908807
224304315 963908807 224304315 972999423
224304315 972999423 240397567 972999423
224304315 972999423 224304315 992031909
224304315 963908807 279654306 963908807
279654306 963908807 294144907 976438641
326501159 528325008 350261624 585911414
350261624 585911414 350596225 594168848
847176567 96003069 851618016 174236996
291847211 881809834 319397008 937267790
319397008 937267790 336156682 946130574
146444377 146870102 174059826 205692420
174059826 205692420 174059826 205734026
174059826 205692420 187780653 205692420
0 569067811 0 657036908
0 657036908 1080919 657036908
0 657036908 0 658762950
0 658762950 0 661818400
0 661818400 0 665799071
0 665799071 7544733 665799071
0 658762950 12253924 658762950
0 665799071 0 683407224
0 683407224 0 704344486
0 704344486 11432072 704344486
12253924 658762950 49173682 661818400
49173682 661818400 86553023 665914619
0 704344486 0 756885504
0 756885504 0 760382937
0 756885504 21120691 756885504
21120691 756885504 24701933 760247726
24701933 760247726 24701933 760382937
24701933 760382937 50578481 765506547
50578481 765506547 51568291 765506547
50578481 765506547 50578481 768756737
50578481 768756737 60396012 769950367
60396012 769950367 69640120 769950367
60396012 769950367 60396012 794659117
60396012 794659117 65535836 794659117
60396012 794659117 60396012 800330980
65535836 794659117 79807349 798767966
79807349 798767966 83949735 808881635
83949735 808881635 86662852 808881635
86662852 808881635 92256267 809931841
92256267 809931841 104654959 809931841
104654959 809931841 104654959 822628054
104654959 822628054 110767344 838208016
69640120 769950367 90518098 778648102
90518098 778648102 90518098 789207122
90518098 789207122 103502681 804858712
92256267 809931841 92256267 839978402
90518098 778648102 120781792 778648102
104654959 809931841 140841582 809931841
83949735 808881635 83949735 845715804
83949735 845715804 88404404 857152853
0 760382937 0 811197512
0 811197512 0 813751806
0 813751806 0 816284583
0 816284583 0 833834792
0 833834792 26149087 833834792
0 813751806 28538365 813751806
28538365 813751806 33774869 816284583
0 811197512 28770448 811197512
0 833834792 0 875355204
0 875355204 0 884842608
0 875355204 10226039 875355204
0 884842608 0 913932812
0 913932812 0 924571886
0 924571886 0 928856594
0 928856594 0 938058129
0 924571886 15572340 924571886
15572340 924571886 22847909 928856594
22847909 928856594 36866680 928856594
36866680 928856594 37897163 928856594
36866680 928856594 36866680 938058129
10226039 875355204 39346358 884842608
39346358 884842608 47063624 913932812
24701933 760247726 76109761 760247726
88404404 857152853 110435323 889469332
110435323 889469332 136301686 905410566
136301686 905410566 136481584 911749362
136481584 911749362 145902039 911749362
145902039 911749362 151134069 919452325
151134069 919452325 151134069 950648480
151134069 919452325 186481808 919452325
186481808 919452325 186481808 933780204
186481808 919452325 203523391 919452325
203523391 919452325 203523391 920335157
203523391 919452325 207003024 919452325
207003024 919452325 209000876 946662759
136481584 911749362 136481584 952340945
209000876 946662759 218864680 990556353
140841582 809931841 167080142 838270274
167080142 838270274 174532924 838270274
167080142 838270274 167080142 853386140
167080142 853386140 181714475 861187299
26149087 833834792 50050617 864833712
50050617 864833712 73596193 877933897
11432072 704344486 58118972 713512552
58118972 713512552 66401530 713512552
58118972 713512552 58118972 725303364
66401530 713512552 93882558 723325185
93882558 723325185 133809986 738032847
133809986 738032847 160711861 755069384
160711861 755069384 166306501 758742356
166306501 758742356 171042989 758742356
171042989 758742356 171330132 787972780
166306501 758742356 166306501 798503892
36866680 938058129 76731814 954474653
76731814 954474653 80607908 978814749
80607908 978814749 80607908 981059908
80607908 978814749 98078481 978814749
98078481 978814749 121780606 988574480
22847909 928856594 22847909 985894028
22847909 985894028 62233041 998288458
47063624 913932812 94049625 925528269
94049625 925528269 109728851 938644434
109728851 938644434 125774755 945155847
922125979 786536680 999028696 798941525
380202996 906132815 408413446 967277441
697309520 4656434 710939347 80504506
574943756 526894838 610118393 590626643
302460754 88247204 357174441 133214626
