1476
0 0 0 0
0 0 0 176253
0 176253 0 32423986
0 32423986 0 49693232
0 49693232 0 70540562
0 70540562 0 81704591
0 81704591 16343351 81704591
0 81704591 0 111542719
0 111542719 3801868 111542719
0 111542719 0 121630777
0 121630777 31561223 121630777
0 0 41452984 0
41452984 0 45171939 0
45171939 0 45171939 176253
45171939 0 55288329 0
55288329 0 59655136 0
59655136 0 74181924 0
74181924 0 82827460 0
55288329 0 55288329 17414451
55288329 17414451 56549138 35301540
56549138 35301540 59655136 35301540
56549138 35301540 56549138 50698912
56549138 50698912 56549138 51666019
56549138 50698912 57762575 50698912
59655136 35301540 74181924 38736845
82827460 0 82827460 20609761
82827460 0 107407680 0
107407680 0 107407680 678666
107407680 0 111075241 0
111075241 0 111075241 28602554
111075241 0 142584721 0
142584721 0 150228619 0
142584721 0 142584721 10119714
142584721 10119714 150228619 26055655
150228619 26055655 164473584 51853382
0 49693232 41452984 49693232
41452984 49693232 43079086 70540562
164473584 51853382 214333956 52210856
214333956 52210856 229408405 53052529
229408405 53052529 229408405 54514216
229408405 54514216 249853597 73357202
249853597 73357202 249853597 93550015
249853597 73357202 275898714 73357202
275898714 73357202 278202155 79697195
278202155 79697195 302978510 79697195
302978510 79697195 303877347 111183688
303877347 111183688 303877347 145746270
303877347 111183688 345015370 111183688
345015370 111183688 371159487 112919885
371159487 112919885 371159487 133366204
371159487 133366204 376895771 147001342
376895771 147001342 382108098 147001342
382108098 147001342 382108098 149411054
382108098 149411054 398973767 149431487
371159487 112919885 400253826 112919885
382108098 147001342 412958592 147001342
376895771 147001342 376895771 191112252
376895771 191112252 381686834 204340386
381686834 204340386 384413587 204340386
384413587 204340386 386659900 213359827
381686834 204340386 381686834 220959845
381686834 220959845 383937845 236694873
383937845 236694873 383937845 241139025
383937845 241139025 386659900 241139025
386659900 241139025 390946473 256738034
390946473 256738034 390946473 260489287
390946473 260489287 400335027 260489287
390946473 260489287 390946473 274500037
390946473 256738034 405181623 256738034
383937845 236694873 408600928 236694873
405181623 256738034 430462203 257626145
408600928 236694873 429729609 243828962
429729609 243828962 429729609 245560646
429729609 243828962 435899136 243828962
386659900 213359827 417520115 213359827
417520115 213359827 429491766 217547688
429491766 217547688 441486497 218126415
441486497 218126415 441486497 222204851
441486497 218126415 445849482 218126415
390946473 274500037 420048438 286312393
383937845 241139025 383937845 286092035
43079086 70540562 63888160 100446216
63888160 100446216 63888160 111193131
63888160 100446216 103555720 100446216
103555720 100446216 103648386 102362680
103648386 102362680 103648386 105625669
63888160 111193131 69769090 152019258
69769090 152019258 70571339 152019258
69769090 152019258 69769090 176855668
103648386 102362680 153170052 102362680
153170052 102362680 153170052 120230056
153170052 120230056 159902467 120230056
153170052 120230056 153170052 136534772
153170052 136534772 154070474 147347891
154070474 147347891 170443065 147347891
154070474 147347891 154070474 171419476
154070474 171419476 154460451 171419476
154460451 171419476 160972773 193261760
160972773 193261760 164988467 193261760
160972773 193261760 160972773 202389682
160972773 202389682 165780279 212124994
165780279 212124994 185331874 212124994
165780279 212124994 165780279 237917647
165780279 237917647 168107695 246387862
168107695 246387862 179989190 253469480
179989190 253469480 194074226 253469480
194074226 253469480 194828044 253469480
194074226 253469480 194074226 256169352
194074226 256169352 195276129 257347944
195276129 257347944 195276129 283566390
195276129 283566390 210263679 284131636
210263679 284131636 214097244 284131636
214097244 284131636 216783194 301640647
216783194 301640647 216783194 333822830
216783194 333822830 216783194 352356724
216783194 352356724 234366326 352356724
195276129 257347944 228121955 257347944
216783194 333822830 251066930 333822830
216783194 301640647 251094465 301640647
251094465 301640647 251094465 304110398
251094465 301640647 277673279 301640647
277673279 301640647 284699496 306883674
284699496 306883674 304810062 306883674
304810062 306883674 320253719 312840146
320253719 312840146 329396126 319356804
329396126 319356804 329396126 341949127
329396126 341949127 337332062 341949127
284699496 306883674 284699496 330403170
284699496 330403170 295028024 334375526
337332062 341949127 347784946 355785546
347784946 355785546 347784946 361161969
347784946 361161969 355802142 362899102
355802142 362899102 389447317 362899102
389447317 362899102 396533518 362899102
396533518 362899102 409976018 368184694
409976018 368184694 409976018 372595280
409976018 368184694 424977145 368184694
424977145 368184694 436186203 369867033
389447317 362899102 389447317 384797764
436186203 369867033 442431176 392460854
442431176 392460854 442431176 398805128
442431176 398805128 442431176 410261634
442431176 410261634 447011146 410261634
447011146 410261634 447011146 412169723
447011146 410261634 450733399 410261634
442431176 410261634 442431176 418124492
442431176 398805128 454647245 398805128
454647245 398805128 458254402 398805128
454647245 398805128 454647245 409570661
454647245 409570661 455944142 410190906
455944142 410190906 455944142 426125172
442431176 392460854 465133751 392460854
465133751 392460854 465133751 398311841
465133751 392460854 488715023 392460854
488715023 392460854 504766561 399557643
455944142 410190906 485112726 410190906
504766561 399557643 508777150 427902331
508777150 427902331 521772832 434142220
521772832 434142220 538067105 434142220
538067105 434142220 548209732 434142220
548209732 434142220 548209732 440837213
548209732 434142220 557692957 434142220
538067105 434142220 538067105 444664252
521772832 434142220 521772832 457470590
557692957 434142220 580747144 441594085
580747144 441594085 605262726 448416050
605262726 448416050 624906110 448416050
355802142 362899102 355802142 398092890
355802142 398092890 359661587 398116259
359661587 398116259 368087877 398116259
359661587 398116259 359661587 424220738
359661587 424220738 369850703 433765272
369850703 433765272 369850703 456114927
369850703 456114927 369850703 456866263
369850703 456114927 390497202 456114927
369850703 456866263 373894382 479805738
373894382 479805738 374054584 479805738
373894382 479805738 373894382 490513181
455944142 426125172 459811962 457630255
459811962 457630255 459811962 460753698
459811962 457630255 464948016 457630255
459811962 460753698 463252441 465909281
463252441 465909281 463252441 471634740
463252441 465909281 473526798 465909281
153170052 102362680 188549159 102362680
188549159 102362680 188549159 105673560
188549159 105673560 193110388 110316251
193110388 110316251 201569801 111752949
201569801 111752949 203716268 111752949
201569801 111752949 201569801 118940285
201569801 118940285 203759239 124388620
203759239 124388620 204353751 124388620
203759239 124388620 203759239 129551056
188549159 102362680 203217765 102362680
485112726 410190906 502806767 427902331
502806767 427902331 502806767 433453770
605262726 448416050 605262726 485530261
373894382 490513181 374394760 528383462
374394760 528383462 386817388 534779726
386817388 534779726 403315195 534779726
386817388 534779726 386817388 564929546
216783194 352356724 216783194 390842100
624906110 448416050 637913565 474169126
637913565 474169126 647754355 474169126
647754355 474169126 650886354 476084105
637913565 474169126 637913565 496723837
650886354 476084105 663262568 491409025
663262568 491409025 668686158 491409025
663262568 491409025 663262568 502890810
663262568 502890810 683745408 505261020
683745408 505261020 683745408 516193626
683745408 505261020 711050960 505261020
185331874 212124994 214809709 221923872
214809709 221923872 217689212 239780775
217689212 239780775 217689212 242354576
217689212 239780775 226843959 239780775
347784946 355785546 387227877 355785546
683745408 516193626 695192918 545276308
695192918 545276308 707547616 551475808
707547616 551475808 732339817 551475808
732339817 551475808 735903007 553512777
735903007 553512777 740242807 553512777
740242807 553512777 745035651 561341716
745035651 561341716 745035651 583772557
745035651 561341716 768267949 561341716
768267949 561341716 768267949 580271338
707547616 551475808 707547616 576667978
768267949 561341716 793540844 561341716
793540844 561341716 820309669 568144516
820309669 568144516 833536963 568144516
833536963 568144516 833605953 568144516
833536963 568144516 833536963 577024094
820309669 568144516 820309669 587102378
833605953 568144516 855704001 575822834
855704001 575822834 877294989 582122162
877294989 582122162 883240567 582122162
877294989 582122162 877294989 602247382
735903007 553512777 735903007 591471328
329396126 341949127 329396126 382561098
369850703 433765272 411629110 433765272
411629110 433765272 424118679 433765272
411629110 433765272 411629110 452878858
424118679 433765272 441691268 441418872
411629110 452878858 430845908 476075493
430845908 476075493 444374771 488638742
444374771 488638742 456977634 488638742
444374771 488638742 444374771 524878093
444374771 524878093 447381128 531249916
447381128 531249916 457231238 531249916
457231238 531249916 466054684 551818466
466054684 551818466 466054684 558476397
466054684 551818466 506299107 551818466
768267949 580271338 783212228 610733587
783212228 610733587 795814611 622475592
154070474 171419476 154070474 217547073
711050960 505261020 744809171 519200796
744809171 519200796 751159453 519200796
744809171 519200796 744809171 534166506
744809171 534166506 759320822 540734525
759320822 540734525 765099278 546718138
751159453 519200796 759320822 532346053
759320822 532346053 765091352 532346053
447381128 531249916 447381128 579095736
707547616 576667978 721999654 611842103
721999654 611842103 733181240 611842103
721999654 611842103 721999654 623865271
721999654 623865271 726732723 623865271
721999654 623865271 721999654 636437756
721999654 636437756 725769780 643436502
725769780 643436502 725769780 667397432
725769780 667397432 744170030 667397432
725769780 643436502 749792541 643436502
749792541 643436502 756665228 643436502
749792541 643436502 749792541 660078083
725769780 667397432 725769780 695080853
744170030 667397432 762805981 688216456
762805981 688216456 762805981 694315356
762805981 694315356 765837231 701146146
765837231 701146146 773305063 707849748
773305063 707849748 789668593 707849748
762805981 688216456 782603827 688216456
773305063 707849748 773305063 729378518
773305063 729378518 786156572 731008548
786156572 731008548 786156572 748723902
782603827 688216456 801970049 691914356
801970049 691914356 823913331 693702504
823913331 693702504 823913331 706866705
786156572 748723902 801978139 757481681
823913331 706866705 833700642 731008548
833700642 731008548 838694318 745843860
838694318 745843860 838694318 747204177
725769780 695080853 743992539 717460521
743992539 717460521 744698840 729378518
744698840 729378518 744698840 730790079
823913331 693702504 865206941 693702504
865206941 693702504 890594246 696920704
890594246 696920704 897114636 696920704
890594246 696920704 890594246 713848267
838694318 745843860 884151277 745843860
884151277 745843860 888428755 763496592
888428755 763496592 888428755 784194628
888428755 784194628 912621739 784194628
888428755 784194628 888428755 813858287
888428755 763496592 923239855 763496592
923239855 763496592 923239855 771212672
923239855 763496592 938850543 763496592
938850543 763496592 938850543 768609095
938850543 763496592 945974670 763496592
103648386 105625669 130647421 128445594
466054684 558476397 499811703 574857138
499811703 574857138 522574587 586645807
234366326 352356724 252689487 384562715
329396126 319356804 380530655 319356804
380530655 319356804 410047903 331441377
303877347 145746270 340780083 160207755
340780083 160207755 354012064 193853025
354012064 193853025 362304944 193853025
354012064 193853025 354012064 217697915
386817388 564929546 417826175 585488940
417826175 585488940 417826175 591983561
417826175 585488940 429051822 585488940
429051822 585488940 437351286 594495956
417826175 591983561 422461072 618277297
422461072 618277297 434228294 618277297
422461072 618277297 422461072 651920123
801978139 757481681 822431945 788706176
111075241 28602554 128861246 64274528
128861246 64274528 135298108 86817408
888428755 813858287 891028981 865162447
891028981 865162447 896917134 866115164
896917134 866115164 898233613 866115164
896917134 866115164 896917134 874193043
898233613 866115164 911609619 866324566
911609619 866324566 933988625 868279948
933988625 868279948 958531630 875932823
958531630 875932823 972097634 879320158
972097634 879320158 972097634 896936637
972097634 879320158 997333775 879320158
972097634 896936637 976336805 925369092
976336805 925369092 977580087 925369092
976336805 925369092 976336805 928314989
976336805 928314989 981836958 938600971
981836958 938600971 983070133 938600971
981836958 938600971 981836958 943470969
981836958 943470969 989396762 959666130
989396762 959666130 997366936 991682248
896917134 874193043 899903546 911930332
899903546 911930332 909164651 928214009
909164651 928214009 916512701 928214009
909164651 928214009 909164651 956520473
909164651 956520473 919751924 978555448
919751924 978555448 919751924 990557234
919751924 978555448 934409524 978555448
916512701 928214009 946500231 947047368
946500231 947047368 956222768 960236589
956222768 960236589 956222768 963844399
956222768 960236589 962927020 960236589
962927020 960236589 964114165 960349070
964114165 960349070 972701472 975919744
972701472 975919744 972736614 975919744
972701472 975919744 972701472 993964110
877294989 602247382 919287282 614587438
919287282 614587438 932164862 614587438
919287282 614587438 919287282 631105822
919287282 631105822 919287282 634846509
919287282 631105822 931496391 631105822
931496391 631105822 963953834 650385377
522574587 586645807 552706495 612138109
552706495 612138109 560582424 616072920
560582424 616072920 564914904 616072920
560582424 616072920 560582424 628819930
560582424 628819930 564021852 639995153
564021852 639995153 578338870 654309673
578338870 654309673 580103208 654309673
578338870 654309673 578338870 679451223
580103208 654309673 621386070 667229884
621386070 667229884 630030479 684138873
630030479 684138873 630030479 684528999
630030479 684528999 641637287 710397221
641637287 710397221 641637287 718439342
641637287 718439342 645550510 728595878
645550510 728595878 649782126 728595878
649782126 728595878 649782126 735872434
645550510 728595878 645550510 738678567
649782126 728595878 662004767 728595878
641637287 710397221 664249707 710397221
664249707 710397221 664249707 711991026
664249707 710397221 675255321 710397221
664249707 711991026 673484346 717701394
649782126 735872434 652422668 761286446
652422668 761286446 652814629 761286446
652814629 761286446 655360398 772094809
655360398 772094809 662329274 772252425
662329274 772252425 670666802 772252425
670666802 772252425 685458333 776146302
662329274 772252425 662329274 795674373
685458333 776146302 687189408 805372830
687189408 805372830 690016787 805372830
687189408 805372830 687189408 808955296
673484346 717701394 685244264 737016676
652422668 761286446 652422668 792837263
687189408 808955296 694842463 839645359
694842463 839645359 700260102 848065574
700260102 848065574 702324004 848065574
700260102 848065574 700260102 877919150
700260102 877919150 719500670 884092705
719500670 884092705 728290332 886121134
728290332 886121134 728290332 897074121
728290332 886121134 739285249 886121134
739285249 886121134 747999890 886121134
739285249 886121134 739285249 894982025
662329274 795674373 683984250 813019951
683984250 813019951 684500862 818187154
684500862 818187154 684500862 822782248
684500862 822782248 686402954 822782248
684500862 822782248 684500862 825120163
684500862 818187154 718218457 818187154
718218457 818187154 733781268 818849508
733781268 818849508 748272951 818849508
733781268 818849508 733781268 843214547
630030479 684138873 679936017 684138873
685244264 737016676 718796272 755396590
718796272 755396590 718796272 758665153
718796272 755396590 733773870 755396590
733773870 755396590 744952088 792977849
733781268 843214547 764125834 864848570
897114636 696920704 951685629 698751395
179989190 253469480 179989190 310200965
210263679 284131636 210263679 341462645
210263679 341462645 210263679 343154423
210263679 341462645 212786803 341462645
212786803 341462645 243785429 351869301
434228294 618277297 480069231 629959193
480069231 629959193 501302071 649258303
501302071 649258303 501302071 660332051
501302071 649258303 518492462 649258303
501302071 660332051 512281672 698758553
512281672 698758553 519591924 715104956
519591924 715104956 519591924 722077723
519591924 722077723 521662643 725061512
521662643 725061512 521662643 736368171
521662643 736368171 529915838 736368171
529915838 736368171 539998863 740967322
539998863 740967322 541554092 740967322
539998863 740967322 539998863 745493303
521662643 725061512 539165817 725061512
521662643 736368171 521662643 756513549
521662643 756513549 522904026 783676598
522904026 783676598 537101553 785323982
537101553 785323982 542867215 788928931
542867215 788928931 542867215 793504904
539998863 745493303 547307314 768848317
539165817 725061512 563693549 733260678
563693549 733260678 572034102 734044677
519591924 715104956 557565360 715104956
542867215 788928931 596003823 788928931
596003823 788928931 607885995 822285957
607885995 822285957 607885995 830453265
607885995 830453265 615018377 830453265
607885995 830453265 607885995 837746596
607885995 822285957 624868399 822285957
572034102 734044677 624992112 738231265
624992112 738231265 639080751 738678567
639080751 738678567 639080751 745919505
422461072 651920123 463827359 668092665
463827359 668092665 464696823 668092665
463827359 668092665 463827359 683997652
463827359 683997652 480626378 695608751
480626378 695608751 484431704 695608751
480626378 695608751 480626378 732925906
480626378 732925906 482199276 776556023
482199276 776556023 495688869 776556023
495688869 776556023 501795072 776556023
495688869 776556023 495688869 786764568
501795072 776556023 509578843 779241367
482199276 776556023 482199276 809278143
482199276 809278143 485659622 835739163
485659622 835739163 489141757 835739163
485659622 835739163 485659622 870032143
489141757 835739163 520294088 856261898
520294088 856261898 520294088 861008323
520294088 856261898 535477742 856261898
535477742 856261898 553679960 860390102
553679960 860390102 576133229 860390102
576133229 860390102 586189443 865124041
586189443 865124041 589439168 865124041
589439168 865124041 597185826 890241356
597185826 890241356 597899474 890241356
597185826 890241356 597185826 893232579
553679960 860390102 553679960 914801920
553679960 914801920 566328704 914801920
566328704 914801920 570443580 914801920
566328704 914801920 566328704 925779981
553679960 914801920 553679960 927522036
553679960 927522036 554868532 927522036
553679960 927522036 553679960 934550127
570443580 914801920 586189443 925731697
586189443 925731697 636226041 931262573
636226041 931262573 636226041 935930859
636226041 931262573 645612356 931262573
645612356 931262573 645612356 934641017
645612356 934641017 652893506 951318276
652893506 951318276 652893506 958325086
652893506 958325086 652893506 964522863
652893506 964522863 655139865 964522863
652893506 958325086 659167691 958325086
652893506 964522863 652893506 977965261
652893506 977965261 672403868 978832883
672403868 978832883 689491747 978832883
689491747 978832883 690242669 980829464
690242669 980829464 690242669 984277770
690242669 980829464 703287715 980829464
672403868 978832883 672403868 996588000
652893506 951318276 681675642 951318276
703287715 980829464 725912013 994017395
645612356 931262573 684589148 931262573
822431945 788706176 853603887 815316615
853603887 815316615 869978518 824266899
869978518 824266899 873501498 832992941
873501498 832992941 886386117 832992941
873501498 832992941 873501498 848218849
456977634 488638742 506853332 496558429
506853332 496558429 517620710 496558429
506853332 496558429 506853332 510147290
506853332 510147290 527000801 523628829
527000801 523628829 527000801 525465612
527000801 523628829 539220411 523628829
539220411 523628829 540392471 529578510
540392471 529578510 566055903 530417761
566055903 530417761 567473671 543988695
567473671 543988695 567473671 547863386
567473671 543988695 574309744 543988695
574309744 543988695 583127718 573129508
437351286 594495956 484219252 606034500
484219252 606034500 521051159 616944238
521051159 616944238 548323449 626588720
229408405 53052529 287907713 53052529
605262726 485530261 625961729 523460759
625961729 523460759 653492036 555651677
653492036 555651677 654722542 578611078
654722542 578611078 667889265 606132334
739285249 894982025 753208995 941098688
753208995 941098688 753208995 962183133
753208995 962183133 780103782 973316403
780103782 973316403 780103782 983367978
780103782 983367978 780702598 983367978
780103782 983367978 780103782 984210475
780103782 973316403 827209745 973316403
827209745 973316403 837358185 977648501
753208995 941098688 801170613 941098688
801170613 941098688 831338476 951266953
831338476 951266953 837358185 951840546
837358185 951840546 837358185 968715848
837358185 968715848 840944516 968715848
837358185 951840546 865105465 951840546
865105465 951840546 890262998 962785802
890262998 962785802 907558149 962785802
890262998 962785802 890262998 990021245
951685629 698751395 991128299 719735985
991128299 719735985 997699615 746541893
430462203 257626145 482481520 266602982
482481520 266602982 482508979 266602982
482481520 266602982 482481520 281866256
482481520 281866256 500679411 286210283
500679411 286210283 500679411 311467459
500679411 311467459 502272660 314233172
502272660 314233172 502272660 323328837
502272660 323328837 505332584 326254128
505332584 326254128 527806261 326254128
527806261 326254128 531201241 326254128
527806261 326254128 527806261 340580460
527806261 340580460 531992088 349146678
531992088 349146678 532874568 349146678
531992088 349146678 531992088 356679386
531992088 356679386 534234888 358255832
534234888 358255832 534234888 378800785
534234888 358255832 558509924 358255832
558509924 358255832 571070921 360059742
571070921 360059742 602682842 360059742
505332584 326254128 505332584 358710589
505332584 358710589 505332584 365746372
505332584 358710589 514986812 358710589
505332584 365746372 513629534 374476294
500679411 286210283 539250365 286210283
539250365 286210283 539250365 294017355
539250365 286210283 551057733 286210283
551057733 286210283 553194849 314233172
602682842 360059742 605724841 396504838
605724841 396504838 611336373 412142511
611336373 412142511 611336373 433654091
611336373 412142511 643303950 412142511
643303950 412142511 643303950 416173623
643303950 416173623 652048922 416862064
643303950 412142511 658139984 412142511
652048922 416862064 656657432 430469138
656657432 430469138 656657432 430975208
571070921 360059742 571070921 400097623
571070921 400097623 580747144 407262736
580747144 407262736 601794594 407262736
656657432 430469138 696946949 430469138
696946949 430469138 721811792 436792306
721811792 436792306 733927868 444836236
733927868 444836236 758970524 459619454
758970524 459619454 764968098 503075122
764968098 503075122 776151814 507683316
776151814 507683316 776151814 511540618
656657432 430975208 671808953 467447576
776151814 511540618 829256422 513493858
829256422 513493858 832291141 515896090
832291141 515896090 832291141 518433872
832291141 515896090 837891120 515896090
837891120 515896090 841866156 534716411
841866156 534716411 841866156 537699910
841866156 537699910 845761398 537699910
841866156 537699910 841866156 556827587
841866156 534716411 862232493 534716411
776151814 507683316 834917588 507683316
834917588 507683316 844917492 509661815
844917492 509661815 844917492 511030220
844917492 509661815 864217555 509661815
864217555 509661815 903687342 510728777
903687342 510728777 917692787 510728777
903687342 510728777 903687342 534054937
917692787 510728777 923304353 529908023
923304353 529908023 925767797 546324088
925767797 546324088 928009282 546324088
925767797 546324088 925767797 554630550
925767797 554630550 959064380 561602357
959064380 561602357 959064380 565229261
959064380 561602357 967045042 561602357
959064380 565229261 966657990 584959871
966657990 584959871 979894736 600654319
979894736 600654319 979894736 608263214
979894736 600654319 990758270 600654319
990758270 600654319 998446113 625044957
903687342 534054937 912857476 571877601
445849482 218126415 487366884 237799025
487366884 237799025 505256728 257485152
278202155 79697195 278202155 140922199
747999890 886121134 808376719 889731867
808376719 889731867 820953085 889731867
820953085 889731867 850605212 891268581
850605212 891268581 863468629 925602041
863468629 925602041 865105465 928860393
865105465 928860393 865105465 948073612
865105465 948073612 873691647 948073612
865105465 928860393 887935714 928860393
808376719 889731867 808376719 937589224
886386117 832992941 946477918 838210849
946477918 838210849 946477918 842043369
946477918 838210849 981553392 838210849
981553392 838210849 999088252 843291832
179989190 310200965 200303442 356425448
200303442 356425448 201266662 377424550
795814611 622475592 810654598 674445356
228121955 257347944 278512586 273914542
278512586 273914542 315285409 279162089
315285409 279162089 376924881 282580320
164988467 193261760 224644818 201048032
150228619 0 218602562 0
218602562 0 218602562 45818000
278202155 140922199 291452467 196436026
291452467 196436026 294823894 221142532
294823894 221142532 298799358 221142532
298799358 221142532 326164261 233183233
326164261 233183233 326164261 235115006
326164261 233183233 337463215 233183233
326164261 235115006 335731935 237350573
335731935 237350573 336060675 237350573
335731935 237350573 335731935 272071955
294823894 221142532 294823894 264591233
294823894 264591233 296605063 264591233
294823894 264591233 294823894 272131437
597185826 893232579 644763041 915035535
203759239 129551056 241930553 162091531
241930553 162091531 256434506 174592655
256434506 174592655 257677613 192327662
218602562 0 289780841 0
289780841 0 289780841 15037926
289780841 0 359014371 0
359014371 0 359014371 31370647
359014371 0 395417392 0
395417392 0 400138740 0
400138740 0 409196829 0
409196829 0 422855768 0
422855768 0 425017698 0
425017698 0 428144119 0
425017698 0 425017698 3616612
422855768 0 422855768 15823845
422855768 15823845 428144119 29980316
400138740 0 400138740 29094355
428144119 29980316 431043454 56382193
431043454 56382193 455701354 61316513
455701354 61316513 455701354 67460470
455701354 67460470 475369655 80209696
475369655 80209696 477365148 86095176
477365148 86095176 511563033 86095176
511563033 86095176 511563033 91868364
511563033 86095176 525573821 86095176
455701354 61316513 491423671 61316513
477365148 86095176 477365148 124815262
477365148 124815262 477365148 126423136
477365148 124815262 504632524 124815262
504632524 124815262 518181972 129414065
400138740 29094355 413992109 54802949
413992109 54802949 414785290 80472879
414785290 80472879 417598540 99556769
417598540 99556769 417598540 99899793
417598540 99556769 437138794 99556769
518181972 129414065 518181972 171176466
518181972 171176466 518181972 180324376
518181972 180324376 529947644 182308273
529947644 182308273 539844088 182308273
539844088 182308273 541031653 182308273
541031653 182308273 541627843 190064415
541627843 190064415 541627843 192508788
541627843 190064415 545948823 190064415
529947644 182308273 529947644 192508788
529947644 192508788 529947644 198287088
529947644 198287088 529947644 206267517
529947644 198287088 539844088 198287088
529947644 206267517 537149827 212766100
539844088 198287088 558731909 204464343
558731909 204464343 558731909 226376302
558731909 226376302 560254880 226678721
560254880 226678721 560254880 229172709
560254880 229172709 574681566 237419491
574681566 237419491 580994323 237419491
580994323 237419491 593336504 253401183
593336504 253401183 593336504 257979778
593336504 253401183 601869239 253401183
518181972 171176466 550166609 171176466
574681566 237419491 574681566 271532008
601869239 253401183 611714499 279024095
611714499 279024095 611714499 308386383
428144119 0 470941640 0
470941640 0 470941640 2687056
470941640 0 476583644 0
476583644 0 476583644 5417670
476583644 0 498602813 0
498602813 0 500429387 0
500429387 0 509952143 0
509952143 0 509952143 774214
498602813 0 498602813 12356567
498602813 12356567 500429387 32613281
395417392 0 395417392 42820675
558731909 204464343 602211710 204464343
602211710 204464343 618012166 226678721
611714499 308386383 655406242 309132613
655406242 309132613 660004901 309132613
660004901 309132613 676547850 318536631
676547850 318536631 676547850 341958889
676547850 318536631 711666261 318536631
711666261 318536631 714955549 338260610
714955549 338260610 727479632 338260610
727479632 338260610 741758637 345420573
741758637 345420573 742543346 345455257
714955549 338260610 714955549 369470723
655406242 309132613 655406242 344470385
611714499 279024095 656746282 279024095
518181972 129414065 564675502 129414065
564675502 129414065 569286235 131540654
569286235 131540654 569286235 137773365
569286235 137773365 572034481 137773365
569286235 131540654 581464542 131540654
581464542 131540654 592103168 143100124
569286235 137773365 569286235 167771377
537149827 212766100 556660543 242615517
359014371 31370647 365395334 75002905
365395334 75002905 365395334 76917232
365395334 75002905 388611072 75002905
742543346 345455257 794878293 345455257
794878293 345455257 799611144 345455257
794878293 345455257 794878293 352891860
794878293 352891860 798107713 354086631
798107713 354086631 798107713 367746880
798107713 354086631 821750812 354086631
821750812 354086631 833847073 380548571
833847073 380548571 859313016 404308442
859313016 404308442 862061748 404308442
862061748 404308442 872725059 405237488
872725059 405237488 882035347 405237488
859313016 404308442 859313016 421591009
859313016 421591009 861239324 424485800
861239324 424485800 872725059 424485800
861239324 424485800 861239324 454901860
861239324 454901860 864217555 465301873
864217555 465301873 876763648 465301873
876763648 465301873 876763648 479146593
876763648 465301873 892917248 465301873
892917248 465301873 899005709 468284593
899005709 468284593 899005709 479567434
899005709 479567434 900593558 479567434
899005709 479567434 899005709 486993072
899005709 468284593 915987599 468284593
915987599 468284593 925011075 481024276
864217555 465301873 864217555 497853054
864217555 497853054 867774344 497853054
899005709 486993072 923124250 504683049
882035347 405237488 921867532 419503839
921867532 419503839 940973145 442561682
940973145 442561682 940973145 462211945
940973145 462211945 948545186 468272750
948545186 468272750 962129207 478766579
940973145 442561682 988529358 442561682
656746282 279024095 685918594 307844482
525573821 86095176 584518937 86758409
584518937 86758409 597515606 88745449
597515606 88745449 614714395 88745449
614714395 88745449 620992024 93656172
620992024 93656172 620992024 96109897
620992024 93656172 629337070 93656172
629337070 93656172 643876116 94733886
643876116 94733886 643876116 123650713
597515606 88745449 597515606 119247965
597515606 119247965 597515606 130901120
597515606 119247965 612599142 119247965
643876116 94733886 691378869 94733886
691378869 94733886 694364486 96709971
694364486 96709971 702022415 143999532
702022415 143999532 702022415 150862173
702022415 150862173 710419890 153398650
702022415 143999532 715303831 143999532
715303831 143999532 729234383 145654899
729234383 145654899 729234383 152304139
729234383 145654899 748133496 145654899
729234383 152304139 740577545 176517208
740577545 176517208 750364972 191945662
750364972 191945662 754187407 195650808
754187407 195650808 754187407 205722214
754187407 205722214 758814376 217827601
758814376 217827601 768518525 217827601
768518525 217827601 769403653 229151562
769403653 229151562 778142657 231313566
778142657 231313566 780339558 231313566
754187407 195650808 773877234 195650808
773877234 195650808 809135910 197177403
809135910 197177403 815833932 197177403
815833932 197177403 819080979 197644607
809135910 197177403 809135910 206695115
819080979 197644607 835317739 199813031
835317739 199813031 836047829 199813031
836047829 199813031 838161453 201427944
838161453 201427944 865054961 201427944
838161453 201427944 838161453 232502794
838161453 232502794 854901130 258460952
835317739 199813031 835317739 242995438
865054961 201427944 907246675 203923191
907246675 203923191 913235224 250887777
913235224 250887777 925039245 261584926
925039245 261584926 925039245 293474854
925039245 293474854 941347111 311225223
941347111 311225223 941347111 315161954
941347111 311225223 953672086 311225223
953672086 311225223 954020215 326381424
954020215 326381424 959731694 326381424
925039245 261584926 960763705 261584926
959731694 326381424 978041445 348947522
978041445 348947522 982916919 348947522
978041445 348947522 978041445 361433425
978041445 361433425 994014612 384922285
954020215 326381424 954020215 378171800
618012166 226678721 664043464 241274000
664043464 241274000 695488153 253128314
643876116 123650713 660375969 170603500
660375969 170603500 660375969 175252662
660375969 170603500 666754780 170603500
666754780 170603500 695983978 172384211
695983978 172384211 699977787 227763834
509952143 0 574204560 0
574204560 0 594680439 0
594680439 0 613126778 0
613126778 0 614396801 0
614396801 0 614396801 5503770
594680439 0 594680439 19831003
594680439 19831003 597428875 23734180
597428875 23734180 613126778 23734180
614396801 0 637251340 0
637251340 0 637345078 0
637345078 0 652174282 0
652174282 0 670645735 0
670645735 0 681146663 0
681146663 0 684761839 0
637345078 0 637345078 18942678
681146663 0 681146663 20638359
684761839 0 708173241 0
708173241 0 708173241 9930428
708173241 0 723872693 0
723872693 0 746406778 0
746406778 0 769032398 0
769032398 0 776932268 0
769032398 0 769032398 12265395
574204560 0 574204560 27028006
681146663 20638359 684761839 46989662
684761839 46989662 695560915 54693659
695560915 54693659 695560915 68513327
695560915 54693659 709451111 54693659
709451111 54693659 728749422 58708896
728749422 58708896 743281478 58708896
728749422 58708896 728749422 73587502
728749422 73587502 740852916 75230913
637345078 18942678 652174282 34862754
670645735 0 670645735 30921581
776932268 0 814839410 0
814839410 0 814839410 6644686
814839410 0 825526124 0
825526124 0 825526124 15098131
825526124 0 864234615 0
864234615 0 864234615 25253050
769032398 12265395 776932268 43127380
613126778 23734180 621309466 54657595
597428875 23734180 597428875 65375752
597428875 65375752 613817408 81276216
864234615 0 908410575 0
908410575 0 908410575 25481372
908410575 0 941661586 0
941661586 0 942815349 0
941661586 0 941661586 25681730
941661586 25681730 942815349 31386523
942815349 31386523 942815349 41339782
942815349 31386523 967327464 31386523
967327464 31386523 978732611 40831151
746406778 0 746406778 45661380
723872693 0 723872693 46436064
825526124 15098131 827115395 60075113
827115395 60075113 827115395 63885012
827115395 60075113 840360221 60075113
840360221 60075113 877886266 71758134
877886266 71758134 907842460 86420187
907842460 86420187 907842460 91667302
907842460 86420187 933784926 86420187
907842460 91667302 911192062 115096410
911192062 115096410 934242170 115096410
911192062 115096410 911192062 144097154
911192062 144097154 914322621 148766786
914322621 148766786 914322621 161027486
914322621 161027486 926486382 161027486
914322621 161027486 914322621 173650360
914322621 173650360 929241457 192937238
914322621 148766786 948540583 148766786
637251340 0 637251340 49224559
670645735 30921581 673795222 82559304
673795222 82559304 677421346 84587003
827115395 63885012 837283334 109592638
837283334 109592638 837792547 109592638
837283334 109592638 837283334 122853494
837283334 122853494 857484092 132922460
857484092 132922460 870042222 144728836
870042222 144728836 870042222 145048109
870042222 145048109 874854841 150932946
870042222 144728836 881282000 144728836
881282000 144728836 889933591 150932946
874854841 150932946 874854841 176904866
874854841 176904866 887931136 179260180
929241457 192937238 975219188 208854016
975219188 208854016 975219188 229923746
975219188 208854016 997714772 208854016
742543346 345455257 742543346 410918221
742543346 410918221 744871305 410918221
744871305 410918221 744871305 411626625
742543346 410918221 742543346 423062033
742543346 423062033 747842562 423967841
747842562 423967841 758873942 434738266
758873942 434738266 758873942 438829754
758873942 434738266 764742319 434738266
764742319 434738266 775464737 438017663
744871305 410918221 783660596 410918221
783660596 410918221 812536140 420352712
780339558 231313566 787710006 290983729
787710006 290983729 787710006 297869161
787710006 290983729 795527284 290983729
795527284 290983729 797225600 305266623
797225600 305266623 826321429 315414034
826321429 315414034 872619835 316134233
872619835 316134233 879311671 316134233
879311671 316134233 893566667 319623629
893566667 319623629 893566667 322644570
893566667 319623629 896876831 319623629
896876831 319623629 896876831 321714868
896876831 319623629 900344668 319623629
872619835 316134233 872619835 340270585
812536140 420352712 828207275 472251769
828207275 472251769 843027271 472251769
828207275 472251769 828207275 499325402
740852916 75230913 761268512 123402983
761268512 123402983 766526370 135025322
766526370 135025322 778977698 137763216
778977698 137763216 820708491 157318282
820708491 157318282 824671644 157318282
824671644 157318282 824671644 160325863
824671644 157318282 830165877 157318282
820708491 157318282 820708491 173120010
820708491 173120010 833677666 179420769
477365148 126423136 482479755 190123145
685918594 307844482 749049762 314858843
758814376 217827601 758814376 288455082
778142657 231313566 778142657 302320418
748272951 818849508 805174757 834311491
805174757 834311491 834099858 861301188
928009282 546324088 996137211 551644347
412958592 147001342 448573830 185657170
448573830 185657170 448573830 186091976
448573830 185657170 455630096 185657170
455630096 185657170 481044515 206689612
491423671 61316513 560844286 67253115
560844286 67253115 581038136 122119222
410047903 331441377 463760839 353133695
463760839 353133695 482869188 356135874
583127718 573129508 652539723 579342990
684500862 825120163 685535230 900622113
329396126 382561098 334281637 457590550
334281637 457590550 342573649 488971163
342573649 488971163 343707695 500891601
343707695 500891601 364937264 500891601
364937264 500891601 365368686 510195069
365368686 510195069 367358637 560459146
343707695 500891601 343707695 566839328
343707695 566839328 345834775 572036811
345834775 572036811 363813233 611849246
363813233 611849246 363880432 611849246
363813233 611849246 363813233 615741285
363813233 615741285 367075733 625170109
367075733 625170109 369800353 625170109
367075733 625170109 367075733 627928920
367075733 627928920 372657623 664712609
372657623 664712609 389191831 664712609
372657623 664712609 372657623 697154573
372657623 697154573 374182536 698246666
374182536 698246666 406343943 698246666
406343943 698246666 412630864 713167694
412630864 713167694 414820087 723348735
414820087 723348735 417137874 723348735
417137874 723348735 426978448 727471965
426978448 727471965 441212594 727471965
441212594 727471965 446401021 735206376
446401021 735206376 449302205 738718925
449302205 738718925 456221875 746358834
426978448 727471965 426978448 743054579
426978448 743054579 435058718 743054579
426978448 743054579 426978448 768740695
426978448 768740695 434306142 793786777
434306142 793786777 434306142 799861331
434306142 793786777 447376745 793786777
447376745 793786777 459107015 806285714
459107015 806285714 465208190 806285714
459107015 806285714 459107015 829434225
459107015 829434225 464095042 850348461
464095042 850348461 467077228 870942537
414820087 723348735 414820087 769270154
414820087 769270154 416818024 772562138
416818024 772562138 417089621 772562138
417089621 772562138 422312269 782820365
416818024 772562138 416818024 792592015
416818024 792592015 418754075 809883762
418754075 809883762 428679450 809883762
418754075 809883762 418754075 842257313
418754075 842257313 430637319 852574687
430637319 852574687 443317447 852823532
443317447 852823532 444444406 870942537
444444406 870942537 444444406 877481754
444444406 877481754 444444406 877725645
444444406 877481754 453337768 877481754
374182536 698246666 374182536 779160887
374182536 779160887 376046711 795854181
376046711 795854181 381007210 823636891
381007210 823636891 387828895 823636891
381007210 823636891 381007210 832208973
381007210 832208973 382955184 832208973
381007210 832208973 381007210 835295902
381007210 835295902 393401202 860298159
393401202 860298159 407379972 860298159
393401202 860298159 393401202 876271144
393401202 876271144 399718838 882741099
399718838 882741099 414166791 896039756
414166791 896039756 415096256 897349911
415096256 897349911 415338813 904000982
415338813 904000982 425293082 904000982
415338813 904000982 415338813 958389022
415338813 958389022 421735742 974853989
421735742 974853989 471026424 980464114
471026424 980464114 505041015 983701146
505041015 983701146 521133592 993761053
521133592 993761053 523724005 996491454
997699615 746541893 997864145 828200193
962129207 478766579 999974395 526184454
69769090 176855668 94160604 237754511
94160604 237754511 106560048 237754511
106560048 237754511 106560048 243688810
106560048 237754511 127430105 237754511
94160604 237754511 94160604 258864814
127430105 237754511 140368502 295031602
140368502 295031602 154057761 295031602
154057761 295031602 156732135 301737980
140368502 295031602 140368502 328068316
140368502 328068316 142947622 334281872
142947622 334281872 145825253 361309589
145825253 361309589 145825253 370616902
145825253 361309589 157197090 361309589
145825253 370616902 153468589 379416918
153468589 379416918 157007429 379416918
157007429 379416918 157007429 386437657
157007429 379416918 165719710 379416918
153468589 379416918 153468589 400294605
153468589 400294605 154052625 400294605
153468589 400294605 153468589 455846398
153468589 455846398 154363396 480552748
154363396 480552748 154363396 501465707
154363396 501465707 173705817 504570072
173705817 504570072 188429883 509316969
188429883 509316969 192487484 513743054
192487484 513743054 192487484 536482230
154363396 480552748 188939279 480552748
188939279 480552748 188939279 496711320
188939279 496711320 188939279 499754364
188939279 496711320 195027640 496711320
188939279 499754364 192487484 502357436
192487484 502357436 204124701 502357436
204124701 502357436 238374279 513743054
188939279 480552748 239062650 480552748
239062650 480552748 240383350 480552748
239062650 480552748 239062650 486093059
240383350 480552748 270991773 481988838
270991773 481988838 270991773 501003061
270991773 501003061 272015220 510685411
272015220 510685411 289926857 510685411
289926857 510685411 289926857 511725045
289926857 510685411 294398886 510685411
272015220 510685411 272015220 533268547
270991773 481988838 298205016 481988838
272015220 533268547 272015220 567280088
272015220 567280088 272015220 573562795
272015220 567280088 279790885 567280088
272015220 573562795 272443650 590753238
272443650 590753238 275421409 613365628
275421409 613365628 275833617 615713304
275833617 615713304 289404577 615713304
289404577 615713304 289404577 620758933
275833617 615713304 275833617 638606946
275833617 638606946 285464891 642311548
285464891 642311548 285464891 655986252
285464891 642311548 310813280 642311548
310813280 642311548 315130943 652522095
315130943 652522095 341219675 652522095
272015220 533268547 306882989 533268547
289404577 615713304 325137172 615713304
315130943 652522095 315130943 690387880
315130943 690387880 321422325 691620861
321422325 691620861 325741885 700723232
325741885 700723232 332751751 700723232
332751751 700723232 335426191 713936942
335426191 713936942 335426191 716864142
335426191 713936942 344202673 713936942
344202673 713936942 353954082 719720008
353954082 719720008 372354088 719720008
353954082 719720008 353954082 759639250
353954082 759639250 370263899 765048784
325137172 615713304 345076399 636903782
285464891 655986252 291199194 699000770
291199194 699000770 293490120 699000770
291199194 699000770 291199194 718204760
279790885 567280088 315018284 590082148
315018284 590082148 330110411 595143860
154052625 400294605 178918595 439431727
325741885 700723232 325741885 765985192
325741885 765985192 325741885 766326892
325741885 765985192 329864122 765985192
329864122 765985192 339483911 826848036
339483911 826848036 364708267 836721749
192487484 536482230 193183752 619970870
193183752 619970870 195226216 627170190
195226216 627170190 195226216 639011711
195226216 639011711 204324670 639011711
195226216 627170190 213322269 627170190
213322269 627170190 221580929 627170190
221580929 627170190 222962120 634299623
213322269 627170190 213322269 636680664
222962120 634299623 253416450 636376427
195226216 639011711 195226216 672416759
195226216 672416759 211063411 694441098
211063411 694441098 211063411 698430597
211063411 698430597 217820945 698430597
211063411 694441098 232360514 694441098
211063411 698430597 211063411 734594719
232360514 694441098 271478956 699000770
271478956 699000770 271478956 705829069
271478956 705829069 278231757 705829069
278231757 705829069 281580508 718204760
271478956 705829069 271478956 725417403
281580508 718204760 281580508 742876817
211063411 734594719 215132278 778862556
215132278 778862556 215132278 814689289
215132278 814689289 215132278 841041698
215132278 814689289 243110815 814689289
243110815 814689289 243566585 847643729
243566585 847643729 255043557 847643729
255043557 847643729 255806987 849764329
255806987 849764329 255806987 862699322
255806987 862699322 268617722 862699322
255806987 862699322 255806987 875925543
255806987 849764329 270219225 849764329
270219225 849764329 281432568 852112287
243566585 847643729 243566585 864071527
215132278 778862556 261921640 778862556
261921640 778862556 287311855 792343538
287311855 792343538 288982676 800313513
288982676 800313513 288982676 819310647
288982676 819310647 290483110 819628556
290483110 819628556 302729522 819628556
288982676 800313513 309010500 800313513
281432568 852112287 290483110 897445757
290483110 897445757 321831332 897445757
290483110 897445757 290483110 929311346
290483110 929311346 292286981 950002995
292286981 950002995 292286981 969156579
292286981 969156579 299112814 973974909
292286981 950002995 319725190 950002995
319725190 950002995 341953134 950716886
341953134 950716886 353007257 965138722
353007257 965138722 353007257 970214500
353007257 965138722 392450098 965138722
392450098 965138722 394958269 980256066
321831332 897445757 333863538 925092405
333863538 925092405 333863538 933489507
353007257 970214500 386156391 976941030
333863538 925092405 375499996 925092405
299112814 973974909 333237450 990316519
333237450 990316519 385198625 993179044
255806987 875925543 275210555 939237595
94160604 258864814 97380192 341928702
97380192 341928702 112595841 341928702
112595841 341928702 122988852 341928702
122988852 341928702 133896471 361309589
133896471 361309589 133896471 362889434
133896471 362889434 137374105 370616902
137374105 370616902 137374105 395550306
112595841 341928702 112595841 377096114
97380192 341928702 97380192 382873795
420048438 286312393 464324568 329213256
542867215 793504904 580122949 843649768
0 121630777 0 209340968
0 209340968 0 223224099
0 223224099 1093084 223224099
0 223224099 0 227594582
0 209340968 17515242 209340968
0 227594582 0 261682683
0 227594582 40089902 227594582
40089902 227594582 43362510 229731077
43362510 229731077 52242817 229731077
43362510 229731077 43362510 261682683
43362510 261682683 54354759 290489810
0 261682683 0 311303312
0 311303312 41624177 311303312
41624177 311303312 54274947 339030797
0 311303312 0 386161948
0 386161948 36032927 386161948
36032927 386161948 67591856 423459039
67591856 423459039 85448422 423459039
67591856 423459039 67591856 454048262
67591856 454048262 83688898 470281241
83688898 470281241 104075889 470281241
83688898 470281241 83688898 492445938
83688898 492445938 83688898 501491503
83688898 501491503 85803251 523550094
85803251 523550094 85803251 524437729
85803251 524437729 93356676 540075593
93356676 540075593 96566443 541601904
96566443 541601904 109211285 541601904
109211285 541601904 109883110 548449511
109883110 548449511 116163920 551462097
116163920 551462097 116163920 555297842
116163920 551462097 123768755 551462097
123768755 551462097 123768755 560011233
123768755 551462097 145057471 551462097
104075889 470281241 115243213 485468862
115243213 485468862 122205604 485468862
115243213 485468862 115243213 492445938
85803251 523550094 119563214 523550094
119563214 523550094 127486336 523550094
119563214 523550094 119563214 532039752
123768755 560011233 132991544 601824497
132991544 601824497 132991544 609074115
132991544 609074115 132991544 610056521
132991544 609074115 136428806 609074115
132991544 601824497 142101338 601824497
136428806 609074115 176351932 609118939
176351932 609118939 176351932 627215187
176351932 627215187 177533541 627215187
176351932 627215187 176351932 639762308
176351932 609118939 207913160 609118939
207913160 609118939 253285375 613365628
253285375 613365628 253285375 624299819
115243213 492445938 146199786 515983497
96566443 541601904 96566443 602318767
96566443 602318767 99780508 609074115
99780508 609074115 105801709 609074115
105801709 609074115 105801709 610698502
99780508 609074115 99780508 648159950
99780508 648159950 118207407 673608265
118207407 673608265 118207407 680714070
118207407 680714070 125976707 680714070
118207407 680714070 118207407 692223376
118207407 692223376 124425367 698266114
124425367 698266114 124425367 706824443
124425367 698266114 138067543 698266114
118207407 673608265 154962482 673608265
154962482 673608265 154962482 678058331
154962482 673608265 170166418 673608265
138067543 698266114 141126996 743055444
141126996 743055444 141126996 744155569
141126996 743055444 152424086 743055444
141126996 744155569 141384166 769071672
141384166 769071672 152514478 769854491
152514478 769854491 163298398 795760859
163298398 795760859 168211909 795760859
163298398 795760859 163298398 817738193
168211909 795760859 195501443 802484171
195501443 802484171 195501443 802950781
124425367 706824443 135630689 744503112
195501443 802484171 257383804 802484171
0 386161948 0 460443671
0 460443671 2681746 460443671
0 460443671 0 478303097
0 478303097 0 486577214
0 478303097 19641612 478303097
19641612 478303097 21114538 486577214
0 486577214 0 525862483
0 525862483 0 536826406
0 536826406 0 544450571
0 544450571 0 551036986
0 551036986 0 552347855
0 544450571 32005317 544450571
32005317 544450571 39046329 551036986
39046329 551036986 46157621 552347855
0 525862483 40923837 525862483
40923837 525862483 45244116 528285970
45244116 528285970 45244116 536826406
45244116 528285970 64774798 528285970
64774798 528285970 64774798 528969160
64774798 528285970 82401880 528285970
0 552347855 0 593878738
0 593878738 0 605193538
0 605193538 0 606307076
0 593878738 12249957 593878738
12249957 593878738 25087462 601046007
25087462 601046007 25087462 605193538
0 606307076 24376147 606307076
24376147 606307076 50838607 611508353
50838607 611508353 60819902 615141587
60819902 615141587 60819902 627651015
60819902 627651015 64692792 643804874
64692792 643804874 64692792 650828649
64692792 643804874 87307916 643804874
87307916 643804874 89540326 648159950
60819902 615141587 96076372 615141587
0 606307076 0 643169285
0 643169285 0 647932972
0 647932972 2658049 647932972
0 643169285 10185403 643169285
0 647932972 0 674753439
0 674753439 0 689669370
0 689669370 20784447 689669370
46157621 552347855 74323570 566164088
89540326 648159950 89540326 695302195
89540326 695302195 96383729 712714754
96383729 712714754 97502813 712714754
97502813 712714754 104769388 715763813
96383729 712714754 96383729 739102406
96383729 739102406 107150437 755913105
107150437 755913105 115315491 762630525
115315491 762630525 121974609 773525145
121974609 773525145 126037800 773525145
121974609 773525145 121974609 804243672
121974609 804243672 123147109 804243672
121974609 804243672 121974609 811631405
121974609 811631405 153451689 817738193
153451689 817738193 153451689 848128274
126037800 773525145 139572413 800548880
0 674753439 48317610 674753439
25087462 601046007 73659671 601046007
153451689 848128274 189336731 870532772
189336731 870532772 201329242 911630001
201329242 911630001 206810017 941491238
206810017 941491238 214796993 965180784
214796993 965180784 214796993 968042982
214796993 965180784 227910076 965180784
227910076 965180784 232450461 984098233
232450461 984098233 236420233 999454682
0 689669370 0 753942242
0 753942242 893408 753942242
0 753942242 0 758869254
0 758869254 0 773539839
0 758869254 18023384 758869254
0 773539839 0 799859529
0 799859529 10900367 799859529
18023384 758869254 31213252 773539839
0 799859529 0 829280272
0 829280272 0 836645019
0 829280272 14930877 829280272
14930877 829280272 26073616 829890720
26073616 829890720 26073616 836645019
0 836645019 0 859889355
0 859889355 0 865019143
0 865019143 3295703 865019143
0 865019143 0 873457169
26073616 836645019 34576133 859889355
0 873457169 34562260 873457169
34562260 873457169 53368554 878171842
53368554 878171842 54600219 878171842
54600219 878171842 62407457 878697278
62407457 878697278 65701946 878697278
53368554 878171842 53368554 898406681
53368554 898406681 62407457 904730267
26073616 829890720 69830613 829890720
69830613 829890720 84745210 831241522
84745210 831241522 96321716 831241522
84745210 831241522 84745210 863475063
84745210 863475063 85720916 866735530
85720916 866735530 99083647 872769715
99083647 872769715 99083647 874927634
99083647 874927634 108505656 895733409
108505656 895733409 110344185 895733409
99083647 872769715 133526371 872769715
133526371 872769715 139147274 875791034
139147274 875791034 152292502 875791034
152292502 875791034 153006434 890326269
139147274 875791034 139147274 905173405
139147274 905173405 161894766 914907506
108505656 895733409 108505656 931414712
108505656 931414712 113839924 939324789
113839924 939324789 113839924 948673161
113839924 939324789 131942138 939324789
131942138 939324789 138560108 955331903
138560108 955331903 140956365 955331903
140956365 955331903 151868986 969701939
151868986 969701939 173530149 971759411
173530149 971759411 173530149 973430191
173530149 971759411 177222323 971759411
173530149 973430191 176806411 989885063
176806411 989885063 178984384 999511587
138560108 955331903 138560108 991620352
110344185 895733409 131942138 920686394
131942138 920686394 134629889 920686394
134629889 920686394 136055058 921259082
31213252 773539839 76856280 778819667
76856280 778819667 82059474 778819667
76856280 778819667 76856280 791213837
76856280 791213837 78364733 798466070
78364733 798466070 89532082 798466070
78364733 798466070 78364733 811245190
89532082 798466070 102045501 800419380
102045501 800419380 106649252 809502288
0 873457169 0 935610972
0 935610972 0 938901867
0 938901867 0 947838473
0 947838473 808959 950224285
808959 950224285 808959 969396796
808959 950224285 22470920 950224285
0 938901867 25466575 938901867
25466575 938901867 43196101 947838473
0 935610972 28481337 935610972
2681746 460443671 54194059 474110274
48317610 674753439 57502441 736884922
57502441 736884922 80401297 745587393
695488153 253128314 750307084 287397456
750307084 287397456 751072146 287397456
750307084 287397456 750307084 297400379
453337768 877481754 465692956 954321422
465692956 954321422 493455087 977189012
900344668 319623629 920447830 396137702
920447830 396137702 922959288 396137702
920447830 396137702 920447830 401142802
810654598 674445356 903097308 680125775
945974670 763496592 985415355 829399560
252689487 384562715 300145595 465106877
300145595 465106877 300145595 475220524
300145595 465106877 311624024 465106877
