1472
0 0 1495260 0
1495260 0 6565241 0
0 0 0 13142049
0 13142049 0 18533690
0 18533690 1495260 18533690
0 13142049 6565241 13142049
6565241 0 57764267 0
57764267 0 60925608 0
60925608 0 67823859 0
67823859 0 94770821 0
94770821 0 94770821 23295974
94770821 0 119755699 0
119755699 0 119755699 5578177
119755699 0 142121380 0
142121380 0 142121380 2708869
142121380 0 146308437 0
146308437 0 168560983 0
168560983 0 168560983 4842855
168560983 0 198002167 0
198002167 0 208849188 0
208849188 0 208849188 1988649
208849188 0 219263474 0
219263474 0 220576166 0
220576166 0 220576166 6339880
220576166 0 234850164 0
220576166 6339880 221665278 34690804
221665278 34690804 234850164 34690804
221665278 34690804 221665278 58063279
221665278 58063279 226466070 72398693
234850164 0 266061444 0
266061444 0 272420772 0
272420772 0 278676703 0
278676703 0 282939759 0
282939759 0 291474109 0
272420772 0 272420772 9652582
291474109 0 309999054 0
309999054 0 309999054 12947346
282939759 0 282939759 19081113
272420772 9652582 273695891 30743468
273695891 30743468 278676703 30743468
266061444 0 266061444 22996865
278676703 30743468 291474109 40983679
291474109 40983679 298509253 60838612
298509253 60838612 298509253 69032916
298509253 69032916 322417481 69032916
322417481 69032916 322417481 95920603
219263474 0 219263474 32108634
67823859 0 67823859 34318559
198002167 0 198002167 34898078
273695891 30743468 273695891 66747405
322417481 95920603 339576177 117454663
339576177 117454663 339576177 122742234
339576177 122742234 353175960 135064134
353175960 135064134 353175960 149675020
353175960 135064134 378789944 135064134
94770821 23295974 98193973 60499023
98193973 60499023 98193973 64355164
98193973 60499023 106473011 60499023
106473011 60499023 115111931 71050372
57764267 0 57764267 41624695
378789944 135064134 413099278 144064353
413099278 144064353 413099278 148384198
413099278 148384198 419053948 149972284
419053948 149972284 419368641 149972284
419368641 149972284 430570014 154033350
430570014 154033350 441139463 154033350
441139463 154033350 472153023 157021712
472153023 157021712 472153023 191552195
472153023 191552195 493794358 198514440
493794358 198514440 503111460 198514440
503111460 198514440 503111460 205294516
493794358 198514440 493794358 230900639
339576177 117454663 384811063 117454663
146308437 0 146308437 46267768
298509253 69032916 298509253 116421322
298509253 116421322 317675096 122742234
317675096 122742234 317675096 127029128
317675096 127029128 329131184 154121557
329131184 154121557 337019373 154121557
329131184 154121557 329131184 166533946
329131184 166533946 336714912 166533946
329131184 166533946 329131184 174536753
503111460 198514440 550546688 198514440
550546688 198514440 568594891 216134036
568594891 216134036 576302329 226637753
576302329 226637753 606267706 226637753
576302329 226637753 576302329 257889465
576302329 257889465 597315868 257889465
597315868 257889465 597976265 257889465
597976265 257889465 599885413 267649410
597315868 257889465 597315868 270508220
576302329 257889465 576302329 283795011
146308437 46267768 147666908 93168316
147666908 93168316 147666908 108748217
147666908 93168316 180578726 93168316
180578726 93168316 197763329 104545824
147666908 108748217 176083279 119826987
430570014 154033350 430570014 204958974
472153023 157021712 524966898 157021712
524966898 157021712 539695840 179042141
176083279 119826987 184890429 165020253
184890429 165020253 198101225 165020253
198101225 165020253 215417488 170603827
215417488 170603827 221670267 170603827
215417488 170603827 215417488 189112275
184890429 165020253 184890429 191255045
184890429 191255045 189047999 216941476
189047999 216941476 189047999 230019052
189047999 216941476 203181800 216941476
203181800 216941476 208427213 220376365
208427213 220376365 212580913 220376365
221670267 170603827 242379524 186992426
208427213 220376365 208427213 266771892
208427213 266771892 221834739 279693075
221834739 279693075 245457114 279693075
245457114 279693075 245457114 288420323
245457114 279693075 259993140 279693075
221834739 279693075 221834739 309613995
221834739 309613995 241330381 309613995
241330381 309613995 242350606 313334618
242350606 313334618 242350606 318927797
242350606 313334618 252797566 313334618
252797566 313334618 256802356 323853957
256802356 323853957 257170712 324888336
257170712 324888336 276566072 324888336
221834739 309613995 221834739 331807523
257170712 324888336 257170712 351635719
257170712 351635719 277496104 354620527
277496104 354620527 283727602 356493319
283727602 356493319 283727602 360501047
283727602 356493319 289730178 356493319
242350606 318927797 243512583 347750825
243512583 347750825 244199555 347750825
243512583 347750825 243512583 356892779
276566072 324888336 309236366 336125324
309236366 336125324 309236366 350049626
309236366 336125324 339730723 336125324
339730723 336125324 373838780 346919778
373838780 346919778 379743171 346919778
379743171 346919778 379743171 355030677
379743171 346919778 395569757 346919778
373838780 346919778 373838780 380700634
373838780 380700634 375783817 380700634
373838780 380700634 373838780 382718117
373838780 382718117 383959813 391118603
383959813 391118603 390976636 391118603
383959813 391118603 383959813 411156783
379743171 355030677 390976636 377879781
390976636 377879781 392051174 377879781
383959813 411156783 398244340 435063002
398244340 435063002 398244340 453658231
398244340 453658231 401254762 464015500
398244340 435063002 421033151 435063002
401254762 464015500 437908035 464015500
437908035 464015500 437908035 465611629
437908035 464015500 441184729 464015500
392051174 377879781 430933654 381898999
430933654 381898999 433605777 388546235
433605777 388546235 449009354 388546235
449009354 388546235 451838189 389975259
433605777 388546235 433605777 406236856
433605777 406236856 441800097 406236856
433605777 406236856 433605777 417548868
441800097 406236856 457745468 409348956
457745468 409348956 457745468 410188334
457745468 410188334 458882994 413438430
458882994 413438430 458882994 422717359
458882994 422717359 469155887 431197815
457745468 409348956 496370171 409348956
496370171 409348956 498052931 413099394
498052931 413099394 498052931 413438430
498052931 413438430 502046537 439752261
502046537 439752261 502046537 475147123
502046537 475147123 515747519 476842152
515747519 476842152 522146220 476842152
515747519 476842152 515747519 502514730
515747519 502514730 517428398 502514730
515747519 502514730 515747519 515172184
522146220 476842152 523207077 502048314
523207077 502048314 523207077 502233458
523207077 502048314 556075564 502048314
556075564 502048314 569793123 504895842
569793123 504895842 579774256 504895842
569793123 504895842 569793123 517458374
569793123 517458374 580594751 521351666
580594751 521351666 584678094 533915395
584678094 533915395 584678094 555729081
584678094 555729081 586402950 555729081
584678094 555729081 584678094 570848094
584678094 570848094 590284966 592467334
590284966 592467334 600105935 592467334
590284966 592467334 590284966 622981641
515747519 515172184 538818822 528621600
584678094 533915395 626612953 533915395
401254762 464015500 401254762 507645402
401254762 507645402 401254762 513013883
401254762 513013883 409564684 513013883
401254762 513013883 401254762 527813220
401254762 527813220 403311186 532390460
401254762 507645402 437800068 507645402
403311186 532390460 417267901 561565968
417267901 561565968 432224649 561565968
432224649 561565968 451378064 563432568
451378064 563432568 451378064 566076327
451378064 563432568 462706851 563432568
462706851 563432568 462706851 564708261
462706851 563432568 486862946 563432568
486862946 563432568 498877630 569947912
498877630 569947912 500938783 594810299
500938783 594810299 500938783 595768003
500938783 594810299 510988196 594810299
510988196 594810299 511491179 600597490
511491179 600597490 514575013 600597490
511491179 600597490 511491179 607302683
511491179 607302683 513746519 632502314
513746519 632502314 513746519 636633195
417267901 561565968 417267901 591695309
513746519 632502314 556505007 632502314
556505007 632502314 574326066 640413879
600105935 592467334 628749399 608779787
628749399 608779787 631003634 620896287
437800068 507645402 479559338 511698094
479559338 511698094 498167297 511698094
479559338 511698094 479559338 543337764
259993140 279693075 291430169 294579210
291430169 294579210 302864280 307901702
212580913 220376365 260158037 226468629
260158037 226468629 260158037 233290533
260158037 233290533 278271608 235556904
278271608 235556904 281004308 235556904
281004308 235556904 281067676 240220513
281067676 240220513 281067676 264897034
281067676 264897034 284517729 264897034
284517729 264897034 291430169 270764642
281067676 264897034 281067676 279272604
260158037 226468629 293297174 226468629
291430169 270764642 328646799 270764642
278271608 235556904 278271608 277113777
281067676 240220513 332210826 240220513
332210826 240220513 355963521 251725765
355963521 251725765 355963521 259576519
355963521 251725765 399824102 251725765
399824102 251725765 423723316 264037013
423723316 264037013 427803364 264037013
427803364 264037013 427803364 264364387
423723316 264037013 423723316 284011557
423723316 284011557 424518945 287212547
424518945 287212547 446064282 290422494
446064282 290422494 446064282 302562667
446064282 302562667 466302652 302910139
466302652 302910139 468786580 311389869
446064282 290422494 467250684 290422494
468786580 311389869 468786580 339368413
468786580 339368413 484606620 339368413
468786580 339368413 468786580 364420939
468786580 364420939 468786580 366850712
468786580 364420939 480656528 364420939
480656528 364420939 502835537 367684091
502835537 367684091 507405823 370329624
507405823 370329624 508793644 370329624
507405823 370329624 507405823 383380097
508793644 370329624 532418684 373096967
484606620 339368413 512110711 341197100
512110711 341197100 527720294 347120904
527720294 347120904 528188268 347120904
527720294 347120904 527720294 364133717
468786580 311389869 500698492 311389869
500698492 311389869 500698492 316743727
500698492 311389869 513172839 311389869
427803364 264037013 470833315 264037013
470833315 264037013 488088223 281235853
488088223 281235853 488088223 283167494
488088223 281235853 497717976 281235853
497717976 281235853 497717976 284603676
497717976 281235853 526042507 281235853
526042507 281235853 558254261 288683564
558254261 288683564 562416605 288683564
558254261 288683564 558254261 301129265
355963521 259576519 370973830 295013852
532418684 373096967 565649386 391747765
565649386 391747765 568198919 394592701
568198919 394592701 568198919 395785962
568198919 395785962 568198919 399182592
568198919 394592701 603853938 394592701
603853938 394592701 625989000 394592701
625989000 394592701 625989000 395785962
625989000 394592701 644326240 394592701
597315868 270508220 644204990 277645325
644204990 277645325 651029395 280220319
651029395 280220319 660538785 280220319
660538785 280220319 683853141 295260920
651029395 280220319 651029395 326333472
651029395 326333472 674885179 330843455
674885179 330843455 682697183 330843455
674885179 330843455 674885179 378070034
674885179 378070034 708755529 388441550
708755529 388441550 712317487 388441550
712317487 388441550 713162344 399563563
713162344 399563563 722347851 399563563
722347851 399563563 732358265 411499970
732358265 411499970 732358265 423975139
732358265 423975139 732358265 424155470
732358265 423975139 735512877 423975139
732358265 411499970 751387347 411499970
713162344 399563563 713162344 444791648
713162344 444791648 719522935 452322652
719522935 452322652 721663552 461254618
721663552 461254618 721663552 464171604
721663552 461254618 726190311 461254618
726190311 461254618 750679804 471467914
750679804 471467914 750679804 504092400
750679804 471467914 792411713 471467914
792411713 471467914 793490403 471719306
793490403 471719306 826654858 471719306
826654858 471719306 833415129 471719306
826654858 471719306 826654858 504869959
826654858 504869959 830957631 517067762
830957631 517067762 830957631 519426876
830957631 519426876 833094527 519426876
830957631 517067762 839377310 517067762
830957631 519426876 830957631 531927927
830957631 531927927 836619621 554028201
836619621 554028201 837302429 558143852
837302429 558143852 848594854 558143852
837302429 558143852 837302429 577195383
837302429 577195383 841505113 585407017
841505113 585407017 858470710 585407017
858470710 585407017 858470710 589776115
858470710 585407017 864653082 585407017
858470710 589776115 862134035 598801726
862134035 598801726 863535800 598801726
863535800 598801726 866041803 598801726
863535800 598801726 863535800 608600706
864653082 585407017 882123889 588308734
848594854 558143852 872567075 560036628
863535800 608600706 890448335 611509088
890448335 611509088 890448335 622003627
890448335 611509088 906807955 611509088
906807955 611509088 914438017 629671371
914438017 629671371 914438017 630000418
914438017 630000418 930166567 636581520
914438017 629671371 944118071 629671371
862134035 598801726 862134035 634779444
862134035 634779444 881319864 648267646
881319864 648267646 881319864 649300576
881319864 649300576 883080713 659592271
881319864 648267646 901092144 648267646
841505113 585407017 841505113 622574017
793490403 471719306 793490403 514238853
793490403 514238853 802647651 550977962
683853141 295260920 733882397 295665355
733882397 295665355 757034061 307216141
757034061 307216141 757034061 313199029
757034061 313199029 775758575 316036014
775758575 316036014 797539984 339651428
797539984 339651428 797539984 354990238
797539984 339651428 819906187 339651428
797539984 354990238 812415654 369696402
812415654 369696402 816153510 369696402
812415654 369696402 812415654 375069064
812415654 375069064 814344609 383326427
814344609 383326427 815883548 385342308
815883548 385342308 844901691 386993302
819906187 339651428 852697523 347638912
852697523 347638912 861719736 347638912
861719736 347638912 864819817 356055878
852697523 347638912 852697523 359201671
864819817 356055878 899650008 360313249
899650008 360313249 922646503 362831317
922646503 362831317 926138313 390389621
926138313 390389621 926138313 398723834
926138313 398723834 926866946 398723834
926866946 398723834 945650429 402057979
945650429 402057979 957854472 402057979
957854472 402057979 958430593 403558293
926138313 390389621 955896708 390389621
958430593 403558293 988619826 403558293
945650429 402057979 945650429 443977604
945650429 443977604 953463747 447040701
953463747 447040701 958430593 447040701
958430593 447040701 963091071 447344005
953463747 447040701 953463747 486085388
953463747 486085388 964096339 504271736
844901691 386993302 860651216 414606846
860651216 414606846 861287684 453919951
861287684 453919951 882409562 469431540
882409562 469431540 882409562 491053826
882409562 491053826 894649281 507371530
894649281 507371530 900110907 516685576
900110907 516685576 900110907 541177614
900110907 516685576 924714751 516685576
924714751 516685576 929892233 516685576
924714751 516685576 924714751 525498819
929892233 516685576 941345686 524350744
941345686 524350744 943787043 533015969
943787043 533015969 943787043 546364817
943787043 546364817 953089742 548190709
953089742 548190709 963115320 548190709
953089742 548190709 953089742 558349171
963115320 548190709 985646779 550482032
953089742 558349171 954555619 590022552
954555619 590022552 975784466 590022552
954555619 590022552 954555619 615052319
882409562 469431540 916124339 469431540
985646779 550482032 996493848 580209716
900110907 541177614 923542222 560707429
943787043 533015969 987965554 533015969
987965554 533015969 998534392 545678180
926138313 398723834 926138313 446322871
682697183 330843455 717721413 348557590
717721413 348557590 731628039 348557590
731628039 348557590 740070054 360296871
740070054 360296871 740184903 360296871
740184903 360296871 754395095 367995151
740070054 360296871 740070054 385413334
717721413 348557590 717721413 374648646
717721413 374648646 717723165 374648646
717721413 374648646 717721413 374899514
757034061 307216141 809777123 307216141
883080713 659592271 890353536 705276675
890353536 705276675 901109805 709395484
901109805 709395484 938596668 709395484
938596668 709395484 939860926 709395484
939860926 709395484 951733519 710676090
951733519 710676090 973287662 710676090
951733519 710676090 951733519 744308819
938596668 709395484 938596668 749032180
938596668 749032180 950183336 774621627
950183336 774621627 954171993 801730817
954171993 801730817 965541348 824955721
965541348 824955721 985372800 824955721
965541348 824955721 965541348 855096950
965541348 855096950 978837077 855096950
965541348 855096950 965541348 882079731
985372800 824955721 993335719 852805740
965541348 882079731 981005985 913872824
981005985 913872824 986387184 921206990
986387184 921206990 989881486 922121770
708755529 388441550 708755529 442776384
901109805 709395484 901109805 764196722
901109805 764196722 914563442 764196722
914563442 764196722 916080648 774621627
916080648 774621627 916080648 783157069
901109805 764196722 901109805 778812278
916080648 783157069 918053879 800715596
918053879 800715596 920620833 801730817
920620833 801730817 920620833 825485960
920620833 825485960 928817859 827966564
928817859 827966564 931982768 827966564
502046537 439752261 559606681 439752261
559606681 439752261 564146731 439752261
559606681 439752261 559606681 458411094
559606681 458411094 592147788 460916597
592147788 460916597 603853938 460916597
592147788 460916597 592147788 476417312
603853938 460916597 618707443 465025831
618707443 465025831 618707443 467715155
618707443 467715155 655114867 477533161
655114867 477533161 655114867 494407480
655114867 494407480 655207836 494407480
655114867 494407480 655114867 502966296
655114867 477533161 684613596 477533161
655114867 502966296 678317134 510754757
684613596 477533161 690541944 505465124
690541944 505465124 717485782 519381722
717485782 519381722 724940158 523283935
724940158 523283935 745463400 546805978
745463400 546805978 747500483 550977962
747500483 550977962 765083992 550977962
765083992 550977962 765083992 567242903
747500483 550977962 747500483 598244103
747500483 598244103 760263947 620756675
760263947 620756675 760263947 655608668
760263947 620756675 799545880 620756675
799545880 620756675 802930627 622574017
802930627 622574017 802930627 630082518
760263947 655608668 794274465 670842236
794274465 670842236 794274465 686350297
794274465 686350297 794274465 687002745
794274465 686350297 802578510 686350297
794274465 687002745 800180371 693548426
794274465 670842236 811775842 670842236
427803364 264364387 467250684 283167494
928817859 827966564 928817859 888355680
928817859 888355680 932172734 918896973
932172734 918896973 937962320 921206990
937962320 921206990 962450866 921206990
962450866 921206990 962450866 929513215
962450866 929513215 966803561 935994445
966803561 935994445 966803561 936233992
966803561 935994445 970039385 935994445
937962320 921206990 937962320 952126167
937962320 952126167 955447483 970603163
955447483 970603163 964278048 972483041
964278048 972483041 975044267 972483041
964278048 972483041 964278048 987514836
493794358 230900639 532955501 252217869
574326066 640413879 586578428 688800071
586578428 688800071 594366817 710774729
594366817 710774729 601711465 710774729
601711465 710774729 601711465 716209249
601711465 710774729 607468781 710774729
607468781 710774729 614094536 713785728
594366817 710774729 594366817 726569123
594366817 726569123 598475590 726569123
614094536 713785728 628118739 716624548
628118739 716624548 651601493 716624548
651601493 716624548 651601493 734376681
651601493 734376681 651601493 735244408
651601493 734376681 664080292 734376681
594366817 726569123 594366817 750054871
651601493 716624548 683024024 716624548
628118739 716624548 628118739 748831565
628118739 748831565 637479825 748831565
637479825 748831565 639883637 754975687
628118739 748831565 628118739 765026630
628118739 765026630 633768406 767986379
633768406 767986379 645608128 767986379
645608128 767986379 648856272 770068762
648856272 770068762 665847662 770068762
665847662 770068762 671965376 770068762
665847662 770068762 665847662 787531444
671965376 770068762 678066723 783774749
678066723 783774749 684380310 787492684
684380310 787492684 684380310 797161715
684380310 787492684 704962269 787492684
704962269 787492684 707681359 802574521
707681359 802574521 715694389 804183738
715694389 804183738 716824073 807967911
648856272 770068762 648856272 796319900
648856272 796319900 649567396 812147802
649567396 812147802 653844195 812713074
653844195 812713074 667874905 812713074
667874905 812713074 668660928 812713074
667874905 812713074 667874905 814598734
716824073 807967911 730139663 820990750
653844195 812713074 653844195 843350620
653844195 843350620 676467073 850325430
676467073 850325430 687705464 856679661
687705464 856679661 699350586 856679661
699350586 856679661 707974593 861197101
707974593 861197101 718175240 868800605
687705464 856679661 687705464 882829094
718175240 868800605 718871047 906373072
730139663 820990750 745720364 844227471
745720364 844227471 745720364 855388245
745720364 855388245 755948050 855726796
745720364 844227471 758897897 844227471
758897897 844227471 771759028 854696751
771759028 854696751 804511592 856360065
804511592 856360065 828028716 856360065
828028716 856360065 831322090 860226229
831322090 860226229 843077306 860226229
843077306 860226229 843077306 867955128
831322090 860226229 831322090 878466550
831322090 878466550 832873854 878466550
843077306 867955128 859706230 869707324
831322090 878466550 831322090 907247722
832873854 878466550 858135938 888854215
858135938 888854215 858528971 888854215
858135938 888854215 858135938 891045597
633768406 767986379 633768406 807951637
633768406 807951637 637348791 843420274
858135938 891045597 877788772 911842550
877788772 911842550 877788772 933067504
877788772 933067504 878659701 954496859
878659701 954496859 909476648 954496859
909476648 954496859 917651579 956104166
917651579 956104166 921772544 956104166
917651579 956104166 917651579 973345635
917651579 973345635 918830273 977354495
918830273 977354495 918830273 978409754
918830273 977354495 920574588 977354495
877788772 911842550 909453377 911842550
909453377 911842550 923539110 911842550
909453377 911842550 909453377 931517562
878659701 954496859 878659701 989275524
804511592 856360065 804511592 901087064
683024024 716624548 727659594 729364285
727659594 729364285 731372056 731100980
731372056 731100980 736357084 731100980
736357084 731100980 738603246 731330436
738603246 731330436 752810361 735092038
752810361 735092038 764379790 735092038
752810361 735092038 752810361 752293784
752810361 752293784 763340425 763081501
731372056 731100980 731372056 755271270
764379790 735092038 785290520 740618331
785290520 740618331 786472557 740618331
785290520 740618331 785290520 761602742
785290520 761602742 792564164 764197178
792564164 764197178 792564164 768493231
792564164 768493231 797825148 773554974
797825148 773554974 797825148 774116689
792564164 764197178 819181597 764197178
819181597 764197178 827333668 773554974
827333668 773554974 833474583 773554974
827333668 773554974 827333668 788356310
827333668 788356310 841730479 788580301
841730479 788580301 854310277 788580301
841730479 788580301 841730479 814028778
854310277 788580301 865689383 804111477
763340425 763081501 767443254 792753998
767443254 792753998 767443254 799668233
767443254 792753998 783767510 792753998
831322090 907247722 844878438 952458621
687705464 882829094 699504048 930800582
699504048 930800582 705332437 960443685
705332437 960443685 709068263 960443685
709068263 960443685 709068263 967938374
709068263 967938374 711161911 968047907
711161911 968047907 711161911 972835918
705332437 960443685 705332437 984749931
705332437 984749931 705582247 984749931
705332437 984749931 705332437 999499413
709068263 960443685 748534383 960443685
748534383 960443685 769926569 968047907
769926569 968047907 793468862 979934952
793468862 979934952 793468862 994841393
793468862 994841393 818841444 997958141
793468862 979934952 821976806 979934952
705582247 984749931 746837042 992098611
746837042 992098611 747769034 992098611
746837042 992098611 746837042 993480115
576302329 283795011 587153490 336808542
587153490 336808542 597670629 390094992
637348791 843420274 644873684 900503178
644873684 900503178 670791587 903170726
809777123 307216141 871281683 311276266
871281683 311276266 876109854 316076016
876109854 316076016 876777168 320481468
876777168 320481468 876777168 328469642
876777168 320481468 887377700 320481468
887377700 320481468 890016463 321208282
890016463 321208282 890016463 325770787
890016463 321208282 934871634 321208282
934871634 321208282 938630271 329660858
938630271 329660858 938630271 342543987
938630271 342543987 949269140 342543987
938630271 342543987 938630271 355530298
938630271 329660858 962067322 329660858
962067322 329660858 964794751 339663798
964794751 339663798 992367317 365021664
197763329 104545824 231483707 136815364
231483707 136815364 232227916 136815364
231483707 136815364 231483707 139767661
231483707 139767661 240810124 156910718
240810124 156910718 269488123 162302961
269488123 162302961 294336555 166533946
294336555 166533946 298287555 166533946
298287555 166533946 298287555 171194076
294336555 166533946 294336555 213365970
498052931 413099394 564463947 413099394
800180371 693548426 849143827 711166125
849143827 711166125 854279623 711166125
849143827 711166125 849143827 719503343
849143827 719503343 856775908 753933255
413099278 144064353 480018493 144064353
419053948 149972284 419053948 217042856
57764267 41624695 61348285 105807746
61348285 105807746 76905502 108525510
76905502 108525510 84591596 108525510
76905502 108525510 76905502 158055117
76905502 158055117 82806746 167974903
82806746 167974903 82806746 180943279
82806746 180943279 91924407 180943279
82806746 167974903 105071757 167974903
82806746 180943279 82806746 216497306
82806746 216497306 106611614 226850668
106611614 226850668 142492217 236307843
142492217 236307843 152597906 247803612
152597906 247803612 153989964 247803612
152597906 247803612 152597906 271459813
152597906 271459813 158349023 283127072
158349023 283127072 160670594 283127072
153989964 247803612 160670594 266771892
158349023 283127072 158349023 327932730
158349023 327932730 171226588 340860649
171226588 340860649 171226588 354300256
171226588 340860649 198402920 340860649
198402920 340860649 199908700 340860649
199908700 340860649 199908700 345086548
198402920 340860649 198402920 347242130
199908700 340860649 208883699 340860649
0 18533690 0 87703778
0 87703778 0 91064979
0 91064979 5268516 91064979
0 87703778 22025860 87703778
0 91064979 0 136604536
0 136604536 0 141408505
0 136604536 21028600 136604536
21028600 136604536 37734738 141408505
0 141408505 0 168712521
0 168712521 0 170963510
0 170963510 0 171916358
0 171916358 0 172492383
0 171916358 5806835 171916358
0 170963510 10015924 170963510
0 168712521 10173134 168712521
10015924 170963510 42813590 172492383
37734738 141408505 55524632 161209140
0 172492383 0 221789214
0 221789214 0 229600215
0 229600215 0 230311454
0 221789214 10092020 221789214
0 230311454 0 242195923
0 242195923 19560719 242195923
10092020 221789214 31571607 229600215
31571607 229600215 31571607 230311454
31571607 229600215 42966443 229600215
42966443 229600215 61278949 230571500
61278949 230571500 67142891 248516706
67142891 248516706 67716556 249329233
67716556 249329233 79495581 249329233
67716556 249329233 67716556 287135206
67716556 287135206 73116919 287135206
73116919 287135206 75026812 287135206
73116919 287135206 73116919 289334563
73116919 289334563 74210267 312163553
74210267 312163553 82534692 314014669
82534692 314014669 83978439 336572399
83978439 336572399 99070835 336572399
99070835 336572399 109950186 342271683
109950186 342271683 109950186 365618820
109950186 365618820 126728042 365618820
126728042 365618820 127484914 365618820
126728042 365618820 126728042 372906107
109950186 365618820 109950186 385827134
109950186 385827134 110701220 394152636
110701220 394152636 110720300 404086404
110720300 404086404 110720300 416302767
110720300 416302767 110720300 423266817
110720300 416302767 120200392 416302767
120200392 416302767 134350260 416485282
134350260 416485282 134350260 419417625
134350260 416485282 161788552 416485282
67716556 287135206 67716556 318883499
83978439 336572399 83978439 378957281
161788552 416485282 171737699 453110517
109950186 342271683 156898135 342271683
110720300 404086404 160998452 404086404
171737699 453110517 198514663 477390151
198514663 477390151 214270942 504429860
214270942 504429860 226980810 513649082
226980810 513649082 226980810 536877901
226980810 536877901 241906536 546856488
241906536 546856488 251575560 546856488
241906536 546856488 241906536 574762381
241906536 574762381 245889454 577205319
245889454 577205319 245889454 601124603
245889454 601124603 246399319 601124603
245889454 601124603 245889454 612290734
246399319 601124603 255582287 603857961
160998452 404086404 201319561 415096400
226980810 513649082 278808282 513649082
278808282 513649082 278943587 516215337
278943587 516215337 281245512 516326942
281245512 516326942 281245512 522327291
281245512 516326942 290738031 516326942
290738031 516326942 321999763 536705245
321999763 536705245 323468204 538005645
323468204 538005645 323468204 548938622
323468204 538005645 340479067 538005645
340479067 538005645 367664922 542568455
367664922 542568455 379082558 542568455
379082558 542568455 381379362 542568455
381379362 542568455 395398686 552010270
379082558 542568455 379082558 571636461
367664922 542568455 367664922 575194283
367664922 575194283 368072624 575969787
110720300 423266817 114918566 477151502
114918566 477151502 115833566 481631576
115833566 481631576 155134512 481631576
155134512 481631576 158091524 520248852
158091524 520248852 158877168 530110051
158877168 530110051 165007105 544252673
165007105 544252673 167238104 559852718
167238104 559852718 167238104 573430526
167238104 573430526 171368102 573430526
167238104 559852718 203894913 559852718
167238104 573430526 167238104 611034475
167238104 611034475 208724407 614987404
208724407 614987404 215139064 614987404
215139064 614987404 215139064 627171546
215139064 614987404 234557845 614987404
234557845 614987404 237231271 624330226
237231271 624330226 238166864 641853377
238166864 641853377 238166864 659582116
238166864 659582116 238252478 666770844
238252478 666770844 238252478 672637739
238252478 672637739 239614429 672637739
239614429 672637739 247176010 689976302
247176010 689976302 247176010 708060197
247176010 689976302 271187566 689976302
247176010 708060197 263136598 740186775
263136598 740186775 270088717 750606192
270088717 750606192 276807145 750606192
270088717 750606192 270088717 768131746
270088717 768131746 272608968 768131746
270088717 768131746 270088717 772221484
276807145 750606192 287567862 767813436
287567862 767813436 305590651 796452380
305590651 796452380 305590651 808708542
305590651 808708542 305590651 825147027
305590651 808708542 322370733 808708542
322370733 808708542 323196956 815038434
323196956 815038434 332810987 830958348
332810987 830958348 332810987 836266359
332810987 836266359 332810987 840997209
332810987 840997209 334221534 840997209
332810987 836266359 340370648 836266359
332810987 840997209 332810987 849639147
332810987 830958348 357334219 830958348
357334219 830958348 365974393 841036345
365974393 841036345 365974393 849572698
365974393 841036345 379162477 841036345
379162477 841036345 396404637 849607542
396404637 849607542 407765584 849607542
407765584 849607542 407770722 863627682
407770722 863627682 407770722 876268613
407770722 876268613 408599869 882871441
408599869 882871441 425140361 882871441
407770722 863627682 425451415 863627682
305590651 796452380 333479029 796452380
333479029 796452380 338021685 796452380
333479029 796452380 333479029 804761361
396404637 849607542 396404637 887009665
305590651 825147027 319612032 855716453
319612032 855716453 329489912 881375922
333479029 804761361 364983581 819451092
364983581 819451092 365974393 822563889
365974393 822563889 401299266 822563889
401299266 822563889 431981161 836832392
208724407 614987404 208724407 664508313
171368102 573430526 190431687 606022847
271187566 689976302 289985912 723981276
289985912 723981276 293964155 723981276
293964155 723981276 297053716 723981276
297053716 723981276 297053716 726320477
293964155 723981276 293964155 727354182
297053716 723981276 301839341 723981276
289985912 723981276 289985912 737887838
301839341 723981276 346658893 733886364
346658893 733886364 364140513 747920632
364140513 747920632 364140513 776938741
364140513 747920632 396672107 747920632
396672107 747920632 403868057 767243989
403868057 767243989 412787672 812447366
365974393 849572698 375495353 898532375
134350260 419417625 152314925 461535246
425140361 882871441 458263968 910760492
458263968 910760492 460539847 925827428
460539847 925827428 468032194 928965529
468032194 928965529 476782181 928965529
468032194 928965529 468032194 958848376
468032194 958848376 471308948 960411069
471308948 960411069 471308948 973571400
471308948 973571400 481806527 989272941
481806527 989272941 482925917 990215677
482925917 990215677 482925917 994263806
482925917 990215677 493211184 990215677
471308948 960411069 509364969 960411069
509364969 960411069 547190549 960579119
547190549 960579119 547729519 960579119
547190549 960579119 547190549 970105414
547190549 970105414 570550693 972608089
570550693 972608089 570550693 988943220
570550693 988943220 582068095 993491001
570550693 972608089 591729968 972608089
591729968 972608089 591729968 977394661
591729968 972608089 600972004 972608089
600972004 972608089 620358143 982512058
620358143 982512058 622639593 982512058
620358143 982512058 620358143 987092904
622639593 982512058 627638578 983935763
627638578 983935763 627638578 998827349
627638578 983935763 649556393 983935763
649556393 983935763 649556393 991424962
649556393 983935763 673587546 983935763
493211184 990215677 538026950 997943585
425451415 863627682 476492992 874145491
476492992 874145491 484152966 886819527
238252478 672637739 238252478 734777106
238252478 734777106 251918240 767839766
22025860 87703778 57304378 117425897
201319561 415096400 261107854 420579642
261107854 420579642 264235623 432975605
264235623 432975605 266090031 432975605
264235623 432975605 264235623 435823937
264235623 435823937 289703810 444943649
289703810 444943649 298376654 444943649
298376654 444943649 301749308 446292638
301749308 446292638 327786121 446292638
327786121 446292638 340997435 452149590
340997435 452149590 342397902 452149590
340997435 452149590 340997435 467384348
301749308 446292638 301749308 477833611
301749308 477833611 312482809 487509543
312482809 487509543 312482809 499271955
312482809 499271955 321999763 500637749
321999763 500637749 322896974 500637749
312482809 487509543 328452142 487509543
340997435 467384348 373826192 472568459
373826192 472568459 397584866 484106835
322896974 500637749 352085136 510173018
289703810 444943649 289703810 486724838
342397902 452149590 380798385 457056985
266090031 432975605 321123978 433179713
321123978 433179713 349991265 440305125
349991265 440305125 358618818 440720014
484152966 886819527 517965228 920483856
517965228 920483856 538971306 927042656
538971306 927042656 538971306 927120392
538971306 927042656 539065268 927042656
539065268 927042656 560464321 943219997
560464321 943219997 560464321 949607533
560464321 943219997 573680247 943219997
573680247 943219997 601864145 965037460
930166567 636581520 939316021 696666484
939316021 696666484 953298989 705432443
417267901 591695309 425961388 652793039
425961388 652793039 427782258 665060360
427782258 665060360 427782258 677663586
427782258 665060360 463968174 665060360
463968174 665060360 465441371 687270334
465441371 687270334 465441371 700884988
465441371 700884988 465441371 705785129
465441371 700884988 475439560 700884988
465441371 705785129 469414748 719579086
469414748 719579086 471273237 719579086
471273237 719579086 477942720 719990469
477942720 719990469 479726192 719990469
477942720 719990469 477942720 741732819
477942720 741732819 488528694 745082394
488528694 745082394 494776720 745082394
488528694 745082394 488528694 755193350
427782258 677663586 448631208 695851474
479726192 719990469 512847169 731826799
465441371 687270334 512512724 687270334
512512724 687270334 519573394 706027844
519573394 706027844 519573394 706654107
519573394 706654107 521281083 706654107
519573394 706654107 519573394 710736717
519573394 710736717 535970269 717022193
535970269 717022193 535970269 724090064
535970269 717022193 557487234 717022193
519573394 706027844 555684439 706027844
557487234 717022193 560166861 754079675
560166861 754079675 572173054 774215996
572173054 774215996 585379243 774215996
585379243 774215996 591582783 789919778
591582783 789919778 592070389 789919778
591582783 789919778 591582783 801894233
572173054 774215996 572173054 815983840
572173054 815983840 580276948 823387263
580276948 823387263 583398628 828252122
583398628 828252122 591160698 851803041
591160698 851803041 607040740 851803041
591160698 851803041 591160698 872731671
591160698 872731671 601760352 874701329
607040740 851803041 627172846 861181372
627172846 861181372 627802974 861181372
627172846 861181372 627172846 869671021
627172846 869671021 631187426 908530692
512847169 731826799 524574181 768689441
601760352 874701329 614181194 913600254
524574181 768689441 528909937 817839309
528909937 817839309 528909937 829493324
528909937 817839309 553035182 817839309
553035182 817839309 560229245 864375673
560229245 864375673 560229245 865152622
560229245 864375673 563283536 864375673
563283536 864375673 579825260 872731671
579825260 872731671 579825260 913376723
631187426 908530692 644369291 953305244
644369291 953305244 662514434 957440171
662514434 957440171 662514434 960258993
662514434 957440171 667017429 957440171
469414748 719579086 469414748 784414508
469414748 784414508 476455709 833546273
476455709 833546273 476455709 833618598
476455709 833546273 504764709 833546273
626612953 533915395 642975807 587825931
642975807 587825931 679854457 595801535
679854457 595801535 682665493 598244103
682665493 598244103 694819514 598244103
694819514 598244103 694819514 604930994
694819514 604930994 718699845 640040216
718699845 640040216 718856733 640040216
718856733 640040216 719671499 655608668
719671499 655608668 719671499 665716755
719671499 665716755 729159884 672925088
729159884 672925088 740366948 672925088
729159884 672925088 729159884 687729759
729159884 687729759 736357084 695699769
718699845 640040216 718699845 659989009
736357084 695699769 757026345 695699769
462706851 564708261 474537362 623177815
474537362 623177815 474537362 628795500
474537362 623177815 485131693 623177815
474537362 628795500 483859279 630214687
485131693 623177815 497268550 626132168
843077306 860226229 913961520 860226229
606267706 226637753 661372636 242665196
661372636 242665196 661372636 254185618
661372636 254185618 688143520 261168155
661372636 242665196 698881716 242665196
698881716 242665196 725670677 260203040
725670677 260203040 731817161 262709379
731817161 262709379 731817161 275594334
731817161 275594334 740919608 281552456
731817161 262709379 760143214 262709379
760143214 262709379 760143214 262759198
760143214 262709379 772185668 262709379
772185668 262709379 809720815 282328717
682665493 598244103 682665493 669547605
682665493 669547605 688895293 698105851
688895293 698105851 688895293 698274886
688895293 698105851 702116058 698105851
238252478 666770844 310293109 666770844
310293109 666770844 310293109 670345963
310293109 666770844 317532747 666770844
317532747 666770844 317798933 668646858
245889454 577205319 318190817 577205319
370973830 295013852 415203174 324593494
415203174 324593494 419348289 329013529
115833566 481631576 115833566 555704995
115833566 555704995 120361341 567187603
120361341 567187603 128285128 585762972
128285128 585762972 137951641 599505163
137951641 599505163 146019565 610584511
146019565 610584511 149502713 610584511
149502713 610584511 151865281 612242679
146019565 610584511 146019565 637543146
146019565 637543146 151001679 638281804
151001679 638281804 154013201 638281804
154013201 638281804 159658850 672831522
159658850 672831522 160789378 672831522
159658850 672831522 159658850 684336511
159658850 684336511 200024512 698052635
200024512 698052635 205513678 716094333
205513678 716094333 224577415 742643243
151001679 638281804 151001679 706134592
151001679 706134592 194176080 728502992
194176080 728502992 209950524 781539441
209950524 781539441 212062038 785090790
212062038 785090790 217036989 785090790
212062038 785090790 212062038 808654299
212062038 808654299 219139489 815275225
219139489 815275225 220559669 815275225
220559669 815275225 232241089 831201528
232241089 831201528 232241089 831326828
232241089 831201528 234815107 831201528
234815107 831201528 247105871 833830286
247105871 833830286 269621444 852915496
219139489 815275225 219139489 857469771
219139489 857469771 230510847 882790660
230510847 882790660 244949063 882790660
230510847 882790660 230510847 902929665
230510847 902929665 235146866 902929665
235146866 902929665 235146866 907311308
235146866 902929665 244095034 902929665
230510847 902929665 230510847 918619588
269621444 852915496 284564523 882016030
244095034 902929665 280512111 910617448
280512111 910617448 288478194 940367935
288478194 940367935 288478194 960820902
288478194 960820902 288478194 964715206
288478194 960820902 299914432 960820902
288478194 940367935 317767569 940367935
317767569 940367935 321084412 944322895
299914432 960820902 313570997 982644314
313570997 982644314 322040126 987092323
322040126 987092323 322040126 992243224
322040126 987092323 387999759 987092323
387999759 987092323 443801763 990754172
322040126 992243224 380835723 999541041
230510847 918619588 256103540 960780901
783767510 792753998 811025525 840662597
408599869 882871441 408599869 958440934
408599869 958440934 413928926 965040571
322417481 69032916 398184734 69032916
398184734 69032916 412998963 69032916
398184734 69032916 398184734 90503204
412998963 69032916 444261715 88062539
444261715 88062539 452963842 88062539
452963842 88062539 452963842 94633588
452963842 88062539 465072722 88062539
465072722 88062539 472080070 88093349
472080070 88093349 482899240 88093349
482899240 88093349 483079539 88093349
483079539 88093349 484862341 92953991
484862341 92953991 484862341 100043386
482899240 88093349 482899240 101326035
472080070 88093349 472080070 104538958
444261715 88062539 444261715 107507302
484862341 100043386 501125662 129581850
318190817 577205319 322776650 649493816
322776650 649493816 331648846 659906916
331648846 659906916 362203800 706769681
362203800 706769681 402161049 713967606
402161049 713967606 418319310 724701143
418319310 724701143 418319310 726806736
418319310 724701143 425882954 724701143
368072624 575969787 374821095 646666662
374821095 646666662 396372022 679553384
396372022 679553384 408597106 679553384
396372022 679553384 396372022 700640719
238166864 641853377 316210347 641853377
316210347 641853377 317532747 649493816
751387347 411499970 800912771 440289709
800912771 440289709 804640089 441327285
160670594 283127072 199230617 323108894
199230617 323108894 221810052 340672215
221810052 340672215 234142661 397019906
309236366 350049626 338268017 401073129
294336555 213365970 370307825 217747656
396404637 887009665 397376360 968215586
397376360 968215586 407204329 968215586
397376360 968215586 397376360 981244200
944118071 629671371 978514513 677702660
618707443 465025831 701139683 465025831
1495260 18533690 52358559 54436241
52358559 54436241 53387557 82497828
809720815 282328717 891939830 286954624
891939830 286954624 891939830 303778689
891939830 286954624 922499343 286954624
922499343 286954624 953498666 301759759
484862341 92953991 573523607 92953991
573523607 92953991 587976311 92953991
573523607 92953991 573523607 119271704
587976311 92953991 604890507 110390571
604890507 110390571 604890507 115920380
604890507 110390571 624335829 110390571
624335829 110390571 627125847 110390571
624335829 110390571 624335829 114324918
624335829 114324918 631768293 127412448
631768293 127412448 638009354 127412448
638009354 127412448 638009354 127458985
631768293 127412448 631768293 150025799
638009354 127412448 668200587 127412448
668200587 127412448 672841580 134565395
672841580 134565395 674766521 140748877
573523607 119271704 589720744 146087223
674766521 140748877 728976849 140748877
728976849 140748877 737417203 144153837
737417203 144153837 754536568 144153837
754536568 144153837 764602048 161956382
737417203 144153837 737417203 196491726
737417203 196491726 745405188 201099840
745405188 201099840 747412842 204252974
747412842 204252974 747412842 209559037
747412842 209559037 758827770 222886078
758827770 222886078 764369915 222886078
758827770 222886078 758827770 241575573
758827770 241575573 762749985 244242642
674766521 140748877 674766521 200255799
674766521 200255799 707687715 209559037
707687715 209559037 707687715 223582291
707687715 223582291 707687715 229471349
707687715 223582291 726505655 223582291
762749985 244242642 836478938 244696615
836478938 244696615 836478938 248348897
836478938 244696615 862067545 244696615
862067545 244696615 883042537 247179261
883042537 247179261 891342221 277703318
764602048 161956382 837640712 165296296
837640712 165296296 859011353 165296296
859011353 165296296 884746329 170169571
884746329 170169571 884746329 174044853
884746329 174044853 884746329 185994863
884746329 185994863 884746329 186358184
884746329 185994863 892594671 185994863
892594671 185994863 909754060 189234070
884746329 174044853 906725474 174044853
909754060 189234070 925640739 199319718
925640739 199319718 933062024 199319718
933062024 199319718 933783541 206200163
933783541 206200163 933783541 223149486
933783541 206200163 953126962 206200163
953126962 206200163 953126962 215977798
953126962 206200163 978407893 206200163
978407893 206200163 986238688 207360893
986238688 207360893 994662035 207360893
906725474 174044853 937675199 174428440
925640739 199319718 925640739 232593552
925640739 232593552 928766653 238984483
837640712 165296296 837640712 199477903
937675199 174428440 970443544 176641073
970443544 176641073 996697684 196737648
837640712 199477903 866609263 222365931
866609263 222365931 866732121 222365931
866609263 222365931 866609263 222622125
986238688 207360893 986238688 260109175
986238688 260109175 992371707 260109175
986238688 260109175 986238688 274524915
884746329 170169571 945828307 170169571
747412842 204252974 826728796 204252974
234142661 397019906 256064008 471251105
84591596 108525510 142901867 148913284
142901867 148913284 159204004 213525599
159204004 213525599 174858679 217360143
174858679 217360143 182009473 220039169
0 242195923 0 350797515
0 350797515 24113834 350797515
0 350797515 0 392968281
0 392968281 0 403236989
0 403236989 0 417456771
0 417456771 30047986 417456771
0 417456771 0 456365627
0 456365627 817671 456365627
0 456365627 0 493342990
0 493342990 37240343 493342990
37240343 493342990 61537926 504131090
0 493342990 0 530987476
0 530987476 18512923 530987476
0 403236989 39868475 403236989
0 530987476 0 572757473
0 572757473 16174491 572757473
0 572757473 0 614374474
0 614374474 0 616458999
0 614374474 19332477 614374474
19332477 614374474 49236025 616458999
49236025 616458999 87156831 619381578
87156831 619381578 87156831 621435219
87156831 619381578 94959340 619381578
87156831 621435219 94751673 633824219
94751673 633824219 98049888 646537988
98049888 646537988 105037849 655393198
105037849 655393198 113540750 655393198
105037849 655393198 105037849 668042263
0 392968281 48562722 392968281
105037849 668042263 129209982 701010315
30047986 417456771 66787454 438433156
66787454 438433156 72084829 444593751
72084829 444593751 90049968 469211508
90049968 469211508 95261561 469211508
90049968 469211508 90049968 485278984
95261561 469211508 105089275 475510836
0 616458999 0 674453671
0 674453671 40502451 674453671
40502451 674453671 58928168 681253847
58928168 681253847 58928168 696404136
58928168 681253847 84539348 681253847
84539348 681253847 101356244 710698498
101356244 710698498 109243582 733083128
109243582 733083128 110665712 733083128
110665712 733083128 113031907 740018954
113031907 740018954 127804100 740018954
113031907 740018954 113031907 764210301
109243582 733083128 109243582 760656421
113031907 764210301 136364189 786530258
136364189 786530258 145413321 786530258
145413321 786530258 145413321 791162719
136364189 786530258 136364189 795585160
136364189 795585160 137462377 795585160
136364189 795585160 136364189 808380540
136364189 808380540 144046494 811426862
144046494 811426862 144046494 824621970
144046494 824621970 146716151 835959942
144046494 811426862 188631254 811426862
188631254 811426862 188631254 820936522
188631254 811426862 201508716 811426862
145413321 786530258 193840866 786530258
201508716 811426862 201551747 862123860
0 674453671 0 730147328
0 730147328 0 736603254
0 736603254 0 752153595
0 752153595 0 759380670
0 730147328 16973969 730147328
16973969 730147328 18453855 736603254
0 759380670 0 777082114
0 777082114 27527279 777082114
0 777082114 0 809065288
0 809065288 0 813749321
0 809065288 5553424 809065288
0 813749321 0 826574909
0 826574909 0 829820149
0 829820149 0 838440662
0 838440662 4484336 838440662
0 838440662 0 849242788
0 849242788 0 851453333
0 851453333 0 855575518
0 855575518 0 861011604
0 861011604 0 865224446
0 865224446 5381854 865224446
5553424 809065288 19885072 809155854
19885072 809155854 19885072 813749321
0 861011604 16018770 861011604
0 851453333 26761227 851453333
26761227 851453333 40257623 855575518
0 865224446 0 892228414
0 892228414 695809 892228414
0 892228414 0 908975203
0 908975203 0 912215676
0 912215676 0 915510017
0 915510017 0 923553645
0 923553645 0 932421706
0 915510017 9510609 915510017
0 932421706 0 948644821
0 908975203 19912061 908975203
19912061 908975203 23634798 912215676
0 932421706 20069875 932421706
23634798 912215676 34254672 923553645
19885072 813749321 35869204 826574909
35869204 826574909 43849298 829820149
20069875 932421706 20954946 961676940
20954946 961676940 39899960 975702673
39899960 975702673 41269491 975702673
41269491 975702673 41458702 975702673
41269491 975702673 41269491 978155144
39899960 975702673 39899960 986050439
0 849242788 35681997 849242788
0 759380670 41502834 759380670
40257623 855575518 73379427 864796693
73379427 864796693 73379427 870415880
73379427 870415880 73379427 871006807
73379427 871006807 73956209 871006807
73379427 870415880 75410375 870415880
73379427 864796693 86892447 864796693
73379427 871006807 73379427 885330905
75410375 870415880 84455958 877451593
84455958 877451593 107845954 885869224
107845954 885869224 121857480 901817369
121857480 901817369 137075863 901817369
137075863 901817369 149017658 919829181
149017658 919829181 149017658 928330757
149017658 928330757 157910276 930608277
149017658 919829181 181204247 919829181
181204247 919829181 206196667 919996903
206196667 919996903 219539515 944759704
219539515 944759704 226966691 960146059
226966691 960146059 239967462 983395013
239967462 983395013 247012634 983395013
239967462 983395013 239967462 993607372
121857480 901817369 121857480 941126250
19885072 809155854 63506087 809155854
63506087 809155854 84579103 810180914
84579103 810180914 85819016 810180914
84579103 810180914 84579103 812684592
84579103 812684592 106690392 819949607
106690392 819949607 121704409 822542812
121704409 822542812 130476129 822542812
121704409 822542812 121704409 832495727
18453855 736603254 47232946 752153595
121704409 832495727 141997692 860939411
141997692 860939411 186190375 862123860
186190375 862123860 186190375 865103357
186190375 865103357 188115454 865103357
186190375 865103357 186190375 877724017
186190375 877724017 196683097 909869931
121857480 941126250 129581269 986437379
129581269 986437379 148121833 995555433
148121833 995555433 159041307 995779463
157910276 930608277 159041307 985251272
159041307 985251272 164532301 985251272
18512923 530987476 54817369 561148146
54817369 561148146 73222871 562410864
73222871 562410864 86003060 562410864
86003060 562410864 86003060 574060715
86003060 562410864 98295521 562410864
98295521 562410864 109995610 564291982
73222871 562410864 73222871 588545420
109995610 564291982 113080028 594270933
817671 456365627 53125423 481049649
309999054 0 436945397 0
436945397 0 436945397 9971366
436945397 0 471287951 0
471287951 0 490296772 0
490296772 0 490296772 10414267
490296772 0 513153634 0
513153634 0 523471728 0
523471728 0 550364300 0
550364300 0 550364300 19077294
471287951 0 471287951 36927571
550364300 0 590844801 0
590844801 0 591690782 0
590844801 0 590844801 12101150
590844801 12101150 591690782 41012164
591690782 41012164 601431556 56227935
591690782 0 628460985 0
628460985 0 628460985 10983143
471287951 36927571 495938854 55292132
513153634 0 513153634 46626766
513153634 46626766 516225528 48002295
516225528 48002295 523471728 48002295
516225528 48002295 516225528 87592875
523471728 48002295 566231289 59487931
566231289 59487931 591425838 76692339
436945397 9971366 446690400 54744841
601431556 56227935 638508570 74144429
638508570 74144429 685219995 86185574
685219995 86185574 685219995 97318243
685219995 86185574 702083369 86185574
702083369 86185574 735186487 88277688
735186487 88277688 735186487 121055682
735186487 88277688 772081917 88277688
772081917 88277688 775691041 95836116
775691041 95836116 775691041 96485229
775691041 96485229 775691041 104980384
775691041 96485229 788338049 96485229
788338049 96485229 832016502 98471913
832016502 98471913 835867782 98471913
832016502 98471913 832016502 112014727
832016502 112014727 834365366 113416915
834365366 113416915 834365366 133719480
834365366 113416915 859192285 113416915
859192285 113416915 867572788 113416915
835867782 98471913 856279982 109210599
859192285 113416915 859192285 146568881
775691041 95836116 825436853 95836116
825436853 95836116 859883051 95836116
825436853 95836116 825436853 137489647
859883051 95836116 912648446 101408996
912648446 101408996 912648446 109579871
912648446 101408996 929423230 101408996
912648446 109579871 915030060 136837563
915030060 136837563 933271117 138235052
933271117 138235052 940813745 142879163
940813745 142879163 945537098 147326242
945537098 147326242 945537098 152771721
945537098 147326242 965861137 147326242
628460985 0 705890397 0
705890397 0 705890397 26857131
705890397 26857131 707517707 55531476
705890397 0 743728304 0
743728304 0 754994779 0
754994779 0 755983198 0
755983198 0 764008057 0
764008057 0 768402144 0
768402144 0 768402144 8981213
743728304 0 743728304 21975718
743728304 21975718 754994779 46146708
754994779 46146708 754994779 46245206
754994779 46245206 755983198 49214363
754994779 46146708 764008057 46146708
768402144 0 806686023 0
806686023 0 822737880 0
822737880 0 822737880 8837147
806686023 0 806686023 43356056
806686023 43356056 809073055 51536764
809073055 51536764 817510061 56909084
817510061 56909084 817510061 67604264
817510061 67604264 823076893 68237581
823076893 68237581 833639838 68237581
823076893 68237581 823076893 84126982
817510061 56909084 857289890 56909084
857289890 56909084 864155384 57979800
864155384 57979800 876208083 57979800
864155384 57979800 864155384 79708731
864155384 79708731 882693174 85546445
882693174 85546445 882693174 91604866
882693174 85546445 928136340 85546445
822737880 0 872751769 0
872751769 0 872751769 7841411
872751769 0 897342895 0
897342895 0 906495043 0
897342895 0 897342895 18444479
897342895 18444479 906495043 24093209
906495043 0 944740893 0
944740893 0 944740893 37771571
944740893 37771571 950575395 52553797
950575395 52553797 951259118 52553797
950575395 52553797 950575395 83112488
951259118 52553797 969536711 77857380
969536711 77857380 982165279 95872917
982165279 95872917 997101962 97961595
707517707 55531476 741595234 75394555
741595234 75394555 754639156 79975326
754639156 79975326 760462430 117251218
876208083 57979800 930226605 67000033
298509253 60838612 436481534 60838612
