1480
0 0 5311592 0
0 0 0 21293552
0 21293552 5311592 21293552
0 21293552 0 36411780
5311592 0 40059124 0
40059124 0 52087509 0
52087509 0 57819418 0
57819418 0 57819418 20285804
52087509 0 52087509 26392557
57819418 0 88634919 0
88634919 0 106874257 0
106874257 0 112395007 0
112395007 0 120036803 0
120036803 0 137116574 0
137116574 0 137116574 2911660
120036803 0 120036803 25703756
112395007 0 112395007 27083402
137116574 0 168418068 0
168418068 0 169717086 0
168418068 0 168418068 8518281
169717086 0 182609766 0
182609766 0 196763073 0
196763073 0 196763073 15497216
168418068 8518281 169717086 28838385
169717086 28838385 182609766 30469712
120036803 25703756 121268529 58039811
121268529 58039811 130199788 65346337
182609766 30469712 188813718 59934407
188813718 59934407 188813718 76180937
188813718 76180937 198179933 76180937
188813718 76180937 188813718 94055310
198179933 76180937 215266166 91563890
215266166 91563890 224137241 116340639
40059124 0 40059124 36411780
106874257 0 106874257 38566823
0 36411780 0 77042296
0 77042296 0 97454107
0 97454107 0 97605035
0 97454107 17265151 97454107
17265151 97454107 34221953 97605035
0 77042296 24811641 77042296
34221953 97605035 62557846 103258212
188813718 59934407 230336545 59934407
230336545 59934407 269878428 60804797
269878428 60804797 271816313 76389519
271816313 76389519 278158026 76389519
271816313 76389519 271816313 109888483
278158026 76389519 308329448 81853213
271816313 109888483 285113330 137580581
285113330 137580581 299517796 138886129
299517796 138886129 312309335 138886129
312309335 138886129 312309335 141848973
312309335 138886129 319671599 138886129
299517796 138886129 299517796 166896229
299517796 166896229 305466148 167255236
305466148 167255236 307226501 167255236
0 97605035 0 139621940
0 139621940 0 140644264
0 140644264 0 153686414
0 153686414 11757186 153686414
0 140644264 19162175 140644264
0 139621940 30972051 139621940
0 153686414 0 186290571
0 186290571 2711110 186290571
0 186290571 0 219797135
0 219797135 0 253533304
0 253533304 0 255397248
0 255397248 0 272279111
0 253533304 26720314 253533304
26720314 253533304 27980336 255397248
27980336 255397248 38102853 264594170
38102853 264594170 38102853 272279111
38102853 272279111 58595213 277954942
0 272279111 0 303682909
0 303682909 0 306865294
0 303682909 6148552 303682909
6148552 303682909 11032334 306865294
0 306865294 0 336230849
0 336230849 5934992 336230849
0 336230849 0 344258719
0 344258719 0 346327849
0 346327849 8089764 346327849
58595213 277954942 76864243 292365876
76864243 292365876 81596747 298118429
81596747 298118429 96827277 298118429
96827277 298118429 102079128 298118429
96827277 298118429 96827277 308792243
81596747 298118429 81596747 321658869
96827277 308792243 98834731 334774731
98834731 334774731 98834731 361320082
98834731 361320082 105339263 368195178
0 344258719 33207240 344258719
105339263 368195178 105339263 401801675
105339263 401801675 106965464 405235553
106965464 405235553 106965464 412723882
106965464 412723882 122096849 417623257
122096849 417623257 122792682 417623257
122096849 417623257 122096849 443937513
122096849 443937513 141052989 449027506
141052989 449027506 161572447 449027506
141052989 449027506 141052989 471941284
141052989 471941284 143541569 474770723
143541569 474770723 146504769 476488024
146504769 476488024 146504769 483912503
146504769 483912503 153736317 493148061
153736317 493148061 153736317 506689964
153736317 506689964 153858547 515927472
153858547 515927472 170553567 515927472
153736317 493148061 173579567 493148061
170553567 515927472 170835667 548051089
170835667 548051089 176952322 580766141
146504769 476488024 185543213 476488024
185543213 476488024 190447135 480814471
190447135 480814471 190447135 483372523
190447135 480814471 193844197 480814471
193844197 480814471 193844197 483287499
193844197 480814471 198547598 480814471
193844197 483287499 196629650 511192944
196629650 511192944 224636472 519063537
224636472 519063537 237067587 519063537
224636472 519063537 224636472 542426907
224636472 542426907 240691479 551609419
240691479 551609419 240691479 553224932
240691479 551609419 244795225 551609419
237067587 519063537 252855048 533463765
176952322 580766141 216769399 580766141
176952322 580766141 176952322 621245053
176952322 621245053 190321896 622928241
190321896 622928241 203357598 622928241
203357598 622928241 203357598 638026745
190321896 622928241 190321896 638317746
190321896 638317746 190378368 655144778
203357598 622928241 226077568 622928241
226077568 622928241 226077568 623908796
226077568 622928241 228329387 622928241
228329387 622928241 238402426 623970138
238402426 623970138 247264230 638329928
247264230 638329928 247264230 641457391
247264230 641457391 250905414 652073105
250905414 652073105 250905414 663362234
190378368 655144778 211536130 659605733
211536130 659605733 216550354 684008086
250905414 663362234 282775220 664371645
282775220 664371645 289575963 670608148
289575963 670608148 315961636 671940436
315961636 671940436 316010694 671940436
316010694 671940436 342657664 678445965
342657664 678445965 369055233 678445965
342657664 678445965 342657664 706408894
369055233 678445965 392369093 690200587
392369093 690200587 392455254 725105493
392455254 725105493 392455254 730984148
153858547 515927472 153858547 556925455
153858547 556925455 155685672 556925455
153858547 556925455 153858547 561656632
153858547 561656632 170473212 574278036
216769399 580766141 226077568 612628413
226077568 612628413 262232130 612628413
308329448 81853213 323841042 108795161
323841042 108795161 325527748 122105727
325527748 122105727 326406943 122105727
325527748 122105727 325527748 123870109
88634919 0 88634919 42864093
88634919 42864093 97670788 54106683
0 219797135 42877157 219797135
247264230 638329928 290490191 638329928
290490191 638329928 294265934 652073105
105339263 368195178 149175043 368195178
149175043 368195178 159352677 368195178
149175043 368195178 149175043 386215553
159352677 368195178 165878479 380844960
165878479 380844960 167186455 380844960
165878479 380844960 165878479 402766331
149175043 386215553 165811448 405235553
167186455 380844960 188583249 402216813
98834731 334774731 143668601 334774731
188813718 94055310 211455649 116340639
211455649 116340639 211455649 127023649
211455649 127023649 218111911 138265017
218111911 138265017 218597474 138265017
218111911 138265017 218111911 147529048
196763073 0 242766897 0
242766897 0 250286396 0
242766897 0 242766897 17693803
250286396 0 273645307 0
273645307 0 303733820 0
303733820 0 303733820 1246414
303733820 0 317084630 0
317084630 0 323989557 0
323989557 0 331841723 0
331841723 0 332105609 0
331841723 0 331841723 3383137
332105609 0 340733066 0
340733066 0 348734757 0
348734757 0 351727360 0
351727360 0 357629268 0
357629268 0 358536366 0
358536366 0 359136227 0
323989557 0 323989557 15452578
359136227 0 359136227 18370147
323989557 15452578 332105609 33440910
332105609 33440910 340733066 34123661
340733066 34123661 351727360 34123661
351727360 34123661 351727360 35136821
351727360 34123661 358536366 34123661
340733066 34123661 340733066 48030338
340733066 48030338 348734757 49121660
359136227 0 386028228 0
386028228 0 386028228 4133578
357629268 0 357629268 31119768
242766897 17693803 250286396 43392802
250286396 43392802 269878428 44751217
269878428 44751217 273645307 44751217
273645307 44751217 279272215 48680663
279272215 48680663 279272215 60090285
279272215 48680663 317084630 48680663
317084630 48680663 332366799 70777672
332366799 70777672 333567603 105951490
333567603 105951490 333567603 106164976
386028228 0 429723407 0
429723407 0 446858122 0
446858122 0 446858122 15212408
446858122 0 465030389 0
465030389 0 467119951 0
467119951 0 475830474 0
475830474 0 475830474 5193892
475830474 0 482455283 0
482455283 0 482455283 5158138
482455283 0 505299770 0
505299770 0 525365816 0
525365816 0 546983327 0
546983327 0 549851372 0
549851372 0 567999968 0
567999968 0 577556109 0
546983327 0 546983327 27874314
546983327 27874314 549851372 37354944
549851372 37354944 549851372 46318068
549851372 37354944 567999968 37354944
567999968 37354944 577556109 37424559
465030389 0 465030389 28893759
465030389 28893759 467119951 35898372
505299770 0 505299770 29156089
429723407 0 429723407 31106280
429723407 31106280 435054715 62296043
435054715 62296043 440202285 87123358
440202285 87123358 446519304 103436544
446519304 103436544 446519304 110733591
446519304 103436544 461183811 103436544
505299770 29156089 525365816 45776788
577556109 0 620827933 0
620827933 0 624489046 0
624489046 0 624489046 302371
624489046 0 630116238 0
630116238 0 630116238 731111
620827933 0 620827933 22089942
630116238 0 671023921 0
671023921 0 683838649 0
446858122 15212408 450548189 56448805
671023921 0 671023921 45305086
671023921 45305086 681299378 56353996
681299378 56353996 681299378 66994928
681299378 56353996 698347027 56353996
681299378 66994928 688559408 94685902
688559408 94685902 696505674 94685902
696505674 94685902 712452105 96202145
712452105 96202145 717553525 96202145
712452105 96202145 712452105 103376177
688559408 94685902 688559408 126531622
712452105 103376177 732504642 117798838
732504642 117798838 732504642 142992624
688559408 126531622 689930412 160450365
698347027 56353996 743153112 57937696
732504642 117798838 780055059 117798838
780055059 117798838 794783065 128289812
794783065 128289812 794783065 141150884
794783065 141150884 806033029 151798864
806033029 151798864 814947209 159732603
814947209 159732603 814947209 174892521
814947209 159732603 832159634 159732603
794783065 128289812 820598668 128289812
820598668 128289812 822240511 138635417
822240511 138635417 845966186 148170844
845966186 148170844 846732845 151826993
846732845 151826993 873957932 151826993
873957932 151826993 873957932 158004115
873957932 151826993 892905410 151826993
846732845 151826993 846732845 184855824
846732845 184855824 872242883 184855824
872242883 184855824 879385208 203868135
846732845 184855824 846732845 215561284
879385208 203868135 909650200 218623804
909650200 218623804 911751522 218623804
909650200 218623804 909650200 240031838
909650200 240031838 912572025 243160503
912572025 243160503 918342261 243160503
912572025 243160503 912572025 264204895
912572025 264204895 920709054 269725335
920709054 269725335 938830138 269725335
938830138 269725335 939614081 273454324
939614081 273454324 939614081 288446573
939614081 288446573 954720435 288446573
954720435 288446573 969720642 293481148
969720642 293481148 981964036 300206281
981964036 300206281 991621301 300206281
991621301 300206281 998716109 300206281
998716109 300206281 999911919 300206281
998716109 300206281 998716109 307055697
991621301 300206281 991621301 309079370
981964036 300206281 981964036 321736822
939614081 288446573 939614081 310995208
981964036 321736822 997681328 335712111
997681328 335712111 998493540 335712111
997681328 335712111 997681328 351468842
920709054 269725335 920709054 301232694
911751522 218623804 942335019 222716747
942335019 222716747 942335019 230010441
942335019 230010441 946702113 230010441
942335019 230010441 942335019 235732027
942335019 222716747 978305429 222716747
978305429 222716747 982242186 242171530
939614081 273454324 977781827 273454324
977781827 273454324 985990623 278465598
942335019 235732027 966015441 256389863
966015441 256389863 969873458 261457828
305466148 167255236 305466148 215102407
305466148 215102407 309435065 219457405
309435065 219457405 309435065 222458536
309435065 222458536 320528240 226478854
320528240 226478854 331738378 229109299
309435065 219457405 325100378 219457405
331738378 229109299 331738378 259369873
331738378 259369873 331738378 261746119
331738378 259369873 347675656 259369873
347675656 259369873 358484236 268165298
358484236 268165298 363124560 283890812
363124560 283890812 369029699 296727695
331738378 229109299 369338402 229109299
369338402 229109299 377904968 229109299
377904968 229109299 394524546 234948223
394524546 234948223 395818536 234948223
369338402 229109299 369338402 252717935
394524546 234948223 394524546 260276746
394524546 260276746 436590643 262596481
436590643 262596481 439840334 277855476
439840334 277855476 447905907 277855476
439840334 277855476 439840334 317744616
439840334 317744616 449790905 327166270
449790905 327166270 449790905 349333783
449790905 327166270 477733474 327166270
449790905 349333783 456109809 386395353
456109809 386395353 460279593 386395353
456109809 386395353 456109809 396248193
456109809 396248193 469424203 404370006
469424203 404370006 474910843 407050879
474910843 407050879 480735290 413753508
480735290 413753508 480735290 420493645
480735290 420493645 485693142 420493645
480735290 420493645 480735290 425706898
480735290 413753508 511767276 413753508
511767276 413753508 530060222 431564682
530060222 431564682 566233967 432600496
566233967 432600496 570920567 432600496
570920567 432600496 573049259 436049808
566233967 432600496 566233967 441082994
573049259 436049808 599469453 436049808
599469453 436049808 603610221 436049808
603610221 436049808 605766598 440692810
605766598 440692810 605766598 445594956
599469453 436049808 599469453 443161543
605766598 445594956 625684731 451884645
625684731 451884645 643360129 453613376
643360129 453613376 652707803 462376595
652707803 462376595 658534319 462376595
652707803 462376595 652707803 473182426
652707803 473182426 656183091 479386468
656183091 479386468 656183091 503995072
656183091 503995072 656183091 525238269
656183091 525238269 672110318 525238269
656183091 503995072 681536146 503995072
656183091 525238269 656183091 556321937
573049259 436049808 573049259 468901717
573049259 468901717 578233906 490710810
578233906 490710810 578752555 494303199
578752555 494303199 578752555 510745259
656183091 479386468 690666911 479386468
578752555 494303199 613977431 494303199
613977431 494303199 622910821 502087429
605766598 440692810 650545114 440692810
650545114 440692810 685101316 449341023
218111911 147529048 238209024 175933314
238209024 175933314 247949256 179857402
247949256 179857402 249335504 194449112
249335504 194449112 249335504 204178396
249335504 194449112 265777702 194449112
265777702 194449112 281978674 213613066
281978674 213613066 291120558 214282974
291120558 214282974 319598441 214282974
291120558 214282974 291120558 253075964
291120558 253075964 292853385 298140767
292853385 298140767 300529152 305929131
300529152 305929131 306396509 305929131
306396509 305929131 316052234 326375043
198547598 480814471 234468634 493457433
234468634 493457433 261977979 494521325
261977979 494521325 261977979 505647146
261977979 505647146 262570994 505647146
261977979 505647146 261977979 509930951
262570994 505647146 285479204 508204194
285479204 508204194 292384529 513309904
292384529 513309904 292384529 528059260
292384529 513309904 314140456 513309904
292384529 528059260 296459562 552383620
296459562 552383620 309790527 552383620
261977979 494521325 295412532 494521325
295412532 494521325 307472479 500974429
307472479 500974429 307472479 504767416
307472479 500974429 329131423 500974429
309790527 552383620 338418152 558121115
296459562 552383620 296459562 591952429
338418152 558121115 353780607 583724641
353780607 583724641 378851044 600873856
378851044 600873856 396107188 600873856
396107188 600873856 404001744 604182964
378851044 600873856 378851044 621233073
378851044 621233073 379499876 625634492
404001744 604182964 439547189 604366156
439547189 604366156 446203337 617168525
446203337 617168525 446203337 623982496
446203337 623982496 451925379 623982496
451925379 623982496 454758010 644441115
454758010 644441115 471099650 644441115
471099650 644441115 478997266 647760962
446203337 617168525 469554634 617168525
469554634 617168525 469554634 619599878
469554634 617168525 484196568 617168525
478997266 647760962 490343759 662326723
490343759 662326723 503646628 662326723
503646628 662326723 506145921 666702885
454758010 644441115 454758010 671655477
490343759 662326723 490343759 697049740
446203337 623982496 446203337 663152086
446203337 663152086 451918796 679925028
307226501 167255236 353315122 170675581
353315122 170675581 360526061 170675581
360526061 170675581 360526061 176645822
353315122 170675581 353315122 180457087
360526061 170675581 388910358 170675581
388910358 170675581 404762701 172645869
404762701 172645869 429541038 172645869
429541038 172645869 430822676 191193331
430822676 191193331 455592201 191193331
455592201 191193331 459937980 191193331
455592201 191193331 455592201 196490711
459937980 191193331 472795611 192878823
430822676 191193331 430822676 220699451
430822676 220699451 436590643 258120443
436590643 258120443 436752318 258120443
404762701 172645869 404762701 220084755
404762701 220084755 404762701 222814982
404762701 220084755 418846419 220084755
477733474 327166270 489658509 364775044
489658509 364775044 525025007 366567822
525025007 366567822 537015959 366567822
525025007 366567822 525025007 394031235
38102853 264594170 87964634 264594170
87964634 264594170 111190856 282846432
111190856 282846432 111190856 283043416
111190856 282846432 115927795 282846432
115927795 282846432 159707724 287593647
159707724 287593647 159707724 296925006
159707724 296925006 162301623 311883963
162301623 311883963 169035539 311883963
159707724 287593647 180518839 287593647
162301623 311883963 162301623 334377466
169035539 311883963 187236997 318357930
187236997 318357930 187236997 321121646
187236997 318357930 224850273 318357930
224850273 318357930 270395498 322064861
270395498 322064861 283408649 326375043
283408649 326375043 283408649 349459507
283408649 349459507 300529152 349459507
283408649 349459507 283408649 366592884
283408649 366592884 291189824 378156518
291189824 378156518 291189824 397148207
291189824 397148207 291189824 417848959
291189824 417848959 295711712 422341234
295711712 422341234 323456275 422341234
323456275 422341234 326478825 422341234
323456275 422341234 323456275 431580386
295711712 422341234 295711712 452784682
291189824 397148207 327300851 397148207
291189824 378156518 331674233 378156518
690666911 479386468 722087752 498057447
455592201 196490711 466686155 236263963
484196568 617168525 521283685 631354579
521283685 631354579 528512743 632066510
528512743 632066510 553138460 632066510
553138460 632066510 559139753 632066510
559139753 632066510 560246895 637267485
560246895 637267485 560246895 640034312
553138460 632066510 553138460 654790454
553138460 654790454 557065514 661664358
557065514 661664358 575019440 661664358
575019440 661664358 575654090 664634828
575654090 664634828 599143842 664634828
528512743 632066510 528512743 658255570
557065514 661664358 557065514 689161888
557065514 689161888 561361176 692792411
561361176 692792411 561361176 697836530
561361176 692792411 575654090 692792411
575654090 692792411 590805251 725933462
528512743 658255570 552987121 684224660
392455254 725105493 443953495 725105493
0 346327849 0 398239044
0 398239044 0 435509172
0 435509172 0 441476863
0 441476863 0 441750222
0 441476863 39181799 441476863
39181799 441476863 48641868 441750222
48641868 441750222 54593635 470034911
54593635 470034911 87907809 475786495
87907809 475786495 87907809 494232264
87907809 494232264 88052039 498001240
88052039 498001240 88052039 513631788
88052039 498001240 111474572 498001240
111474572 498001240 111474572 505429019
111474572 498001240 124481266 498001240
124481266 498001240 124558443 522726864
124558443 522726864 126606426 527291755
87907809 475786495 113215281 475786495
111474572 505429019 123280697 522726864
123280697 522726864 123280697 527110864
0 435509172 43884402 435509172
0 398239044 44873883 398239044
0 441750222 0 488444441
0 488444441 314390 488444441
0 488444441 0 499930421
0 499930421 0 500090131
0 499930421 21553548 499930421
21553548 499930421 40930768 500090131
88052039 513631788 95733633 556455667
95733633 556455667 95733633 558326469
95733633 558326469 96041306 558326469
95733633 558326469 95733633 569332912
95733633 556455667 110025684 556455667
110025684 556455667 115601629 567962304
115601629 567962304 119750684 575271334
119750684 575271334 138190317 575271334
119750684 575271334 119750684 623498475
119750684 623498475 120256068 641114963
120256068 641114963 120256068 643269956
120256068 643269956 120256068 649449543
120256068 649449543 128059242 652574027
120256068 643269956 132055455 643269956
120256068 641114963 138362728 641114963
138362728 641114963 169490524 644829739
169490524 644829739 173824621 655725481
173824621 655725481 179478068 655725481
179478068 655725481 179951443 663299636
173824621 655725481 173824621 685674620
173824621 685674620 186234323 701236043
329131423 500974429 358034584 524357407
358034584 524357407 383244353 543636578
44873883 398239044 79758623 415815764
79758623 415815764 86180266 415815764
86180266 415815764 86180266 416737428
79758623 415815764 79758623 423916269
86180266 415815764 98638123 415815764
98638123 415815764 101634497 421589077
86180266 416737428 95320344 421589077
95320344 421589077 95320344 424205170
316052234 326375043 356172075 338927633
356172075 338927633 387663018 346624189
387663018 346624189 387663018 352309984
387663018 346624189 422442222 346624189
422442222 346624189 436998821 346950249
387663018 352309984 405800744 384489516
405800744 384489516 409504701 422060268
409504701 422060268 426371042 422060268
426371042 422060268 428988266 422060268
428988266 422060268 428988266 422386798
428988266 422060268 435652712 422060268
426371042 422060268 426371042 433422346
426371042 433422346 430454969 436240457
430454969 436240457 432969850 436240457
432969850 436240457 444746906 436240457
432969850 436240457 432969850 474319571
432969850 474319571 435604806 481117426
435604806 481117426 435604806 498340873
435604806 498340873 440274822 501285369
440274822 501285369 449677885 501285369
449677885 501285369 449677885 503226051
440274822 501285369 440274822 517438621
449677885 501285369 481208970 501285369
481208970 501285369 499212924 519042082
499212924 519042082 499212924 533574730
499212924 533574730 508864207 537795412
508864207 537795412 508864207 555512360
508864207 555512360 511699441 555512360
499212924 519042082 528142193 519042082
528142193 519042082 534876005 519042082
528142193 519042082 528142193 529603128
528142193 529603128 544245764 537795412
544245764 537795412 547777878 550692144
547777878 550692144 549239496 580708432
549239496 580708432 553070403 580728445
553070403 580728445 553070403 594785229
553070403 594785229 553347835 594785229
553347835 594785229 553347835 594872071
553347835 594785229 555453380 594785229
553070403 594785229 553070403 597360699
553070403 580728445 581408545 580728445
511699441 555512360 543436006 559589151
543436006 559589151 544155487 564774939
544155487 564774939 544155487 566921628
508864207 555512360 508864207 594198443
409504701 422060268 409504701 465144285
430454969 436240457 430454969 481596452
435604806 481117426 484063765 481117426
484063765 481117426 484063765 496225587
484063765 481117426 505204045 481117426
939614081 310995208 953389062 350345716
953389062 350345716 953614746 378494859
953614746 378494859 968457957 383064569
968457957 383064569 978813179 383064569
968457957 383064569 968457957 395631450
968457957 395631450 973798072 404934273
973798072 404934273 973798072 406110825
973798072 406110825 978038835 406110825
973798072 404934273 983938784 404934273
973798072 406110825 973798072 431332814
983938784 404934273 999631884 423107105
973798072 431332814 988276446 452214021
988276446 452214021 993253036 454338448
560246895 637267485 614311634 637267485
614311634 637267485 653222737 649622479
599143842 664634828 645487577 672864879
645487577 672864879 645487577 673474215
645487577 672864879 651834351 672864879
645487577 673474215 651471937 697080621
651471937 697080621 664849395 702639455
664849395 702639455 684450590 702639455
684450590 702639455 705697140 702639455
684450590 702639455 684450590 724092628
684450590 724092628 685001229 725325379
685001229 725325379 690554606 725727607
690554606 725727607 701908523 725727607
705697140 702639455 737592448 713358058
664849395 702639455 664849395 745514393
651834351 672864879 698112353 674556360
698112353 674556360 708765296 674556360
698112353 674556360 698112353 689647125
708765296 674556360 721388281 678356092
721388281 678356092 725472353 678356092
721388281 678356092 721388281 702575592
725472353 678356092 737989341 696846395
737989341 696846395 777685638 698205574
777685638 698205574 791405272 713549966
791405272 713549966 799524267 713549966
799524267 713549966 803608900 715223873
803608900 715223873 806414794 715223873
803608900 715223873 803608900 723234349
803608900 723234349 803928822 729759174
791405272 713549966 791405272 733952525
803928822 729759174 828987934 736439104
828987934 736439104 844199677 736439104
844199677 736439104 855464081 739459827
855464081 739459827 869410888 739459827
869410888 739459827 869410888 755940360
869410888 755940360 877946424 763026105
877946424 763026105 879331441 763457447
879331441 763457447 879331441 764479015
879331441 763457447 902153286 763457447
855464081 739459827 855464081 765232470
855464081 765232470 858375519 784753391
858375519 784753391 867547822 784753391
858375519 784753391 858375519 794862154
858375519 794862154 861748701 794862154
858375519 794862154 858375519 819784323
861748701 794862154 872226180 813857980
872226180 813857980 877470161 818156013
877470161 818156013 881519172 818156013
881519172 818156013 901475975 822319243
901475975 822319243 901475975 823678197
901475975 822319243 918854904 822319243
869410888 739459827 904649697 739459827
902153286 763457447 930908177 770769767
930908177 770769767 930908177 771957125
930908177 770769767 933793795 770769767
828987934 736439104 828987934 774339117
933793795 770769767 969992128 772707400
969992128 772707400 995480162 772707400
877470161 818156013 877470161 857004843
877470161 857004843 912659797 859974260
912659797 859974260 917641292 884164081
917641292 884164081 917641292 888035593
917641292 884164081 957969453 884164081
957969453 884164081 971709721 888224334
971709721 888224334 993801921 888224334
993801921 888224334 994787068 889054006
994787068 889054006 995315290 889054006
994787068 889054006 994787068 922937391
901475975 823678197 918355943 847711941
971709721 888224334 971709721 929779647
969992128 772707400 969992128 819014605
969992128 819014605 977746262 837271532
858375519 819784323 866345657 858881736
866345657 858881736 871064954 859974260
871064954 859974260 871064954 897927729
871064954 897927729 888316823 924701465
888316823 924701465 894150415 929968073
894150415 929968073 913839265 929968073
894150415 929968073 894150415 974920658
737592448 713358058 740123196 760437094
740123196 760437094 740281186 760437094
740123196 760437094 740123196 766453085
740281186 760437094 748931762 765419336
748931762 765419336 751655459 765419336
748931762 765419336 748931762 775028693
748931762 775028693 750413712 785587120
750413712 785587120 750413712 801961244
750413712 801961244 753387684 825646962
753387684 825646962 758380759 825646962
758380759 825646962 759518339 825646962
758380759 825646962 758380759 829580608
753387684 825646962 753387684 833197334
750413712 785587120 783385930 785587120
783385930 785587120 783385930 794836807
783385930 785587120 794413409 785587120
758380759 829580608 791789494 839107709
791789494 839107709 791789494 848754400
791789494 848754400 796832661 849669452
796832661 849669452 819408874 849669452
791789494 839107709 820498215 839107709
796832661 849669452 796832661 885541934
819408874 849669452 856829691 858881736
856829691 858881736 856829691 879758368
977746262 837271532 986470348 881453742
690554606 725727607 690554606 778883925
690554606 778883925 697111002 816333690
697111002 816333690 708188054 846835434
708188054 846835434 716980228 846835434
716980228 846835434 717306098 846835434
716980228 846835434 716980228 855533120
716980228 855533120 722676757 869480196
722676757 869480196 722676757 889811658
722676757 869480196 746127934 869480196
708188054 846835434 708188054 870504254
708188054 870504254 710490907 870504254
708188054 870504254 708188054 873532651
746127934 869480196 754228121 905645141
754228121 905645141 757860040 905645141
754228121 905645141 754228121 924361857
754228121 924361857 757513145 946380551
757513145 946380551 762649381 946380551
757513145 946380551 757513145 968549516
757513145 968549516 761595568 968549516
761595568 968549516 768016083 969078026
757513145 968549516 757513145 975549197
757513145 975549197 758383870 982878971
762649381 946380551 768016083 968229676
768016083 969078026 800629636 972215260
800629636 972215260 800629636 979034685
800629636 979034685 802515221 986419006
800629636 972215260 816966223 972215260
816966223 972215260 816966223 972551577
816966223 972215260 851420259 972215260
851420259 972215260 852065776 972609165
852065776 972609165 885143307 982161710
180518839 287593647 221374660 301341291
342657664 706408894 356952564 747173426
356952564 747173426 356952564 751719649
356952564 751719649 365793687 753039614
356952564 747173426 380996348 747173426
380996348 747173426 383877287 767695561
383877287 767695561 383877287 786895763
383877287 786895763 383877287 805173584
383877287 805173584 384256788 807195138
384256788 807195138 384256788 816407394
384256788 816407394 384256788 819832918
384256788 816407394 388589139 816407394
384256788 807195138 406951604 807195138
406951604 807195138 418572302 807821701
418572302 807821701 420259768 811067914
420259768 811067914 420259768 811387389
420259768 811387389 429305844 814970730
429305844 814970730 442564335 814970730
442564335 814970730 442564335 818122402
442564335 818122402 442642690 818122402
442564335 818122402 442564335 820665697
442564335 820665697 452977105 828294127
452977105 828294127 452977105 853908928
452977105 828294127 482227613 828294127
482227613 828294127 497129670 828294127
482227613 828294127 482227613 845662279
383877287 786895763 413967934 786895763
413967934 786895763 417530843 787024263
417530843 787024263 436989020 789314644
452977105 853908928 478023937 861391683
478023937 861391683 481379765 865542301
481379765 865542301 481379765 878647856
481379765 878647856 484515450 878647856
442564335 814970730 478989586 814970730
429305844 814970730 429305844 854640685
429305844 854640685 435203786 854640685
429305844 854640685 429305844 880272675
481379765 878647856 481379765 921847390
484515450 878647856 523306213 890293786
523306213 890293786 523306213 896943667
523306213 890293786 530515046 890293786
530515046 890293786 531699951 895101861
531699951 895101861 531699951 904399218
531699951 904399218 533959991 914541687
533959991 914541687 537564909 914541687
533959991 914541687 533959991 919636755
531699951 895101861 546745585 895101861
546745585 895101861 546745585 900436056
546745585 895101861 568800434 895101861
568800434 895101861 573654720 908421323
573654720 908421323 589898551 910314710
589898551 910314710 595137691 910314710
589898551 910314710 589898551 931669840
589898551 931669840 605335468 943423935
605335468 943423935 624252909 948790691
624252909 948790691 643989675 950363932
595137691 910314710 628005499 914875745
628005499 914875745 638756880 916171397
638756880 916171397 638756880 919729456
638756880 919729456 638756880 928530501
638756880 916171397 655889121 916171397
655889121 916171397 655889121 919729456
655889121 919729456 661157803 928661740
661157803 928661740 674321419 928661740
674321419 928661740 677321635 933021469
655889121 916171397 679657317 916171397
643989675 950363932 661157803 974618439
661157803 974618439 661162936 982645463
661162936 982645463 661162936 997053998
661162936 982645463 691625371 982645463
451918796 679925028 471167719 716099201
490343759 697049740 536975474 705985466
536975474 705985466 552123700 705985466
552123700 705985466 553085107 721421714
536975474 705985466 536975474 728610610
536975474 728610610 542576647 743986088
542576647 743986088 544668189 743986088
542576647 743986088 542576647 784209423
542576647 784209423 559713478 788116110
559713478 788116110 559778979 788116110
559778979 788116110 559778979 798719753
559778979 798719753 561779722 830915180
561779722 830915180 561779722 842450772
561779722 830915180 576107649 830915180
576107649 830915180 578175409 830915180
576107649 830915180 576107649 842450772
576107649 842450772 576107649 860450545
561779722 842450772 561779722 866180542
576107649 842450772 621478198 842450772
621478198 842450772 644025421 853755638
644025421 853755638 655431679 885053238
655431679 885053238 655431679 905721904
655431679 885053238 688622971 885053238
688622971 885053238 690669187 885053238
688622971 885053238 688622971 891871017
688622971 891871017 702937263 897067748
559713478 788116110 559713478 835342199
559778979 788116110 611665089 788116110
611665089 788116110 629938966 804136862
629938966 804136862 645925748 819076693
645925748 819076693 645925748 831811598
645925748 831811598 662352020 837715944
645925748 819076693 687793091 819076693
383877287 767695561 439487628 767695561
221374660 301341291 223023969 355798719
223023969 355798719 224688999 379349160
224688999 379349160 224688999 400628207
224688999 379349160 246658123 379349160
246658123 379349160 253991542 379349160
246658123 379349160 246658123 391275358
224688999 400628207 226989782 447006784
226989782 447006784 226989782 451069753
226989782 447006784 231141048 447006784
231141048 447006784 232022539 462129348
232022539 462129348 232022539 472414279
232022539 462129348 268374250 462129348
268374250 462129348 295311018 474586113
295311018 474586113 319655366 486928660
319655366 486928660 319655366 487346420
319655366 486928660 333814766 486928660
333814766 486928660 336883960 492002849
336883960 492002849 386544439 498283236
386544439 498283236 396528049 499903525
505204045 481117426 549877185 492756976
549877185 492756976 559194260 514686841
446519304 110733591 454713508 159210661
672110318 525238269 704136185 550028510
704136185 550028510 715227051 553953871
715227051 553953871 727744348 553953871
577556109 37424559 599805933 73243059
599805933 73243059 610764092 73243059
599805933 73243059 599805933 121781744
599805933 121781744 604689719 125009652
604689719 125009652 643342111 125009652
643342111 125009652 649176915 125009652
649176915 125009652 667997419 127082493
643342111 125009652 643342111 147589618
604689719 125009652 604689719 172872038
604689719 172872038 604689719 176987017
604689719 172872038 642554327 172872038
604689719 176987017 619183104 205104028
619183104 205104028 630552074 210828728
630552074 210828728 669329817 215561675
669329817 215561675 671309722 215561675
671309722 215561675 682745422 215767322
669329817 215561675 669329817 250211904
669329817 250211904 671995224 257464576
671995224 257464576 708474175 257464576
708474175 257464576 717315803 257464576
717315803 257464576 726894046 257841440
726894046 257841440 726894046 269237947
726894046 269237947 733590267 269237947
733590267 269237947 733590267 275602601
733590267 269237947 741903277 269237947
726894046 269237947 726894046 289499411
726894046 289499411 737256146 299127854
737256146 299127854 737256146 302598377
737256146 299127854 748568945 299127854
748568945 299127854 750425906 323010584
750425906 323010584 750425906 326568670
750425906 323010584 766420854 323010584
708474175 257464576 708474175 284053782
766420854 323010584 786212353 333892706
786212353 333892706 803676200 333892706
803676200 333892706 803676200 340365407
803676200 333892706 816502707 333892706
816502707 333892706 817348024 336933505
817348024 336933505 830322706 336933505
817348024 336933505 817348024 355555703
786212353 333892706 786212353 354458852
786212353 354458852 793796709 354458852
786212353 354458852 786212353 364695542
786212353 364695542 793517298 368735116
793517298 368735116 793517298 394060994
708474175 284053782 708993209 318295225
726894046 257841440 761881698 257841440
761881698 257841440 764149736 257841440
761881698 257841440 761881698 260580959
761881698 260580959 766420854 288861999
817348024 355555703 839344259 368735116
839344259 368735116 854501583 382211804
854501583 382211804 854501583 402280690
854501583 402280690 856552923 402280690
854501583 402280690 854501583 420513034
854501583 420513034 854641450 429440423
854641450 429440423 860306635 432289520
860306635 432289520 867587085 432289520
860306635 432289520 860306635 454358240
854501583 382211804 888489134 382211804
671995224 257464576 671995224 298808419
671995224 298808419 679011583 298808419
679011583 298808419 691137221 300084371
691137221 300084371 702410751 300084371
671995224 298808419 671995224 313025395
691137221 300084371 691137221 315491004
691137221 315491004 691161200 318295225
691161200 318295225 691161200 324632182
691161200 324632182 691161200 339874021
691161200 324632182 707207724 324632182
691161200 339874021 697099328 354769714
697099328 354769714 715041103 354769714
697099328 354769714 697099328 374629286
715041103 354769714 722335329 368387981
722335329 368387981 722335329 387148497
766420854 288861999 808710717 288861999
808710717 288861999 829762354 304598688
829762354 304598688 830322706 307151054
830322706 307151054 830322706 333728664
830322706 333728664 832748225 333728664
671995224 313025395 676917732 351876852
722335329 387148497 734984123 419316932
888489134 382211804 910837791 406849562
910837791 406849562 910837791 425143232
910837791 406849562 935198411 406849562
935198411 406849562 958056202 429994220
958056202 429994220 959587642 457126139
959587642 457126139 959915745 457126139
959915745 457126139 968477869 466545608
959587642 457126139 959587642 501532827
959587642 501532827 970720437 511178736
970720437 511178736 970720437 516494151
970720437 511178736 994611634 511178736
994611634 511178736 995715791 511178736
994611634 511178736 994611634 516494151
970720437 516494151 970720437 541732225
970720437 541732225 970720437 547626555
970720437 541732225 978510999 541732225
970720437 547626555 975937638 561125198
975937638 561125198 987197980 569326621
987197980 569326621 996315431 569326621
987197980 569326621 987197980 593301434
987197980 593301434 987233960 612797612
722335329 368387981 772318245 368387981
867587085 432289520 904510329 446938168
697099328 374629286 709765546 416675601
860306635 454358240 873054939 497226466
873054939 497226466 877863859 503329474
877863859 503329474 880819056 503329474
880819056 503329474 882848430 505201731
882848430 505201731 882848430 519978162
882848430 505201731 898982184 505201731
898982184 505201731 898982184 512697877
898982184 512697877 907725619 530678458
907725619 530678458 908134037 553466321
898982184 505201731 926629007 505201731
926629007 505201731 945906954 516114361
877863859 503329474 877863859 541489497
877863859 541489497 879034601 552736676
879034601 552736676 882849088 559128934
882849088 559128934 884303425 599739735
884303425 599739735 913301804 613887082
913301804 613887082 928228367 641765134
928228367 641765134 935082754 641765134
928228367 641765134 928228367 661078405
935082754 641765134 966082861 642741743
966082861 642741743 966082861 644385457
966082861 642741743 979091390 642741743
979091390 642741743 982535221 658629223
966082861 644385457 976544279 658629223
976544279 658629223 976544279 674581810
976544279 674581810 978509215 705123749
928228367 661078405 940733612 684696112
978509215 705123749 980542168 755564584
709765546 416675601 734762007 448932169
188583249 402216813 201634728 447458106
201634728 447458106 218212988 451069753
218212988 451069753 218212988 459488372
327300851 397148207 362542496 420217605
187236997 321121646 206668066 360450541
466686155 236263963 499454961 262425763
499454961 262425763 511229125 265735852
511229125 265735852 522847472 269424058
522847472 269424058 523313973 269424058
522847472 269424058 522847472 279920878
522847472 279920878 526572556 286274439
526572556 286274439 538626594 319844703
538626594 319844703 542284422 319844703
542284422 319844703 559904594 322732304
559904594 322732304 559904594 340912696
559904594 322732304 583307109 322732304
583307109 322732304 589398281 331461172
589398281 331461172 600266898 342057001
600266898 342057001 622713364 342057001
538626594 319844703 538626594 358174591
600266898 342057001 600266898 381512374
600266898 381512374 600266898 388268394
600266898 388268394 615760433 391999759
600266898 381512374 621889631 381512374
622713364 342057001 663632160 348676227
663632160 348676227 665682984 378826576
665682984 378826576 668057703 378826576
665682984 378826576 665682984 402470726
615760433 391999759 649377774 407312932
649377774 407312932 661413850 415723265
661413850 415723265 662972473 415723265
661413850 415723265 661413850 434330776
481379765 865542301 540876337 865542301
540876337 865542301 541277800 865542301
540876337 865542301 540876337 866038181
461183811 103436544 488639579 135484395
488639579 135484395 491084883 139932919
491084883 139932919 494600509 139932919
491084883 139932919 491084883 155325821
362542496 420217605 368225570 474039152
368225570 474039152 375989732 477522278
375989732 477522278 404063742 477522278
375989732 477522278 375989732 517069635
620827933 22089942 644296723 58581604
590805251 725933462 631025262 746171339
796832661 885541934 852284456 890766178
852284456 890766178 866800709 914882001
866800709 914882001 874997175 938982641
130199788 65346337 158635903 97955361
158635903 97955361 177868682 113138264
581408545 580728445 608123704 615552236
677321635 933021469 714494594 957820744
691625371 982645463 741121870 995848815
333567603 105951490 396708810 105951490
396708810 105951490 408535504 108393257
408535504 108393257 408535504 110717923
408535504 108393257 416326993 108393257
416326993 108393257 432286996 113784241
0 500090131 0 563699650
0 563699650 0 564082821
0 564082821 0 590255102
0 590255102 0 606479675
0 606479675 0 612226480
0 612226480 0 622408317
0 622408317 0 631574187
0 631574187 550113 631574187
0 631574187 0 634828769
0 634828769 0 642796133
0 642796133 0 659804740
0 659804740 9430736 659804740
0 659804740 0 675339497
0 675339497 10832076 675339497
0 642796133 17292959 642796133
0 675339497 0 699560063
0 699560063 0 713300197
0 606479675 25151105 606479675
25151105 606479675 26915919 612226480
26915919 612226480 29852279 612226480
26915919 612226480 26915919 622408317
26915919 622408317 33190649 634828769
29852279 612226480 50720941 615269882
50720941 615269882 65968048 616200320
65968048 616200320 65968048 625814280
65968048 625814280 65968048 627632457
65968048 625814280 70822795 625814280
65968048 616200320 77440548 616200320
33190649 634828769 50040435 643463448
0 713300197 0 746723598
0 746723598 0 755308155
0 755308155 0 775667682
0 775667682 10729516 775667682
0 775667682 0 791816723
0 791816723 0 794260673
0 794260673 0 798997517
0 798997517 0 799737267
0 791816723 5430691 791816723
0 799737267 0 815860885
0 815860885 4609489 815860885
0 798997517 19084132 798997517
19084132 798997517 38298637 799737267
5430691 791816723 33362094 794260673
38298637 799737267 58374378 811946007
58374378 811946007 59073943 815873662
59073943 815873662 59073943 836687410
59073943 836687410 59073943 841285400
59073943 841285400 60183810 841749031
60183810 841749031 64012851 841749031
59073943 836687410 73883956 836687410
73883956 836687410 78164093 845115786
78164093 845115786 78787449 854243168
78787449 854243168 78787449 859399367
78787449 859399367 85504936 869503103
85504936 869503103 97907618 869503103
85504936 869503103 85504936 884476756
85504936 884476756 90445479 884476756
90445479 884476756 92451817 899084997
92451817 899084997 116127678 899084997
59073943 815873662 85824359 815873662
85824359 815873662 99564335 815873662
85824359 815873662 85824359 834571561
78787449 854243168 108069608 854243168
108069608 854243168 113443685 856801007
92451817 899084997 92451817 929126413
92451817 929126413 96261268 946657317
96261268 946657317 96261268 951374696
96261268 946657317 102590900 946657317
96261268 951374696 96261268 961763690
96261268 961763690 102590900 961763690
96261268 961763690 96261268 980908387
96261268 980908387 122194585 981780970
122194585 981780970 122194585 994090751
102590900 961763690 118827522 974592831
85504936 884476756 85504936 914522988
102590900 946657317 134499171 946657317
134499171 946657317 134499171 951374696
134499171 946657317 147115915 946657317
0 746723598 32900828 746723598
32900828 746723598 43259522 755308155
85504936 914522988 86537771 947634365
70822795 625814280 81711643 649350105
81711643 649350105 84976393 668938490
84976393 668938490 97199537 678491300
97199537 678491300 111274437 678491300
111274437 678491300 114827826 690958733
97199537 678491300 97199537 696111064
114827826 690958733 114827826 711532574
0 713300197 37615166 713300197
37615166 713300197 56610732 724049755
56610732 724049755 73188978 724049755
56610732 724049755 56610732 745293478
56610732 745293478 71447781 754913264
71447781 754913264 79325813 762047881
113443685 856801007 131992894 876865619
131992894 876865619 152158667 879645693
152158667 879645693 152158667 880772865
152158667 880772865 152420881 894237099
152420881 894237099 183259209 896297882
183259209 896297882 183259209 903860047
183259209 896297882 195478975 896297882
195478975 896297882 216801181 900571692
216801181 900571692 216801181 903529685
216801181 900571692 235473887 900571692
235473887 900571692 252856112 905776390
252856112 905776390 252856112 929969770
252856112 929969770 280760963 933693140
280760963 933693140 284581629 948850480
284581629 948850480 284581629 968408805
284581629 948850480 308946538 948850480
308946538 948850480 314082002 959212393
314082002 959212393 329421774 959212393
314082002 959212393 314082002 982047843
284581629 968408805 285949029 995718714
0 564082821 40988041 564082821
40988041 564082821 60248066 586002808
114827826 690958733 156198140 690958733
156198140 690958733 157671496 690958733
156198140 690958733 156198140 698889232
156198140 698889232 156585976 708082276
156585976 708082276 156585976 708345902
156585976 708082276 168671576 708082276
156585976 708345902 159853598 717262934
116127678 899084997 151520579 905194560
151520579 905194560 162936895 927386646
162936895 927386646 181816160 932240819
181816160 932240819 214713428 940336211
214713428 940336211 233148902 949481910
233148902 949481910 243787592 949481910
243787592 949481910 248656395 950477371
233148902 949481910 233148902 980323892
233148902 980323892 233148902 986503079
233148902 986503079 233148902 987443910
233148902 987443910 233969306 987443910
233148902 987443910 233148902 989333167
233148902 986503079 235976009 986503079
233148902 989333167 234985510 991600480
233148902 980323892 239412409 980323892
248656395 950477371 274996738 955968417
274996738 955968417 274996738 957548859
274996738 957548859 275248607 959780866
275248607 959780866 275248607 961321791
274996738 955968417 277564826 955968417
275248607 961321791 278126860 968408805
278126860 968408805 278126860 974839979
278126860 974839979 282718327 983352208
275248607 959780866 306686683 959780866
252856112 905776390 294534395 905776390
294534395 905776390 297857805 905776390
294534395 905776390 294534395 929937719
0 563699650 42975797 563699650
122194585 981780970 165203126 981780970
0 815860885 0 863097285
0 863097285 0 871122524
0 871122524 12657014 871122524
0 863097285 18173089 863097285
165203126 981780970 198368498 996603959
0 699560063 49864265 699560063
314082002 982047843 353818961 993172887
353818961 993172887 377806599 996055594
377806599 996055594 377806599 996524184
377806599 996524184 398786436 998315774
50040435 643463448 55624842 689178316
0 871122524 0 927953197
0 927953197 0 931766854
0 927953197 7877736 927953197
7877736 927953197 15769434 931766854
15769434 931766854 47235261 931766854
47235261 931766854 50623287 944189139
50623287 944189139 68662959 944189139
50623287 944189139 50623287 971959548
50623287 971959548 75149033 986632831
15769434 931766854 15769434 974965383
15769434 974965383 15769434 991142697
15769434 974965383 36449363 974965383
36449363 974965383 37827702 986929052
37827702 986929052 37827702 990998801
37827702 986929052 42751199 986929052
152158667 879645693 209655207 879645693
377806599 996055594 441414560 996055594
441414560 996055594 479385292 997897981
440274822 517438621 466841510 554628028
466841510 554628028 471025861 554628028
466841510 554628028 466841510 584832009
610764092 73243059 642851726 105880549
830322706 307151054 895275620 307151054
895275620 307151054 907960798 314626125
907960798 314626125 919145989 349530778
919145989 349530778 933298335 366897922
913839265 929968073 941406652 968508188
941406652 968508188 990639889 978677642
62557846 103258212 99297969 132764525
99297969 132764525 121576904 153005766
121576904 153005766 121576904 162183320
121576904 153005766 139699639 153005766
139699639 153005766 139699639 155732490
139699639 153005766 157232752 153005766
157232752 153005766 160302186 169681447
139699639 155732490 142489413 179621911
160302186 169681447 184998645 199704005
184998645 199704005 198540335 199704005
198540335 199704005 214575913 202138977
184998645 199704005 184998645 224492214
214575913 202138977 222302835 229845445
184998645 224492214 188939256 274446191
42877157 219797135 101210188 227711132
101210188 227711132 111190856 246566478
111190856 246566478 111190856 258062767
111190856 258062767 114966001 258062767
111190856 246566478 152390280 246566478
396528049 499903525 424933500 537835510
60183810 841749031 60183810 908114219
544155487 564774939 610538097 564774939
610538097 564774939 640087090 600982591
640087090 600982591 640087090 607698378
640087090 600982591 650206532 600982591
650206532 600982591 687903865 625721983
687903865 625721983 727823575 634143546
727823575 634143546 739172253 634143546
739172253 634143546 739172253 638903895
739172253 638903895 747149416 645135932
727823575 634143546 727823575 666854040
739172253 634143546 796137714 634143546
796137714 634143546 804428452 640549056
804428452 640549056 817272879 640549056
817272879 640549056 827295216 660752263
827295216 660752263 837361815 677206625
837361815 677206625 859098949 677206625
859098949 677206625 860766063 692557232
860766063 692557232 860766063 695382378
860766063 695382378 863512815 695382378
860766063 692557232 865952021 692557232
860766063 695382378 860766063 715176571
837361815 677206625 837361815 700060422
837361815 700060422 854802993 709257248
804428452 640549056 804428452 694102016
854802993 709257248 908670548 711530507
908670548 711530507 922001758 724334970
732504642 142992624 761854186 180301069
761854186 180301069 777141147 192231380
777141147 192231380 777141147 194646072
777141147 192231380 781991654 192231380
777141147 194646072 778296343 232550124
778296343 232550124 827662184 233912008
827662184 233912008 829762354 260724118
829762354 260724118 839150981 260724118
839150981 260724118 846552833 262126182
846552833 262126182 905013716 264204895
905013716 264204895 905013716 290716941
481379765 921847390 488192517 981839685
472795611 192878823 538522741 194142756
538522741 194142756 538522741 200209535
538522741 194142756 562771186 194142756
538522741 200209535 562675463 232110527
562675463 232110527 595062514 260498613
294534395 929937719 353921381 937892021
734984123 419316932 787261124 436145676
787261124 436145676 799627738 484970968
296459562 591952429 321280094 636559537
715227051 553953871 715227051 623419965
734762007 448932169 761423943 492423636
761423943 492423636 761423943 493430367
761423943 492423636 767077008 492423636
767077008 492423636 777707614 532998035
777707614 532998035 788439079 540516383
788439079 540516383 788439079 567953078
788439079 567953078 791861870 567953078
788439079 540516383 825266454 540516383
825266454 540516383 833303714 540516383
825266454 540516383 825266454 553849611
788439079 567953078 788439079 615521552
825266454 553849611 859514048 570642890
859514048 570642890 877395874 583977762
791861870 567953078 809615904 614692317
24811641 77042296 75752060 96314972
348734757 49121660 401739163 67522821
369029699 296727695 426557503 311304627
79325813 762047881 113530025 800893384
315961636 671940436 315961636 746889164
315961636 746889164 326781829 781418178
326781829 781418178 344548458 781418178
344548458 781418178 352204590 781418178
344548458 781418178 344548458 802489561
344548458 802489561 344548458 802984053
344548458 802489561 349290297 802489561
349290297 802489561 355693534 822028948
355693534 822028948 378033330 822028948
355693534 822028948 355693534 850015052
355693534 850015052 363347583 859622180
363347583 859622180 373342731 859622180
326781829 781418178 326781829 809808707
373342731 859622180 383525562 880873431
383525562 880873431 399850200 885099170
399850200 885099170 415440277 897114222
326781829 809808707 333845795 837718091
333845795 837718091 333914342 837718091
333845795 837718091 333845795 870979267
363347583 859622180 363347583 896327687
363347583 896327687 374873909 906727820
743153112 57937696 801692152 74737524
801692152 74737524 820598668 85357438
820598668 85357438 830929035 85357438
830929035 85357438 843105763 97623176
843105763 97623176 843105763 105017118
843105763 105017118 845966186 107785865
845966186 107785865 847824039 107785865
843105763 97623176 879973317 97623176
879973317 97623176 912075743 101930958
912075743 101930958 949250430 101930958
912075743 101930958 912075743 147202448
949250430 101930958 967235550 134777541
40930768 500090131 67098831 552027924
689930412 160450365 722001782 206716212
722001782 206716212 724286896 206716212
722001782 206716212 722001782 215423849
701908523 725727607 729658476 777166673
683838649 0 764483262 0
764483262 0 770759729 0
770759729 0 770759729 5188041
764483262 0 764483262 17910608
770759729 0 793610926 0
793610926 0 799170640 0
799170640 0 812138528 0
793610926 0 793610926 21123333
793610926 21123333 799170640 21689277
799170640 21689277 811305389 31304230
811305389 31304230 812138528 31304230
811305389 31304230 811305389 55615638
812138528 0 837022183 0
837022183 0 837022183 14587222
837022183 0 855923990 0
855923990 0 855923990 1974892
855923990 0 864517479 0
811305389 55615638 832227439 59973815
832227439 59973815 846955765 68102006
864517479 0 864517479 31762883
864517479 0 902131726 0
902131726 0 918831334 0
918831334 0 918831334 2908559
918831334 0 933855107 0
933855107 0 933855107 1641441
933855107 1641441 933855107 38420433
933855107 1641441 975842190 1641441
975842190 1641441 977236848 1641441
975842190 1641441 975842190 34410006
902131726 0 902131726 43108514
902131726 43108514 906913692 54463355
906913692 54463355 918477751 73895466
918477751 73895466 948891260 76066141
948891260 76066141 965003863 84663612
965003863 84663612 965003863 86129513
965003863 84663612 991128090 84663612
933855107 38420433 961758782 55708965
491084883 155325821 571161032 156943127
436989020 789314644 516205682 792069527
516205682 792069527 528072983 792602925
528072983 792602925 538688108 800915773
538688108 800915773 541690958 800915773
538688108 800915773 538688108 806148384
768016083 968229676 851018751 968229676
186234323 701236043 214576486 757283570
214576486 757283570 225834670 772667584
225834670 772667584 275536952 772667584
275536952 772667584 279844163 772667584
275536952 772667584 275536952 807609081
275536952 807609081 292749175 819836995
292749175 819836995 293938218 835928519
293938218 835928519 295717855 869684334
295717855 869684334 295717855 878645940
295717855 869684334 308816382 869684334
295717855 878645940 307908412 899478740
225834670 772667584 225834670 832856564
225834670 832856564 243264214 842944833
243264214 842944833 248807731 873728782
248807731 873728782 248807731 879398652
248807731 873728782 272833017 873728782
420259768 811067914 506232236 811067914
113530025 800893384 194217059 808260935
194217059 808260935 271894618 812034657
99564335 815873662 176974311 826987836
439487628 767695561 521376186 774606309
75752060 96314972 96364170 165844185
96364170 165844185 106854589 205159021
967235550 134777541 988043272 208738903
988043272 208738903 992165187 208738903
988043272 208738903 988043272 213355113
188939256 274446191 278041145 280627292
159853598 717262934 183819021 795814575
415440277 897114222 470012532 986482190
