1458
0 0 0 4262848
0 0 13295205 0
13295205 0 17108197 0
17108197 0 28221667 0
28221667 0 30360937 0
30360937 0 30360937 4262848
0 4262848 0 32039129
0 32039129 0 40944827
0 40944827 0 41464361
0 41464361 13295205 41464361
0 40944827 17108197 40944827
0 32039129 28221667 32039129
0 41464361 0 93440214
0 93440214 0 98832242
0 98832242 0 102054383
0 102054383 0 104576480
0 104576480 14052119 104576480
0 102054383 19143287 102054383
0 93440214 37668327 93440214
0 104576480 0 157203009
0 157203009 16722041 157203009
16722041 157203009 50833158 170867587
50833158 170867587 57126375 173896968
57126375 173896968 70457864 173896968
70457864 173896968 70457864 186456034
70457864 173896968 88156467 173896968
57126375 173896968 57126375 193113059
57126375 193113059 61915852 193113059
57126375 193113059 57126375 209998445
88156467 173896968 103010963 178568553
103010963 178568553 104500737 187373659
57126375 209998445 71056696 241596999
71056696 241596999 78924049 250789457
78924049 250789457 78924049 258703216
78924049 258703216 85458013 258703216
78924049 250789457 89655915 250789457
89655915 250789457 89655915 254572975
89655915 250789457 94860964 250789457
78924049 258703216 78924049 290037376
78924049 290037376 86067137 292442827
86067137 292442827 86067137 293290247
86067137 293290247 96870686 303767360
96870686 303767360 112539259 303767360
112539259 303767360 124397792 311391269
124397792 311391269 128006511 320343586
128006511 320343586 128006511 333971203
96870686 303767360 96870686 331723468
96870686 331723468 108572713 334274746
108572713 334274746 111722454 334274746
108572713 334274746 108572713 342789228
128006511 320343586 161158115 320343586
161158115 320343586 174354120 338040215
174354120 338040215 174354120 351622081
174354120 351622081 176035887 351622081
174354120 351622081 174354120 355296105
174354120 338040215 201037758 338040215
86067137 292442827 120976660 292442827
120976660 292442827 128937704 296019598
174354120 355296105 187530802 388843689
187530802 388843689 188285066 388843689
188285066 388843689 189886335 388985675
187530802 388843689 187530802 401801565
187530802 401801565 189886335 413028024
189886335 413028024 217743153 418532472
217743153 418532472 235536019 418532472
217743153 418532472 217743153 447857258
217743153 447857258 218062689 484341744
218062689 484341744 222759515 489620199
222759515 489620199 222759515 507506792
222759515 489620199 263781397 489620199
263781397 489620199 276626461 500362941
276626461 500362941 284284171 500362941
276626461 500362941 276626461 521320350
235536019 418532472 259563666 442511959
259563666 442511959 285106934 447450806
285106934 447450806 285106934 459836661
285106934 447450806 309651772 447450806
309651772 447450806 311397886 450102814
311397886 450102814 324041705 457199348
324041705 457199348 324699054 461456413
324699054 461456413 324699054 485187530
324699054 485187530 326014115 485187530
324699054 485187530 324699054 495074606
324699054 495074606 326457682 517999033
285106934 459836661 294192921 479025278
326457682 517999033 326457682 549819052
326457682 549819052 336940946 561435547
336940946 561435547 336940946 561689765
336940946 561435547 338866280 561435547
338866280 561435547 347773774 576680745
347773774 576680745 347773774 579210802
347773774 576680745 381000530 576680745
381000530 576680745 390698967 584682719
390698967 584682719 390698967 601093204
390698967 584682719 409090300 584682719
390698967 601093204 400204257 624214103
400204257 624214103 412970971 626503145
412970971 626503145 412970971 637403982
412970971 637403982 413017657 645465421
347773774 579210802 361448146 604078430
361448146 604078430 368550456 604078430
361448146 604078430 361448146 616108667
361448146 616108667 387920981 624214103
387920981 624214103 389920691 624214103
389920691 624214103 389920691 640129050
326457682 517999033 367962337 517999033
367962337 517999033 388177724 525460459
388177724 525460459 388177724 539781420
388177724 525460459 410455042 525460459
412970971 626503145 455834433 626503145
455834433 626503145 458291906 665111302
458291906 665111302 458291906 665176015
458291906 665111302 463043226 665111302
463043226 665111302 472810525 683407417
472810525 683407417 472810525 695668461
472810525 695668461 472810525 702702473
472810525 695668461 480422307 695668461
472810525 683407417 489209346 683407417
480422307 695668461 488495082 709116003
489209346 683407417 509573981 686734760
509573981 686734760 509573981 690003885
509573981 690003885 511611923 690003885
509573981 690003885 509573981 693339318
509573981 686734760 529967234 686734760
509573981 693339318 516868124 726299945
516868124 726299945 523275167 726299945
523275167 726299945 523275167 730191735
523275167 730191735 523696779 734135114
523275167 726299945 528126563 726299945
523696779 734135114 523696779 742014597
516868124 726299945 516868124 735087325
516868124 735087325 520407036 735087325
516868124 735087325 516868124 741686378
516868124 741686378 522660766 751853214
523696779 742014597 538010402 745499393
523696779 734135114 544348101 734135114
538010402 745499393 555158484 764238937
555158484 764238937 555158484 769648135
555158484 769648135 562258317 772697559
562258317 772697559 566314848 772697559
566314848 772697559 566314848 778196827
566314848 772697559 573080547 772697559
562258317 772697559 562258317 792723384
562258317 792723384 572534374 795338894
572534374 795338894 590548659 795338894
590548659 795338894 590548659 814974152
572534374 795338894 572534374 816011958
572534374 816011958 578007838 822625245
578007838 822625245 586179082 822625245
590548659 795338894 619667406 795338894
619667406 795338894 632096298 804483112
632096298 804483112 632096298 828302378
632096298 828302378 632096298 829512558
632096298 828302378 635882223 828302378
578007838 822625245 578007838 858293320
578007838 858293320 581156662 867937013
581156662 867937013 584029649 867937013
584029649 867937013 595435550 875417449
632096298 804483112 670798878 804483112
555158484 764238937 598113625 764238937
670798878 804483112 709865769 809253138
709865769 809253138 716830903 842153437
716830903 842153437 731814950 845615265
731814950 845615265 731814950 865559281
731814950 865559281 734387247 865559281
731814950 845615265 752994285 845615265
731814950 865559281 731814950 891694752
731814950 891694752 737368239 892116888
737368239 892116888 766112682 892116888
766112682 892116888 773711207 895892510
773711207 895892510 773711207 907365194
737368239 892116888 737368239 923035732
773711207 895892510 814047430 895892510
814047430 895892510 815449813 913687614
815449813 913687614 815449813 945058422
815449813 945058422 823730089 947605810
823730089 947605810 840674500 954388981
840674500 954388981 859331406 955511832
859331406 955511832 872351991 955511832
872351991 955511832 884648779 955511832
884648779 955511832 884648779 957703257
872351991 955511832 872351991 974048183
872351991 974048183 874769886 982145418
874769886 982145418 874769886 983030336
874769886 982145418 885884016 982145418
884648779 955511832 906219917 955511832
859331406 955511832 859331406 977708741
752994285 845615265 787966397 852618101
787966397 852618101 789789130 855645369
581156662 867937013 581156662 911827659
581156662 911827659 600060491 925336028
600060491 925336028 600060491 929195247
600060491 929195247 607991318 930566865
600060491 925336028 623133523 925336028
522660766 751853214 523286401 796359761
523286401 796359761 523286401 799458864
523286401 796359761 528073616 796359761
523286401 799458864 526614694 802319792
526614694 802319792 531533124 802319792
526614694 802319792 526614694 818009756
526614694 818009756 547291897 820956288
635882223 828302378 659923979 850056916
659923979 850056916 667387911 855274391
667387911 855274391 669996137 863633338
669996137 863633338 685834382 863633338
669996137 863633338 669996137 903099990
669996137 903099990 683845693 917892679
683845693 917892679 698334836 923035732
698334836 923035732 698334836 928230162
698334836 928230162 701389956 944382234
595435550 875417449 625552139 891981692
625552139 891981692 625552139 898894714
625552139 891981692 648545490 891981692
648545490 891981692 663353500 908968346
324699054 461456413 371851476 461456413
371851476 461456413 372437005 461456413
371851476 461456413 371851476 480188525
371851476 480188525 380487665 494933252
0 157203009 0 205590058
0 205590058 45055520 205590058
387920981 624214103 387920981 674204267
387920981 674204267 407522489 683802845
407522489 683802845 428153568 683802845
407522489 683802845 407522489 705965178
407522489 705965178 416327363 726385195
416327363 726385195 417453954 757255593
417453954 757255593 417548686 757949389
417548686 757949389 426412114 757949389
426412114 757949389 431662547 780688145
431662547 780688145 431662547 800406892
431662547 800406892 437789909 804372308
437789909 804372308 437789909 805898897
431662547 780688145 479599192 780688145
479599192 780688145 479599192 781849545
479599192 780688145 485358601 780688145
485358601 780688145 495139836 781780382
495139836 781780382 513304440 781780382
495139836 781780382 495139836 804372308
104500737 187373659 132995010 209203336
488495082 709116003 498128995 749855712
498128995 749855712 498828780 749855712
498128995 749855712 498128995 753991718
498828780 749855712 509277689 751853214
509277689 751853214 509277689 764161182
417548686 757949389 417548686 808970197
437789909 805898897 464502645 832579091
464502645 832579091 469482553 832579091
464502645 832579091 464502645 872302079
464502645 872302079 466763057 885239112
466763057 885239112 466763057 915292487
466763057 885239112 500955401 885239112
500955401 885239112 524550859 890104205
524550859 890104205 524550859 897075568
524550859 890104205 542097641 890104205
466763057 915292487 470198211 949876355
470198211 949876355 470198211 966159039
470198211 949876355 502076342 949876355
502076342 949876355 516965531 961007552
516965531 961007552 525985176 961007552
525985176 961007552 531807105 982888773
531807105 982888773 532036223 982888773
531807105 982888773 531807105 996126154
516965531 961007552 516965531 996080872
532036223 982888773 562006359 995339524
524550859 897075568 525985176 946045334
525985176 946045334 531101152 946045334
531101152 946045334 536350048 955532921
536350048 955532921 543855460 957525931
543855460 957525931 544270261 957525931
543855460 957525931 543855460 958148561
815449813 913687614 869081768 913687614
869081768 913687614 879814070 926873713
879814070 926873713 908101377 937117183
908101377 937117183 954269806 937643634
954269806 937643634 954269806 939739345
954269806 939739345 957178550 939739345
954269806 939739345 954269806 942656733
954269806 937643634 972930665 937643634
972930665 937643634 984529083 946317084
984529083 946317084 997205802 946317084
984529083 946317084 984529083 964387753
954269806 942656733 956812527 964785856
956812527 964785856 966230051 964785856
956812527 964785856 956812527 992852492
128937704 296019598 181294224 297467442
181294224 297467442 206461819 317769229
206461819 317769229 245127437 318663462
245127437 318663462 263766485 338845991
263766485 338845991 269354386 338845991
269354386 338845991 269354386 342801888
269354386 338845991 281739865 338845991
281739865 338845991 293267043 342702395
269354386 342801888 279892035 352096738
279892035 352096738 286823367 363283499
286823367 363283499 296146359 371655426
263766485 338845991 263766485 373378749
293267043 342702395 330784703 360080096
330784703 360080096 342041477 361057603
342041477 361057603 376370845 368125112
376370845 368125112 419307487 375712836
419307487 375712836 423920868 375712836
419307487 375712836 419307487 383881334
423920868 375712836 444022887 378384007
444022887 378384007 444022887 391117301
444022887 378384007 459209158 378384007
459209158 378384007 468074406 382341493
468074406 382341493 468074406 389742437
468074406 382341493 487399148 382341493
487399148 382341493 501052569 385963353
501052569 385963353 512856798 385963353
512856798 385963353 513429542 385963353
513429542 385963353 517925926 393306994
512856798 385963353 512856798 400895996
512856798 400895996 515769293 405726676
515769293 405726676 516055434 405726676
515769293 405726676 515769293 417723022
419307487 383881334 423691912 412212686
423691912 412212686 438256844 412212686
438256844 412212686 441417111 439061659
441417111 439061659 446337196 439061659
441417111 439061659 441417111 448286424
441417111 448286424 442653121 458781200
442653121 458781200 442653121 466396482
442653121 466396482 444390387 470846226
444390387 470846226 461792968 470846226
461792968 470846226 461792968 474522542
444390387 470846226 444390387 488475080
444390387 488475080 449374130 488475080
461792968 470846226 481634487 470846226
444390387 488475080 444390387 510562385
444390387 510562385 457655858 521783252
457655858 521783252 467514598 521783252
467514598 521783252 468519674 531421161
468519674 531421161 468519674 543742055
457655858 521783252 457655858 543053038
457655858 543053038 463114859 543053038
468519674 543742055 468519674 569222150
468519674 569222150 471350248 581815860
471350248 581815860 485250496 584690881
485250496 584690881 491625116 584690881
485250496 584690881 485250496 602556363
491625116 584690881 500672770 594068491
457655858 543053038 457655858 575296831
423691912 412212686 423691912 455144280
517925926 393306994 563066331 394510447
468519674 543742055 514891624 543742055
514891624 543742055 534289268 549429058
534289268 549429058 551173672 549429058
551173672 549429058 553301454 549429058
551173672 549429058 551173672 564572319
534289268 549429058 534289268 572345448
534289268 572345448 539371124 583194538
539371124 583194538 544331948 583194538
544331948 583194538 549316627 591310720
549316627 591310720 549316627 608493938
549316627 608493938 549316627 610073569
549316627 608493938 558703744 608493938
539371124 583194538 539371124 615019895
558703744 608493938 563449661 637930764
549316627 591310720 587025002 591310720
587025002 591310720 619012689 593024209
619012689 593024209 629680425 602080688
629680425 602080688 639792176 602080688
639792176 602080688 639792176 612545885
639792176 602080688 651341009 602080688
651341009 602080688 652129532 613271798
652129532 613271798 660062524 618838821
660062524 618838821 660062524 655678426
660062524 655678426 666707827 656503807
629680425 602080688 629680425 642453455
629680425 642453455 637094318 642453455
629680425 642453455 629680425 656857916
629680425 656857916 631010512 664639630
631010512 664639630 636641195 664639630
631010512 664639630 631010512 672073590
631010512 672073590 654008677 673359089
654008677 673359089 654349312 700855083
654349312 700855083 657465142 719373636
660062524 618838821 702894108 618838821
702894108 618838821 704436890 648360695
704436890 648360695 704436890 649616495
704436890 649616495 711610597 657268311
711610597 657268311 721446958 657268311
711610597 657268311 711610597 672589303
711610597 672589303 712266592 699631992
712266592 699631992 734279309 699631992
734279309 699631992 753781714 704546864
753781714 704546864 753781714 711528636
753781714 704546864 776728181 704546864
704436890 648360695 739210481 648360695
739210481 648360695 748103427 652889964
753781714 711528636 756283231 745686781
756283231 745686781 765444098 767715726
712266592 699631992 712266592 739484470
765444098 767715726 779352700 796620700
779352700 796620700 779352700 825885736
779352700 825885736 787057523 826386181
779352700 796620700 818826316 796620700
818826316 796620700 818826316 799104914
818826316 799104914 819250471 805936571
818826316 796620700 826101961 796620700
819250471 805936571 838890149 818785974
838890149 818785974 862290341 827737343
862290341 827737343 875542291 848878078
875542291 848878078 877112842 848878078
875542291 848878078 875542291 853598115
875542291 853598115 892580824 869695065
892580824 869695065 892580824 874831649
892580824 869695065 904738584 869695065
904738584 869695065 910468278 895686674
910468278 895686674 913243142 895686674
910468278 895686674 910468278 901486603
910468278 901486603 910726505 901486603
910468278 901486603 910468278 902023649
910468278 902023649 911369186 910890187
911369186 910890187 911369186 912672694
911369186 910890187 921405481 910890187
921405481 910890187 948891973 918520258
948891973 918520258 948891973 920534660
948891973 918520258 980863726 918520258
980863726 918520258 995028967 921762735
892580824 874831649 899229542 905219055
899229542 905219055 908101377 912621684
908101377 912621684 908316209 912621684
748103427 652889964 782281516 663086704
782281516 663086704 790623930 663086704
790623930 663086704 790957278 664897771
782281516 663086704 782281516 676432064
782281516 676432064 807455606 678202147
807455606 678202147 807455606 678792804
807455606 678792804 822923033 684299085
822923033 684299085 824751933 686155422
824751933 686155422 828516706 686155422
824751933 686155422 824751933 701303405
824751933 701303405 837012702 702572738
837012702 702572738 844948190 702572738
844948190 702572738 844948190 702779862
844948190 702572738 848874365 702572738
848874365 702572738 850368446 703581203
807455606 678202147 838305148 678202147
837012702 702572738 837012702 734808732
837012702 734808732 853904563 751069720
853904563 751069720 876743415 751069720
876743415 751069720 879972018 762844596
879972018 762844596 879972018 766043059
879972018 766043059 881670814 766043059
879972018 766043059 879972018 768924714
879972018 768924714 889051939 775675207
889051939 775675207 890840997 775675207
889051939 775675207 889051939 781006881
838305148 678202147 869378482 685049271
869378482 685049271 882756813 687523071
853904563 751069720 853904563 792124258
776728181 704546864 795713327 731096072
879972018 762844596 926229975 762844596
926229975 762844596 953664207 766375983
953664207 766375983 958272280 766375983
958272280 766375983 970465767 766375983
958272280 766375983 958272280 780893841
953664207 766375983 953664207 795152411
953664207 795152411 959435167 824041462
958272280 780893841 988171986 785809314
563449661 637930764 581789747 669470573
581789747 669470573 581789747 679899344
581789747 669470573 615043358 669470573
615043358 669470573 628930107 672073590
628930107 672073590 628930107 717806087
628930107 717806087 629049980 743928895
629049980 743928895 629049980 750119549
629049980 743928895 641616985 743928895
641616985 743928895 642805771 759272523
642805771 759272523 648617185 761326751
787057523 826386181 816793794 846889775
501052569 385963353 501052569 436658901
468519674 531421161 519223176 531421161
889051939 781006881 910786273 811893640
910786273 811893640 916983645 824041462
916983645 824041462 916983645 835273765
916983645 835273765 936453470 854096783
773711207 907365194 791674211 945183687
791674211 945183687 792846818 961160642
792846818 961160642 799899984 975188264
388177724 539781420 408096415 575861656
442653121 458781200 498785004 458781200
469482553 832579091 500955401 857918398
500955401 857918398 510855689 857918398
510855689 857918398 544633100 878605277
544633100 878605277 550086897 884210903
189886335 388985675 247573258 388985675
37668327 93440214 94488781 98946433
94488781 98946433 101554633 98946433
94488781 98946433 94488781 128469674
94488781 128469674 111115093 138012135
111115093 138012135 123236942 138012135
111115093 138012135 111115093 166051864
123236942 138012135 169588745 149098874
169588745 149098874 189384802 185484951
189384802 185484951 189384802 186342842
189384802 185484951 193268856 185484951
193268856 185484951 207217290 186861435
207217290 186861435 237991331 186861435
237991331 186861435 239866915 213076231
239866915 213076231 239866915 237466768
239866915 237466768 239866915 247207382
239866915 237466768 261207224 237466768
239866915 213076231 269192182 213076231
269192182 213076231 273099786 221541750
261207224 237466768 308384970 237508517
308384970 237508517 313759673 252348460
313759673 252348460 313759673 255689463
313759673 255689463 314793917 261781185
314793917 261781185 314793917 276148522
314793917 276148522 321889766 276148522
314793917 276148522 314793917 310416145
314793917 310416145 318998309 314533788
318998309 314533788 326030169 315542068
326030169 315542068 326030169 316943096
314793917 261781185 361015040 261781185
207217290 186861435 207217290 234600914
207217290 234600914 218852673 237466768
218852673 237466768 218852673 280621052
326030169 315542068 375315777 315542068
375315777 315542068 402808625 325569485
326030169 316943096 359149502 335164696
313759673 252348460 371184071 252348460
359149502 335164696 398608362 357763015
648617185 761326751 689810087 782666990
689810087 782666990 726545771 803855210
550086897 884210903 563306219 934124058
563306219 934124058 570421171 934124058
563306219 934124058 563306219 944005238
94860964 250789457 131747271 277141829
131747271 277141829 131747271 283203165
131747271 277141829 165660726 277141829
165660726 277141829 191629987 286908692
501052569 436658901 557744175 444493734
557744175 444493734 559648514 474655630
559648514 474655630 559648514 475607860
559648514 474655630 587855971 474655630
587855971 474655630 600127796 476261159
600127796 476261159 600127796 500877096
600127796 476261159 646157654 476261159
646157654 476261159 646654725 517101734
646654725 517101734 646654725 522955569
646654725 522955569 650061679 548890664
650061679 548890664 650061679 552394972
650061679 552394972 650061679 553965155
650061679 552394972 668266140 552394972
668266140 552394972 682318286 555011123
650061679 548890664 689771509 548890664
689771509 548890664 721716433 567816298
721716433 567816298 750078688 581233717
750078688 581233717 750078688 597282258
750078688 597282258 760417732 597282258
750078688 597282258 750078688 616487083
760417732 597282258 781084828 597838821
750078688 581233717 776132380 581233717
776132380 581233717 780216572 581233717
776132380 581233717 776132380 591162943
781084828 597838821 781084828 631895659
781084828 631895659 806641323 636492149
781084828 597838821 820682899 597838821
820682899 597838821 829199668 597838821
820682899 597838821 820682899 607284051
646654725 517101734 698113155 517101734
698113155 517101734 698113155 521867333
698113155 517101734 707988808 517101734
707988808 517101734 712528298 518877504
712528298 518877504 712528298 546009595
712528298 546009595 731124014 562405074
776132380 591162943 827786465 591504361
829199668 597838821 880130587 601966635
880130587 601966635 887955898 609995193
887955898 609995193 887955898 613016945
887955898 609995193 901184554 609995193
901184554 609995193 904963881 639652284
904963881 639652284 910105342 639652284
904963881 639652284 904963881 674235124
904963881 674235124 928927075 682241285
928927075 682241285 928927075 684346163
928927075 682241285 940705718 682241285
928927075 684346163 937711483 698915926
937711483 698915926 937908692 735244116
937908692 735244116 937908692 741799796
937908692 741799796 940153144 744921822
910105342 639652284 952862989 640158301
952862989 640158301 955022193 640158301
952862989 640158301 952862989 668474097
937908692 735244116 982646946 735244116
940705718 682241285 989795531 690486619
989795531 690486619 995759409 690486619
989795531 690486619 989795531 719128597
955022193 640158301 985657884 668122812
712528298 518877504 777690705 518877504
777690705 518877504 780216572 519900410
780216572 519900410 780216572 520525730
780216572 520525730 802430319 520525730
802430319 520525730 817710324 520799806
817710324 520799806 829284331 541526284
829284331 541526284 858334996 541526284
858334996 541526284 869086546 544024123
869086546 544024123 869086546 545991801
869086546 545991801 871652160 549929628
869086546 544024123 881551622 544024123
829284331 541526284 829284331 575366113
829284331 575366113 829284331 579245405
829284331 575366113 848733406 575366113
848733406 575366113 859170238 581222251
859170238 581222251 859170238 585166671
859170238 581222251 865337773 581222251
780216572 519900410 817710324 519900410
817710324 519900410 860224839 519900410
865337773 581222251 901997320 591529793
881551622 544024123 912736894 572242456
912736894 572242456 912736894 577470234
912736894 572242456 927308831 572242456
927308831 572242456 970494669 587571411
970494669 587571411 992807346 616883585
263766485 373378749 286096343 416621071
936453470 854096783 986582711 869663578
986582711 869663578 994395640 869663578
986582711 869663578 986582711 881152974
607991318 930566865 617183303 987241938
617183303 987241938 631570599 996717695
737368239 923035732 755695841 972833158
755695841 972833158 760788538 999124978
276626461 521320350 295949373 570947298
295949373 570947298 298789126 584572441
298789126 584572441 300525856 591008153
300525856 591008153 300525856 595786108
300525856 591008153 321929547 591008153
300525856 595786108 306884189 650474068
306884189 650474068 314675530 684439976
314675530 684439976 318907130 690440906
318907130 690440906 318907130 733643929
318907130 733643929 327511652 735642998
327511652 735642998 352431775 735642998
352431775 735642998 365910440 735642998
352431775 735642998 352431775 751932967
352431775 751932967 360940589 772308510
360940589 772308510 364810303 796789450
364810303 796789450 365779086 803095831
365779086 803095831 365779086 809528406
365779086 809528406 366629838 809528406
366629838 809528406 388829425 809813538
388829425 809813538 396598045 809813538
396598045 809813538 410828807 809939725
388829425 809813538 388829425 825711625
365779086 809528406 365779086 832069400
327511652 735642998 327511652 765467611
327511652 765467611 330813145 772308510
330813145 772308510 330813145 809896427
365779086 803095831 407734703 803095831
365910440 735642998 402266032 751607110
388829425 825711625 389337309 878094527
389337309 878094527 394108789 878094527
389337309 878094527 389337309 895064719
389337309 895064719 403358729 904510512
403358729 904510512 428442139 904510512
428442139 904510512 436092413 915292487
403358729 904510512 403358729 944844852
436092413 915292487 436092413 963252328
436092413 963252328 442222521 985073947
403358729 944844852 415628795 983788661
415628795 983788661 418170714 991746305
318907130 690440906 386032887 690440906
371184071 252348460 422267877 270715950
422267877 270715950 441231882 281856629
441231882 281856629 441231882 296342504
441231882 296342504 448771977 322606017
448771977 322606017 468689510 323805291
468689510 323805291 486230728 339027110
486230728 339027110 486230728 344210231
486230728 344210231 504071670 358862653
504071670 358862653 504735582 371179479
504735582 371179479 527219743 383640565
527219743 383640565 527219743 384150916
441231882 281856629 476901589 281856629
476901589 281856629 484789775 281856629
476901589 281856629 476901589 290922457
486230728 339027110 523865783 339027110
527219743 383640565 569928551 383640565
476901589 290922457 524925280 293879604
524925280 293879604 528121133 293879604
528121133 293879604 528121133 296296905
528121133 296296905 531108643 300553024
531108643 300553024 534671304 300553024
528121133 293879604 542047901 293879604
531108643 300553024 531108643 317314525
531108643 317314525 531108643 337776601
531108643 317314525 553256011 317314525
524925280 293879604 524925280 317020707
553256011 317314525 575861118 323067893
575861118 323067893 582113943 323067893
582113943 323067893 594437776 323067893
582113943 323067893 582113943 343111637
575861118 323067893 575861118 346729712
594437776 323067893 611578763 332686249
484789775 281856629 528121133 289901735
528121133 289901735 547314308 289901735
623133523 925336028 638801150 979231354
638801150 979231354 695624973 986582705
559648514 475607860 583873884 523727403
0 205590058 0 279688517
0 279688517 12769233 279688517
0 279688517 0 302385972
0 302385972 542849 302385972
0 302385972 0 307950328
0 307950328 8098700 307950328
0 307950328 0 318196918
0 318196918 0 338406481
0 338406481 0 339386644
0 338406481 1715186 338406481
0 339386644 0 355660034
0 355660034 3555000 355660034
1715186 338406481 19612548 339386644
0 355660034 0 374980142
0 374980142 10168498 374980142
0 374980142 0 392326570
0 318196918 47757945 318196918
0 392326570 49457818 392326570
8098700 307950328 70921835 311425962
49457818 392326570 85251367 424059514
85251367 424059514 90761283 424059514
85251367 424059514 85251367 451814797
90761283 424059514 122635423 438343168
122635423 438343168 135120194 455932290
135120194 455932290 135120194 457876297
135120194 457876297 139130751 464525134
139130751 464525134 143213089 464525134
139130751 464525134 139130751 503970476
139130751 503970476 155662073 513952678
155662073 513952678 157869804 537762160
157869804 537762160 157869804 542316583
157869804 542316583 175547498 546107916
175547498 546107916 175547498 579400874
175547498 579400874 179661512 598761789
179661512 598761789 179985966 603188706
179985966 603188706 179985966 605560629
179985966 605560629 191978087 616576306
191978087 616576306 191978087 626630403
191978087 626630403 200213199 630063539
191978087 616576306 210528234 616576306
210528234 616576306 221461420 618732812
221461420 618732812 227704933 630063539
200213199 630063539 200213199 660672876
227704933 630063539 231312853 658994881
231312853 658994881 231363382 659462973
231363382 659462973 231363382 666787108
231363382 666787108 239848304 677732812
239848304 677732812 240192363 680700729
240192363 680700729 259551856 680700729
259551856 680700729 273152780 680700729
273152780 680700729 276324206 694792559
276324206 694792559 277483206 694792559
259551856 680700729 259551856 705253722
276324206 694792559 276324206 720346650
175547498 546107916 211772729 546107916
157869804 537762160 196707196 537762160
135120194 455932290 176753602 455932290
176753602 455932290 196765000 478291110
231363382 659462973 289492393 659462973
179985966 603188706 241711414 603188706
241711414 603188706 251294255 612844877
251294255 612844877 281566611 613957538
281566611 613957538 287130044 613957538
281566611 613957538 281566611 628854688
281566611 628854688 281879434 644984367
287130044 613957538 297734475 624671221
259551856 705253722 274583907 759488358
274583907 759488358 294052425 793361667
294052425 793361667 294052425 794846960
294052425 793361667 301014541 793361667
294052425 794846960 297187981 832228959
301014541 793361667 316219954 819939354
316219954 819939354 322580131 861904048
322580131 861904048 327121484 902333758
327121484 902333758 351147962 902333758
351147962 902333758 352496134 904394345
327121484 902333758 327121484 928201697
327121484 928201697 333691909 928201697
327121484 928201697 327121484 940282740
333691909 928201697 381222987 933747760
381222987 933747760 396659892 979558588
327121484 940282740 347868094 989446100
347868094 989446100 347868094 990570044
347868094 989446100 351472028 989446100
276324206 720346650 309120315 759316456
0 392326570 0 465595644
0 465595644 0 485379918
0 485379918 10689266 485379918
0 465595644 20819646 465595644
20819646 465595644 61233253 470755197
61233253 470755197 69558506 474687140
69558506 474687140 71182035 493223634
71182035 493223634 76036737 493223634
76036737 493223634 80004657 496311099
71182035 493223634 71182035 531921731
71182035 531921731 71182035 534101366
71182035 534101366 72596381 534101366
71182035 531921731 73370616 531921731
71182035 534101366 71182035 547356866
72596381 534101366 105348236 535650114
105348236 535650114 105348236 541856963
105348236 535650114 116278559 535650114
80004657 496311099 109053747 515980941
116278559 535650114 139769639 571346157
563066331 394510447 611748627 420318063
611748627 420318063 611748627 427340107
611748627 420318063 622955552 420318063
622955552 420318063 626291352 427514226
626291352 427514226 626291352 442339462
626291352 442339462 662691957 454739346
626291352 427514226 687454973 427514226
687454973 427514226 710253029 432185969
710253029 432185969 710928629 435164205
710928629 435164205 710928629 440222698
710928629 440222698 712797979 440222698
710928629 435164205 745852859 435164205
745852859 435164205 753971784 439857307
753971784 439857307 753971784 447182877
753971784 447182877 754071292 462441810
754071292 462441810 754071292 464073927
754071292 464073927 769482292 469099462
769482292 469099462 769482292 490040777
769482292 469099462 791454033 469099462
791454033 469099462 816654034 471389911
816654034 471389911 845295530 471389911
754071292 462441810 783515581 462441810
845295530 471389911 869223670 478879967
869223670 478879967 869223670 486395252
869223670 478879967 879743937 478879967
879743937 478879967 884516753 484340173
816654034 471389911 816654034 505079759
884516753 484340173 917010212 492600803
917010212 492600803 917010212 504352677
917010212 504352677 917010212 505825556
917010212 504352677 928268746 504352677
928268746 504352677 943613551 507607724
943613551 507607724 943613551 515430409
943613551 515430409 958307014 524118086
958307014 524118086 971927155 524118086
943613551 507607724 969204842 507607724
969204842 507607724 969536929 507607724
969204842 507607724 969204842 511946652
969536929 507607724 975645179 509658281
917010212 492600803 942992361 492600803
958307014 524118086 958307014 562408962
753971784 439857307 801966739 439857307
971927155 524118086 998469559 550957720
710928629 440222698 710928629 494119808
710928629 494119808 712528298 512588117
712528298 512588117 739441185 512588117
211772729 546107916 263134094 570659872
296146359 371655426 329270147 414512969
329270147 414512969 349045421 431063751
349045421 431063751 379815836 450783161
379815836 450783161 381482840 456222101
381482840 456222101 407088855 456645095
139769639 571346157 171926240 616218411
417548686 808970197 427339857 877261473
427339857 877261473 455919884 903142897
240192363 680700729 240192363 760110564
240192363 760110564 240192363 766436631
240192363 760110564 255298172 760110564
255298172 760110564 257876929 784705643
257876929 784705643 258541334 784705643
257876929 784705643 257876929 792295627
257876929 792295627 262809433 794786939
240192363 766436631 247121703 792111747
247121703 792111747 249422815 792111747
247121703 792111747 247121703 810965371
247121703 810965371 258256563 825601286
258256563 825601286 273644426 847849077
273644426 847849077 273644426 858950601
273644426 858950601 281267831 858950601
273644426 847849077 285425951 847849077
273644426 858950601 273644426 891396007
273644426 891396007 274103524 891396007
273644426 891396007 273644426 906120483
273644426 906120483 277867404 914613118
277867404 914613118 282110750 914613118
282110750 914613118 285212255 928959144
285212255 928959144 297551574 928959144
277867404 914613118 277867404 939425601
277867404 939425601 278787261 972049715
278787261 972049715 285212255 972195237
297551574 928959144 313592640 954145201
313592640 954145201 317484288 956654133
317484288 956654133 319859076 962606269
319859076 962606269 377774513 975709044
377774513 975709044 380272528 980896887
583873884 523727403 632997351 554188370
500672770 594068491 526733135 650240658
71182035 547356866 73633253 628921492
73633253 628921492 89295607 646695175
89295607 646695175 90074168 646695175
90074168 646695175 103322760 648603980
103322760 648603980 107318433 657864391
107318433 657864391 119474993 661405891
89295607 646695175 89295607 671459943
89295607 671459943 89879028 701771279
89879028 701771279 99318706 701771279
89879028 701771279 89879028 715824737
89879028 715824737 96464594 715824737
96464594 715824737 96555045 722208789
96555045 722208789 107290413 722208789
96555045 722208789 96555045 738502053
96555045 738502053 97987076 739784304
97987076 739784304 107290413 739784304
107290413 739784304 109680170 740993460
89879028 715824737 89879028 732630617
107290413 722208789 126380721 722208789
126380721 722208789 126781272 726041687
119474993 661405891 138067357 678632799
138067357 678632799 185474054 706441498
185474054 706441498 203408805 744742677
203408805 744742677 205576021 744742677
203408805 744742677 203408805 763481644
203408805 763481644 204732006 763481644
204732006 763481644 206907331 778257587
206907331 778257587 206907331 780637161
206907331 778257587 222746953 778257587
203408805 763481644 203408805 792118470
205576021 744742677 228831526 757108646
108572713 342789228 126508130 411621766
126508130 411621766 147765446 426738870
147765446 426738870 158065415 431479547
30360937 0 118681653 0
118681653 0 118681653 4790218
118681653 0 146616731 0
146616731 0 146616731 2371096
146616731 0 168871960 0
168871960 0 180067559 0
180067559 0 180067559 31939134
180067559 0 216756979 0
216756979 0 230613721 0
230613721 0 253100690 0
253100690 0 253100690 5164240
253100690 0 259919917 0
259919917 0 277906989 0
277906989 0 309206330 0
309206330 0 313141485 0
313141485 0 324643841 0
324643841 0 325221380 0
325221380 0 335133085 0
335133085 0 335133085 6448831
313141485 0 313141485 17666127
313141485 17666127 319885157 26794271
319885157 26794271 319885157 28290763
319885157 28290763 324643841 28290763
319885157 26794271 325221380 26794271
319885157 28290763 319885157 53455571
309206330 0 309206330 26052934
335133085 0 364565604 0
364565604 0 366981577 0
366981577 0 366981577 7840835
277906989 0 277906989 31663620
319885157 53455571 340813023 68304608
340813023 68304608 345415170 69355387
345415170 69355387 358943887 69355387
358943887 69355387 360607271 71358830
360607271 71358830 361808495 81702896
361808495 81702896 361808495 84171192
361808495 81702896 382836948 81702896
366981577 0 403868008 0
403868008 0 431267121 0
431267121 0 434623640 0
431267121 0 431267121 16346727
434623640 0 452279155 0
452279155 0 452279155 16510775
452279155 0 481529875 0
481529875 0 508025552 0
508025552 0 508025552 30253763
403868008 0 403868008 34007643
431267121 16346727 434623640 49170915
259919917 0 259919917 38910073
259919917 38910073 265764419 71410036
168871960 0 168871960 39264171
230613721 0 230613721 41003687
230613721 41003687 235190202 67601036
235190202 67601036 240455491 91062384
324643841 28290763 344665362 50827536
364565604 0 364565604 43624858
481529875 0 481529875 43971002
481529875 43971002 487691812 55399457
487691812 55399457 495657199 66652882
495657199 66652882 496406206 66652882
495657199 66652882 495657199 76824486
495657199 76824486 496277363 105886225
496277363 105886225 500091145 105886225
500091145 105886225 508573295 137596239
508573295 137596239 508573295 165716674
508573295 165716674 535481020 169253343
508573295 137596239 540412265 137596239
535481020 169253343 562140539 177075614
562140539 177075614 570737985 177075614
562140539 177075614 562140539 191695574
562140539 191695574 569875036 210410313
569875036 210410313 589544076 224625649
589544076 224625649 589544076 232006093
589544076 224625649 609032512 224625649
589544076 232006093 594203756 254834762
594203756 254834762 602690049 288115580
602690049 288115580 617094448 314677588
617094448 314677588 653971174 322551566
434623640 49170915 456333910 73464198
456333910 73464198 456333910 76612034
456333910 73464198 481141396 73464198
277906989 31663620 285616974 70303604
216756979 0 216756979 46820169
216756979 46820169 227782029 52068075
361808495 84171192 363401189 130726854
496277363 105886225 496277363 158223418
496277363 158223418 502753456 176610978
118681653 4790218 119952677 56537911
119952677 56537911 119952677 57713966
119952677 56537911 140189492 56537911
119952677 57713966 138464645 63388658
138464645 63388658 154145649 85338631
154145649 85338631 195418088 98697779
195418088 98697779 208847887 114336445
208847887 114336445 208847887 128863436
208847887 128863436 228992526 133611715
208847887 114336445 234854582 114336445
508025552 0 565944161 0
565944161 0 565944161 1389022
565944161 0 571253770 0
571253770 0 604001869 0
604001869 0 613056053 0
613056053 0 629096031 0
629096031 0 634075685 0
634075685 0 634666105 0
634666105 0 635248800 0
635248800 0 643630885 0
643630885 0 647140789 0
647140789 0 647140789 5405615
647140789 0 656760085 0
656760085 0 656877937 0
635248800 0 635248800 11291318
656877937 0 670191119 0
634666105 0 634666105 15826914
656877937 0 656877937 17586720
604001869 0 604001869 21082867
604001869 21082867 609715529 22982098
609715529 22982098 613056053 22982098
613056053 22982098 629096031 36495810
629096031 36495810 634075685 36495810
629096031 36495810 629096031 45819958
634075685 36495810 643630885 40506381
643630885 40506381 645304418 49399079
645304418 49399079 645304418 58260822
645304418 49399079 656760085 49399079
656760085 49399079 659855568 58853575
659855568 58853575 659855568 69288985
659855568 58853575 673253647 58853575
670191119 0 701598719 0
701598719 0 701598719 14750202
656877937 17586720 670191119 36237617
659855568 69288985 666821701 98963830
673253647 58853575 701717094 68685739
701717094 68685739 701717094 88051208
701717094 68685739 724644788 68685739
645304418 58260822 653557081 92692637
701717094 88051208 711870552 124030992
711870552 124030992 729498828 148680213
609715529 22982098 609715529 69826822
724644788 68685739 760927538 83300028
760927538 83300028 775615182 83300028
775615182 83300028 778344963 83300028
778344963 83300028 790416932 87471124
790416932 87471124 810334223 87471124
810334223 87471124 810334223 93606438
810334223 87471124 821968437 87471124
821968437 87471124 822068092 91611115
790416932 87471124 790416932 111257162
790416932 111257162 791067089 120690398
791067089 120690398 810736115 120690398
810736115 120690398 813100097 130565895
813100097 130565895 813100097 136294683
791067089 120690398 791067089 142850169
775615182 83300028 775615182 113148252
775615182 113148252 786328799 120690398
813100097 136294683 818034965 164695218
818034965 164695218 818034965 178326650
818034965 178326650 824505692 178326650
818034965 178326650 818034965 191063392
818034965 191063392 818034965 193448510
818034965 191063392 821922026 191063392
818034965 164695218 837273565 164695218
837273565 164695218 864873945 168252183
824505692 178326650 853792663 186774456
853792663 186774456 858214013 186774456
853792663 186774456 853792663 197808476
853792663 197808476 864006553 214311774
864006553 214311774 864006553 222068552
864006553 222068552 871158522 222068552
871158522 222068552 887869642 227459953
864006553 222068552 864006553 246132096
864006553 214311774 891169255 214311774
864006553 246132096 871301341 274523481
871301341 274523481 871301341 274673431
871301341 274523481 875612084 274523481
875612084 274523481 876147919 290953453
876147919 290953453 876147919 326176057
760927538 83300028 760927538 121041241
864873945 168252183 900588629 179764183
900588629 179764183 900588629 183931390
900588629 179764183 918950179 179764183
918950179 179764183 934427502 188755287
876147919 290953453 927221852 290953453
927221852 290953453 927221852 292998048
927221852 292998048 932750892 296219661
927221852 290953453 951163133 290953453
951163133 290953453 961781826 296328562
961781826 296328562 962404785 296328562
962404785 296328562 962404785 299961695
962404785 299961695 964413907 299961695
964413907 299961695 966406468 306272290
966406468 306272290 966406468 309232612
962404785 299961695 962404785 308497562
962404785 296328562 982302790 296328562
982302790 296328562 991478240 306272290
961781826 296328562 961781826 335361452
961781826 335361452 972193500 361339425
972193500 361339425 988240382 389183095
932750892 296219661 937701873 335889720
937701873 335889720 948089948 335889720
948089948 335889720 958633985 361339425
958633985 361339425 958633985 383721016
937701873 335889720 937701873 373456313
937701873 373456313 941742212 376038846
941742212 376038846 946737008 411578234
946737008 411578234 957463407 431828013
957463407 431828013 964483968 431828013
957463407 431828013 957463407 444390136
957463407 444390136 958889470 466709048
958889470 466709048 973210577 472604973
973210577 472604973 973210577 480070893
973210577 472604973 988305691 472604973
653557081 92692637 665401949 133624282
665401949 133624282 666527267 133948596
666527267 133948596 666527267 168471095
666527267 168471095 666527267 193271611
666527267 193271611 669622482 213480094
669622482 213480094 669622482 230111106
669622482 213480094 698485978 213480094
666527267 168471095 697340293 168471095
669622482 230111106 686791557 244782065
686791557 244782065 692307336 244782065
692307336 244782065 694436662 252449188
694436662 252449188 694436662 271284410
694436662 271284410 717591690 271284410
694436662 252449188 720347842 252449188
720347842 252449188 731508148 254764919
694436662 271284410 694436662 300638298
694436662 300638298 706077464 318318343
706077464 318318343 708482305 331166743
708482305 331166743 721130376 331166743
721130376 331166743 734429209 334318131
734429209 334318131 734429209 339051998
734429209 339051998 735246749 351340480
708482305 331166743 708482305 350004311
734429209 334318131 764093340 334318131
708482305 350004311 711536687 379905012
711536687 379905012 723211485 379905012
711536687 379905012 711536687 398275172
711536687 398275172 741487540 400345854
741487540 400345854 746456538 400345854
741487540 400345854 741487540 423169877
735246749 351340480 760845700 360933247
666527267 133948596 709234393 133948596
764093340 334318131 797620211 346798666
797620211 346798666 812462030 347271158
812462030 347271158 812462030 362550289
812462030 347271158 830398420 347271158
830398420 347271158 831436222 361418568
831436222 361418568 831436222 390490836
831436222 390490836 835554501 390900371
835554501 390900371 862731705 390900371
862731705 390900371 868218216 398849114
868218216 398849114 868218216 407418663
868218216 398849114 879834342 398849114
835554501 390900371 835554501 422169041
835554501 422169041 848732473 425684118
848732473 425684118 852841319 425684118
848732473 425684118 848732473 435242765
831436222 361418568 863212055 361418568
697340293 168471095 715959395 196510241
715959395 196510241 736998776 204647456
736998776 204647456 736998776 223017447
736998776 223017447 738755858 231800382
738755858 231800382 751011380 231800382
738755858 231800382 738755858 244362626
736998776 204647456 773783431 204647456
773783431 204647456 785022167 212717485
785022167 212717485 791632950 219028081
791632950 219028081 796512998 219028081
796512998 219028081 805801961 227673235
791632950 219028081 791632950 240670656
791632950 240670656 797440479 268078629
797440479 268078629 797440479 288310001
797440479 288310001 797440479 304372389
797440479 288310001 823841077 288310001
797440479 268078629 827024365 268078629
717591690 271284410 770038589 272628438
770038589 272628438 776598163 281884043
686791557 244782065 686791557 302366945
540412265 137596239 583425218 152802059
583425218 152802059 588611866 152802059
583425218 152802059 583425218 159042904
588611866 152802059 633539447 154692459
633539447 154692459 651077613 176196317
651077613 176196317 660374183 177346652
660374183 177346652 663203367 187846663
663203367 187846663 663203367 203755588
663203367 187846663 697107082 187846663
345415170 69355387 345415170 128036658
345415170 128036658 356470139 143939468
356470139 143939468 360905953 145039953
360905953 145039953 360905953 166344866
360905953 166344866 384291021 190392360
384291021 190392360 384291021 194784915
384291021 194784915 385481213 194784915
384291021 194784915 384291021 209229683
384291021 190392360 413540561 190392360
413540561 190392360 438298391 191609985
438298391 191609985 448993908 191609985
448993908 191609985 466921012 191609985
466921012 191609985 471981960 191609985
466921012 191609985 466921012 199345201
448993908 191609985 448993908 215409636
448993908 215409636 452425973 235355358
438298391 191609985 438298391 216415446
364565604 43624858 402719852 64285316
234854582 114336445 283989481 124994594
283989481 124994594 287009666 153767091
287009666 153767091 287009666 154909835
287009666 153767091 291677062 153767091
291677062 153767091 293881918 171348474
293881918 171348474 301005875 187999733
301005875 187999733 317556936 206362365
786328799 120690398 786328799 180882048
701598719 14750202 726160206 51936118
726160206 51936118 726160206 52442281
813100097 130565895 875633426 130565895
875633426 130565895 930561221 135873671
930561221 135873671 937345142 140605069
937345142 140605069 950557416 140605069
937345142 140605069 937345142 163456286
937345142 163456286 937345142 166128114
937345142 163456286 940253206 163456286
940253206 163456286 961074036 166242051
961074036 166242051 961074036 168894108
961074036 168894108 981624737 174895496
981624737 174895496 989315384 175798730
961074036 166242051 987918412 166242051
360905953 145039953 424255384 145039953
424255384 145039953 447937942 164184710
447937942 164184710 447937942 171360837
447937942 171360837 448993908 174597609
448993908 174597609 455939727 174597609
447937942 164184710 490806565 164184710
726160206 51936118 791057012 51936118
791057012 51936118 810334223 56693570
810334223 56693570 823886815 56693570
823886815 56693570 831000374 56693570
831000374 56693570 831000374 58825627
823886815 56693570 823886815 67281989
831000374 58825627 848555749 58881078
848555749 58881078 848555749 64704580
848555749 58881078 906621825 58881078
906621825 58881078 910942296 64005230
910942296 64005230 913532114 66464121
913532114 66464121 933753507 66464121
933753507 66464121 939645548 66464121
939645548 66464121 939645548 69279557
933753507 66464121 933753507 83326696
933753507 83326696 971548977 86050642
971548977 86050642 974055930 115457746
913532114 66464121 913532114 111182102
913532114 111182102 916268171 111182102
913532114 111182102 913532114 119172856
939645548 66464121 989027565 66464121
726160206 52442281 784346818 63285964
784346818 63285964 784776274 66238582
363401189 130726854 422144733 141433352
502753456 176610978 530199921 220550278
530199921 220550278 538057126 253593929
538057126 253593929 561364571 274271930
561364571 274271930 584967345 281171096
697107082 187846663 764561376 193775964
764561376 193775964 778565633 204366229
496406206 66652882 562693694 76076693
562693694 76076693 575747399 79577938
575747399 79577938 582720534 79577938
582720534 79577938 582905455 79577938
582720534 79577938 582720534 93109671
575747399 79577938 575747399 107622166
575747399 107622166 608574354 109049330
180067559 31939134 214798903 73662304
214798903 73662304 214972609 73662304
214798903 73662304 214798903 79401181
831000374 56693570 909396759 56693570
909396759 56693570 910888798 93686806
823841077 288310001 856802252 333890066
228992526 133611715 270404531 173733211
270404531 173733211 270404531 175520799
270404531 173733211 278287350 173733211
934427502 188755287 954518858 252863804
954518858 252863804 982302790 288838289
982302790 288838289 991253286 288838289
203408805 792118470 205121536 882185718
452425973 235355358 526680919 253094979
126781272 726041687 167346714 784505970
167346714 784505970 176098499 784505970
167346714 784505970 167346714 795456282
167346714 795456282 176069614 799486353
176069614 799486353 182076482 799486353
176069614 799486353 176069614 815507692
176069614 815507692 194697723 828340596
194697723 828340596 198608872 858907693
198608872 858907693 200381110 858907693
198608872 858907693 198608872 866902061
198608872 866902061 237988274 874346643
237988274 874346643 252857331 913554302
252857331 913554302 264864647 954871652
264864647 954871652 270322457 959665012
218852673 280621052 287870179 311978837
28221667 32039129 86531315 75533169
86531315 75533169 86531315 75959687
86531315 75533169 88348183 75533169
97987076 739784304 97987076 845985023
97987076 845985023 103339470 880836233
103339470 880836233 123058196 880836233
123058196 880836233 123058196 881932560
123058196 881932560 130839813 881932560
130839813 881932560 132087549 883345746
123058196 881932560 123058196 892444693
123058196 880836233 147070398 880836233
147070398 880836233 155638031 889074820
155638031 889074820 155638031 893897099
103339470 880836233 103339470 906301926
123058196 892444693 132927975 912464121
132927975 912464121 142608274 912464121
132927975 912464121 132927975 925619390
132927975 925619390 135180333 944730490
135180333 944730490 139273354 952489581
139273354 952489581 160449932 952489581
139273354 952489581 139273354 975543704
139273354 975543704 145852698 976447300
145852698 976447300 145852698 979069165
155638031 889074820 188184933 889074820
188184933 889074820 189633205 914062641
145852698 976447300 178591678 976447300
178591678 976447300 200189803 985046730
200189803 985046730 200189803 986258909
200189803 985046730 211504661 985046730
142608274 912464121 176371700 914062641
176371700 914062641 176371700 915042940
145852698 979069165 175375004 989152137
155638031 893897099 187530166 908980171
160449932 952489581 197686950 964112691
211504661 985046730 250955895 996186187
109680170 740993460 115769990 843846251
115769990 843846251 141621541 844975964
141621541 844975964 173323968 857525473
701598719 0 815150131 0
815150131 0 819533457 0
819533457 0 821461745 0
821461745 0 823046614 0
823046614 0 823921864 0
823921864 0 825091965 0
825091965 0 830296224 0
821461745 0 821461745 6208552
830296224 0 844358831 0
844358831 0 844358831 9749797
815150131 0 815150131 19068331
815150131 19068331 819533457 24109868
819533457 24109868 819533457 25425899
819533457 24109868 830296224 24109868
819533457 25425899 823046614 34823470
823046614 34823470 823046614 36308842
823046614 36308842 823921864 36308842
823046614 34823470 825091965 34823470
823046614 36308842 823046614 39154072
844358831 0 913635687 0
913635687 0 918386934 0
918386934 0 928130218 0
913635687 0 913635687 12581358
913635687 12581358 918386934 22081475
928130218 0 928130218 18060602
928130218 18060602 939645548 54284537
939645548 54284537 985372472 54284537
0 485379918 0 603204759
0 603204759 0 608796775
0 608796775 0 619237699
0 619237699 2599603 619237699
0 619237699 0 630334700
0 630334700 0 649270052
0 649270052 0 657031372
0 657031372 19644992 657031372
0 630334700 20103258 630334700
0 603204759 23183349 603204759
23183349 603204759 28893432 608796775
20103258 630334700 37799662 636237748
37799662 636237748 37799662 649270052
37799662 636237748 58158356 636237748
0 657031372 0 682163961
0 682163961 0 690796105
0 690796105 0 692277010
0 690796105 34703435 690796105
34703435 690796105 47728084 692277010
47728084 692277010 60844034 707813789
60844034 707813789 76985232 726135288
76985232 726135288 77896640 739152164
77896640 739152164 78681622 739152164
77896640 739152164 77896640 741840637
58158356 636237748 73347359 659255403
37799662 649270052 49680568 682163961
0 692277010 0 738689281
0 738689281 211031 738689281
0 738689281 0 741082624
0 741082624 0 743919795
0 743919795 18065909 743919795
0 741082624 31772139 741082624
0 743919795 0 780290926
0 780290926 4624679 780290926
0 780290926 0 833017206
0 833017206 0 855893004
0 855893004 0 858239900
0 855893004 6981165 855893004
0 858239900 0 865981828
0 865981828 0 881264856
0 881264856 0 912439181
0 833017206 36407282 833017206
36407282 833017206 46502734 845024760
46502734 845024760 46502734 858239900
46502734 858239900 49540049 865981828
49540049 865981828 54458024 869615704
54458024 869615704 54458024 873486249
54458024 869615704 71619643 869615704
46502734 845024760 74834621 845024760
74834621 845024760 84169731 846303242
0 912439181 39231080 912439181
39231080 912439181 39925225 935776268
39925225 935776268 53256202 935776268
53256202 935776268 55121781 935776268
53256202 935776268 53256202 946641011
39925225 935776268 39925225 954303948
53256202 946641011 84477085 955034202
71619643 869615704 83324225 899799002
54458024 873486249 71315142 898981759
0 881264856 43932101 881264856
84477085 955034202 98474450 986593540
4624679 780290926 69540161 814313165
69540161 814313165 152109286 822544300
152109286 822544300 162583502 825601730
