1461
0 0 0 1155440
0 0 12136372 0
12136372 0 12136372 1155440
12136372 0 27641692 0
0 1155440 0 23796308
27641692 0 27641692 23796308
0 23796308 0 51371382
0 51371382 0 57100848
0 57100848 5031310 57100848
0 57100848 0 62771388
0 51371382 8132462 51371382
0 62771388 0 77269480
0 62771388 24621689 62771388
24621689 62771388 47330668 66470674
47330668 66470674 47330668 77269480
47330668 77269480 72715545 88862317
72715545 88862317 72715545 95066570
72715545 88862317 82728748 88862317
82728748 88862317 83858316 97127285
83858316 97127285 83858316 112513622
83858316 112513622 84347230 112513622
83858316 112513622 83858316 138361469
83858316 138361469 112933752 145361149
112933752 145361149 118338615 179017242
118338615 179017242 138317611 179017242
118338615 179017242 118338615 202020188
118338615 202020188 130944920 204380969
130944920 204380969 130944920 241150151
130944920 241150151 131200542 242094024
47330668 66470674 90607891 66470674
130944920 204380969 174588367 204380969
174588367 204380969 174683055 232991611
174683055 232991611 177963833 272843698
177963833 272843698 177963833 275671383
177963833 275671383 199727270 276140465
199727270 276140465 223489657 276140465
177963833 272843698 208941747 272843698
199727270 276140465 199727270 308090596
199727270 308090596 211471373 327408652
211471373 327408652 222699458 329725228
222699458 329725228 227443136 329725228
227443136 329725228 227443136 338390299
222699458 329725228 222699458 339890643
227443136 329725228 248387323 329725228
227443136 338390299 237254976 350223136
237254976 350223136 240069109 350489892
240069109 350489892 254139511 350489892
254139511 350489892 254139511 353630214
254139511 350489892 291519609 350489892
240069109 350489892 240069109 392524372
240069109 392524372 242207700 402919114
242207700 402919114 242207700 419532395
242207700 402919114 286668083 402919114
131200542 242094024 137641611 281393112
137641611 281393112 137641611 299102768
137641611 299102768 137641611 312886409
137641611 312886409 137641611 313852809
137641611 312886409 150332317 312886409
137641611 299102768 154285933 299102768
154285933 299102768 167879687 308090596
167879687 308090596 167879687 308983203
137641611 281393112 161431046 281393112
150332317 312886409 152110324 336625252
242207700 419532395 263119004 444994242
263119004 444994242 273064862 456101292
273064862 456101292 277440494 456101292
277440494 456101292 280535603 460942201
273064862 456101292 273064862 465280418
273064862 465280418 275004011 465280418
273064862 465280418 273064862 469464863
273064862 469464863 285665909 475294089
285665909 475294089 285665909 488219982
285665909 475294089 309501310 475294089
309501310 475294089 309501310 480533131
309501310 475294089 332991587 475294089
332991587 475294089 332991587 478697395
332991587 475294089 336830626 475294089
285665909 488219982 296705060 509452643
296705060 509452643 302520589 516006354
302520589 516006354 302520589 536691859
302520589 516006354 335581866 516006354
335581866 516006354 344118950 520951137
344118950 520951137 385163367 520951137
385163367 520951137 391268686 526608007
336830626 475294089 349869091 503485299
349869091 503485299 350469235 503597971
350469235 503597971 358203986 512601507
358203986 512601507 358203986 514139708
358203986 512601507 375809240 512601507
375809240 512601507 375809240 513133581
375809240 512601507 378411520 512601507
378411520 512601507 379863634 530951610
379863634 530951610 380476749 546359621
380476749 546359621 391268686 571337007
391268686 571337007 394677389 596355110
394677389 596355110 394998257 602891307
358203986 514139708 362621672 549152438
362621672 549152438 362621672 558270666
362621672 549152438 373466864 549152438
362621672 558270666 367593490 570705252
344118950 520951137 344118950 563963875
344118950 563963875 345948448 570705252
345948448 570705252 345948448 603748887
345948448 603748887 354194038 612365183
354194038 612365183 354194038 631794813
354194038 612365183 376080762 612365183
354194038 631794813 366221730 663061165
366221730 663061165 379852046 677116261
379852046 677116261 379852046 696964756
379852046 677116261 415608381 677116261
415608381 677116261 433697183 684795041
433697183 684795041 433697183 691093397
433697183 684795041 449705635 684795041
84347230 112513622 120803754 123477595
120803754 123477595 131015290 123477595
120803754 123477595 120803754 134774270
120803754 134774270 166104042 136220699
166104042 136220699 170804042 139245476
170804042 139245476 170804042 143143950
170804042 143143950 191963364 146408744
170804042 139245476 196498141 139245476
196498141 139245476 196498141 139493099
196498141 139245476 220733220 139245476
191963364 146408744 205357937 164279118
205357937 164279118 205449569 182740452
220733220 139245476 250425172 143618165
152110324 336625252 176775812 362049483
176775812 362049483 183653655 383107653
183653655 383107653 217943727 388709394
217943727 388709394 225914922 392524372
225914922 392524372 225914922 409015584
0 77269480 0 127482854
0 127482854 0 144714664
0 144714664 9757914 144714664
0 127482854 33012441 127482854
0 144714664 0 179656555
0 179656555 148795 179656555
0 179656555 0 190179500
0 190179500 0 210226621
0 210226621 0 216143300
0 216143300 0 222302066
0 222302066 0 243426121
0 243426121 0 246309986
0 243426121 10594423 243426121
0 222302066 25993403 222302066
10594423 243426121 44247712 246309986
0 216143300 39216025 216143300
0 210226621 40857215 210226621
40857215 210226621 68306980 212836142
68306980 212836142 85088667 212836142
68306980 212836142 68306980 244159887
68306980 244159887 94472066 246049458
94472066 246049458 99446924 246049458
99446924 246049458 107038947 258455847
107038947 258455847 121284590 263715690
85088667 212836142 89744571 243274473
94472066 246049458 94472066 282632680
0 190179500 42792400 190179500
42792400 190179500 55315717 202822038
44247712 246309986 51587197 283741938
51587197 283741938 58906157 283741938
51587197 283741938 51587197 336804013
51587197 336804013 57892066 336804013
51587197 336804013 51587197 347980939
205449569 182740452 237641659 205590974
237641659 205590974 247114386 205590974
247114386 205590974 254917134 216865708
254917134 216865708 270235482 216865708
254917134 216865708 254917134 236660999
237641659 205590974 237641659 228543163
237641659 228543163 240861280 233531860
270235482 216865708 286275799 228057367
286275799 228057367 300152982 234131424
300152982 234131424 300152982 259827935
300152982 259827935 315533105 259827935
315533105 259827935 323459868 277178438
323459868 277178438 345544618 277178438
323459868 277178438 323459868 305678622
300152982 259827935 300152982 288412634
300152982 288412634 312216978 297597561
312216978 297597561 313799722 297597561
312216978 297597561 312216978 326484874
312216978 326484874 322135276 333543915
322135276 333543915 322135276 335020249
322135276 335020249 361157524 340851392
361157524 340851392 362937691 340851392
362937691 340851392 367449810 340851392
367449810 340851392 372570115 361138920
372570115 361138920 380970587 361273321
380970587 361273321 397730771 361273321
397730771 361273321 401860977 365066416
401860977 365066416 401860977 370088362
401860977 365066416 407251429 365066416
362937691 340851392 362937691 369197834
380970587 361273321 380970587 391662449
380970587 391662449 397206484 402422158
397206484 402422158 397206484 413435055
397206484 402422158 420178603 402422158
420178603 402422158 421253451 406019057
361157524 340851392 361157524 384163250
345544618 277178438 385074908 284563415
385074908 284563415 385074908 304904891
385074908 284563415 408397571 284563415
408397571 284563415 431942234 290563931
431942234 290563931 431942234 301060639
431942234 290563931 442621736 290563931
385074908 304904891 399108893 320650796
399108893 320650796 399108893 335557189
399108893 335557189 415682444 336910544
399108893 320650796 422706026 320650796
442621736 290563931 467408268 298155627
467408268 298155627 474069840 302940847
474069840 302940847 474069840 325878749
474069840 325878749 482565487 331224037
482565487 331224037 502018213 336339974
502018213 336339974 512976603 336339974
502018213 336339974 502018213 353292640
512976603 336339974 518401371 350352095
518401371 350352095 518401371 366278229
518401371 350352095 544979876 350352095
518401371 366278229 522071408 401471794
502018213 353292640 502155447 396321483
502155447 396321483 502166361 399706708
502166361 399706708 502166361 401235959
502166361 401235959 506906090 423080842
506906090 423080842 509464759 423080842
509464759 423080842 510791344 425357857
510791344 425357857 510791344 443501705
506906090 423080842 506906090 450217018
506906090 450217018 509204339 461813920
509204339 461813920 530434154 461813920
509204339 461813920 509204339 485840132
530434154 461813920 550535458 467326882
550535458 467326882 550535458 469903420
550535458 467326882 572223929 467326882
572223929 467326882 581675970 500336029
510791344 425357857 556983400 425357857
556983400 425357857 577195882 434558493
577195882 434558493 577386690 438243864
577386690 438243864 577386690 443510277
577386690 438243864 612585803 438243864
612585803 438243864 632897768 455269361
632897768 455269361 635644350 455269361
635644350 455269361 645053604 479320654
645053604 479320654 645053604 480732987
645053604 479320654 646659002 479320654
632897768 455269361 632897768 490339488
577386690 443510277 608916830 451230119
322135276 333543915 369263617 333543915
369263617 333543915 388519471 338904684
474069840 302940847 521299012 302940847
521299012 302940847 524110850 302940847
524110850 302940847 526439441 303398050
521299012 302940847 521299012 324973026
502166361 399706708 550350687 399706708
361157524 384163250 369426693 424188789
369426693 424188789 369426693 424423978
369426693 424188789 370567762 424188789
370567762 424188789 374890135 465158438
526439441 303398050 553662115 324686574
544979876 350352095 576946417 367775699
576946417 367775699 586357662 367775699
576946417 367775699 576946417 377363064
576946417 377363064 587069664 398945890
587069664 398945890 587069664 399250302
587069664 398945890 587390007 398945890
587390007 398945890 628626130 399595701
628626130 399595701 634795804 399595701
628626130 399595701 628626130 406546161
634795804 399595701 647255416 400071044
647255416 400071044 667536532 400071044
647255416 400071044 647255416 423856164
421253451 406019057 421253451 456717451
421253451 456717451 421253451 475344355
421253451 456717451 461536172 456717451
461536172 456717451 461774545 469829765
461774545 469829765 462449107 487100261
462449107 487100261 489056555 487100261
462449107 487100261 462449107 526608007
553662115 324686574 591026006 338181282
591026006 338181282 594248630 340297443
594248630 340297443 608058310 343802280
608058310 343802280 612324424 351924851
612324424 351924851 612324424 358536610
612324424 351924851 629125933 351924851
629125933 351924851 633241931 356579052
633241931 356579052 633241931 358194155
633241931 358194155 661309494 363138062
661309494 363138062 661309494 364507676
661309494 363138062 675557319 363138062
421253451 406019057 476544188 406019057
633241931 356579052 688720413 356579052
688720413 356579052 710268232 361705267
710268232 361705267 721292617 361705267
721292617 361705267 745367703 365225911
745367703 365225911 745367703 383901340
745367703 383901340 749864128 410712672
749864128 410712672 758657867 415562787
758657867 415562787 761530289 424890849
761530289 424890849 770452043 424890849
770452043 424890849 798383654 427717483
798383654 427717483 814128020 427717483
814128020 427717483 814128020 432438745
814128020 427717483 832215292 427717483
798383654 427717483 798383654 454418029
798383654 454418029 808816170 470183749
808816170 470183749 811119830 470183749
811119830 470183749 833763777 471575033
833763777 471575033 839199232 480906098
839199232 480906098 839199232 495685474
839199232 480906098 855147779 480906098
855147779 480906098 855147779 486574021
855147779 486574021 860787892 486881205
860787892 486881205 861866719 486881205
855147779 480906098 864653472 480906098
761530289 424890849 761530289 455850144
761530289 455850144 768985956 455850144
768985956 455850144 778515128 470183749
778515128 470183749 778515128 484552541
761530289 455850144 761530289 485879426
761530289 485879426 766976341 489512950
710268232 361705267 710268232 393339644
710268232 393339644 717036688 419825704
717036688 419825704 723543794 424890849
745367703 365225911 779471927 365225911
779471927 365225911 779471927 375526643
779471927 365225911 793911379 365225911
808816170 470183749 808816170 505966349
860787892 486881205 860787892 531645421
300152982 234131424 356501308 234131424
356501308 234131424 385413411 234621078
385413411 234621078 417353739 252549760
417353739 252549760 417353739 261809756
417353739 252549760 432361624 252549760
432361624 252549760 442621736 260086234
442621736 260086234 458184325 260086234
458184325 260086234 496988976 260557677
496988976 260557677 503533554 260557677
496988976 260557677 496988976 283906215
503533554 260557677 544711747 261953109
544711747 261953109 563624499 261953109
544711747 261953109 544711747 287462439
544711747 287462439 544711747 288775718
544711747 287462439 547428320 287462439
563624499 261953109 588114350 272012238
588114350 272012238 634256808 273359329
634256808 273359329 673295172 291995499
673295172 291995499 679898143 303777426
679898143 303777426 683940840 303777426
679898143 303777426 679898143 322135814
679898143 322135814 688720413 332676435
688720413 332676435 703335003 332676435
793911379 365225911 848044981 369046886
848044981 369046886 853289497 369046886
848044981 369046886 848044981 385851674
848044981 385851674 848694243 392744488
848694243 392744488 852125701 417329011
852125701 417329011 852125701 422407058
852125701 417329011 882205152 417329011
882205152 417329011 894815252 439402197
894815252 439402197 923052951 449741585
923052951 449741585 924653780 449741585
924653780 449741585 926726149 449741585
924653780 449741585 924653780 457660230
924653780 457660230 935648581 458159044
935648581 458159044 941556878 458159044
941556878 458159044 941556878 459049379
935648581 458159044 935648581 466736912
941556878 458159044 953598516 458159044
935648581 466736912 943543033 480652182
943543033 480652182 946869861 484015888
946869861 484015888 947501973 484015888
923052951 449741585 923052951 472027628
923052951 472027628 928956498 500419373
928956498 500419373 938748346 534942214
938748346 534942214 946869861 535547273
946869861 535547273 955231443 549099612
955231443 549099612 958502597 549099612
958502597 549099612 985073757 554336839
955231443 549099612 955231443 598967788
853289497 369046886 900700445 375687396
900700445 375687396 938647408 376837939
938647408 376837939 941243723 377749480
941243723 377749480 942468336 377749480
942468336 377749480 942468336 379496553
941243723 377749480 941243723 388826915
941243723 388826915 941556878 400361932
941556878 400361932 971004466 400361932
971004466 400361932 981148182 403534935
981148182 403534935 992928844 403534935
981148182 403534935 981148182 434657662
942468336 377749480 988241241 377749480
942468336 379496553 985457023 385930268
947501973 484015888 977287783 510556141
449705635 684795041 476762914 716555414
476762914 716555414 503006316 716555414
503006316 716555414 518412406 719261755
518412406 719261755 534139143 719261755
518412406 719261755 518412406 757824164
518412406 757824164 530841801 758893716
530841801 758893716 541708540 771086138
541708540 771086138 541708540 785352434
541708540 771086138 560567881 771086138
560567881 771086138 574428235 778569410
574428235 778569410 593059744 780321275
593059744 780321275 600353944 804106161
600353944 804106161 600353944 812524883
600353944 812524883 600353944 821282300
600353944 812524883 611873179 812524883
600353944 821282300 602599719 831351860
602599719 831351860 604944909 844172433
604944909 844172433 604944909 848586715
604944909 844172433 613468243 844172433
604944909 848586715 611663593 858104933
611663593 858104933 620130328 875780361
620130328 875780361 633202390 875780361
633202390 875780361 658047136 879010435
658047136 879010435 667763795 881238149
600353944 804106161 629255815 804106161
629255815 804106161 629255815 805081695
629255815 804106161 659430083 804106161
613468243 844172433 641934657 846242103
667763795 881238149 698773629 881238149
698773629 881238149 698773629 887288604
698773629 887288604 711832926 893939805
698773629 881238149 722297183 881238149
722297183 881238149 743419395 886891000
667763795 881238149 667763795 917673090
667763795 917673090 667763795 926753121
667763795 917673090 689724177 917673090
667763795 926753121 680962597 950921452
680962597 950921452 680962597 955998605
680962597 955998605 685996880 958950392
685996880 958950392 685996880 964536641
680962597 950921452 694469446 950921452
694469446 950921452 724255837 958950392
724255837 958950392 740587692 969379845
620130328 875780361 620130328 920099424
689724177 917673090 730214656 923971648
730214656 923971648 730214656 926678948
730214656 923971648 737361981 923971648
737361981 923971648 740587692 927412876
740587692 927412876 740587692 933477578
740587692 933477578 757526183 933477578
757526183 933477578 760823006 933529357
760823006 933529357 760823006 957130197
760823006 933529357 798138310 933529357
798138310 933529357 801874288 949576806
801874288 949576806 808194889 949576806
801874288 949576806 801874288 960301699
808194889 949576806 812563625 956690091
812563625 956690091 830614966 956690091
812563625 956690091 812563625 974976962
812563625 974976962 817437185 995072777
740587692 927412876 785906878 927412876
760823006 957130197 793748575 973966136
476762914 716555414 476762914 767072211
785906878 927412876 837790059 930195111
837790059 930195111 843715465 931277972
843715465 931277972 854502478 943976194
854502478 943976194 894167656 953436088
894167656 953436088 894557933 953436088
894167656 953436088 894167656 957345570
894557933 953436088 907538891 955866524
907538891 955866524 907538891 991623451
907538891 991623451 913653774 996139026
907538891 955866524 952138526 955866524
743419395 886891000 793283097 891895939
793283097 891895939 799764139 896110963
799764139 896110963 819738204 896134943
819738204 896134943 846304938 920747647
846304938 920747647 856026993 929074475
685996880 964536641 719559475 986739995
719559475 986739995 723238347 986739995
719559475 986739995 719559475 992143527
534139143 719261755 564394443 747391886
462449107 526608007 470722668 577342315
470722668 577342315 479628121 602182869
479628121 602182869 479628121 608873101
479628121 608873101 490728313 608873101
479628121 608873101 479628121 624254933
479628121 602182869 500591858 602182869
500591858 602182869 528936145 606331861
528936145 606331861 528936145 619797240
528936145 619797240 534139143 626703246
534139143 626703246 544340044 626703246
528936145 606331861 554437723 606331861
554437723 606331861 554805562 606331861
554805562 606331861 562627363 607862188
562627363 607862188 562627363 609551172
554437723 606331861 554437723 617374445
562627363 607862188 576695634 607862188
544340044 626703246 544340044 658923090
544340044 658923090 565850432 662188128
534139143 626703246 534139143 662188128
576695634 607862188 593663861 626703246
593663861 626703246 637951927 627453690
637951927 627453690 637951927 629733780
637951927 627453690 659976116 627453690
659976116 627453690 672804666 642308103
637951927 629733780 656613336 642308103
656613336 642308103 656613336 676055588
656613336 676055588 663309988 676055588
663309988 676055588 667381696 676055588
656613336 676055588 656613336 693011908
656613336 693011908 663309988 695451306
672804666 642308103 700547434 649941957
700547434 649941957 724113906 657780549
724113906 657780549 747072074 661967691
747072074 661967691 747544907 670552725
747544907 670552725 762864902 693160227
762864902 693160227 762864902 712814917
762864902 712814917 766485250 728566438
766485250 728566438 785867232 728566438
785867232 728566438 785867232 739773029
785867232 728566438 797097813 728566438
762864902 693160227 785701710 693160227
766485250 728566438 766485250 754054439
766485250 754054439 773378317 771831364
773378317 771831364 773378317 777059523
773378317 771831364 790886447 771831364
797097813 728566438 820453066 738341588
820453066 738341588 825050193 745712192
825050193 745712192 825050193 747763385
825050193 745712192 833545232 745712192
833545232 745712192 840439591 751632808
790886447 771831364 809023809 792955544
809023809 792955544 815001655 805672599
815001655 805672599 840267745 805672599
840267745 805672599 844784094 827486319
815001655 805672599 815001655 834003149
815001655 834003149 815001655 834285449
815001655 834285449 815001655 834390921
815001655 834390921 817687988 835140778
815001655 834285449 818853260 834285449
817687988 835140778 817687988 848715882
818853260 834285449 831715165 835140778
815001655 834003149 839061250 834003149
831715165 835140778 834358435 871120862
840439591 751632808 849574992 782087262
849574992 782087262 849574992 785946319
849574992 782087262 869655100 782087262
869655100 782087262 877274869 794614132
877274869 794614132 885264545 800333499
885264545 800333499 885264545 829288645
885264545 829288645 885264545 840486171
885264545 840486171 889943824 847908903
889943824 847908903 889943824 859636819
889943824 859636819 890758707 859636819
890758707 859636819 890758707 860197557
890758707 859636819 899240472 859636819
889943824 847908903 908546437 847908903
908546437 847908903 908546437 853219594
908546437 847908903 915249292 847908903
915249292 847908903 925446158 865544923
925446158 865544923 925446158 880439814
925446158 880439814 925446158 883797012
925446158 880439814 929054992 880439814
925446158 865544923 948662058 865544923
948662058 865544923 948662058 872866598
948662058 872866598 950301887 873312498
948662058 865544923 959347134 865544923
959347134 865544923 970003345 882924807
970003345 882924807 999931736 882924807
899240472 859636819 903947352 890910556
903947352 890910556 912091468 901213838
885264545 829288645 923034157 829288645
889943824 859636819 889943824 898085264
908546437 853219594 912436667 888062417
885264545 800333499 928718303 800333499
928718303 800333499 928718303 814719676
928718303 800333499 944882012 800333499
944882012 800333499 952560197 805661109
952560197 805661109 955702617 841143177
663309988 695451306 683647859 722288846
683647859 722288846 690031074 722492440
690031074 722492440 710029271 734844974
710029271 734844974 735592960 734844974
735592960 734844974 739492585 737126488
739492585 737126488 743505352 765055238
743505352 765055238 757008167 789346548
757008167 789346548 760671927 789346548
757008167 789346548 757008167 802350596
757008167 802350596 760483189 818252930
760483189 818252930 786750479 818252930
786750479 818252930 796787768 819849686
796787768 819849686 802861445 819849686
796787768 819849686 796787768 830837669
760483189 818252930 760483189 845396530
760483189 845396530 760483189 845724927
760483189 845396530 768754127 845396530
768754127 845396530 781296911 850912565
710029271 734844974 710029271 774178701
479628121 624254933 507867730 651899292
507867730 651899292 507867730 653425719
507867730 651899292 517733996 651899292
507867730 653425719 514164297 659348925
565850432 662188128 572444117 715008518
572444117 715008518 585382092 740999291
585382092 740999291 585382092 744221598
585382092 744221598 585382092 745532257
585382092 744221598 596615500 744221598
723543794 424890849 723543794 486137268
723543794 486137268 732957490 522645450
732957490 522645450 732957490 533497479
732957490 533497479 735604589 541968740
735604589 541968740 735604589 545136565
735604589 545136565 736398244 547713164
736398244 547713164 745342894 547713164
735604589 541968740 750736762 541968740
732957490 522645450 749818051 522645450
736398244 547713164 736398244 582558220
736398244 582558220 738339983 582558220
736398244 582558220 736398244 605825278
736398244 605825278 736911984 611468218
745342894 547713164 779313137 557378952
779313137 557378952 779313137 567313704
779313137 567313704 782792466 572447544
782792466 572447544 782792466 590212307
782792466 590212307 783935582 590212307
782792466 590212307 782792466 592539432
782792466 572447544 805236751 572447544
779313137 557378952 807791578 557378952
807791578 557378952 827527153 570277645
58906157 283741938 89057897 315010753
89057897 315010753 91626818 330143382
91626818 330143382 91626818 332961431
91626818 330143382 126905661 330143382
126905661 330143382 131981455 331813744
131981455 331813744 141645549 361297242
141645549 361297242 147180931 361297242
141645549 361297242 141645549 371625319
141645549 371625319 144029197 376558518
970003345 882924807 970003345 944866567
955231443 598967788 970734644 645943862
323459868 305678622 372074197 320557338
585382092 740999291 649433073 740999291
394998257 602891307 459138160 603830521
459138160 603830521 465446886 605159081
465446886 605159081 468904658 605159081
465446886 605159081 465446886 649382433
51587197 347980939 71443566 393286126
71443566 393286126 72609843 395646577
72609843 395646577 83694081 437290620
83694081 437290620 83694081 441921102
83694081 441921102 84560772 442829571
84560772 442829571 87739859 452656062
87739859 452656062 107324364 452656062
107324364 452656062 108553479 462681262
108553479 462681262 108553479 462948189
108553479 462948189 115794526 477410596
115794526 477410596 116002071 486266616
116002071 486266616 116002071 496162921
116002071 496162921 119852613 510014665
119852613 510014665 119852613 532094403
119852613 510014665 145989131 510014665
145989131 510014665 159623585 512524606
159623585 512524606 165275299 512524606
165275299 512524606 165275299 513930585
165275299 513930585 168045513 513930585
165275299 513930585 165275299 528903060
165275299 528903060 168919295 534961441
168919295 534961441 168919295 540133845
165275299 512524606 186507995 512524606
87739859 452656062 87739859 480000187
168919295 534961441 197780112 534961441
197780112 534961441 200421992 543330557
200421992 543330557 207023252 543330557
207023252 543330557 214137596 558416026
87739859 480000187 99603839 497198384
159623585 512524606 159623585 542857172
214137596 558416026 241441971 565222669
241441971 565222669 253769705 570472311
253769705 570472311 268606376 570472311
268606376 570472311 275194519 592389063
275194519 592389063 291139656 595236217
291139656 595236217 320749030 595236217
320749030 595236217 336140557 603507820
336140557 603507820 343847690 622048749
253769705 570472311 253769705 600762564
291139656 595236217 291139656 634383805
291139656 634383805 291767186 638081708
291767186 638081708 291767186 645616231
291767186 638081708 303425401 638081708
291767186 645616231 293518916 669212078
293518916 669212078 301454843 698591865
301454843 698591865 312874570 724645687
312874570 724645687 317300733 726112889
317300733 726112889 335783363 726112889
335783363 726112889 335783363 742707847
335783363 726112889 359336056 726112889
359336056 726112889 361208165 726112889
359336056 726112889 359336056 729484841
359336056 729484841 377868266 729712911
317300733 726112889 317300733 753869403
317300733 753869403 331594272 770158738
331594272 770158738 337579563 772174466
337579563 772174466 367525599 772174466
367525599 772174466 370305658 779414838
370305658 779414838 370305658 791052034
370305658 791052034 372297856 814107341
337579563 772174466 337579563 818712125
337579563 818712125 341102591 829401394
341102591 829401394 355789712 829401394
341102591 829401394 341102591 861043446
341102591 861043446 352106475 861043446
352106475 861043446 354187387 865368474
354187387 865368474 354187387 865595757
354187387 865595757 366998840 877011916
366998840 877011916 366998840 889504344
366998840 889504344 366998840 891682851
366998840 889504344 377362499 889504344
366998840 877011916 398418445 877011916
341102591 861043446 341102591 894584567
341102591 894584567 350551786 901289792
350551786 901289792 361451165 935692322
361451165 935692322 386088649 943588758
200421992 543330557 200421992 591424922
200421992 591424922 204309278 605972505
204309278 605972505 228814048 605972505
228814048 605972505 229305836 650160010
229305836 650160010 229305836 653893284
229305836 650160010 252374511 650160010
252374511 650160010 259918522 673934178
259918522 673934178 280854536 683564121
229305836 653893284 246297672 689381308
246297672 689381308 249926212 689381308
246297672 689381308 246297672 717068522
246297672 717068522 247322899 743889643
247322899 743889643 247322899 748493391
247322899 748493391 252395605 755025426
252395605 755025426 256051199 764479831
256051199 764479831 258515639 777853258
247322899 743889643 270279813 743889643
270279813 743889643 276705753 747877383
276705753 747877383 291544487 748928949
258515639 777853258 258515639 814791478
258515639 814791478 269361746 826467117
269361746 826467117 275223860 826467117
291544487 748928949 301671578 777853258
372297856 814107341 415165604 825175970
415165604 825175970 420189462 835718096
420189462 835718096 420189462 836179670
420189462 836179670 423440110 839785396
423440110 839785396 423440110 841955149
423440110 839785396 431330116 839785396
431330116 839785396 431330116 841365176
431330116 839785396 448740802 839785396
420189462 835718096 457046259 835718096
457046259 835718096 459727150 835921328
459727150 835921328 489010927 835921328
489010927 835921328 500507403 850162802
500507403 850162802 500507403 851259186
500507403 851259186 500971543 851259186
500507403 851259186 500507403 855784584
500507403 850162802 518974030 850162802
500507403 855784584 502552669 874481372
502552669 874481372 502552669 880172228
502552669 880172228 506833909 883652784
502552669 874481372 511445432 874481372
506833909 883652784 520503013 883652784
520503013 883652784 523296611 883652784
520503013 883652784 520503013 895479314
520503013 895479314 521046962 895479314
520503013 895479314 520503013 908449338
521046962 895479314 536234738 908418261
518974030 850162802 536094922 862098028
536094922 862098028 541241140 862098028
536094922 862098028 536094922 872273329
536094922 872273329 549513997 886492806
549513997 886492806 563205427 888301352
563205427 888301352 568935105 912255593
568935105 912255593 583009889 912255593
583009889 912255593 588462936 924961214
506833909 883652784 506833909 916429087
568935105 912255593 568935105 951715503
568935105 951715503 577570188 951715503
568935105 951715503 568935105 984747656
204309278 605972505 204309278 660480693
459727150 835921328 459727150 890930684
459727150 890930684 476946299 904579439
354187387 865368474 409577249 865368474
386088649 943588758 422035478 963079875
422035478 963079875 440403555 967815366
440403555 967815366 440403555 971491600
440403555 967815366 461062978 967815366
461062978 967815366 464894413 985358539
464894413 985358539 479901337 988719347
479901337 988719347 479901337 998687661
440403555 971491600 458748541 985358539
458748541 985358539 458748541 997921123
479901337 988719347 525385628 988719347
83694081 437290620 140766868 437290620
140766868 437290620 166995027 450595268
166995027 450595268 175930429 450595268
166995027 450595268 166995027 462681262
166995027 462681262 174748139 482796713
174748139 482796713 175930429 482796713
174748139 482796713 174748139 486266616
175930429 450595268 205368865 450595268
175930429 482796713 231095048 484438579
231095048 484438579 236732756 484438579
236732756 484438579 242329031 496043321
231095048 484438579 231095048 506380776
242329031 496043321 261130534 505598382
303425401 638081708 341842657 661227544
341842657 661227544 358504543 683049702
398418445 877011916 420099663 917382263
261130534 505598382 278543806 551926495
223489657 276140465 262469767 302560728
262469767 302560728 268073313 312082536
782792466 592539432 784054915 657019083
784054915 657019083 792845105 657231794
792845105 657231794 810279698 658941866
250425172 143618165 302300908 157528793
302300908 157528793 320578394 172024270
736911984 611468218 766688979 648351173
766688979 648351173 809757004 651894848
27641692 0 95355738 0
95355738 0 95355738 4269288
95355738 0 104456533 0
104456533 0 105423096 0
105423096 0 109830334 0
109830334 0 109830334 5215147
105423096 0 105423096 34797073
104456533 0 104456533 43691662
109830334 0 175191546 0
175191546 0 175191546 8589796
148795 179656555 59362603 189708331
280854536 683564121 291544487 742448251
291544487 742448251 296760201 742448251
83858316 97127285 154029520 97127285
175191546 0 245404328 0
245404328 0 250675947 0
250675947 0 254249643 0
250675947 0 250675947 9206228
250675947 9206228 254249643 14274066
254249643 0 286681114 0
245404328 0 245404328 32871943
245404328 32871943 250190078 72128911
250190078 72128911 252845348 82168660
252845348 82168660 254263767 82168660
254263767 82168660 260783281 115219380
260783281 115219380 278494418 116599251
278494418 116599251 278494418 120313154
278494418 120313154 285625137 133635333
285625137 133635333 285625137 134894875
285625137 133635333 299317912 133635333
299317912 133635333 301588718 140868541
278494418 116599251 308490933 116599251
301588718 140868541 321703248 156436329
321703248 156436329 358148467 160351633
358148467 160351633 372306561 160351633
372306561 160351633 394863875 164040327
394863875 164040327 394863875 186822332
252845348 82168660 252845348 124684439
394863875 164040327 438892102 164040327
438892102 164040327 439796437 168432044
439796437 168432044 439796437 175455155
439796437 175455155 441472432 175455155
439796437 175455155 439796437 184548871
439796437 168432044 461194099 168432044
461194099 168432044 468752889 169964528
468752889 169964528 468752889 171622915
468752889 171622915 469795649 180544389
469795649 180544389 472132267 180544389
472132267 180544389 472638624 186348679
468752889 169964528 488910560 169964528
488910560 169964528 507087859 173633372
507087859 173633372 507087859 186539233
439796437 184548871 441493318 216115148
441493318 216115148 442621736 216939256
442621736 216939256 442621736 224454430
442621736 224454430 443168838 224454430
442621736 216939256 457126736 216939256
457126736 216939256 458184325 250405198
458184325 250405198 459530691 250405198
469795649 180544389 469795649 215131091
469795649 215131091 484920705 224587518
484920705 224587518 484920705 225944834
484920705 224587518 487818406 224587518
484920705 225944834 486500538 248645911
486500538 248645911 496988976 252889768
496988976 252889768 503533554 252889768
503533554 252889768 530881008 252889768
286681114 0 286681114 44142498
286681114 44142498 295250335 52896475
295250335 52896475 296157356 54021901
296157356 54021901 296157356 63550050
296157356 63550050 301775069 72303034
296157356 54021901 313292855 54021901
301775069 72303034 318115862 74691410
318115862 74691410 328143696 74691410
318115862 74691410 318115862 87473738
308490933 116599251 349176088 121166078
349176088 121166078 353026790 124706424
353026790 124706424 356757984 126202327
356757984 126202327 356757984 134370142
356757984 134370142 359036197 134370142
356757984 134370142 356757984 146583666
356757984 126202327 372169600 126202327
358148467 160351633 358148467 207418832
358148467 207418832 387420819 208756684
507087859 173633372 555764436 173633372
555764436 173633372 581125667 181855603
581125667 181855603 583982842 181855603
583982842 181855603 583982842 196450563
583982842 181855603 608204347 181855603
608204347 181855603 608204347 186283621
608204347 186283621 611386485 187777524
611386485 187777524 611637449 187777524
611386485 187777524 611386485 196513360
608204347 181855603 619834675 181855603
611386485 196513360 615357643 210814660
615357643 210814660 615357643 238794723
615357643 238794723 626332268 238794723
626332268 238794723 626332268 241604127
626332268 238794723 641135797 238794723
615357643 238794723 615357643 260804262
615357643 260804262 620996430 266325661
615357643 210814660 645679618 210814660
641135797 238794723 659824700 256908125
659824700 256908125 659824700 264475645
659824700 256908125 678705322 256908125
678705322 256908125 704921622 274577205
704921622 274577205 709796200 286425112
709796200 286425112 740765791 297544188
740765791 297544188 749458895 309415802
749458895 309415802 749458895 311682510
749458895 309415802 759553254 309415802
759553254 309415802 766102032 310651624
766102032 310651624 773710388 334025447
619834675 181855603 654727897 193783870
654727897 193783870 693631053 196547111
693631053 196547111 693631053 197170516
693631053 196547111 705230032 196547111
705230032 196547111 723148571 196846156
723148571 196846156 734323434 209912732
734323434 209912732 734323434 228078415
734323434 228078415 751249666 239776475
751249666 239776475 763824349 239776475
763824349 239776475 764898608 239776475
763824349 239776475 763824349 248546282
751249666 239776475 751249666 264500788
751249666 264500788 758629719 281802788
734323434 209912732 763742444 209912732
763742444 209912732 763742444 223440792
763742444 209912732 780015424 209912732
780015424 209912732 791898271 212244774
791898271 212244774 798674522 223927347
798674522 223927347 798674522 232774143
798674522 232774143 813556227 237505193
813556227 237505193 813556227 260806092
813556227 260806092 830259516 269996705
813556227 237505193 842176070 237505193
798674522 223927347 831935253 223927347
842176070 237505193 871655287 245954685
871655287 245954685 903394807 260940677
903394807 260940677 908002988 264826528
908002988 264826528 930281788 264826528
930281788 264826528 944347573 273753194
944347573 273753194 944347573 288284162
908002988 264826528 908002988 301839338
908002988 301839338 911468079 301839338
908002988 301839338 908002988 330537933
908002988 330537933 935540788 334581168
944347573 288284162 970459042 302084368
970459042 302084368 971113259 322911826
971113259 322911826 974811272 322911826
974811272 322911826 974811272 326584332
974811272 322911826 979018543 322911826
971113259 322911826 971113259 334475236
944347573 273753194 986587334 273753194
935540788 334581168 954054376 360298780
286681114 0 335951089 0
335951089 0 335951089 3833072
387420819 208756684 430693113 216115148
430693113 216115148 430693113 217271463
430693113 217271463 432361624 224454430
693631053 197170516 704797230 239674966
335951089 0 391428383 0
391428383 0 391858085 0
391858085 0 391858085 6997540
391858085 0 406695583 0
406695583 0 415788104 0
415788104 0 418285341 0
418285341 0 418285341 15898973
418285341 0 446522357 0
446522357 0 456453416 0
456453416 0 461254998 0
461254998 0 461254998 4575220
461254998 0 471916429 0
471916429 0 471916429 6370402
456453416 0 456453416 19051323
391428383 0 391428383 29129539
391428383 29129539 401282477 37067679
401282477 37067679 406695583 37067679
406695583 37067679 415788104 45255843
401282477 37067679 401282477 61101400
471916429 0 504117023 0
504117023 0 504117023 8464273
446522357 0 446522357 32407206
446522357 32407206 447770550 63544409
447770550 63544409 480917839 76865682
480917839 76865682 489450992 122908290
489450992 122908290 509132822 140775722
504117023 0 559192744 0
559192744 0 563234250 0
563234250 0 565895031 0
565895031 0 567158393 0
563234250 0 563234250 9398491
563234250 9398491 567158393 15043396
559192744 0 559192744 24911863
559192744 24911863 565895031 39405184
565895031 39405184 583651336 60763939
583651336 60763939 587907196 69844727
587907196 69844727 629331901 69844727
629331901 69844727 635524317 69844727
629331901 69844727 629331901 84795376
587907196 69844727 587907196 112636502
587907196 112636502 610740657 112636502
587907196 112636502 587907196 136652321
610740657 112636502 652385295 127206811
652385295 127206811 654727897 144059635
654727897 144059635 655137705 144059635
401282477 61101400 439704920 79716069
439704920 79716069 444411741 87731052
444411741 87731052 444411741 117168879
444411741 117168879 444411741 123532655
444411741 123532655 446197790 123532655
446197790 123532655 446767025 127218060
444411741 117168879 455702662 117168879
444411741 123532655 444411741 144217010
444411741 144217010 445157233 159673952
446767025 127218060 464385524 131418353
464385524 131418353 464385524 138291552
464385524 138291552 468752889 155194349
468752889 155194349 484415768 155194349
464385524 131418353 489063005 131418353
444411741 87731052 480108790 87731052
480108790 87731052 513211167 107382730
513211167 107382730 513211167 108253019
513211167 107382730 524649159 107382730
581125667 181855603 581125667 240451475
524649159 107382730 557448293 138586159
830259516 269996705 861742002 307426105
861742002 307426105 869859087 307426105
861742002 307426105 861742002 323035190
861742002 323035190 872473724 344069827
629331901 84795376 690506264 93688199
690506264 93688199 710592585 93688199
690506264 93688199 690506264 120256389
690506264 120256389 690506264 121905854
690506264 120256389 708726128 120256389
710592585 93688199 754651624 94991883
754651624 94991883 759330714 94991883
754651624 94991883 754651624 103019650
759330714 94991883 772515742 99187173
772515742 99187173 778446509 111037940
778446509 111037940 779148420 113395739
779148420 113395739 785645316 113402418
785645316 113402418 806475126 113402418
806475126 113402418 806475126 118988961
806475126 118988961 806475126 133629388
806475126 118988961 826616839 118988961
826616839 118988961 830765406 123323088
785645316 113402418 785645316 136067052
785645316 136067052 792692859 146412982
806475126 133629388 808757581 165733309
808757581 165733309 817187228 169508291
817187228 169508291 843611983 169508291
843611983 169508291 852111337 169508291
843611983 169508291 843611983 179091291
843611983 179091291 845854929 185502202
845854929 185502202 845854929 205373415
845854929 185502202 866047804 185502202
866047804 185502202 882674419 197654701
882674419 197654701 883148566 215929625
817187228 169508291 817187228 206689573
806475126 113402418 844446850 113402418
844446850 113402418 853011134 117733266
853011134 117733266 868931342 117733266
853011134 117733266 853011134 140910388
853011134 140910388 853011134 149436410
853011134 140910388 871349381 140910388
868931342 117733266 894820834 122751713
894820834 122751713 907150131 122751713
894820834 122751713 894820834 137814723
871349381 140910388 889783960 159264548
907150131 122751713 939806084 128480180
939806084 128480180 944875375 140376920
944875375 140376920 969003932 140408028
969003932 140408028 969003932 153893036
969003932 140408028 984884797 140408028
984884797 140408028 988164073 140408028
984884797 140408028 984884797 152380134
889783960 159264548 908145877 179495093
908145877 179495093 912260490 183795717
883148566 215929625 912431994 237791758
912431994 237791758 941962713 238039252
941962713 238039252 952601665 253557675
894820834 137814723 932604686 156882219
827527153 570277645 880041640 588614154
880041640 588614154 883075493 588614154
883075493 588614154 895140785 593448572
895140785 593448572 897799959 610524270
897799959 610524270 903079269 634354572
903079269 634354572 903079269 656053250
903079269 656053250 903079269 665858645
903079269 656053250 925020675 656053250
903079269 665858645 906794868 700017094
906794868 700017094 922303087 700017094
906794868 700017094 906794868 726432983
906794868 726432983 927943454 726538983
927943454 726538983 937045887 728652899
937045887 728652899 958628554 728652899
958628554 728652899 960776108 732310933
937045887 728652899 937045887 766569340
903079269 634354572 944969703 634354572
944969703 634354572 951486142 655910692
951486142 655910692 952092215 689078765
937045887 766569340 980664249 771046676
980664249 771046676 981093374 773799355
981093374 773799355 981093374 783033813
981093374 773799355 993510323 773799355
925020675 656053250 941475838 689882779
880041640 588614154 880041640 645512535
981093374 783033813 984604708 840168253
984604708 840168253 984604708 840965403
984604708 840168253 993275926 840168253
144029197 376558518 168852875 423457643
372169600 126202327 432439252 139137333
646659002 479320654 652769734 547776797
652769734 547776797 661469137 547776797
661469137 547776797 670053034 551033683
670053034 551033683 674534485 553964850
674534485 553964850 674534485 567086105
652769734 547776797 652769734 564950774
674534485 553964850 696835926 553964850
696835926 553964850 706576519 579348463
706576519 579348463 707025758 590958601
707025758 590958601 708739662 596294455
708739662 596294455 715215076 599508849
674534485 567086105 679131658 607880464
679131658 607880464 681443270 607880464
679131658 607880464 679131658 611678799
679131658 611678799 702527763 620670235
702527763 620670235 725273938 638071162
725273938 638071162 736249277 645754857
567158393 0 643814810 0
643814810 0 654497747 0
643814810 0 643814810 13298918
654497747 0 673262169 0
673262169 0 674649074 0
674649074 0 682365295 0
682365295 0 682365295 10196343
682365295 0 693872803 0
693872803 0 716332422 0
716332422 0 716332422 16383877
643814810 13298918 654497747 28171868
654497747 28171868 673262169 36957445
673262169 36957445 674649074 36957445
673262169 36957445 673262169 41151851
674649074 36957445 676610979 40854373
676610979 40854373 693872803 40854373
676610979 40854373 676610979 59568328
716332422 0 755828553 0
755828553 0 775224294 0
775224294 0 787800312 0
787800312 0 798824673 0
798824673 0 810790223 0
810790223 0 832482535 0
832482535 0 833142843 0
833142843 0 837760040 0
837760040 0 837760040 1608437
837760040 0 846088751 0
846088751 0 848155542 0
848155542 0 862609438 0
862609438 0 864574543 0
864574543 0 864574543 14605349
832482535 0 832482535 17773809
832482535 17773809 833142843 30220499
833142843 30220499 846088751 33633772
846088751 33633772 848155542 44498319
862609438 0 862609438 19552837
864574543 0 885235881 0
885235881 0 885235881 9417049
885235881 0 895136758 0
895136758 0 896229918 0
896229918 0 903421955 0
903421955 0 925688770 0
925688770 0 926972634 0
895136758 0 895136758 24406469
895136758 24406469 903421955 29773571
903421955 29773571 925688770 31186975
925688770 31186975 926972634 31186975
925688770 31186975 925688770 40906739
810790223 0 810790223 27221545
925688770 40906739 954619887 44660361
954619887 44660361 960296945 44660361
954619887 44660361 954619887 60703335
926972634 0 958377688 3517545
958377688 3517545 974893307 13643615
787800312 0 787800312 38446967
787800312 38446967 798824673 42913619
755828553 0 755828553 39640600
755828553 39640600 765147059 46847834
765147059 46847834 775224294 46847834
765147059 46847834 765147059 62122195
765147059 62122195 778718729 85533265
798824673 42913619 816594601 67335647
816594601 67335647 833955558 86867405
833955558 86867405 842367226 88960214
842367226 88960214 842367226 107089445
842367226 88960214 882779612 88960214
882779612 88960214 902750809 97964513
954619887 60703335 989329907 69617784
989329907 69617784 991299913 69617784
989329907 69617784 989329907 97081935
693872803 40854373 725963354 52869650
725963354 52869650 749412850 64319791
902750809 97964513 933724072 118329236
676610979 59568328 719509549 91439367
719509549 91439367 749041680 115268683
749041680 115268683 753443472 160687200
753443472 160687200 764476585 160687200
753443472 160687200 753443472 176025899
286668083 402919114 329717560 438160911
329717560 438160911 355408944 461280716
476762914 767072211 501972146 821627705
159623585 542857172 166967625 616128752
166967625 616128752 171046605 656900194
171046605 656900194 191595136 674131094
191595136 674131094 196259162 674131094
191595136 674131094 191595136 743453282
191595136 743453282 211308122 782101825
211308122 782101825 212548609 782101825
211308122 782101825 211308122 808084621
212548609 782101825 225759009 796704432
225759009 796704432 236620488 826203661
211308122 808084621 224620221 838227122
860787892 531645421 911577508 561716357
504117023 8464273 521145733 74063893
521145733 74063893 555665270 77614514
275223860 826467117 289170558 895344460
289170558 895344460 289170558 916611008
289170558 895344460 312703806 895344460
312703806 895344460 317459301 912527263
317459301 912527263 330391059 932932838
289170558 916611008 295599672 944901551
295599672 944901551 297165798 944901551
295599672 944901551 295599672 977545702
295599672 977545702 319496568 987022973
154029520 97127285 230173411 104144545
370305658 779414838 454530372 779414838
454530372 779414838 454530372 785382202
454530372 779414838 470351607 779414838
581675970 500336029 583014943 584675783
641934657 846242103 722287662 851979493
722287662 851979493 728918156 858691380
647255416 423856164 704965445 452332965
704965445 452332965 715720273 479254248
715720273 479254248 718513443 541035695
583014943 584675783 651865150 602129012
269361746 826467117 269361746 914938407
269361746 914938407 274712544 928907861
274712544 928907861 277146627 992142945
550535458 469903420 563064759 549836360
563064759 549836360 592995467 581954424
175191546 8589796 219169823 57185762
219169823 57185762 219169823 59703454
219169823 57185762 231521857 57185762
785701710 693160227 863334267 710932216
863334267 710932216 863334267 713626903
863334267 710932216 872677158 710932216
872677158 710932216 885191601 731073742
119852613 532094403 143666151 616764287
0 246309986 0 362076806
0 362076806 0 365734011
0 362076806 6890004 362076806
0 365734011 0 382254940
0 382254940 0 385686932
0 385686932 0 391534381
6890004 362076806 20862799 365734011
20862799 365734011 32577195 382254940
32577195 382254940 39779995 385686932
0 391534381 32311850 391534381
0 391534381 0 425103047
0 425103047 0 445511737
0 445511737 1311516 445511737
0 425103047 26038361 425103047
0 445511737 0 483682335
0 483682335 0 484062764
0 484062764 16546820 484062764
0 483682335 16820405 483682335
0 484062764 0 504292494
0 504292494 3315095 504292494
0 504292494 0 540057858
0 540057858 0 551342932
0 551342932 7244151 551342932
0 551342932 0 559497566
0 559497566 0 562092194
0 562092194 0 562542835
0 562542835 7482306 562542835
0 562092194 11222259 562092194
0 562542835 0 579649058
0 579649058 0 590759835
0 590759835 0 596857636
0 579649058 15040072 579649058
0 596857636 21198620 596857636
0 596857636 0 626281950
0 626281950 0 629407373
0 626281950 17769577 626281950
0 629407373 0 648652869
0 648652869 0 649013599
0 649013599 0 660545456
0 660545456 0 666236985
0 666236985 0 668613566
0 668613566 0 669789456
0 666236985 7808769 666236985
7808769 666236985 12134284 668613566
17769577 626281950 35220550 629407373
35220550 629407373 38140642 649013599
38140642 649013599 42416950 655015765
42416950 655015765 42416950 669789456
42416950 669789456 44001169 669864596
42416950 655015765 66352076 655015765
66352076 655015765 70282715 656817728
70282715 656817728 70282715 669864596
0 648652869 27687384 648652869
27687384 648652869 28510243 660545456
70282715 669864596 78322653 691151347
78322653 691151347 91185445 698128632
91185445 698128632 94965079 698687895
94965079 698687895 128258138 699176753
128258138 699176753 136888698 699176753
128258138 699176753 128258138 726644846
128258138 726644846 134294495 726644846
128258138 726644846 128258138 736953491
136888698 699176753 155088739 711755515
155088739 711755515 163664367 711755515
155088739 711755515 155088739 722556310
155088739 722556310 158144659 722556310
155088739 722556310 155088739 726164129
15040072 579649058 39504775 590759835
0 559497566 37561569 559497566
39779995 385686932 50509644 413422869
50509644 413422869 52682968 414687728
52682968 414687728 57151223 414687728
52682968 414687728 52682968 449035641
52682968 449035641 69149619 453513168
69149619 453513168 78046466 453513168
44001169 669864596 44001169 711642958
0 669789456 0 711642958
0 711642958 0 739640084
0 739640084 18185768 739640084
0 739640084 0 759695285
0 759695285 0 768610994
0 768610994 0 771154283
0 771154283 0 790708447
0 790708447 3414339 790708447
0 790708447 0 800213842
0 800213842 8022861 800213842
0 800213842 0 809123524
0 809123524 0 817173020
0 817173020 0 830929402
0 830929402 0 833428282
0 833428282 7957190 833428282
0 833428282 0 843819841
0 809123524 14730196 809123524
0 843819841 0 861405179
0 861405179 0 863740033
0 863740033 0 873735280
0 873735280 0 878901292
0 878901292 0 879931261
0 879931261 5861204 879931261
0 873735280 21401511 873735280
21401511 873735280 28753742 878901292
0 843819841 23031346 843819841
0 771154283 23190421 771154283
0 759695285 24492448 759695285
24492448 759695285 37398264 768610994
23031346 843819841 31275645 861405179
31275645 861405179 31275645 863740033
31275645 861405179 49616913 861405179
0 830929402 33509827 830929402
14730196 809123524 46064043 811860390
46064043 811860390 46064043 817173020
46064043 811860390 55721246 811860390
55721246 811860390 61425615 840054835
61425615 840054835 61425615 850897178
0 879931261 0 917431892
0 917431892 0 938233409
0 938233409 5083474 938233409
61425615 840054835 101225869 840054835
101225869 840054835 108757361 853960653
18185768 739640084 51035735 749898742
70282715 656817728 114244341 656817728
114244341 656817728 128657186 675003388
61425615 850897178 68720491 888324985
68720491 888324985 84032527 888324985
84032527 888324985 87581973 897049848
68720491 888324985 68720491 908600752
68720491 908600752 70591051 911060660
70591051 911060660 70591051 922357450
70591051 911060660 82340570 911060660
82340570 911060660 82637462 911259366
82637462 911259366 82637462 912899290
82637462 912899290 84596128 922357450
70591051 922357450 70591051 945691648
84596128 922357450 124862538 927190285
124862538 927190285 127040461 961673331
37398264 768610994 73993186 777228214
69149619 453513168 69149619 500573806
0 540057858 47308641 540057858
47308641 540057858 68755026 543521059
68755026 543521059 75574411 553689807
75574411 553689807 75574411 559090690
75574411 559090690 83359610 574016421
75574411 553689807 99328519 553689807
99328519 553689807 110794594 568973815
155088739 726164129 168937829 761287774
168937829 761287774 171604950 793637342
171604950 793637342 171700410 806573208
171700410 806573208 191350894 806573208
191350894 806573208 191930696 833805907
191930696 833805907 198335252 846200164
171700410 806573208 171700410 849696991
171700410 849696991 183521317 871913902
183521317 871913902 203380978 887079620
203380978 887079620 208799614 898581375
208799614 898581375 224524474 898581375
208799614 898581375 208799614 929493339
208799614 929493339 212735137 929493339
212735137 929493339 224548724 934770077
224548724 934770077 260442496 934770077
208799614 929493339 208799614 966856475
208799614 966856475 224548724 986043164
224548724 986043164 251249830 993853417
251249830 993853417 251249830 996003482
251249830 993853417 257117342 993853417
49616913 861405179 51784704 912055506
51784704 912055506 61024798 920587196
61024798 920587196 68179391 920587196
61024798 920587196 61024798 930000160
61024798 930000160 66407188 930000160
61024798 930000160 61024798 948800068
61024798 948800068 61152230 969041166
5083474 938233409 32374364 969550259
32374364 969550259 33838550 982400808
73993186 777228214 115602187 798933208
115602187 798933208 160542827 811765866
82637462 911259366 149849794 911259366
160542827 811765866 164692437 880377912
127040461 961673331 182942447 980551648
182942447 980551648 184372809 980653733
184372809 980653733 195395671 980653733
184372809 980653733 184372809 997997059
61152230 969041166 119313302 988658190
119313302 988658190 180496826 994947314
110794594 568973815 118951504 648103041
