1452
0 0 2038022 0
2038022 0 7196562 0
0 0 0 11392355
0 11392355 2038022 11392355
0 11392355 0 22351886
0 22351886 0 29173546
0 29173546 0 29513567
0 29173546 7196562 29173546
7196562 0 18637208 0
7196562 29173546 18637208 29513567
18637208 0 45039891 0
45039891 0 52458489 0
52458489 0 52458489 6910122
45039891 0 45039891 22351886
52458489 0 84749648 0
84749648 0 84749648 4531248
84749648 0 92789549 0
92789549 0 94297706 0
94297706 0 115473954 0
115473954 0 138588598 0
138588598 0 140961127 0
140961127 0 140961127 12644126
115473954 0 115473954 25638902
115473954 25638902 138588598 28259782
138588598 28259782 149412213 52873064
92789549 0 92789549 38187957
92789549 38187957 103504993 59835392
103504993 59835392 116263563 80667049
116263563 80667049 135799758 122531271
135799758 122531271 138272698 125406505
138272698 125406505 139096581 165766867
139096581 165766867 139096581 172260589
139096581 172260589 143172161 173765275
139096581 165766867 153550928 165766867
143172161 173765275 143172161 189895463
153550928 165766867 190768482 173765275
190768482 173765275 219236679 179312167
219236679 179312167 224857540 179312167
224857540 179312167 231498620 179312167
231498620 179312167 251776089 179873442
251776089 179873442 251776089 196938333
224857540 179312167 224857540 204948629
224857540 204948629 224857540 205770764
224857540 204948629 228091888 204948629
228091888 204948629 228740674 204960944
224857540 205770764 226567987 220128974
226567987 220128974 228210795 237041380
228210795 237041380 231604037 241175961
231604037 241175961 234307324 264577876
234307324 264577876 239168344 268556273
219236679 179312167 219236679 212128775
251776089 179873442 289467501 179873442
289467501 179873442 290739669 181628944
290739669 181628944 295659267 181628944
290739669 181628944 290739669 217402491
295659267 181628944 331629157 183239830
331629157 183239830 340875528 195036756
340875528 195036756 351462142 195036756
251776089 196938333 278129687 221545872
278129687 221545872 278129687 224565261
278129687 221545872 286793838 221545872
278129687 224565261 282953134 263803930
282953134 263803930 292150993 294585155
292150993 294585155 301751932 309518795
301751932 309518795 326085313 309518795
326085313 309518795 326085313 321777503
326085313 321777503 326364299 321777503
326085313 321777503 326085313 326668386
326085313 309518795 341629486 309518795
341629486 309518795 345768166 318964574
345768166 318964574 352339484 326560858
352339484 326560858 361216448 330807495
301751932 309518795 301751932 347636295
301751932 347636295 305672312 349297014
305672312 349297014 318265480 349297014
318265480 349297014 318265480 351060659
318265480 349297014 323691924 349297014
323691924 349297014 329615118 369203218
329615118 369203218 348671387 369203218
348671387 369203218 361216448 377484737
329615118 369203218 329615118 396769283
329615118 396769283 336764676 399714674
336764676 399714674 355995391 399714674
336764676 399714674 336764676 441861233
336764676 441861233 336764676 454743731
336764676 454743731 351159020 454743731
336764676 441861233 355016642 441861233
336764676 454743731 336764676 478985117
336764676 478985117 354217486 481706683
354217486 481706683 362668600 489737003
362668600 489737003 365661969 491906484
365661969 491906484 384767878 491906484
365661969 491906484 365661969 520611187
365661969 520611187 372235372 520611187
365661969 520611187 365661969 557117040
365661969 557117040 377974337 565687691
377974337 565687691 380205410 565687691
377974337 565687691 377974337 583940184
361216448 330807495 404885386 330807495
340875528 195036756 340875528 249518744
340875528 249518744 361014277 261578155
361014277 261578155 377027762 261578155
377027762 261578155 386358899 269979021
386358899 269979021 421433501 275680385
421433501 275680385 428387446 275680385
421433501 275680385 421433501 286214380
361014277 261578155 361014277 303892547
361014277 303892547 391199940 325348192
377974337 583940184 424237577 592176959
424237577 592176959 434952006 624906132
434952006 624906132 437725758 638299233
437725758 638299233 438444106 638299233
437725758 638299233 437725758 665591597
437725758 665591597 441733261 698135201
441733261 698135201 456327320 702675262
456327320 702675262 466444466 702675262
466444466 702675262 466444466 707481694
466444466 707481694 470389482 707481694
466444466 707481694 466444466 711552262
456327320 702675262 456327320 719800127
466444466 702675262 483938365 702675262
483938365 702675262 492854338 711894868
492854338 711894868 492854338 712661735
492854338 711894868 501448857 711894868
492854338 712661735 500775740 716588891
501448857 711894868 514543679 711984620
514543679 711984620 514543679 716588891
466444466 711552262 473169132 727010911
514543679 716588891 522944278 732322941
522944278 732322941 542836376 733965617
500775740 716588891 500775740 745621995
500775740 745621995 502884046 758296271
502884046 758296271 511552797 767783071
511552797 767783071 523288894 772293792
523288894 772293792 538841271 772293792
538841271 772293792 538841271 780336195
538841271 780336195 538963552 780336195
538841271 780336195 538841271 786548283
523288894 772293792 523288894 789069978
538841271 772293792 557411344 772293792
538841271 786548283 549106534 801491898
549106534 801491898 552668219 801491898
552668219 801491898 552668219 804960544
552668219 801491898 570212506 801491898
549106534 801491898 549106534 830346301
549106534 830346301 551750737 847914894
551750737 847914894 551750737 852669817
473169132 727010911 475972144 763916009
475972144 763916009 482703659 767783071
482703659 767783071 482703659 816072765
514543679 711984620 563472113 711984620
557411344 772293792 578149601 800783902
438444106 638299233 491218517 638502379
491218517 638502379 494096849 665266959
494096849 665266959 494096849 691822732
372235372 520611187 420187158 533392669
420187158 533392669 420642642 533392669
420642642 533392669 424237577 533490236
420187158 533392669 420187158 550122556
424237577 533490236 446635596 533490236
446635596 533490236 448238275 538826428
448238275 538826428 459980357 538826428
459980357 538826428 468690179 542880607
468690179 542880607 468690179 571295559
468690179 571295559 468712748 587606367
468712748 587606367 468712748 609718964
468712748 587606367 491531587 587606367
448238275 538826428 448238275 578410986
491531587 587606367 499522767 628155032
420187158 550122556 437629638 581967651
468690179 542880607 518088982 542880607
518088982 542880607 532090789 565081806
532090789 565081806 537983316 565081806
532090789 565081806 532090789 575119290
532090789 575119290 563539347 602910053
563539347 602910053 569610093 602910053
569610093 602910053 574998685 605418490
574998685 605418490 574998685 611890501
563539347 602910053 563539347 613551564
574998685 605418490 591300368 605418490
591300368 605418490 591300368 610499850
591300368 605418490 614534700 605418490
614534700 605418490 617564496 615082383
617564496 615082383 617954128 615082383
617954128 615082383 622622586 616406169
622622586 616406169 622622586 617906553
617564496 615082383 617564496 623884279
622622586 616406169 637027345 616406169
617564496 623884279 619654004 637793051
619654004 637793051 619654004 643063703
619654004 637793051 630315233 637793051
574998685 611890501 579319060 659372883
579319060 659372883 582775582 659372883
579319060 659372883 579319060 680806027
579319060 680806027 588157798 699313880
588157798 699313880 606367166 703388918
606367166 703388918 633561876 703388918
633561876 703388918 633561876 708548845
633561876 703388918 654010672 703388918
654010672 703388918 654010672 707027859
654010672 703388918 666212454 703388918
606367166 703388918 606367166 736240020
606367166 736240020 617463486 738573866
617463486 738573866 620333137 738573866
620333137 738573866 621476257 739790466
621476257 739790466 636641671 743980876
636641671 743980876 642111254 743980876
642111254 743980876 643292658 743980876
642111254 743980876 642111254 754139894
642111254 754139894 651265206 763603712
643292658 743980876 660883801 745406103
660883801 745406103 660883801 757550375
660883801 745406103 678142916 745406103
678142916 745406103 679410767 748057544
679410767 748057544 686984156 748057544
686984156 748057544 686984156 748816147
686984156 748057544 694151225 748057544
686984156 748816147 687351245 765035705
636641671 743980876 636641671 765132721
636641671 765132721 640444684 765132721
636641671 765132721 636641671 772623292
636641671 772623292 638570473 772623292
636641671 772623292 636641671 789435320
638570473 772623292 646484970 783028965
694151225 748057544 717822074 755021338
679410767 748057544 679410767 781866415
679410767 781866415 681732371 795528203
681732371 795528203 681732371 811882833
681732371 795528203 713272272 795528203
713272272 795528203 717070984 808030900
717070984 808030900 746094719 808030900
746094719 808030900 746094719 813396520
746094719 808030900 752121461 808030900
746094719 813396520 747588833 818207162
747588833 818207162 747588833 822219450
747588833 818207162 772361996 818207162
717070984 808030900 717070984 841357210
717070984 841357210 717070984 850507118
717070984 841357210 727280915 841357210
747588833 822219450 755165831 860359577
755165831 860359577 786818926 868703919
786818926 868703919 786818926 879393610
786818926 868703919 811430518 868703919
636641671 789435320 641724999 833461858
641724999 833461858 650398699 873204859
650398699 873204859 659275893 901058728
659275893 901058728 668206161 905122811
668206161 905122811 668206161 908935777
668206161 908935777 671509281 910182698
668206161 905122811 705387517 905122811
705387517 905122811 708324443 906377082
708324443 906377082 714004432 925078686
714004432 925078686 722505042 925078686
722505042 925078686 738090202 925078686
722505042 925078686 722505042 942302091
722505042 942302091 729807390 942302091
722505042 942302091 722505042 962609792
738090202 925078686 749998201 938147465
749998201 938147465 761076990 954942688
761076990 954942688 761076990 957557817
761076990 954942688 774738670 954942688
714004432 925078686 714004432 968187581
646484970 783028965 653972892 825319463
653972892 825319463 678420468 828509954
717070984 850507118 720745091 900217406
774738670 954942688 822192772 967017548
822192772 967017548 840503527 972437316
840503527 972437316 858252123 972437316
840503527 972437316 840503527 991749241
286793838 221545872 318531974 251093028
45039891 22351886 64129467 64990842
64129467 64990842 67356983 79574264
67356983 79574264 77531049 82365768
77531049 82365768 84951640 82365768
77531049 82365768 77531049 102713858
77531049 102713858 101719744 129271571
101719744 129271571 112132665 180260228
112132665 180260228 112859416 196314921
112859416 196314921 119372522 196314921
119372522 196314921 133658414 203904154
133658414 203904154 137881112 203904154
137881112 203904154 141977439 212470360
133658414 203904154 133658414 220095510
112859416 196314921 112859416 236657834
112859416 236657834 119559519 284210569
617463486 738573866 617463486 800596260
404885386 330807495 425830690 372510596
425830690 372510596 445019336 378499351
445019336 378499351 452271243 378499351
452271243 378499351 452271243 382043545
452271243 378499351 468818113 378499351
468818113 378499351 468818113 380779328
468818113 380779328 471422166 391156298
471422166 391156298 471422166 401460228
471422166 401460228 477666556 420569093
452271243 382043545 453434498 413660206
453434498 413660206 462558758 420569093
462558758 420569093 462558758 423660926
462558758 423660926 463983562 428774506
463983562 428774506 473778436 449958994
468818113 378499351 502221886 378499351
502221886 378499351 507222587 388928380
507222587 388928380 507222587 391156298
507222587 388928380 514043302 388928380
514043302 388928380 519532880 404221009
519532880 404221009 525130629 404828866
525130629 404828866 535687201 404828866
525130629 404828866 525130629 427039295
525130629 427039295 539869072 432234063
539869072 432234063 564655688 432234063
564655688 432234063 570647855 456182864
570647855 456182864 572375150 456182864
570647855 456182864 570647855 493879716
570647855 493879716 586338912 509193681
586338912 509193681 601105845 509193681
601105845 509193681 601746079 514138471
601746079 514138471 618391294 522768968
618391294 522768968 623312956 541758291
623312956 541758291 623312956 555451668
623312956 541758291 646330050 541758291
646330050 541758291 655279288 556143069
655279288 556143069 655279288 556996009
655279288 556996009 660013988 556996009
660013988 556996009 668515481 561214177
668515481 561214177 668515481 572593616
668515481 572593616 673954016 572593616
673954016 572593616 684626825 574291519
684626825 574291519 684626825 585742050
684626825 574291519 699051437 574291519
699051437 574291519 701974416 581481160
701974416 581481160 712575258 581481160
712575258 581481160 720335159 584783048
668515481 572593616 668515481 588171415
668515481 561214177 691984665 561214177
691984665 561214177 696879043 566205148
696879043 566205148 697036449 569291652
586338912 509193681 586338912 536652938
586338912 536652938 587897338 554288601
697036449 569291652 724905420 570061101
724905420 570061101 724905420 572261311
724905420 570061101 737480780 570061101
655279288 556996009 655279288 588458881
655279288 556143069 689439795 556143069
701974416 581481160 701974416 616049600
701974416 616049600 702581229 624138690
702581229 624138690 724616005 624138690
724616005 624138690 724616005 625214431
724616005 624138690 742399753 624138690
742399753 624138690 753871644 625465522
753871644 625465522 753871644 631613929
753871644 625465522 762757401 625465522
724616005 625214431 738248044 631613929
738248044 631613929 738248044 643194543
738248044 643194543 738927844 656395199
738927844 656395199 745172067 656395199
738927844 656395199 738927844 662650642
745172067 656395199 754392046 662135781
754392046 662135781 756171969 671527635
738927844 662650642 742486013 685913619
742486013 685913619 748521175 685913619
742486013 685913619 742486013 692373361
702581229 624138690 702581229 654393414
702581229 654393414 704587103 677211097
762757401 625465522 775884685 644996788
775884685 644996788 807807981 648243156
742486013 692373361 766276527 703859420
766276527 703859420 783614789 703859420
766276527 703859420 766276527 733221763
766276527 733221763 772503909 733463748
772503909 733463748 772503909 737194237
772503909 733463748 790139409 733463748
772503909 737194237 781696760 747488284
781696760 747488284 782257539 752855609
782257539 752855609 782257539 765018583
445019336 378499351 445019336 418760200
445019336 418760200 445317146 428599173
807807981 648243156 844584626 652177371
844584626 652177371 844584626 687453393
844584626 687453393 844584626 699015620
844584626 687453393 857841132 687453393
857841132 687453393 857841132 694823820
857841132 687453393 876105255 687453393
876105255 687453393 888377032 713714969
888377032 713714969 888377032 718572842
888377032 713714969 898414115 713714969
898414115 713714969 900625193 727500375
900625193 727500375 905673944 748599141
905673944 748599141 905673944 749595507
905673944 749595507 908733432 751600437
908733432 751600437 926853231 751600437
926853231 751600437 926853231 752783296
926853231 751600437 928749897 751600437
905673944 748599141 928224204 748599141
477666556 420569093 502137791 439095178
908733432 751600437 908733432 798796592
908733432 798796592 911669796 802618134
911669796 802618134 917659652 802618134
911669796 802618134 911669796 848461472
587897338 554288601 590072021 599586050
737480780 570061101 760999462 599334138
760999462 599334138 768835408 599334138
760999462 599334138 760999462 615829160
760999462 615829160 802450609 624547411
802450609 624547411 839491221 636025793
782257539 752855609 836365988 752855609
836365988 752855609 842389426 773459747
842389426 773459747 842389426 788945024
842389426 788945024 842389426 807080180
842389426 788945024 867848783 788945024
867848783 788945024 870264005 793213340
870264005 793213340 870264005 794464502
870264005 793213340 881959615 793213340
881959615 793213340 899802942 798796592
899802942 798796592 899802942 819354271
899802942 819354271 901982420 848461472
901982420 848461472 901982420 864475498
842389426 773459747 885636881 773459747
842389426 807080180 860942807 837671643
748521175 685913619 805462782 686063769
928749897 751600437 969800402 767790419
901982420 864475498 950984541 872817591
950984541 872817591 961938049 905092197
961938049 905092197 961938049 907998525
961938049 907998525 967756019 920039001
967756019 920039001 983514677 920039001
967756019 920039001 967756019 941266096
961938049 905092197 986115991 905092197
967756019 941266096 996268238 946726816
917659652 802618134 956583414 821801195
956583414 821801195 957237726 821801195
956583414 821801195 956583414 846069671
957237726 821801195 990461059 831857594
539869072 432234063 539869072 492124578
539869072 492124578 543470158 518859846
543470158 518859846 552308370 519906589
473778436 449958994 474823045 509145766
474823045 509145766 474823045 514857345
474823045 509145766 499132147 509145766
499132147 509145766 518088982 519223383
518088982 519223383 539842875 519223383
860942807 837671643 882030975 877115051
882030975 877115051 890367625 879428460
890367625 879428460 895523584 879428460
890367625 879428460 890367625 908500890
890367625 908500890 892503222 932670977
892503222 932670977 894463280 932670977
892503222 932670977 892503222 937417148
892503222 937417148 915016808 938885523
915016808 938885523 923011294 959285110
923011294 959285110 958005372 980120056
958005372 980120056 964003836 994102512
351462142 195036756 391189198 218373762
391189198 218373762 412256133 218500895
412256133 218500895 420280232 218500895
420280232 218500895 423162492 218500895
420280232 218500895 420280232 223519155
412256133 218500895 412256133 243311719
412256133 243311719 425800078 255333655
425800078 255333655 428387446 260492598
428387446 260492598 475400680 260492598
475400680 260492598 479578454 267448339
479578454 267448339 479578454 271737313
479578454 267448339 486420410 267448339
486420410 267448339 497471748 275276745
497471748 275276745 509807197 275276745
509807197 275276745 510234138 282074694
510234138 282074694 510234138 317572185
510234138 317572185 510234138 326242920
510234138 326242920 514043302 332812872
514043302 332812872 525653454 332812872
510234138 317572185 551246582 317572185
551246582 317572185 556114418 320858568
556114418 320858568 578318990 320858568
578318990 320858568 578318990 322214732
578318990 320858568 594033816 320858568
594033816 320858568 601324454 340656746
510234138 282074694 553541858 282074694
553541858 282074694 578318990 297137044
578318990 297137044 586264881 297137044
586264881 297137044 594033816 299723059
594033816 299723059 623350455 299723059
623350455 299723059 637023804 308934313
556114418 320858568 556114418 376928331
811430518 868703919 817960153 925407995
817960153 925407995 826098926 928060952
826098926 928060952 848776327 962960795
848776327 962960795 874664156 968366044
874664156 968366044 905402744 993136742
355995391 399714674 388691792 430275746
727280915 841357210 747446499 884560960
551750737 847914894 615950123 847914894
615950123 847914894 619282848 871942076
619282848 871942076 641656849 888796573
641656849 888796573 642070469 952444960
642070469 952444960 649255519 964746569
572375150 456182864 621650983 471159661
621650983 471159661 674172583 472483286
674172583 472483286 678735878 506105361
678735878 506105361 678735878 511443669
678735878 506105361 705129153 506105361
705129153 506105361 717159487 506970492
717159487 506970492 731185917 510358082
731185917 510358082 738137477 526708641
738137477 526708641 738137477 543537473
738137477 526708641 765315413 526708641
765315413 526708641 765768001 528134391
765768001 528134391 787751366 528134391
787751366 528134391 793195525 528134391
787751366 528134391 787751366 542314179
787751366 542314179 787760684 548234746
793195525 528134391 827918518 528136138
827918518 528136138 827918518 532932308
827918518 528136138 851164895 528136138
851164895 528136138 852609529 529774395
852609529 529774395 852609529 545172445
765768001 528134391 765768001 563041383
765768001 563041383 773788554 569149171
852609529 545172445 887665924 554060028
887665924 554060028 895218066 564444626
895218066 564444626 895218066 579842888
895218066 564444626 921354118 564444626
787760684 548234746 823819786 556301202
852609529 529774395 903295505 529774395
903295505 529774395 910584957 540197179
910584957 540197179 924886462 546539077
924886462 546539077 938786064 547094581
823819786 556301202 831480242 607553917
831480242 607553917 831480242 618647378
831480242 607553917 845234429 607553917
938786064 547094581 964035537 581982852
964035537 581982852 966753398 612311639
966753398 612311639 969855821 619925707
969855821 619925707 978884543 619925707
969855821 619925707 969855821 633253275
969855821 633253275 974953740 652432273
974953740 652432273 988098814 669504300
988098814 669504300 988098814 675107291
988098814 669504300 995764226 669504300
149412213 52873064 168986730 98331892
168986730 98331892 181778075 98331892
168986730 98331892 168986730 115256947
168986730 115256947 190121126 116234949
190121126 116234949 210786832 143483123
482703659 816072765 515477332 848559042
515477332 848559042 529624835 875805611
529624835 875805611 529624835 876213480
529624835 875805611 537593969 875805611
529624835 876213480 530955107 922404541
537593969 875805611 574870861 902816581
574870861 902816581 589540222 905996574
589540222 905996574 592118330 905996574
592118330 905996574 592583777 919880548
589540222 905996574 589540222 952918729
589540222 952918729 592577580 964746569
592577580 964746569 592577580 974068299
717822074 755021338 748630854 789673235
141977439 212470360 161502077 258978879
161502077 258978879 182783259 293102236
182783259 293102236 189871633 328763316
189871633 328763316 192653369 328763316
192653369 328763316 199778017 336639610
199778017 336639610 199778017 336834027
189871633 328763316 189871633 351746963
189871633 351746963 207642569 383778703
207642569 383778703 207642569 384570246
207642569 383778703 220896737 383778703
207642569 384570246 218403926 404122278
199778017 336639610 258912393 336639610
258912393 336639610 278194434 349603300
305672312 349297014 305672312 415869024
305672312 415869024 325381217 441123871
494096849 665266959 561516024 665266959
552308370 519906589 577544277 563904857
921354118 564444626 925155580 630435972
925155580 630435972 942073741 634776709
942073741 634776709 942073741 645008305
942073741 634776709 957925901 634776709
957925901 634776709 957925901 635494616
957925901 634776709 960257276 634776709
942073741 645008305 942185019 703689145
960257276 634776709 965578303 694082082
844584626 652177371 914746449 652177371
914746449 652177371 919995399 652177371
914746449 652177371 914746449 668502618
637023804 308934313 660246997 356062475
660246997 356062475 661024332 356062475
660246997 356062475 660246997 377975903
660246997 377975903 667552210 407628903
667552210 407628903 674362939 407628903
667552210 407628903 667552210 423363665
667552210 423363665 667863464 424251035
667863464 424251035 667863464 428569436
667863464 428569436 667863464 429382589
667863464 428569436 673216512 428569436
667863464 429382589 667863464 460001852
673216512 428569436 706501088 429382589
706501088 429382589 716789572 433666025
716789572 433666025 726942292 452780197
726942292 452780197 737091613 458214650
737091613 458214650 751501815 458873200
667863464 424251035 708492260 424251035
751501815 458873200 795271948 468791261
795271948 468791261 795271948 485008169
795271948 485008169 795271948 491573988
795271948 485008169 809058309 485008169
809058309 485008169 832580012 489409256
832580012 489409256 835862228 489409256
835862228 489409256 835862228 491380168
832580012 489409256 832580012 502992111
835862228 491380168 850607576 494670596
850607576 494670596 850607576 508007436
850607576 508007436 866497418 514381508
866497418 514381508 866497418 516462675
866497418 514381508 869429271 514381508
869429271 514381508 876149716 518815898
795271948 491573988 796561404 521587738
835862228 489409256 871104095 489409256
871104095 489409256 888024286 494670596
140961127 0 211876917 0
211876917 0 221759937 0
221759937 0 240965674 0
240965674 0 240965674 10388360
221759937 0 221759937 33529410
211876917 0 211876917 44439879
240965674 0 285926510 0
285926510 0 286920155 0
286920155 0 301469957 0
301469957 0 312708347 0
312708347 0 325406682 0
325406682 0 325406682 7233189
286920155 0 286920155 28636724
286920155 28636724 288560226 42299814
288560226 42299814 288560226 52587435
288560226 52587435 295839470 52587435
288560226 42299814 301469957 42299814
288560226 52587435 288560226 69496279
288560226 69496279 290702443 82112399
290702443 82112399 290702443 106284604
290702443 106284604 290702443 121449524
290702443 106284604 310884991 106284604
310884991 106284604 312212204 106284604
312212204 106284604 314203895 106692925
310884991 106284604 310884991 108956197
314203895 106692925 321502797 106692925
321502797 106692925 321502797 109032151
314203895 106692925 314203895 122334274
314203895 122334274 328838185 122334274
314203895 122334274 314203895 139972232
314203895 139972232 315079887 144699548
315079887 144699548 315079887 155347515
315079887 144699548 336221760 144699548
336221760 144699548 336221760 147656496
336221760 144699548 354245793 144699548
354245793 144699548 357978109 152270731
357978109 152270731 357978109 162544590
357978109 162544590 357978109 168250954
357978109 162544590 365164413 162544590
357978109 152270731 371441671 152270731
321502797 106692925 346548012 106692925
346548012 106692925 346548012 106815777
346548012 106692925 360353316 106692925
360353316 106692925 375263132 108261288
375263132 108261288 375981077 135055260
375981077 135055260 404974892 135227372
404974892 135227372 406688541 138299353
406688541 138299353 406688541 154076194
406688541 154076194 406688541 158983387
406688541 154076194 420759355 154076194
285926510 0 285926510 30004585
285926510 30004585 312708347 37518921
406688541 138299353 447041360 138299353
325406682 0 370209948 0
370209948 0 370209948 13374902
370209948 13374902 374468795 50558850
374468795 50558850 394069953 50558850
394069953 50558850 410835067 51681254
410835067 51681254 410835067 58795866
410835067 51681254 421578524 51681254
421578524 51681254 421578524 54161452
421578524 51681254 429518057 51681254
374468795 50558850 374468795 70214757
374468795 70214757 374468795 75735201
374468795 70214757 383873279 70214757
374468795 75735201 376869652 89049896
376869652 89049896 376869652 89718552
376869652 89049896 388098394 89049896
388098394 89049896 409508990 91892786
429518057 51681254 440096305 66934789
440096305 66934789 440096305 76087995
440096305 76087995 440096305 77622889
440096305 76087995 450383621 76087995
440096305 66934789 453459457 66934789
453459457 66934789 453459457 69781654
453459457 66934789 458779558 66934789
440096305 77622889 442906627 91211842
458779558 66934789 488813400 71299679
442906627 91211842 479385807 92897152
409508990 91892786 438509245 111778577
479385807 92897152 488098614 134884982
488098614 134884982 503481515 143366152
503481515 143366152 508260011 144624948
488813400 71299679 537940149 73868971
537940149 73868971 543503282 74942573
543503282 74942573 543503282 75946719
543503282 75946719 546240693 92748471
543503282 74942573 566895163 74942573
566895163 74942573 573741967 74942573
573741967 74942573 592391726 92304802
592391726 92304802 592391726 92748471
592391726 92304802 594439355 92304802
594439355 92304802 598281541 93349948
598281541 93349948 628567443 95181675
628567443 95181675 628567443 95461473
628567443 95181675 630153124 95181675
546240693 92748471 546240693 130020430
546240693 130020430 563024395 146833810
563024395 146833810 567368455 152809934
567368455 152809934 592017330 152809934
566895163 74942573 566895163 113128391
567368455 152809934 567368455 191329986
567368455 191329986 568153519 191329986
567368455 191329986 567368455 194548033
567368455 194548033 578379731 209093978
578379731 209093978 588790207 212442769
588790207 212442769 599986903 219873193
599986903 219873193 609404418 224795407
609404418 224795407 609404418 236491953
609404418 236491953 623391042 246686427
609404418 224795407 637384005 224795407
637384005 224795407 637384005 224811048
637384005 224795407 642192328 224795407
623391042 246686427 645475013 265677987
645475013 265677987 646751538 267070292
646751538 267070292 646751538 283442354
646751538 283442354 646751538 287547070
646751538 283442354 658239504 283442354
646751538 267070292 665301002 267070292
658239504 283442354 665812275 297107408
406688541 158983387 409295403 211391321
409295403 211391321 411429980 212513695
630153124 95181675 657336928 123143009
657336928 123143009 692991693 128447991
692991693 128447991 715412484 128447991
715412484 128447991 717941587 128447991
715412484 128447991 715412484 150434631
692991693 128447991 692991693 153077639
692991693 153077639 698237187 188600134
698237187 188600134 698237187 211617157
698237187 211617157 712720104 231486113
712720104 231486113 718397357 247216308
718397357 247216308 718397357 247357765
718397357 247216308 732640442 247216308
732640442 247216308 747601848 259594338
747601848 259594338 747601848 270066946
747601848 270066946 749220954 276113683
747601848 259594338 765559375 259594338
749220954 276113683 771833686 276113683
698237187 188600134 733664122 188600134
733664122 188600134 736299360 194926945
736299360 194926945 736299360 205721638
736299360 194926945 760608631 194926945
760608631 194926945 781574073 201755347
781574073 201755347 787166351 214491930
787166351 214491930 787166351 226754675
787166351 226754675 809169602 227646775
809169602 227646775 809169602 232262658
809169602 227646775 814355576 227646775
736299360 205721638 743260175 226605106
743260175 226605106 743260175 227068016
743260175 226605106 750477504 226605106
814355576 227646775 840037135 241489230
840037135 241489230 856478345 241489230
856478345 241489230 861957881 249630983
861957881 249630983 877670997 249630983
877670997 249630983 877670997 260783458
877670997 249630983 894260808 249630983
894260808 249630983 894260808 256052121
894260808 249630983 910421718 249630983
910421718 249630983 910421718 252523770
910421718 249630983 920033454 249630983
840037135 241489230 840037135 272353363
894260808 256052121 899441275 286547383
899441275 286547383 915204775 294808579
915204775 294808579 921459809 294808579
921459809 294808579 925101133 299024001
925101133 299024001 925101133 305866416
915204775 294808579 915204775 305182593
925101133 299024001 943972295 299024001
943972295 299024001 963000949 307708672
963000949 307708672 963000949 312054665
963000949 307708672 986220302 307708672
963000949 312054665 977610143 322167175
977610143 322167175 977726318 322167175
977610143 322167175 977610143 339232095
915204775 305182593 924947093 326662403
840037135 272353363 861957881 288140673
771833686 276113683 774469871 314977657
774469871 314977657 774834045 335573436
774834045 335573436 774834045 335596152
774834045 335573436 801809752 335573436
801809752 335573436 819218559 338861464
819218559 338861464 819218559 344665072
819218559 344665072 826267029 354114011
826267029 354114011 835370998 354114011
835370998 354114011 835370998 358720287
835370998 354114011 849342480 354114011
849342480 354114011 861043586 356535607
819218559 338861464 847571178 338861464
826267029 354114011 826267029 383438689
826267029 383438689 840302756 383972113
847571178 338861464 873199900 342952204
861043586 356535607 899175809 361537275
899175809 361537275 909567828 361537275
909567828 361537275 912781507 361537275
909567828 361537275 909567828 366016091
899175809 361537275 899175809 375705594
899175809 375705594 901312127 391760349
774834045 335596152 795297502 362093390
795297502 362093390 795788685 393394643
787166351 214491930 834413361 214491930
909567828 366016091 945303842 378632201
945303842 378632201 945303842 381771292
945303842 381771292 948444336 389443620
948444336 389443620 959697534 389443620
945303842 378632201 961642158 378632201
948444336 389443620 948444336 418445189
948444336 418445189 958554236 418445189
958554236 418445189 966265885 421713564
948444336 418445189 948444336 445464692
966265885 421713564 995074092 421713564
948444336 445464692 966265885 466778671
966265885 466778671 966265885 471793116
966265885 466778671 981863614 466778671
749220954 276113683 749220954 324567975
795788685 393394643 805510445 432543540
840302756 383972113 876616491 397795538
876616491 397795538 891357785 416772834
717941587 128447991 760376658 139516143
760376658 139516143 762438907 139516143
762438907 139516143 763531439 162914363
763531439 162914363 763531439 173131469
763531439 173131469 763531439 187828198
763531439 173131469 785179403 173131469
763531439 162914363 791279298 162914363
791279298 162914363 795298570 165730547
795298570 165730547 806955941 181052756
760376658 139516143 760376658 179531274
981863614 466778671 986878894 516269358
986878894 516269358 988666412 531348110
988666412 531348110 988666412 535964018
988666412 531348110 996535768 531348110
420759355 154076194 429638805 202087414
429638805 202087414 485667621 203375081
485667621 203375081 493358072 203375081
485667621 203375081 485667621 218488342
485667621 218488342 495623031 221788719
495623031 221788719 497092335 237553948
493358072 203375081 517328766 206076976
517328766 206076976 517328766 214515799
517328766 206076976 526476215 206076976
526476215 206076976 526476215 211847883
526476215 206076976 555848416 206076976
555848416 206076976 559214017 215295197
559214017 215295197 562736853 215295197
562736853 215295197 570201934 231623925
570201934 231623925 576799018 231623925
570201934 231623925 570201934 254577214
570201934 254577214 592746908 270295525
559214017 215295197 559214017 259475810
447041360 138299353 459067324 184533958
592017330 152809934 647572557 161425678
647572557 161425678 655083143 178375122
655083143 178375122 666780602 178375122
666780602 178375122 678909066 188528193
678909066 188528193 692173245 188528193
678909066 188528193 678909066 218073979
678909066 218073979 678909066 223278110
678909066 218073979 687664331 218073979
655083143 178375122 655083143 219524063
718397357 247357765 723610714 307149689
723610714 307149689 725692610 323173315
725692610 323173315 726781250 361787392
726781250 361787392 731092621 361787392
731092621 361787392 743830881 376341354
743830881 376341354 743830881 390830128
743830881 390830128 750683715 394554054
750683715 394554054 750683715 403383958
743830881 376341354 763886259 376341354
726781250 361787392 726781250 394086681
750683715 394554054 783763894 394554054
290702443 82112399 355896758 82112399
355896758 82112399 366332405 82112399
355896758 82112399 355896758 94678981
783763894 394554054 793223742 450641551
370209948 0 436069276 0
436069276 0 436069276 19518834
436069276 0 483074390 0
483074390 0 510533643 0
510533643 0 527274002 0
527274002 0 532566106 0
532566106 0 532566106 3464953
527274002 0 527274002 20012327
532566106 0 560301843 0
483074390 0 483074390 46437300
483074390 46437300 509432220 48193216
509432220 48193216 510533643 48193216
510533643 48193216 514684389 62129777
509432220 48193216 509432220 66424769
560301843 0 560301843 49692622
560301843 49692622 565935084 68596015
565935084 68596015 565935084 72635676
565935084 68596015 573875733 68596015
560301843 0 614381833 0
614381833 0 621731780 0
621731780 0 634911524 0
634911524 0 634911524 7386128
621731780 0 621731780 28441676
634911524 0 670954243 0
670954243 0 673623350 0
673623350 0 673623350 1377321
673623350 0 678376121 0
670954243 0 670954243 34345420
670954243 34345420 674677395 38864300
674677395 38864300 678376121 38864300
678376121 38864300 683600876 54102060
674677395 38864300 674677395 61175106
683600876 54102060 691965403 75613456
678376121 0 721026228 0
721026228 0 721916430 0
721916430 0 721916430 2390231
721916430 0 726657895 0
721026228 0 721026228 10550110
721026228 10550110 726657895 19583340
614381833 0 614381833 47708329
614381833 47708329 633423153 85439586
691965403 75613456 728892271 104492377
728892271 104492377 739052781 108776636
739052781 108776636 739052781 109487436
739052781 109487436 755936639 110284022
755936639 110284022 767751638 110284022
767751638 110284022 767751638 115315422
767751638 115315422 769887336 121921179
767751638 110284022 779707630 110284022
755936639 110284022 755936639 123284741
779707630 110284022 822334155 118139863
822334155 118139863 822788449 121955156
822788449 121955156 822788449 147929931
822788449 147929931 827088634 147929931
822788449 147929931 822788449 159154453
739052781 108776636 798766021 108776636
822788449 121955156 883021202 121955156
211876917 44439879 246280420 77273862
246280420 77273862 268374056 86713096
891357785 416772834 897866998 480215445
897866998 480215445 934636074 482076983
934636074 482076983 937504219 492798704
937504219 492798704 961084246 528870055
0 29513567 0 100468123
0 100468123 0 101816227
0 101816227 0 109309556
0 109309556 0 109472327
0 109472327 10373979 109472327
0 100468123 14924769 100468123
14924769 100468123 22444983 101816227
22444983 101816227 29450559 101816227
22444983 101816227 22444983 109309556
0 109472327 0 128644779
0 128644779 0 131374721
0 131374721 0 142631307
0 142631307 0 149425255
0 149425255 0 161511101
0 161511101 0 172653647
0 149425255 17310745 149425255
17310745 149425255 22892882 161511101
0 142631307 19976010 142631307
22892882 161511101 33882459 172653647
22444983 109309556 31391803 128644779
31391803 128644779 47157239 129929052
47157239 129929052 47157239 131374721
47157239 129929052 52332479 129929052
33882459 172653647 56329389 180017843
47157239 131374721 50411848 160134560
0 172653647 0 215075888
0 215075888 0 218641774
0 218641774 0 228797923
0 228797923 0 251660157
0 228797923 28002388 228797923
0 251660157 0 280951346
0 280951346 0 298442941
0 298442941 0 304848236
0 304848236 0 319064009
0 319064009 1964975 319064009
0 319064009 0 330220001
0 330220001 0 346345194
0 346345194 22391232 346345194
0 304848236 30793554 304848236
30793554 304848236 44282529 330220001
44282529 330220001 62391586 340604435
62391586 340604435 64465373 340604435
64465373 340604435 85816659 342251560
85816659 342251560 88653717 342251560
88653717 342251560 88653717 343555510
85816659 342251560 85816659 352760194
88653717 343555510 97776652 348524711
97776652 348524711 110220596 354905554
88653717 342251560 108366773 342251560
85816659 352760194 96775518 371036209
96775518 371036209 104474250 389834302
104474250 389834302 104960321 401500421
104960321 401500421 104960321 426513414
104960321 426513414 112150548 439696402
112150548 439696402 112150548 441517520
112150548 439696402 121397052 439696402
112150548 441517520 117128326 451684242
117128326 451684242 124296400 464912252
104960321 401500421 133858781 401500421
133858781 401500421 143806672 401500421
133858781 401500421 133858781 418261387
143806672 401500421 150757071 412131116
124296400 464912252 124296400 498867270
124296400 498867270 143213020 498867270
143213020 498867270 143213020 505618899
143213020 498867270 163516185 498867270
163516185 498867270 164849941 504687042
124296400 498867270 124296400 521881426
164849941 504687042 191089369 504687042
62391586 340604435 62391586 377178343
62391586 377178343 79951720 386056133
79951720 386056133 83804895 409013873
0 280951346 39227757 280951346
39227757 280951346 45575674 298442941
0 218641774 40247021 218641774
40247021 218641774 48691940 251660157
48691940 251660157 62294073 262557059
62294073 262557059 62294073 267815542
62294073 267815542 66964327 268395539
66964327 268395539 72557425 268395539
72557425 268395539 75739858 268395539
72557425 268395539 72557425 272660152
66964327 268395539 66964327 278978835
62294073 262557059 92068757 262557059
92068757 262557059 94273184 290695421
94273184 290695421 114510882 290695421
94273184 290695421 94273184 311106654
94273184 311106654 111845442 329158277
124296400 464912252 166678185 464912252
166678185 464912252 172239684 464912252
166678185 464912252 166678185 477676819
166678185 477676819 191089369 482876184
191089369 482876184 191089369 485421436
191089369 485421436 199641595 485421436
191089369 482876184 207842710 482876184
207842710 482876184 207842710 484528899
207842710 482876184 211310930 482876184
211310930 482876184 239266215 497828477
239266215 497828477 250163440 502601247
250163440 502601247 267056998 502601247
267056998 502601247 267056998 508002504
250163440 502601247 250163440 525941148
250163440 525941148 253211064 535825521
253211064 535825521 253211064 554959677
253211064 554959677 265705210 554959677
265705210 554959677 269428193 554959677
265705210 554959677 265705210 578514044
253211064 554959677 253211064 579223857
253211064 579223857 253367550 585391126
253367550 585391126 262693055 595136325
267056998 502601247 298167332 502601247
298167332 502601247 298167332 503824225
298167332 502601247 320211459 502601247
253211064 535825521 286038483 535825521
286038483 535825521 290124661 545751521
290124661 545751521 290124661 575627851
290124661 575627851 291883459 592090533
291883459 592090533 291883459 600909956
291883459 600909956 296519366 600909956
291883459 592090533 308274216 592090533
320211459 502601247 327278355 530697179
327278355 530697179 328076138 534235324
328076138 534235324 333515282 534235324
328076138 534235324 328076138 545751521
291883459 600909956 291883459 640432101
291883459 640432101 296309048 640432101
291883459 640432101 291883459 647179876
291883459 647179876 304361819 650268514
304361819 650268514 312441964 650268514
312441964 650268514 312441964 660694933
312441964 650268514 342884036 650268514
342884036 650268514 342884036 679229266
304361819 650268514 304361819 682920381
342884036 650268514 376682309 650268514
376682309 650268514 376867698 661291494
304361819 682920381 312978681 708489734
0 346345194 0 390956553
0 390956553 22471827 390956553
0 390956553 0 420648596
164849941 504687042 164849941 550832629
164849941 550832629 184298361 570640060
184298361 570640060 205073861 570640060
205073861 570640060 206100667 579223857
206100667 579223857 206100667 587237229
184298361 570640060 184298361 595027880
184298361 595027880 202113930 595027880
184298361 595027880 184298361 621841333
184298361 621841333 197293549 627804316
197293549 627804316 212691394 641276883
212691394 641276883 217697146 649208780
217697146 649208780 220082598 649208780
217697146 649208780 217697146 668167579
217697146 668167579 236324362 668449033
236324362 668449033 236324362 671372863
236324362 671372863 250341031 685025000
110220596 354905554 153434779 358165037
153434779 358165037 178254743 372722050
250341031 685025000 288012557 694127109
0 420648596 48313575 420648596
0 215075888 49679452 215075888
50411848 160134560 88639545 172769823
236324362 668449033 287874637 668449033
376867698 661291494 387134335 703169208
387134335 703169208 387134335 706706658
387134335 703169208 400715644 703169208
400715644 703169208 411732030 725715258
0 420648596 0 477707410
0 477707410 7673538 477707410
0 477707410 0 496569168
0 496569168 2009451 496569168
0 496569168 0 514428779
0 514428779 948113 514428779
0 514428779 0 540118206
0 540118206 4089443 540118206
0 540118206 0 552740504
0 552740504 0 555711851
0 555711851 0 561236762
0 561236762 11199068 561236762
0 552740504 27904541 552740504
27904541 552740504 32807613 555711851
0 561236762 0 595830568
0 595830568 11706488 595830568
0 595830568 0 618827759
0 618827759 15435006 618827759
15435006 618827759 67522909 620288817
7673538 477707410 55924003 483495235
55924003 483495235 60408657 521275343
60408657 521275343 86646611 527688114
86646611 527688114 86646611 539579781
86646611 527688114 108436286 527688114
11706488 595830568 54915679 608779092
54915679 608779092 55800957 635040090
55800957 635040090 66100893 648902608
66100893 648902608 85579142 666364517
85579142 666364517 85579142 680029718
85579142 680029718 95043421 680029718
95043421 680029718 104521042 682579242
104521042 682579242 105448784 682579242
105448784 682579242 124078217 682910328
124078217 682910328 128452883 684123145
128452883 684123145 128452883 687310488
128452883 684123145 152067049 684123145
152067049 684123145 158054115 697605124
158054115 697605124 158054115 716119396
104521042 682579242 104521042 706308434
85579142 680029718 85579142 705274983
85579142 705274983 91604191 726933665
158054115 716119396 159637528 748169774
159637528 748169774 159637528 748513991
159637528 748513991 186955311 748513991
159637528 748169774 192710049 748169774
192710049 748169774 222643578 748282687
158054115 697605124 192868126 697605124
192868126 697605124 208404976 715923069
208404976 715923069 212999887 715923069
208404976 715923069 208404976 729035403
208404976 729035403 222643578 738080084
222643578 738080084 238081281 738080084
238081281 738080084 250841071 744543525
250841071 744543525 250841071 747011568
250841071 747011568 273279365 750186471
273279365 750186471 290938611 750186471
290938611 750186471 306798468 756656438
306798468 756656438 306798468 772992252
306798468 772992252 312184502 786869078
312184502 786869078 312184502 814556829
312184502 786869078 342995006 786869078
342995006 786869078 343122993 786869078
342995006 786869078 342995006 789980611
342995006 789980611 359415617 791845240
359415617 791845240 373068367 791845240
373068367 791845240 381471012 809041173
381471012 809041173 381471012 814097028
381471012 814097028 390876525 814097028
390876525 814097028 392217062 814374115
392217062 814374115 409592882 814374115
381471012 814097028 381471012 834470137
409592882 814374115 432669301 815716281
432669301 815716281 439399285 824047667
439399285 824047667 439399285 837374476
439399285 837374476 439418698 850013718
439399285 824047667 456161802 824047667
456161802 824047667 456161802 825467357
456161802 824047667 469126979 824047667
250841071 744543525 282815322 744543525
282815322 744543525 290386079 749041214
290386079 749041214 292935903 749041214
290386079 749041214 290386079 778983242
273279365 750186471 273279365 783502978
381471012 834470137 392217062 859281728
392217062 859281728 410401560 866423860
359415617 791845240 359415617 827739724
359415617 827739724 360523031 842947982
360523031 842947982 378941691 842947982
360523031 842947982 360523031 865835792
360523031 865835792 381188029 869275245
159637528 748513991 159637528 785800765
159637528 785800765 161216758 785800765
159637528 785800765 159637528 788976042
159637528 788976042 170679914 803544185
170679914 803544185 170679914 808043499
85579142 666364517 124485360 666364517
381188029 869275245 386370503 904213520
386370503 904213520 386902004 906628940
386902004 906628940 386902004 918894654
386902004 918894654 391420743 918894654
386902004 918894654 386902004 925391454
312184502 814556829 314127396 854011940
314127396 854011940 337032553 872087548
170679914 803544185 213408278 803544185
213408278 803544185 216856296 804615124
306798468 756656438 350207659 756656438
216856296 804615124 224906477 840700392
386902004 925391454 421272637 937832036
421272637 937832036 426996161 951009318
426996161 951009318 428003921 951009318
426996161 951009318 426996161 969500636
428003921 951009318 464956086 956142800
464956086 956142800 469395966 958931398
469395966 958931398 469395966 969168256
469395966 969168256 471941614 969168256
469395966 969168256 469395966 980287616
469395966 980287616 474259793 983606317
474259793 983606317 483186871 988185622
469395966 958931398 492693584 958931398
492693584 958931398 512391068 963731625
512391068 963731625 522317628 984754296
483186871 988185622 506271652 999524234
222643578 748282687 230041654 787938514
381471012 809041173 429934560 809041173
128452883 687310488 143117408 726095576
86646611 539579781 94426201 588107413
94426201 588107413 108473261 590995327
108473261 590995327 108473261 599765763
108473261 590995327 121924640 590995327
121924640 590995327 133209093 632003099
337032553 872087548 339126529 926550290
339126529 926550290 348485585 928523902
348485585 928523902 356207856 928523902
348485585 928523902 348485585 949764106
348485585 949764106 353489374 963751304
353489374 963751304 355380162 963751304
353489374 963751304 353489374 978237201
355380162 963751304 359425686 975523246
359425686 975523246 366076711 978072775
170679914 808043499 178453113 857099180
178453113 857099180 186789585 857099180
178453113 857099180 178453113 875766247
178453113 875766247 183306623 902893115
183306623 902893115 205704523 910327668
205704523 910327668 205704523 924121517
205704523 910327668 226071161 910327668
226071161 910327668 232811385 910327668
232811385 910327668 233462967 916113257
226071161 910327668 226071161 922274225
205704523 924121517 225383656 962716586
225383656 962716586 245232106 981034008
386902004 906628940 445573219 906628940
445573219 906628940 445573219 916336827
445573219 906628940 455281857 906628940
455281857 906628940 467646362 931672753
467646362 931672753 512009535 946428422
512009535 946428422 512500703 946428422
512009535 946428422 512009535 949802048
308274216 592090533 330710375 632622062
48313575 420648596 75233842 457264245
75233842 457264245 101799789 481042401
439418698 850013718 456692371 897780665
456692371 897780665 456692371 900787545
456692371 897780665 466362130 897780665
466362130 897780665 491824260 899310920
191089369 504687042 233677877 529517544
429934560 809041173 492880102 814103069
233462967 916113257 270907394 946825786
270907394 946825786 272769128 953315062
272769128 953315062 291485478 958714036
291485478 958714036 291681172 958714036
291681172 958714036 291681172 965188613
291485478 958714036 291485478 980597378
291681172 965188613 320754043 974637062
320754043 974637062 335803824 995276434
291681172 958714036 331169612 958714036
331169612 958714036 337340034 959153122
291485478 980597378 316886861 998086157
49679452 215075888 96715110 236718161
224906477 840700392 251056639 885246388
665812275 297107408 684467089 350252431
411732030 725715258 436292486 773866288
436292486 773866288 436402930 788033925
436402930 788033925 442524548 788309207
442524548 788309207 442524548 792269562
442524548 788309207 469801968 788309207
883021202 121955156 936259396 142297314
936259396 142297314 937780157 142297314
936259396 142297314 936259396 164024610
936259396 164024610 947085964 180393431
947085964 180393431 947085964 183527555
947085964 183527555 949792504 183527555
949792504 183527555 949792504 198017187
949792504 183527555 970856387 183527555
947085964 180393431 979948338 180393431
947085964 183527555 947085964 219671827
947085964 219671827 959068359 228896962
959068359 228896962 966300872 233444335
966300872 233444335 975398187 233444335
975398187 233444335 975398187 238158083
975398187 233444335 991150849 233444335
975398187 238158083 981876747 273550370
966300872 233444335 966300872 283172626
937780157 142297314 988030007 146921162
469126979 824047667 477916399 890875547
795271948 468791261 871603581 468791261
871603581 468791261 877547932 478976125
342884036 679229266 360513720 738551626
360513720 738551626 379675596 739673476
805462782 686063769 840786927 727694133
752121461 808030900 828045382 809812124
828045382 809812124 836140999 840262901
836140999 840262901 845692382 862903758
845692382 862903758 855484417 904477728
855484417 904477728 862480374 922101081
361216448 377484737 423983892 394904418
32807613 555711851 80064281 590383373
497471748 275276745 497471748 357703329
601324454 340656746 609261637 417311741
609261637 417311741 609261637 418384327
609261637 417311741 629512494 417311741
629512494 417311741 659393066 429022868
806955941 181052756 875461400 201791622
875461400 201791622 901917133 212098457
649255519 964746569 707157092 998804773
630315233 637793051 669719510 695734229
278194434 349603300 296020896 432315910
296020896 432315910 296377136 474257258
0 618827759 0 721565072
0 721565072 1689211 721565072
0 721565072 0 725623357
0 725623357 2945377 725623357
0 725623357 0 736643063
0 736643063 0 748981730
0 748981730 0 768568224
0 768568224 0 772652222
0 772652222 0 776981683
0 772652222 27694768 772652222
0 748981730 40221634 748981730
40221634 748981730 42900682 768568224
0 736643063 43366782 736643063
43366782 736643063 58451880 736851244
0 776981683 0 829070204
0 829070204 0 843362033
0 843362033 0 846522303
0 846522303 0 846887043
0 846887043 978530 846887043
0 846887043 0 851388735
0 851388735 0 858430705
0 843362033 13838032 843362033
13838032 843362033 27661809 846522303
27661809 846522303 30547504 851388735
30547504 851388735 30547504 858430705
30547504 851388735 45135119 851388735
0 829070204 21776560 829070204
21776560 829070204 55649261 834310563
55649261 834310563 56291613 834310563
55649261 834310563 55649261 841860465
55649261 841860465 65088703 842137181
65088703 842137181 101303521 842137181
101303521 842137181 101303521 848039297
101303521 842137181 116230387 842137181
116230387 842137181 117553678 846635266
117553678 846635266 117553678 851712987
117553678 851712987 117553678 868000065
117553678 846635266 136696407 846635266
136696407 846635266 146396917 851712987
65088703 842137181 65088703 886885817
65088703 886885817 65088703 892723946
65088703 892723946 75898046 899468018
75898046 899468018 81120568 899490113
81120568 899490113 81120568 904529297
81120568 899490113 87988296 899490113
87988296 899490113 92084530 908868343
92084530 908868343 92084530 923130288
65088703 886885817 83046152 886885817
83046152 886885817 83046152 890120262
83046152 886885817 86359530 886885817
92084530 908868343 115614829 908868343
115614829 908868343 131862946 909155117
117553678 868000065 131862946 898483715
131862946 898483715 144695447 898483715
0 858430705 0 908813262
0 908813262 0 912199565
0 912199565 0 921431257
0 921431257 27860706 921431257
27860706 921431257 37234798 927877924
37234798 927877924 55158256 927877924
55158256 927877924 55662771 929977700
55662771 929977700 59867477 931596361
59867477 931596361 75047505 948411369
75047505 948411369 81122733 960143974
81122733 960143974 85410247 960143974
81122733 960143974 81122733 983029509
0 908813262 36210817 908813262
36210817 908813262 48060374 912199565
37234798 927877924 37234798 965872630
37234798 965872630 38043506 965872630
37234798 965872630 37234798 977518696
131862946 909155117 142335636 954101079
142335636 954101079 160075847 993343163
81122733 983029509 136941807 991782466
726657895 0 839926615 0
839926615 0 839926615 4026287
839926615 0 877079208 0
877079208 0 894720688 0
894720688 0 894720688 10563867
877079208 0 877079208 36404126
894720688 0 933644443 0
933644443 0 933644443 4513522
933644443 0 946705993 0
946705993 0 946705993 10195612
946705993 10195612 956831073 10195612
946705993 10195612 946705993 26219865
946705993 26219865 950891602 36085895
877079208 36404126 893633609 60003356
893633609 60003356 895161577 60316819
895161577 60316819 895161577 63916949
895161577 60316819 907922859 60316819
907922859 60316819 915330246 100821174
956831073 10195612 999830488 22206230
839926615 4026287 845694999 82488954
845694999 82488954 887192738 115141575
915330246 100821174 985766760 121231813
726657895 19583340 797131631 63244204
797131631 63244204 816203151 80167321
816203151 80167321 825827657 80167321
816203151 80167321 816203151 94167723
816203151 94167723 839609639 98784572
