1436
0 0 59864096 0
59864096 0 73290770 0
73290770 0 79979610 0
59864096 0 59864096 18550816
79979610 0 100597938 0
100597938 0 100757806 0
100757806 0 116910233 0
100757806 0 100757806 30747724
100757806 30747724 103257214 33941342
103257214 33941342 116910233 33941342
103257214 33941342 103257214 56144988
103257214 56144988 115088265 56144988
103257214 56144988 103257214 69223131
115088265 56144988 125203744 59676394
103257214 69223131 120111835 79805527
120111835 79805527 141281535 83078115
100597938 0 100597938 35785606
79979610 0 79979610 37259589
79979610 37259589 87028185 66887316
87028185 66887316 94722505 88536346
94722505 88536346 94722505 89829916
94722505 88536346 100904428 88536346
94722505 89829916 96806812 117262262
59864096 18550816 73290770 44296328
73290770 44296328 73669230 76846432
73669230 76846432 81786685 76846432
73669230 76846432 73669230 93075359
125203744 59676394 167184675 65548940
167184675 65548940 167184675 67678988
167184675 65548940 179178263 65548940
179178263 65548940 191145047 77147457
191145047 77147457 191145047 77295901
191145047 77295901 192758986 77295901
191145047 77147457 193809518 77147457
191145047 77295901 191145047 81274466
193809518 77147457 200965245 80090335
200965245 80090335 211236710 80090335
200965245 80090335 200965245 94419315
200965245 94419315 203386941 118817605
203386941 118817605 203386941 133145662
203386941 133145662 203386941 177632383
96806812 117262262 100241820 161933431
100241820 161933431 100241820 173894059
100241820 161933431 124819175 161933431
124819175 161933431 136035955 164774379
136035955 164774379 154776449 164774379
154776449 164774379 158546462 173726738
158546462 173726738 160375007 176131678
160375007 176131678 182952546 187836794
182952546 187836794 190680562 199095500
190680562 199095500 201790115 199095500
116910233 0 165826456 0
165826456 0 195624453 0
195624453 0 208823598 0
208823598 0 208823598 3649749
208823598 0 218808144 0
218808144 0 220227606 0
220227606 0 225656425 0
218808144 0 218808144 25578385
218808144 25578385 220227606 36031977
220227606 36031977 225656425 36031977
220227606 36031977 220227606 48530855
220227606 48530855 226615371 62077108
195624453 0 195624453 28751179
225656425 0 257082968 0
257082968 0 257082968 9070696
165826456 0 165826456 33466168
190680562 199095500 190680562 250783367
190680562 250783367 200409081 250783367
190680562 250783367 190680562 261179124
190680562 261179124 192952516 272523069
192952516 272523069 196030530 272523069
196030530 272523069 204251146 292986294
192952516 272523069 192952516 309160787
257082968 0 308885398 0
308885398 0 317652308 0
317652308 0 357964946 0
357964946 0 366769783 0
366769783 0 379938748 0
379938748 0 380926449 0
380926449 0 385662495 0
385662495 0 391527447 0
391527447 0 396178435 0
396178435 0 397970282 0
397970282 0 401042686 0
391527447 0 391527447 8443914
391527447 8443914 396178435 13329997
396178435 13329997 397970282 13329997
401042686 0 401042686 12422886
385662495 0 385662495 13029860
366769783 0 366769783 16796841
396178435 13329997 396178435 30356731
401042686 0 422964314 0
422964314 0 437789137 0
437789137 0 438207479 0
438207479 0 443282974 0
443282974 0 443282974 8455492
443282974 0 452169450 0
452169450 0 452793264 0
452793264 0 452793264 1003019
452793264 0 457969062 0
457969062 0 469565508 0
469565508 0 484165242 0
484165242 0 494708125 0
437789137 0 437789137 18650018
437789137 18650018 438207479 45626423
366769783 16796841 379938748 33654673
379938748 33654673 380926449 33654673
379938748 33654673 379938748 35770262
396178435 30356731 422964314 36582399
422964314 36582399 426242133 44912244
426242133 44912244 426242133 65868516
426242133 65868516 428595715 83110664
428595715 83110664 429564237 91485547
429564237 91485547 430863254 112882735
430863254 112882735 444438845 114419201
444438845 114419201 447979402 114419201
447979402 114419201 452519108 129847629
452519108 129847629 452519108 130308499
452519108 129847629 466947608 129847629
466947608 129847629 468278763 139889076
468278763 139889076 487434713 144690858
487434713 144690858 487434713 146253356
426242133 44912244 452169450 44912244
444438845 114419201 444438845 140411313
444438845 140411313 444687618 154763692
444687618 154763692 449442627 174729994
452169450 44912244 476731374 48738654
476731374 48738654 484165242 48738654
484165242 48738654 494188388 61486596
487434713 144690858 516196578 144690858
476731374 48738654 476731374 81913129
516196578 144690858 517641412 177860986
457969062 0 457969062 34692965
457969062 34692965 469565508 40078012
449442627 174729994 467947978 192167715
467947978 192167715 486902432 192167715
486902432 192167715 488295098 209628382
488295098 209628382 488295098 229171128
467947978 192167715 467947978 211735707
467947978 211735707 469900692 216606235
488295098 209628382 516701813 209628382
494708125 0 494708125 39902047
357964946 0 357964946 41741863
357964946 41741863 366016044 55672390
366016044 55672390 368857659 68614767
368857659 68614767 384667956 77855897
384667956 77855897 391648515 77855897
384667956 77855897 384667956 91124315
308885398 0 308885398 46621472
384667956 91124315 412656427 110015404
517641412 177860986 550293944 192205047
550293944 192205047 552132983 199355102
552132983 199355102 552132983 205308230
552132983 199355102 595597972 199355102
595597972 199355102 597860948 199355102
597860948 199355102 597860948 201366429
595597972 199355102 595597972 204436932
597860948 199355102 612145083 199355102
308885398 46621472 319836854 83010398
595597972 204436932 601483545 247494790
601483545 247494790 607650322 270946092
319836854 83010398 329531602 123886506
329531602 123886506 329531602 135972128
329531602 135972128 338207522 153447883
338207522 153447883 338207522 158895449
338207522 153447883 344787477 153447883
344787477 153447883 348125849 154047814
329531602 123886506 358383837 123886506
348125849 154047814 374549147 163488341
374549147 163488341 379124730 163488341
379124730 163488341 382793073 163488341
382793073 163488341 382793073 165576220
379124730 163488341 379124730 169036548
382793073 163488341 401849710 163488341
382793073 165576220 383511391 186019869
383511391 186019869 397638696 193111111
397638696 193111111 405135211 193111111
405135211 193111111 410885570 202752137
397638696 193111111 397638696 208821777
397638696 208821777 398559979 231043710
398559979 231043710 402878966 244386612
402878966 244386612 407337607 245523475
407337607 245523475 407337607 252308301
407337607 245523475 421016543 245523475
421016543 245523475 421016543 246294188
410885570 202752137 434136702 204556454
374549147 163488341 374549147 188631835
421016543 245523475 454525099 245523475
421016543 246294188 434693357 266912385
434693357 266912385 454046729 272747629
454046729 272747629 487659703 273306125
401849710 163488341 420388173 184418702
204251146 292986294 243387926 306473225
136035955 164774379 136035955 218044838
374549147 188631835 376655713 239867411
376655713 239867411 396130557 266623068
396130557 266623068 398068094 284358612
398068094 284358612 401072494 302051241
401072494 302051241 404249483 302051241
404249483 302051241 412299265 317661360
412299265 317661360 413506255 334132890
413506255 334132890 413506255 359342454
413506255 359342454 413506255 366185319
413506255 366185319 424479078 366867263
424479078 366867263 427740205 370744407
413506255 359342454 428911742 359342454
401072494 302051241 401072494 329073378
427740205 370744407 448921098 380441649
448921098 380441649 454950450 383219944
454950450 383219944 454950450 393323379
454950450 393323379 455541032 419493457
454950450 383219944 498071453 383219944
498071453 383219944 508761500 396300571
508761500 396300571 529354428 396300571
529354428 396300571 530674205 409435477
530674205 409435477 530674205 421547098
530674205 421547098 530674205 424199027
530674205 421547098 546263884 421547098
530674205 409435477 550932055 409435477
550932055 409435477 551189653 413928761
508761500 396300571 508761500 424419465
508761500 424419465 522403546 426646098
522403546 426646098 527940096 426646098
527940096 426646098 530370532 442642191
530370532 442642191 544367383 454076574
544367383 454076574 552069134 483905812
552069134 483905812 556775964 492460803
556775964 492460803 579425783 492460803
556775964 492460803 556775964 529504100
556775964 529504100 556775964 533800263
556775964 529504100 571140950 529504100
571140950 529504100 573992785 529628358
573992785 529628358 579211026 555018153
579211026 555018153 580039462 562732304
580039462 562732304 584342780 572324914
584342780 572324914 584342780 582515100
584342780 582515100 584342780 590228124
584342780 582515100 592980845 582515100
584342780 572324914 608267672 572324914
592980845 582515100 599010102 608751828
556775964 533800263 560943527 563046720
560943527 563046720 565392696 563046720
560943527 563046720 560943527 577898175
608267672 572324914 624556536 590165285
624556536 590165285 627121612 590940839
627121612 590940839 636053331 590940839
636053331 590940839 638555866 592651868
638555866 592651868 653423979 593949869
653423979 593949869 660501732 593949869
653423979 593949869 653423979 607234466
653423979 607234466 658064620 623661112
658064620 623661112 661675032 628949744
579425783 492460803 604329755 504954332
604329755 504954332 604329755 509760553
604329755 504954332 612187748 504954332
627121612 590940839 627121612 631236803
627121612 631236803 628090898 635542680
628090898 635542680 644272680 635542680
644272680 635542680 646516997 641571673
646516997 641571673 648559336 641571673
646516997 641571673 646516997 658819350
646516997 658819350 651901948 666217435
651901948 666217435 670925644 666217435
670925644 666217435 672614318 675947119
672614318 675947119 672614318 676616544
672614318 676616544 672614318 680587338
672614318 680587338 672614318 690889075
672614318 675947119 684403599 675947119
684403599 675947119 684403599 680587338
684403599 675947119 698670415 675947119
698670415 675947119 698670415 676616544
698670415 676616544 707309011 676646995
707309011 676646995 707309011 688597609
698670415 675947119 712030173 675947119
628090898 635542680 628090898 656861094
628090898 656861094 628090898 657750962
628090898 656861094 643982791 656861094
651901948 666217435 651901948 696348665
651901948 696348665 659836484 708304913
659836484 708304913 662940020 717394937
662940020 717394937 679335581 717394937
679335581 717394937 679335581 718847044
679335581 717394937 686821667 717394937
686821667 717394937 686821667 717445668
686821667 717394937 696989496 717394937
662940020 717394937 662940020 735661462
679335581 718847044 685993463 731487057
685993463 731487057 704138873 736925202
712030173 675947119 742656347 676646995
662940020 735661462 665467670 768705588
707309011 688597609 734094419 700369159
643982791 656861094 683476235 657230118
665467670 768705588 695577217 781474145
695577217 781474145 713803724 782012906
713803724 782012906 736437125 782012906
736437125 782012906 743195038 798056253
743195038 798056253 743195038 809629235
743195038 809629235 745803773 812677489
713803724 782012906 713803724 807123864
713803724 807123864 715648061 807123864
713803724 807123864 713803724 811279509
743195038 798056253 768946858 798056253
768946858 798056253 778782246 815861280
778782246 815861280 778782246 828326885
778782246 828326885 786377568 841649943
786377568 841649943 786377568 849913603
786377568 849913603 788094786 849913603
788094786 849913603 797583812 850644915
797583812 850644915 797583812 862079212
786377568 849913603 786377568 863974624
797583812 850644915 817258611 850644915
817258611 850644915 827173336 851185002
778782246 815861280 808663611 815861280
786377568 841649943 817949963 841649943
827173336 851185002 850028500 867774239
850028500 867774239 852709491 867774239
852709491 867774239 866810155 867774239
852709491 867774239 852709491 887003915
852709491 887003915 852709491 888052331
852709491 887003915 855015458 887003915
866810155 867774239 886328655 874543603
886328655 874543603 893409785 878876859
893409785 878876859 902419820 889622892
902419820 889622892 922352848 889622892
922352848 889622892 922352848 890389453
922352848 889622892 930525416 889622892
922352848 890389453 928687927 907275161
902419820 889622892 902419820 921471236
902419820 921471236 914748175 935405640
914748175 935405640 918167019 953519211
918167019 953519211 918167019 974079195
918167019 974079195 926361211 974672586
850028500 867774239 850028500 899998572
850028500 899998572 853433920 932583589
853433920 932583589 873083417 935131853
873083417 935131853 886812639 935405640
886812639 935405640 886812639 936885588
817949963 841649943 852322927 847388502
808663611 815861280 849411422 819714841
849411422 819714841 852322927 830526945
852322927 830526945 864134388 830526945
918167019 953519211 963276682 953519211
963276682 953519211 965501510 953519211
965501510 953519211 969182851 959280334
963276682 953519211 963276682 966791691
963276682 966791691 975613107 979154629
975613107 979154629 975798494 979154629
975798494 979154629 989297588 985426190
989297588 985426190 991052230 985426190
989297588 985426190 989297588 994872733
989297588 994872733 999977959 997486980
975613107 979154629 975613107 999626735
413506255 334132890 458645833 334132890
458645833 334132890 477744733 347082469
477744733 347082469 477744733 362741511
477744733 362741511 479268550 378129032
477744733 347082469 520683855 347082469
734094419 700369159 746094991 734309619
746094991 734309619 747552380 736108737
747552380 736108737 769579398 746630021
769579398 746630021 770680475 746630021
770680475 746630021 770680475 747606964
769579398 746630021 769579398 748875100
769579398 748875100 776155796 773625877
776155796 773625877 776155796 789200712
776155796 773625877 791828629 773625877
791828629 773625877 811037114 783190484
811037114 783190484 819404306 788353389
819404306 788353389 819404306 805717315
819404306 788353389 837208605 788353389
837208605 788353389 849411422 798056919
849411422 798056919 876628173 798056919
876628173 798056919 887589792 815029804
887589792 815029804 889531443 818842245
889531443 818842245 917028765 818842245
917028765 818842245 917028765 824373667
917028765 818842245 946016295 818842245
917028765 824373667 936729358 834206542
936729358 834206542 942461604 835896790
942461604 835896790 942461604 848737969
942461604 835896790 974470296 835896790
974470296 835896790 974470296 846911489
974470296 835896790 994010157 835896790
770680475 746630021 808852417 746630021
808852417 746630021 817417738 773254379
889531443 818842245 889531443 861353335
889531443 861353335 914137855 864993095
819404306 805717315 836737056 834747406
817417738 773254379 862566472 775532338
546263884 421547098 587911687 428282191
455541032 419493457 474009990 449934021
474009990 449934021 474009990 455813179
474009990 449934021 481986720 449934021
474009990 455813179 478834381 496398512
478834381 496398512 483501044 515925934
483501044 515925934 506598836 515925934
483501044 515925934 483501044 548722461
483501044 548722461 490315247 570161391
490315247 570161391 500002483 570161391
500002483 570161391 509017245 571462585
490315247 570161391 490315247 592887750
490315247 592887750 510916736 607887376
510916736 607887376 510916736 618410902
510916736 607887376 532392432 607887376
532392432 607887376 534668981 639027609
534668981 639027609 539920220 641503636
539920220 641503636 543141661 657874540
543141661 657874540 543141661 669124463
543141661 657874540 563251903 657874540
543141661 669124463 559051629 674088337
563251903 657874540 596383636 662937302
596383636 662937302 596383636 668481258
596383636 668481258 601200141 673318506
596383636 662937302 611327719 662937302
510916736 618410902 530970208 639027609
530970208 639027609 530970208 674201756
862566472 775532338 906414295 781334384
906414295 781334384 906414295 786640242
906414295 781334384 935112286 781334384
935112286 781334384 947671023 795424672
947671023 795424672 949643555 795424672
947671023 795424672 947671023 800120377
628090898 657750962 641412251 695152198
641412251 695152198 643980922 713877376
552132983 205308230 584002397 227474402
584002397 227474402 587113440 227474402
584002397 227474402 584002397 232834220
584002397 232834220 588294524 234793709
588294524 234793709 588294524 262210241
588294524 262210241 590862520 262210241
588294524 262210241 588294524 269373059
588294524 269373059 604857259 293994267
604857259 293994267 634280640 298905713
634280640 298905713 641256588 298905713
641256588 298905713 641256588 308783448
641256588 298905713 651444422 298905713
651444422 298905713 673988558 301953275
673988558 301953275 674641730 301953275
673988558 301953275 673988558 307301404
673988558 307301404 675263685 329527897
675263685 329527897 675263685 351955826
641256588 308783448 645979052 330442634
645979052 330442634 665617937 332364296
675263685 329527897 703058363 329527897
703058363 329527897 706428781 331047960
706428781 331047960 722109620 342630242
722109620 342630242 724455796 342630242
722109620 342630242 722109620 374514344
722109620 374514344 742794871 393758840
742794871 393758840 755178537 420094606
755178537 420094606 755178537 420518255
755178537 420094606 759576051 420094606
724455796 342630242 757993989 351648336
757993989 351648336 758848933 351648336
757993989 351648336 757993989 354235325
675263685 351955826 682889839 391966342
682889839 391966342 685494127 392193298
685494127 392193298 688863490 392193298
688863490 392193298 688863490 397391532
688863490 392193298 695868954 392193298
685494127 392193298 685494127 412800963
685494127 412800963 715611585 423174933
715611585 423174933 731251346 423174933
715611585 423174933 715611585 441425667
715611585 441425667 726437872 449130563
726437872 449130563 737904274 449130563
737904274 449130563 750222809 451256359
726437872 449130563 726437872 471871674
726437872 471871674 735932886 483731532
735932886 483731532 746247537 486491534
746247537 486491534 781511887 486491534
781511887 486491534 783562482 495230713
746247537 486491534 746247537 522258768
746247537 522258768 746247537 525418011
746247537 525418011 746612564 533167601
746247537 522258768 772876273 522258768
772876273 522258768 773659190 553970026
773659190 553970026 773659190 573476696
773659190 573476696 777450838 579087564
777450838 579087564 801943542 579087564
773659190 553970026 803983857 553970026
777450838 579087564 777450838 614116997
777450838 614116997 781330045 619860850
801943542 579087564 835609599 589204837
835609599 589204837 837951608 603853881
837951608 603853881 841541727 603853881
841541727 603853881 849272382 606691176
849272382 606691176 854422684 606691176
849272382 606691176 849272382 617219029
837951608 603853881 837951608 635707674
837951608 635707674 841708915 655468818
841708915 655468818 849642749 661646076
849642749 661646076 869388598 661646076
869388598 661646076 884847472 661646076
884847472 661646076 886281013 665680078
869388598 661646076 869388598 678862669
849642749 661646076 849642749 686031391
849642749 686031391 860419519 686031391
849642749 686031391 849642749 717709302
849642749 717709302 864859863 730964714
854422684 606691176 884306300 611489550
884306300 611489550 901682485 619154153
864859863 730964714 878471397 758202328
901682485 619154153 932289238 633815307
932289238 633815307 938103053 640458385
938103053 640458385 966155041 640458385
966155041 640458385 966155041 642992592
966155041 642992592 980403654 643211545
966155041 640458385 989262336 640458385
938103053 640458385 938103053 670152285
938103053 670152285 949558691 670152285
938103053 670152285 938103053 693843724
949558691 670152285 958647340 691030026
958647340 691030026 973527641 698568089
938103053 693843724 945747271 720577426
945747271 720577426 947512717 748577176
947512717 748577176 947671023 769820176
781330045 619860850 823405901 626100400
823405901 626100400 825365757 626100400
823405901 626100400 823405901 652440769
783562482 495230713 811917921 515740761
811917921 515740761 820468482 517402998
820468482 517402998 829831194 517402998
829831194 517402998 829831194 521089393
829831194 517402998 833565696 517402998
820468482 517402998 820468482 544011355
833565696 517402998 859004974 531676954
859004974 531676954 861319580 554508878
861319580 554508878 861319580 561975549
861319580 561975549 864414908 561975549
861319580 561975549 861319580 575010435
861319580 554508878 889966890 554508878
889966890 554508878 900876636 560549782
900876636 560549782 907108624 560549782
907108624 560549782 907108624 562495704
907108624 562495704 908906103 565523645
907108624 560549782 912583765 560549782
908906103 565523645 922092342 566645176
922092342 566645176 924266608 566645176
924266608 566645176 928068045 571180537
922092342 566645176 922092342 581807111
922092342 581807111 931295085 600732608
900876636 560549782 900876636 600659571
588294524 234793709 637442009 234793709
637442009 234793709 662612415 247175428
662612415 247175428 662612415 250810034
662612415 247175428 688438017 247175428
662612415 250810034 668095171 272275131
668095171 272275131 668095171 283655562
668095171 272275131 681065414 272275131
681065414 272275131 715089711 281123146
715089711 281123146 715089711 289984117
715089711 281123146 732840695 281123146
732840695 281123146 756242338 282530193
756242338 282530193 756474799 284296310
756474799 284296310 764183684 296212235
764183684 296212235 764183684 301842333
764183684 301842333 764183684 304073774
764183684 301842333 770045101 301842333
770045101 301842333 784373791 306012131
784373791 306012131 802532380 306012131
802532380 306012131 811717443 307297267
811717443 307297267 818313856 307297267
818313856 307297267 818313856 310503147
818313856 307297267 827822861 307297267
827822861 307297267 827822861 309765737
827822861 307297267 853127400 307297267
764183684 296212235 796957588 296212235
811717443 307297267 811717443 346065201
811717443 346065201 812571031 347676641
812571031 347676641 820519257 347676641
812571031 347676641 812571031 373527691
812571031 373527691 815894261 374340826
815894261 374340826 825503847 394297312
825503847 394297312 825503847 410203426
825503847 410203426 828876712 410203426
825503847 410203426 825503847 437001614
825503847 437001614 826603950 442953448
826603950 442953448 826603950 451963017
826603950 451963017 845479193 460030174
845479193 460030174 855454403 460030174
855454403 460030174 857269952 460030174
855454403 460030174 855454403 466903030
855454403 466903030 856572154 477958299
856572154 477958299 856572154 491233793
845479193 460030174 845479193 478597271
856572154 491233793 856572154 510323248
856572154 491233793 876442295 491233793
825503847 394297312 855423781 394297312
827822861 309765737 839065488 340407293
784373791 306012131 784373791 349276435
856572154 477958299 902594900 477958299
839065488 340407293 871908550 354113555
871908550 354113555 911326969 359818273
911326969 359818273 917913549 359818273
917913549 359818273 917934408 360217712
917934408 360217712 917934408 360515461
911326969 359818273 911326969 383924491
911326969 383924491 940455566 386494696
940455566 386494696 940455566 405766335
940455566 405766335 941205935 416958354
941205935 416958354 942296423 416958354
941205935 416958354 941205935 423396542
941205935 423396542 958952059 427310505
958952059 427310505 971213565 427310505
971213565 427310505 987487277 427310505
987487277 427310505 989468436 439449514
989468436 439449514 994187498 441413714
971213565 427310505 971213565 452893096
971213565 452893096 975096487 458282860
940455566 386494696 973152801 386494696
958952059 427310505 958952059 460387302
958952059 460387302 959285118 460387302
958952059 460387302 958952059 473625422
759576051 420094606 792573922 437515980
792573922 437515980 803900108 440280938
803900108 440280938 808291302 440280938
808291302 440280938 822720514 451963017
822720514 451963017 822720514 454225133
803900108 440280938 803900108 482874261
947671023 769820176 998131635 769820176
634280640 298905713 634280640 351025102
930525416 889622892 973632044 900615694
506598836 515925934 530680345 545967429
530680345 545967429 537752398 564350942
537752398 564350942 541280219 600054497
541280219 600054497 541948972 600054497
541280219 600054497 541280219 600837320
541280219 600837320 552927184 606170971
552927184 606170971 565700147 629657975
243387926 306473225 292463465 311807155
660501732 593949869 714437463 594503876
714437463 594503876 731696302 610561409
731696302 610561409 731696302 625474525
731696302 625474525 740149998 625474525
731696302 625474525 731696302 643432196
731696302 643432196 744932861 650745816
731696302 610561409 758942193 610561409
201790115 199095500 241764689 214633861
241764689 214633861 272825017 223452754
192952516 309160787 241905805 315784674
917934408 360217712 973737247 360217712
191145047 81274466 196569810 131797276
928687927 907275161 973062297 918852971
947671023 800120377 996543024 807423841
876442295 491233793 893236884 530914243
893236884 530914243 909175776 538517742
909175776 538517742 917153652 546129138
917153652 546129138 917153652 554294082
917153652 554294082 936853476 558268254
917153652 546129138 943103813 546129138
943103813 546129138 983493568 546691498
983493568 546691498 986548397 551954704
796957588 296212235 850241065 301103128
516701813 209628382 525377087 259401542
525377087 259401542 527557387 266078739
527557387 266078739 527557387 272763264
527557387 266078739 547851539 266078739
547851539 266078739 547851539 267426522
547851539 266078739 556359556 266078739
556359556 266078739 558831291 269668592
558831291 269668592 559538598 321750154
559538598 321750154 568721189 321750154
568721189 321750154 570480689 321750154
568721189 321750154 568721189 329791707
559538598 321750154 559538598 375274685
522403546 426646098 522403546 485575323
203386941 118817605 262614468 118817605
262614468 118817605 270520821 120935686
270520821 120935686 270520821 133145662
270520821 120935686 307853106 120935686
307853106 120935686 308524435 153528989
308524435 153528989 308524435 154496720
308524435 154496720 309242417 158895449
308524435 153528989 325761625 153528989
309242417 158895449 309242417 201232507
309242417 201232507 331052046 210406262
331052046 210406262 335039291 210406262
335039291 210406262 335039291 212599079
335039291 212599079 336471254 213857734
335039291 210406262 354928351 210406262
354928351 210406262 356431261 240505008
331052046 210406262 331052046 264442788
331052046 264442788 350561686 286491333
350561686 286491333 366594045 301865327
494708125 0 554257773 0
554257773 0 554257773 20437699
554257773 0 587912137 0
587912137 0 622302345 0
622302345 0 622302345 1986931
622302345 0 646362874 0
646362874 0 654721980 0
654721980 0 676431604 0
676431604 0 692589877 0
692589877 0 697498941 0
697498941 0 704158585 0
704158585 0 707528010 0
707528010 0 708529708 0
708529708 0 708529708 11404314
646362874 0 646362874 23096052
646362874 23096052 652295710 24308873
652295710 24308873 654721980 24308873
654721980 24308873 671047801 24507563
671047801 24507563 676431604 24507563
671047801 24507563 671047801 50488262
707528010 0 707528010 27431900
676431604 24507563 692589877 42993373
692589877 42993373 697498941 47822007
697498941 47822007 704158585 47875340
708529708 0 743587966 0
743587966 0 743587966 13151479
587912137 0 587912137 35368343
704158585 47875340 715721845 74708463
715721845 74708463 715721845 82494791
715721845 74708463 731542269 74708463
731542269 74708463 745889389 85308710
652295710 24308873 652295710 63811989
652295710 63811989 665528819 64542117
665528819 64542117 666152389 64542117
665528819 64542117 665528819 69020099
665528819 69020099 669715327 88316830
669715327 88316830 669715327 95338837
669715327 95338837 669715327 108915072
669715327 108915072 682927231 108915072
669715327 108915072 669715327 123538844
669715327 95338837 685516344 95338837
669715327 88316830 688164875 88316830
669715327 123538844 677671404 158815269
677671404 158815269 684361399 158815269
677671404 158815269 677671404 166675377
677671404 166675377 682906312 166675377
682906312 166675377 693181561 176862658
677671404 166675377 677671404 189016876
693181561 176862658 710277343 198099344
710277343 198099344 712939883 201507515
712939883 201507515 727317816 215062924
727317816 215062924 743687342 237469668
743687342 237469668 745864613 256183789
745864613 256183789 745864613 263058271
745864613 263058271 750231972 263058271
750231972 263058271 756242338 269986406
745864613 263058271 745864613 278101026
756242338 269986406 772094527 269986406
554257773 20437699 564699282 57761049
564699282 57761049 579668404 57761049
745889389 85308710 794203940 85308710
794203940 85308710 794446443 85308710
794203940 85308710 794203940 94591982
794203940 94591982 804626788 105704360
804626788 105704360 809016197 107799631
809016197 107799631 809016197 119398287
809016197 107799631 827654917 107799631
745889389 85308710 745889389 136372908
745889389 136372908 745889389 141989036
745889389 136372908 779737238 136372908
809016197 119398287 814346727 167932559
814346727 167932559 832891206 190749875
745864613 256183789 800467487 256183789
742656347 676646995 778840454 700036375
527557387 272763264 547034418 313072329
599010102 608751828 618180497 649848237
745803773 812677489 749085062 870047220
564699282 57761049 564699282 119320371
564699282 119320371 564699282 129524920
564699282 119320371 578157377 119320371
578157377 119320371 584190944 134322698
584190944 134322698 610787516 134322698
584190944 134322698 584190944 162836286
584190944 162836286 584190944 167673443
584190944 162836286 592657073 162836286
592657073 162836286 614279806 169466194
614279806 169466194 617385857 169466194
614279806 169466194 614279806 186236631
614279806 186236631 648344908 186367511
648344908 186367511 648344908 197843593
648344908 186367511 668718161 186367511
648344908 197843593 667415906 220362920
226615371 62077108 282276424 68110701
282276424 68110701 294345233 75435361
294345233 75435361 301841407 106846090
270520821 133145662 296628549 170959823
296628549 170959823 302657349 190411356
607650322 270946092 653894802 288862483
653894802 288862483 660475480 294668090
612187748 504954332 646471003 535015131
646471003 535015131 646471003 535341516
646471003 535015131 668769783 535015131
646471003 535341516 660030340 547495178
668769783 535015131 703320610 535800214
703320610 535800214 703320610 539694651
703320610 535800214 734300210 535800214
703320610 539694651 712919923 569488558
712919923 569488558 724662427 574195632
724662427 574195632 764200994 588673865
272825017 223452754 292388102 269470130
292388102 269470130 292388102 282488541
292388102 282488541 292463465 294251158
292388102 269470130 306804956 269470130
292463465 294251158 308313595 294251158
745889389 141989036 773816745 179676065
773816745 179676065 800824961 181485178
568721189 329791707 600649249 364194213
600649249 364194213 603280517 407212844
826603950 442953448 893196735 442953448
893196735 442953448 905664707 450790945
827654917 107799631 877725613 125565614
877725613 125565614 877725613 127350277
877725613 125565614 892579797 125565614
892579797 125565614 895681762 128062438
895681762 128062438 914096230 143127157
914096230 143127157 936284790 143127157
936284790 143127157 949793199 160383897
949793199 160383897 962857438 164507838
962857438 164507838 987802711 164507838
987802711 164507838 996762440 164507838
996762440 164507838 999855184 166038258
987802711 164507838 987802711 192399250
962857438 164507838 962857438 193219299
962857438 193219299 979028069 193219299
962857438 193219299 962857438 216909012
962857438 216909012 971135585 230372338
971135585 230372338 971135585 230524910
971135585 230372338 984095727 230372338
971135585 230524910 971800424 247504166
984095727 230372338 991341028 246593338
991341028 246593338 992658124 284153669
914096230 143127157 914096230 197822341
914096230 197822341 915209273 198101402
915209273 198101402 934886810 198101402
934886810 198101402 940768548 214384409
915209273 198101402 915209273 234532356
915209273 234532356 923714118 272118116
923714118 272118116 930608421 289338939
930608421 289338939 930608421 302611431
930608421 289338939 945765516 289338939
930608421 302611431 935889287 319237671
935889287 319237671 935889287 329047340
935889287 319237671 950574527 319237671
950574527 319237671 958262894 320645606
958262894 320645606 984443985 358130046
797583812 862079212 801904906 928207030
801904906 928207030 805631250 934266912
805631250 934266912 805631250 950863424
805631250 950863424 805631250 951241893
805631250 950863424 823545286 950863424
805631250 934266912 837461201 934266912
837461201 934266912 842667181 939305987
823545286 950863424 824613556 993352670
824613556 993352670 863690190 997284516
805631250 951241893 817661174 989242752
603280517 407212844 664824407 416488006
664824407 416488006 665515227 416488006
664824407 416488006 664824407 421838503
664824407 421838503 671484126 458344504
671484126 458344504 672361391 470802002
672361391 470802002 672361391 480363611
672361391 470802002 713152751 470802002
672361391 480363611 673503912 520796442
673503912 520796442 691743148 522517301
715721845 82494791 723306679 145734541
723306679 145734541 730861447 146133496
713803724 811279509 737085298 859531745
737085298 859531745 739347306 870193584
292463465 311807155 325359909 351493402
325359909 351493402 325359909 351738772
325359909 351493402 331580735 351493402
331580735 351493402 340411967 355112381
340411967 355112381 340411967 360290339
340411967 360290339 340411967 378045094
340411967 378045094 345003085 378045094
345003085 378045094 348784145 381681679
348784145 381681679 348784145 381711258
348784145 381681679 355004656 381681679
355004656 381681679 357748456 383042427
357748456 383042427 381234402 383452601
340411967 378045094 340411967 413324318
340411967 413324318 355933140 439239238
355933140 439239238 366013110 442479837
366013110 442479837 366013110 454522442
366013110 442479837 396370962 442479837
396370962 442479837 397195827 442479837
396370962 442479837 396370962 450815969
397195827 442479837 410349381 444594464
410349381 444594464 410349381 452908690
410349381 444594464 431388954 444594464
340411967 360290339 387525436 360290339
340411967 355112381 390038201 355112381
381234402 383452601 395286360 420000579
410349381 452908690 419895938 494529062
419895938 494529062 419895938 502259603
419895938 494529062 428448747 494529062
419895938 502259603 422884862 508932232
422884862 508932232 428732934 525350466
428732934 525350466 428732934 525883808
428732934 525350466 451723474 525350466
451723474 525350466 455716307 539551905
455716307 539551905 464380016 539551905
366013110 454522442 375477017 497578738
428448747 494529062 472600432 505303540
455716307 539551905 455716307 594651108
455716307 594651108 455716307 598417177
455716307 594651108 459649408 594651108
459649408 594651108 476299814 611210211
476299814 611210211 476838573 611210211
476299814 611210211 476299814 612180665
476299814 612180665 478211265 661923033
478211265 661923033 481754963 672039447
481754963 672039447 481754963 685921358
481754963 685921358 486089885 685921358
481754963 685921358 481754963 710296217
481754963 710296217 492102726 724087604
481754963 672039447 506345751 672039447
506345751 672039447 515062424 701861592
492102726 724087604 498541921 770844203
498541921 770844203 528181694 789380210
528181694 789380210 542034999 789380210
542034999 789380210 542585148 797486938
528181694 789380210 528181694 811112882
542585148 797486938 571956495 797486938
571956495 797486938 592024561 797486938
571956495 797486938 571956495 825367283
571956495 825367283 577634446 825367283
571956495 825367283 571956495 840334521
577634446 825367283 591011019 833861240
591011019 833861240 612819990 841773442
612819990 841773442 622283675 856986782
622283675 856986782 642440835 869946223
642440835 869946223 642440835 893244582
642440835 893244582 648378907 898757404
642440835 869946223 669580544 869946223
669580544 869946223 675460587 881162486
648378907 898757404 655749731 919175920
592024561 797486938 612819990 813891782
612819990 813891782 612819990 827692361
612819990 827692361 614311503 827692361
612819990 813891782 636553515 813891782
636553515 813891782 636553515 815983152
636553515 815983152 636871037 815983152
636553515 815983152 636553515 824146408
636553515 813891782 652850977 813891782
571956495 840334521 587583982 863715798
587583982 863715798 612123546 876843217
652850977 813891782 669509432 844759030
669509432 844759030 669509432 845935241
669509432 844759030 676750310 844759030
542585148 797486938 542585148 845611624
542585148 845611624 555214625 871769381
555214625 871769381 558591596 871769381
555214625 871769381 555214625 877737402
555214625 877737402 571186156 912584874
571186156 912584874 585574601 912584874
571186156 912584874 571186156 948849881
612123546 876843217 635361355 910180289
635361355 910180289 647249619 934063758
647249619 934063758 648807414 953636001
571186156 948849881 605096175 972477432
648807414 953636001 669360040 993389675
669360040 993389675 669360040 994792944
669360040 993389675 688870535 993389675
688870535 993389675 714437815 994565066
375477017 497578738 381140762 552529103
655749731 919175920 723595695 926198814
723595695 926198814 733726466 926198814
723595695 926198814 723595695 961617587
723595695 961617587 727527238 961617587
723595695 961617587 723595695 975556894
733726466 926198814 771332028 939075448
771332028 939075448 790685216 943432018
790685216 943432018 797157202 958262025
797157202 958262025 800719533 958262025
800719533 958262025 801676965 987755419
797157202 958262025 797157202 997011025
675460587 881162486 722346370 909161019
853127400 307297267 916943244 320181783
916943244 320181783 918947776 321445366
918947776 321445366 924675447 343198033
924675447 343198033 924675447 345379688
924675447 343198033 929649982 343198033
975096487 458282860 983895294 527647424
986548397 551954704 996042960 621451014
579668404 57761049 610787516 108155138
610787516 108155138 643342730 108155138
800824961 181485178 831537518 234679116
902594900 477958299 941471149 524398934
559051629 674088337 583537356 736253123
583537356 736253123 585048097 741534724
585048097 741534724 585048097 765880680
585048097 765880680 585048097 773329747
585048097 765880680 604411223 765880680
585048097 741534724 620174350 741534724
620174350 741534724 622043186 741534724
620174350 741534724 620174350 753886922
431388954 444594464 473669257 490080891
0 0 0 90102311
0 90102311 633304 90102311
0 90102311 0 91909033
0 91909033 0 97133978
0 97133978 0 106807650
0 106807650 4718535 106807650
0 91909033 30920931 91909033
30920931 91909033 49284765 97133978
49284765 97133978 58356160 98846996
58356160 98846996 64706878 126647421
0 106807650 0 165115588
0 165115588 25673725 165115588
64706878 126647421 67168358 212076444
67168358 212076444 71202624 220735112
71202624 220735112 89229166 221289206
89229166 221289206 91651677 283873942
91651677 283873942 91651677 286938173
91651677 283873942 122204535 283873942
122204535 283873942 124801351 305817731
124801351 305817731 124801351 335265788
124801351 335265788 124801351 350759626
124801351 305817731 161442021 305817731
161442021 305817731 161442021 313587255
161442021 305817731 173279899 305817731
161442021 313587255 172594895 335265788
172594895 335265788 183537431 380814258
183537431 380814258 184548514 380814258
183537431 380814258 183537431 390799022
183537431 390799022 198476520 403290832
184548514 380814258 224925019 388322047
224925019 388322047 224925019 402986033
224925019 388322047 261380906 388322047
261380906 388322047 265396778 388322047
261380906 388322047 261380906 401855886
261380906 401855886 265530610 402460664
265530610 402460664 272792866 402460664
272792866 402460664 282525769 402460664
272792866 402460664 272792866 421790061
272792866 421790061 283642854 429854119
283642854 429854119 283642854 448922180
283642854 429854119 310214127 429854119
283642854 448922180 306468505 458229332
265530610 402460664 265530610 448922180
265530610 448922180 265530610 460521661
306468505 458229332 339903681 473867584
339903681 473867584 340381073 473867584
339903681 473867584 339903681 502340759
339903681 502340759 358317908 525687548
265530610 460521661 272268680 507405893
272268680 507405893 295210070 513891856
295210070 513891856 295210070 518066285
295210070 518066285 295210070 520787837
295210070 518066285 298384404 518066285
298384404 518066285 303065393 520313018
295210070 513891856 304135605 513891856
304135605 513891856 332748622 518474044
303065393 520313018 305050856 555822075
91651677 286938173 108461859 327145054
108461859 327145054 112185571 327145054
108461859 327145054 108461859 354654684
124801351 350759626 142879001 390907189
142879001 390907189 150938585 392385826
150938585 392385826 158793353 392385826
158793353 392385826 158793353 401304642
158793353 392385826 170899159 392385826
170899159 392385826 174918336 403290832
174918336 403290832 174918336 418508472
150938585 392385826 150938585 416689150
150938585 416689150 164714568 438382657
164714568 438382657 166691088 446387929
166691088 446387929 166691088 458063314
166691088 458063314 171440788 472224662
171440788 472224662 171440788 485094833
171440788 485094833 171440788 491806785
171440788 485094833 179365163 485094833
171440788 472224662 213810282 472224662
166691088 446387929 218039175 446387929
213810282 472224662 250260031 488762648
250260031 488762648 256183754 488762648
256183754 488762648 261934624 507405893
261934624 507405893 261934624 522207256
261934624 522207256 268797026 528201630
268797026 528201630 270479543 547317505
250260031 488762648 250260031 532412829
305050856 555822075 336116480 595580111
336116480 595580111 364243291 627227315
364243291 627227315 400418011 656328299
400418011 656328299 400594381 664728648
400594381 664728648 408635387 664728648
408635387 664728648 424616869 680682075
424616869 680682075 432653321 680682075
424616869 680682075 424616869 692888357
432653321 680682075 456357915 692775812
456357915 692775812 457190351 696589250
457190351 696589250 466399985 696589250
457190351 696589250 457190351 710198333
457190351 710198333 458441003 710198333
458441003 710198333 458674999 748806310
458674999 748806310 474465127 774337754
400594381 664728648 400594381 720376555
474465127 774337754 477662457 837801731
477662457 837801731 485056085 863208355
485056085 863208355 487922409 863208355
487922409 863208355 492920101 869930123
485056085 863208355 485056085 876547595
485056085 876547595 489360264 899802759
489360264 899802759 515738355 900366494
515738355 900366494 517755424 931519829
517755424 931519829 526937863 931519829
517755424 931519829 517755424 976980960
517755424 976980960 560190423 990035388
560190423 990035388 562859300 993917825
526937863 931519829 562892622 962112071
457190351 710198333 457190351 781473735
457190351 781473735 470885236 841660670
270479543 547317505 275944400 618304262
275944400 618304262 299207730 625993904
299207730 625993904 302679075 644138143
302679075 644138143 311078897 649368813
311078897 649368813 335706211 649368813
335706211 649368813 338628956 702821922
338628956 702821922 379931245 707109685
379931245 707109685 385901052 723376485
311078897 649368813 311078897 708761844
311078897 708761844 319761940 721410725
319761940 721410725 322400323 757611342
322400323 757611342 326789854 757611342
322400323 757611342 322400323 764392996
322400323 764392996 324594666 765838368
324594666 765838368 333331382 776686466
333331382 776686466 354415797 797563548
354415797 797563548 354415797 820564268
354415797 820564268 362521442 836720734
362521442 836720734 375650918 836720734
375650918 836720734 397017341 836951864
397017341 836951864 402274670 843794655
362521442 836720734 362521442 860141340
354415797 797563548 381780967 797563548
381780967 797563548 397641583 803220912
397641583 803220912 397641583 806031716
402274670 843794655 438723072 843794655
438723072 843794655 448158383 843794655
438723072 843794655 438723072 875661712
438723072 875661712 444224360 908208594
444224360 908208594 466041042 916400944
466041042 916400944 467678416 933922738
448158383 843794655 464089029 870392067
397641583 806031716 441403924 808213041
441403924 808213041 450095444 808213041
441403924 808213041 441403924 823846933
397641583 803220912 443752643 803220912
443752643 803220912 443752643 804298317
443752643 803220912 452608457 803220912
402274670 843794655 402274670 895564709
402274670 895564709 411138931 908208594
411138931 908208594 411138931 954156791
411138931 954156791 411138931 962715191
411138931 954156791 437099351 954156791
437099351 954156791 438844552 954156791
437099351 954156791 437099351 959917462
437099351 959917462 446730970 990675538
446730970 990675538 472851323 991879800
411138931 962715191 433382689 989637374
250260031 532412829 259208931 606437727
259208931 606437727 265127019 609528740
265127019 609528740 265127019 641106880
265127019 641106880 265633841 649670744
265127019 609528740 304927978 609528740
179365163 485094833 186496485 561306095
186496485 561306095 187361821 599522697
187361821 599522697 212265444 599522697
212265444 599522697 239946666 606437727
239946666 606437727 239946666 622041193
239946666 622041193 245540442 641368996
245540442 641368996 247201868 641368996
245540442 641368996 245540442 668349613
187361821 599522697 187361821 640187938
400594381 720376555 438536979 773688268
141281535 83078115 157256186 159650415
108461859 354654684 110964134 446381940
110964134 446381940 117928855 446381940
117928855 446381940 118999932 447442684
110964134 446381940 110964134 457542772
110964134 457542772 127180602 466122507
118999932 447442684 137734140 454434063
127180602 466122507 144375300 481646459
144375300 481646459 144526183 510113874
144526183 510113874 144526183 515209286
144526183 515209286 145640379 515209286
144526183 515209286 144526183 521808469
144526183 510113874 170381215 510113874
144526183 521808469 155435055 551348562
155435055 551348562 164855037 551348562
155435055 551348562 155435055 562628594
164855037 551348562 196953370 558290670
155435055 562628594 164883426 640613272
164883426 640613272 174074994 652201990
174074994 652201990 178551100 652201990
174074994 652201990 174074994 671418085
362521442 860141340 390898043 926330943
390898043 926330943 404079338 959917462
404079338 959917462 404079338 994462775
0 165115588 0 261598282
0 261598282 0 266547515
0 266547515 41135572 266547515
0 261598282 48190289 261598282
0 266547515 0 327070859
0 327070859 16067713 327070859
0 327070859 0 345568660
0 345568660 0 350928190
0 350928190 852973 350928190
0 345568660 7455289 345568660
0 350928190 0 371154366
0 371154366 2093045 371154366
0 371154366 0 412265326
0 412265326 37245065 412265326
0 412265326 0 457958457
0 457958457 0 459213577
0 459213577 10412612 459213577
10412612 459213577 54833997 460466690
54833997 460466690 66702126 460466690
66702126 460466690 66702126 468240319
54833997 460466690 54833997 480008832
54833997 480008832 54833997 482988456
54833997 480008832 59415672 480008832
66702126 460466690 89957053 460466690
89957053 460466690 89957053 466919213
89957053 460466690 105375743 460466690
59415672 480008832 88743597 489213969
88743597 489213969 110272570 507705007
110272570 507705007 110930539 542155354
54833997 482988456 57473243 523001661
57473243 523001661 59757550 528197666
59757550 528197666 80499924 538859352
80499924 538859352 99733570 538859352
80499924 538859352 80499924 561129836
0 457958457 47465025 457958457
37245065 412265326 76457175 425850905
80499924 561129836 94935294 615106929
94935294 615106929 106103046 615106929
106103046 615106929 107393714 624602394
107393714 624602394 110166473 624602394
107393714 624602394 107393714 641989467
94935294 615106929 94935294 634033141
94935294 634033141 107064268 676636620
107064268 676636620 135095814 704427831
135095814 704427831 135095814 729538440
135095814 704427831 160639260 704427831
160639260 704427831 173357609 760877374
173357609 760877374 173357609 771068175
173357609 771068175 178940287 775300975
178940287 775300975 178940287 780836896
178940287 775300975 210218223 775300975
210218223 775300975 227141665 781685880
227141665 781685880 252320654 781685880
252320654 781685880 253249455 803096503
253249455 803096503 253249455 820456865
253249455 820456865 262351351 820456865
253249455 803096503 277861107 803096503
253249455 820456865 253249455 848469168
227141665 781685880 227141665 829622761
227141665 829622761 247942986 858068308
247942986 858068308 250011832 867900473
250011832 867900473 264383075 893214399
264383075 893214399 268059365 895300942
268059365 895300942 298775936 895300942
298775936 895300942 328754096 904591267
328754096 904591267 328754096 918910567
328754096 904591267 348613905 904591267
268059365 895300942 268059365 950031935
268059365 950031935 287274449 964648014
287274449 964648014 303959961 964648014
287274449 964648014 287274449 989593341
287274449 989593341 287274449 998083801
287274449 989593341 298552450 989593341
303959961 964648014 353594408 972353018
353594408 972353018 362654622 991578150
173357609 760877374 237349411 760877374
237349411 760877374 272175538 776939871
272175538 776939871 272175538 780941563
272175538 776939871 304233714 776939871
304233714 776939871 308947828 776939871
304233714 776939871 304233714 798556925
348613905 904591267 368172403 961751429
7455289 345568660 76574132 361889184
110930539 542155354 127695592 612950099
178940287 780836896 207069719 849276534
207069719 849276534 207069719 851542966
207069719 849276534 210063721 849276534
207069719 851542966 207522175 938616554
207522175 938616554 207522175 943968443
207522175 938616554 225178868 938616554
0 459213577 0 556682130
0 556682130 2479031 556682130
0 556682130 0 572178479
0 572178479 0 575161007
0 575161007 22400057 575161007
0 575161007 0 603181293
0 603181293 0 604903655
0 604903655 0 605646723
0 605646723 1118346 605646723
0 603181293 5201542 603181293
5201542 603181293 20959892 604903655
22400057 575161007 53074983 580351753
53074983 580351753 57808139 621525175
57808139 621525175 57808139 629779772
57808139 629779772 57843951 629779772
57808139 621525175 72163105 621525175
57808139 629779772 57808139 662975374
57808139 662975374 81672579 687704045
81672579 687704045 82118104 687704045
81672579 687704045 81672579 691097069
0 572178479 49678822 572178479
81672579 691097069 90122531 744236996
90122531 744236996 90122531 748160836
90122531 744236996 99510312 744236996
90122531 748160836 90433977 765403371
90433977 765403371 90433977 783547448
90433977 765403371 111528779 765403371
111528779 765403371 111566293 772195262
111566293 772195262 111566293 774607329
111566293 772195262 130316824 772195262
111566293 774607329 119257464 803516011
119257464 803516011 123596355 815181144
123596355 815181144 127748077 837121473
127748077 837121473 130134590 837121473
127748077 837121473 127748077 864055620
127748077 864055620 174396091 879512059
174396091 879512059 177785682 881048194
177785682 881048194 177785682 881910810
177785682 881910810 185282362 891571264
177785682 881048194 206024062 881048194
0 605646723 0 675663338
0 675663338 0 703740305
0 703740305 0 704609210
0 704609210 336909 704609210
0 704609210 0 716181611
0 716181611 0 733708754
0 703740305 34230781 703740305
34230781 703740305 46277734 716181611
46277734 716181611 47525447 722732637
47525447 722732637 47525447 733708754
47525447 722732637 74741464 722732637
0 675663338 42205094 675663338
0 733708754 0 790915670
0 790915670 0 793602175
0 793602175 19352378 793602175
0 793602175 0 831227950
0 831227950 1182272 831227950
0 831227950 0 833863039
0 833863039 0 857173507
0 857173507 12754748 857173507
0 857173507 0 877742417
0 877742417 0 886452894
0 886452894 0 905736038
0 905736038 5510482 905736038
0 905736038 0 918991574
0 918991574 0 922830884
0 922830884 0 924557838
0 924557838 0 927065577
0 924557838 5525947 924557838
0 922830884 12368542 922830884
12368542 922830884 21007428 927065577
0 927065577 0 940315156
0 940315156 10366476 940315156
0 918991574 17556856 918991574
10366476 940315156 23572644 953963808
23572644 953963808 23572644 958933171
23572644 953963808 45380867 953963808
0 940315156 0 968082978
0 968082978 1665718 968082978
0 968082978 0 978341712
0 886452894 29769064 886452894
0 833863039 37635232 833863039
37635232 833863039 51674246 838601468
51674246 838601468 51674246 857679830
51674246 838601468 71810240 838601468
19352378 793602175 50593152 803197670
50593152 803197670 51159263 821586844
0 790915670 44712433 790915670
0 877742417 47868525 877742417
21007428 927065577 68534624 929464290
68534624 929464290 68534624 936872591
68534624 929464290 88439739 929464290
88439739 929464290 102463415 939169461
102463415 939169461 120565075 939169461
102463415 939169461 102463415 960671243
102463415 960671243 110309573 993691229
110309573 993691229 110309573 999033756
110309573 993691229 129073770 993691229
68534624 936872591 77293612 978526637
71810240 838601468 114571837 851813508
114571837 851813508 121991317 876380120
47868525 877742417 102167838 880667890
102167838 880667890 107994532 896025166
107994532 896025166 107994532 899446782
107994532 896025166 113029419 896025166
113029419 896025166 120565075 919594918
120565075 919594918 153460030 919594918
153460030 919594918 153460030 935690031
153460030 919594918 170744756 919594918
153460030 935690031 164724776 980616028
164724776 980616028 182850671 985042167
2093045 371154366 63447150 410459450
241905805 315784674 286021037 374525184
286021037 374525184 286774529 374525184
286021037 374525184 286021037 377822588
743587966 0 846729146 0
846729146 0 846729146 31739782
846729146 0 899640686 0
899640686 0 902701996 0
902701996 0 902701996 2467782
902701996 0 909181174 0
909181174 0 949179496 0
949179496 0 949179496 5516168
949179496 5516168 965164461 7582784
965164461 7582784 976019412 7582784
976019412 7582784 982577321 12035076
965164461 7582784 965164461 36767122
965164461 36767122 965164461 38883324
965164461 36767122 970183617 36767122
909181174 0 909181174 43162947
899640686 0 899640686 45006178
909181174 43162947 941698901 68851173
941698901 68851173 946062892 118679556
946062892 118679556 962711935 123813900
962711935 123813900 969882502 123813900
969882502 123813900 969882502 127134403
969882502 123813900 982851128 123813900
962711935 123813900 962711935 141323541
846729146 31739782 871287787 72600486
871287787 72600486 886582125 77230018
886582125 77230018 887692577 77230018
887692577 77230018 890966555 77618512
886582125 77230018 886582125 95862098
886582125 95862098 916574107 110763631
890966555 77618512 935101552 87309767
935101552 87309767 978923853 106465399
381140762 552529103 419282194 620150883
265633841 649670744 298718672 729624030
743587966 13151479 800595977 69717563
800595977 69717563 822691842 81050813
