1430
0 0 0 51341770
0 51341770 0 67448166
0 67448166 4466374 67448166
0 67448166 0 100437744
0 100437744 22229287 100437744
0 100437744 0 128087563
0 128087563 22264931 128087563
0 128087563 0 156481889
0 51341770 34557437 51341770
34557437 51341770 59228102 58918586
59228102 58918586 65080015 58918586
59228102 58918586 59228102 69894964
59228102 69894964 64998718 80039180
64998718 80039180 92964722 80039180
92964722 80039180 100961751 83543069
64998718 80039180 64998718 110638465
100961751 83543069 128402486 98599852
128402486 98599852 140193277 98599852
140193277 98599852 144440247 98599852
140193277 98599852 140193277 111672867
128402486 98599852 128402486 115717862
128402486 115717862 129958130 146934564
129958130 146934564 133713965 160787336
133713965 160787336 145132915 188391964
145132915 188391964 148647712 188391964
148647712 188391964 148647712 189686390
148647712 188391964 155708780 188391964
155708780 188391964 171131936 189689579
171131936 189689579 171131936 211520176
171131936 211520176 186770688 216990866
186770688 216990866 209283409 216990866
209283409 216990866 209608009 220831324
209608009 220831324 218471964 220831324
209608009 220831324 209608009 232966481
209608009 232966481 214963944 232966481
214963944 232966481 215635517 245705879
209608009 232966481 209608009 252159514
145132915 188391964 145132915 213787126
171131936 189689579 196903098 189689579
209608009 252159514 209992305 292264358
209992305 292264358 209992305 324235027
209992305 324235027 211671376 334271850
211671376 334271850 225078579 334915081
225078579 334915081 231548166 334915081
231548166 334915081 239579288 334915081
231548166 334915081 231548166 344406463
225078579 334915081 225078579 361524161
231548166 344406463 260794003 346253092
260794003 346253092 260794003 349882075
260794003 346253092 279258514 346253092
279258514 346253092 289407960 348360043
289407960 348360043 289407960 348500873
289407960 348500873 292214939 363397963
289407960 348360043 315290002 348360043
315290002 348360043 318777917 351038139
318777917 351038139 318777917 362925349
318777917 362925349 329585206 380433307
318777917 351038139 348288037 351038139
348288037 351038139 350111729 354323995
350111729 354323995 351649694 377081740
351649694 377081740 357843662 383942721
357843662 383942721 357843662 405178325
357843662 405178325 366174919 410795285
366174919 410795285 366657296 410795285
366174919 410795285 366174919 424741995
366174919 424741995 371960554 439197233
371960554 439197233 377369719 439197233
371960554 439197233 371960554 460408397
377369719 439197233 403964816 442124054
292214939 363397963 304056875 381397943
357843662 383942721 391249081 383942721
391249081 383942721 408836135 383942721
391249081 383942721 391249081 404850152
0 156481889 43431375 156481889
225078579 361524161 246918863 385268780
43431375 156481889 80325245 166167530
80325245 166167530 80325245 179926344
80325245 179926344 83299379 180370324
83299379 180370324 108696096 184608594
80325245 166167530 110077706 166167530
209992305 292264358 257447150 292264358
140193277 111672867 188183484 111854727
188183484 111854727 200923461 111854727
188183484 111854727 188183484 126389000
188183484 126389000 195662661 142684201
195662661 142684201 195662661 169486882
195662661 142684201 224979064 142684201
408836135 383942721 442561838 401868873
442561838 401868873 453941782 424399965
257447150 292264358 295454770 307069349
295454770 307069349 311255716 330055675
311255716 330055675 355882651 330450207
355882651 330450207 365830405 330450207
365830405 330450207 365830405 344649950
365830405 344649950 365830405 348809981
365830405 344649950 377740657 344649950
355882651 330450207 355882651 346107242
365830405 330450207 389229500 330450207
246918863 385268780 264630152 421409475
264630152 421409475 281482910 425129290
281482910 425129290 282762833 425129290
282762833 425129290 287454798 425129290
282762833 425129290 282762833 432836747
281482910 425129290 281482910 446026488
282762833 432836747 310975115 435089688
310975115 435089688 319918468 437703955
319918468 437703955 324716198 454823548
324716198 454823548 325519374 457600704
325519374 457600704 329834060 457600704
329834060 457600704 337763520 458497459
337763520 458497459 359115468 460408397
281482910 446026488 304619937 454823548
304619937 454823548 304619937 459392399
359115468 460408397 359115468 500959825
325519374 457600704 325519374 510255416
325519374 510255416 329704639 546165831
329704639 546165831 338918615 554871734
338918615 554871734 338918615 573387108
338918615 554871734 366576031 554871734
366576031 554871734 366576031 571392425
366576031 554871734 406829481 554871734
406829481 554871734 423130632 559751044
366576031 571392425 389062184 600291728
389062184 600291728 389213133 612811853
389213133 612811853 389213133 617072502
389213133 612811853 407616663 612811853
407616663 612811853 432410955 615695800
432410955 615695800 441033525 633750872
441033525 633750872 441033525 643552055
441033525 643552055 457415633 651775693
457415633 651775693 477411248 657427792
477411248 657427792 483586865 666222406
441033525 633750872 466937844 633750872
466937844 633750872 470928753 639842545
483586865 666222406 486539183 690574148
486539183 690574148 496876920 690574148
496876920 690574148 504644013 693572718
504644013 693572718 504644013 703010083
504644013 703010083 505653783 703010083
504644013 703010083 504644013 711057858
504644013 711057858 512049779 711425408
512049779 711425408 528020287 711425408
486539183 690574148 486539183 708862698
504644013 693572718 542440695 693572718
542440695 693572718 557922825 708283813
557922825 708283813 571439198 726162936
571439198 726162936 572114796 749165363
572114796 749165363 573060941 751498285
573060941 751498285 573060941 782646658
573060941 782646658 577978122 787079236
577978122 787079236 583544169 787079236
583544169 787079236 583544169 788245907
583544169 787079236 591990850 787079236
577978122 787079236 577978122 809362853
577978122 809362853 590410714 820662841
573060941 751498285 611310534 751498285
611310534 751498285 611310534 753828757
611310534 751498285 617750158 751498285
590410714 820662841 590410714 859568000
590410714 859568000 591025988 877100115
591025988 877100115 591025988 888547250
591025988 888547250 602236125 888547250
602236125 888547250 604558151 889397643
604558151 889397643 609176307 889397643
604558151 889397643 604558151 895774633
604558151 895774633 615648953 901249270
615648953 901249270 620148521 902519795
591025988 888547250 591025988 906416861
591025988 906416861 592988879 917801140
592988879 917801140 593051277 917855968
591025988 877100115 610130424 877100115
610130424 877100115 615648953 887760878
615648953 887760878 641515269 887760878
641515269 887760878 643158873 887760878
641515269 887760878 641515269 894870605
641515269 894870605 659941284 895810096
659941284 895810096 660676060 895810096
660676060 895810096 660676060 897492595
659941284 895810096 659941284 923592889
593051277 917855968 611971106 928281321
611971106 928281321 623600142 937569467
623600142 937569467 631073234 937569467
631073234 937569467 631073234 940268866
631073234 940268866 632150603 940268866
631073234 940268866 631073234 943681340
623600142 937569467 623600142 946472402
631073234 943681340 636184606 963100002
636184606 963100002 649107832 963100002
649107832 963100002 652043571 963596713
652043571 963596713 673997217 963596713
673997217 963596713 682911432 970819935
682911432 970819935 686910527 972265777
686910527 972265777 686910527 984543688
686910527 984543688 690212888 989056415
686910527 972265777 705866871 972265777
636184606 963100002 636184606 987634923
636184606 987634923 652043571 993997434
631073234 937569467 656186852 937569467
660676060 895810096 703471018 895810096
590410714 820662841 634473910 820662841
634473910 820662841 634661790 820662841
634661790 820662841 635577277 824810851
635577277 824810851 635577277 829633355
635577277 824810851 653920850 824810851
653920850 824810851 669972707 827526487
669972707 827526487 669972707 839521697
634473910 820662841 634473910 846538581
669972707 827526487 700516356 827526487
669972707 839521697 696564967 846337348
696564967 846337348 698469453 846337348
696564967 846337348 696564967 863949108
696564967 863949108 700188456 868032102
698469453 846337348 723052281 852293398
723052281 852293398 727689257 852922094
727689257 852922094 740704348 857177919
740704348 857177919 740704348 868008817
740704348 868008817 741251505 868446761
741251505 868446761 741251505 880831349
740704348 857177919 754285610 857177919
754285610 857177919 760523622 868446761
760523622 868446761 782839509 876545722
782839509 876545722 786038747 880058215
786038747 880058215 787592848 880058215
786038747 880058215 786038747 890786805
786038747 890786805 786209001 890786805
786038747 890786805 786038747 905380159
786209001 890786805 792181426 903486745
792181426 903486745 816060745 913915199
634473910 846538581 651681458 867859226
528020287 711425408 554177877 730698639
554177877 730698639 568526081 749165363
568526081 749165363 568526081 758242373
389213133 617072502 392123101 660071738
392123101 660071738 399733311 667208714
399733311 667208714 415641795 667208714
415641795 667208714 415641795 671153121
415641795 667208714 439139116 667208714
439139116 667208714 454209840 682411973
415641795 671153121 437692676 682411973
437692676 682411973 437692676 711506294
399733311 667208714 399733311 715138201
703471018 895810096 719184032 928685317
470928753 639842545 510561836 649298082
510561836 649298082 533792546 660216463
533792546 660216463 542567097 660216463
533792546 660216463 533792546 669338842
542567097 660216463 551526799 663266563
551526799 663266563 551526799 681327197
551526799 663266563 579989088 663266563
551526799 681327197 577511572 688493671
533792546 669338842 549194673 688291858
623600142 946472402 628656421 991176761
656186852 937569467 690775429 953254182
690775429 953254182 714010025 955545109
714010025 955545109 752778926 958491355
752778926 958491355 752778926 959342990
752778926 958491355 756302800 958491355
512049779 711425408 512049779 762504455
512049779 762504455 518613547 769483636
518613547 769483636 525144420 769483636
525144420 769483636 544693352 770415133
544693352 770415133 547027976 770415133
544693352 770415133 544693352 781443262
544693352 781443262 553454452 802295397
518613547 769483636 518613547 810633562
518613547 810633562 540427098 813678067
700516356 827526487 742926497 836394460
690212888 989056415 742032741 989378378
742926497 836394460 790781524 841558850
304619937 459392399 306506265 511019078
306506265 511019078 308665676 523383337
308665676 523383337 311102273 523383337
308665676 523383337 308665676 534228635
308665676 534228635 309870222 546165831
309870222 546165831 309870222 583358780
338918615 573387108 362026108 603935399
403964816 442124054 434819662 466562407
434819662 466562407 437517729 466562407
437517729 466562407 451117038 474353164
434819662 466562407 434819662 490435361
451117038 474353164 467920315 503885651
467920315 503885651 470888411 503885651
467920315 503885651 467920315 532072973
467920315 532072973 468452172 550491543
468452172 550491543 472263187 550629682
472263187 550629682 510930959 550728982
453941782 424399965 500935354 433410729
500935354 433410729 514642076 445028207
514642076 445028207 516561683 446145437
516561683 446145437 517603186 446145437
516561683 446145437 516561683 451036661
0 156481889 0 214994994
0 214994994 0 221798819
0 214994994 10996178 214994994
10996178 214994994 15948323 221798819
15948323 221798819 21963197 227048283
21963197 227048283 21963197 237555798
0 221798819 0 237555798
0 237555798 0 252262299
0 252262299 4468771 252262299
21963197 227048283 51339494 227048283
51339494 227048283 54068061 228140552
54068061 228140552 54068061 238222502
54068061 238222502 54629549 238222502
54629549 238222502 55366861 247026726
55366861 247026726 63184485 247026726
55366861 247026726 55366861 258209864
54068061 228140552 66356377 228140552
66356377 228140552 71908305 228140552
66356377 228140552 66356377 234904184
55366861 258209864 68632606 261347936
68632606 261347936 88540955 261347936
68632606 261347936 68632606 288484859
68632606 288484859 70462362 288484859
68632606 288484859 68632606 293276236
68632606 293276236 87191944 304645888
87191944 304645888 88077856 304645888
88077856 304645888 95582350 308195867
95582350 308195867 95934708 325076865
95934708 325076865 95934708 332222634
95934708 332222634 108978236 341686377
108978236 341686377 108978236 354235286
108978236 341686377 143061692 341686377
143061692 341686377 149901905 341686377
149901905 341686377 152342731 342136914
143061692 341686377 143061692 351171743
143061692 351171743 144585211 362052911
152342731 342136914 164967118 342136914
164967118 342136914 164967118 350864905
164967118 350864905 184235876 352199263
184235876 352199263 187881772 352199263
184235876 352199263 184235876 368600271
144585211 362052911 152342731 376234664
152342731 376234664 159716909 376234664
152342731 376234664 152342731 387476568
152342731 387476568 153483946 387639718
153483946 387639718 153483946 390496554
153483946 390496554 167337722 390496554
187881772 352199263 203604184 359812337
184235876 368600271 191417267 387639718
191417267 387639718 195446459 394400776
195446459 394400776 213206993 394400776
195446459 394400776 195446459 415347565
195446459 415347565 199004662 428568937
199004662 428568937 199004662 436006375
199004662 436006375 204039990 449242090
199004662 428568937 218488217 428568937
204039990 449242090 206809927 469141259
206809927 469141259 206809927 479972682
206809927 469141259 237412213 469141259
237412213 469141259 244596372 474984782
167337722 390496554 172248166 419291247
172248166 419291247 184526345 419291247
172248166 419291247 172248166 446781771
172248166 446781771 193529062 450336979
164967118 342136914 199118880 342136914
95934708 325076865 142671556 325076865
87191944 304645888 87191944 355110666
87191944 355110666 103862306 385389011
103862306 385389011 127655514 411192071
193529062 450336979 203389033 494653486
203389033 494653486 221610829 519680140
221610829 519680140 241981799 523482757
241981799 523482757 241981799 527819369
241981799 527819369 249521634 531773156
241981799 523482757 266651941 523482757
266651941 523482757 277681011 529188848
277681011 529188848 277681011 531773156
277681011 529188848 292477973 529188848
218488217 428568937 263800107 437912599
153483946 390496554 153483946 448047117
153483946 448047117 165595462 469137462
165595462 469137462 165595462 470127876
165595462 469137462 171235113 469137462
171235113 469137462 174465690 511860964
174465690 511860964 184113942 537579376
184113942 537579376 198722202 553950855
790781524 841558850 851725121 842228964
851725121 842228964 877646559 842228964
877646559 842228964 881612818 842228964
877646559 842228964 877646559 849994233
877646559 849994233 897458304 852247865
897458304 852247865 897458304 870977961
897458304 852247865 923912622 852247865
897458304 870977961 921180916 876304491
851725121 842228964 851725121 884759229
851725121 884759229 851725121 885117330
851725121 884759229 875704061 884759229
875704061 884759229 882599601 910656591
882599601 910656591 889288947 921035387
889288947 921035387 905459649 943731323
905459649 943731323 947955618 960225892
947955618 960225892 956117349 987380464
956117349 987380464 956117349 992161307
956117349 987380464 996224815 987380464
851725121 885117330 868404556 927929979
868404556 927929979 872539891 927929979
872539891 927929979 873971666 936115721
868404556 927929979 868404556 938260665
868404556 938260665 868901925 941381436
540427098 813678067 552653672 864679601
552653672 864679601 556678422 869089607
556678422 869089607 556678422 874273170
556678422 869089607 573523215 869089607
573523215 869089607 579126176 913314792
434819662 490435361 438351324 550669329
470888411 503885651 521226013 517596466
521226013 517596466 521226013 517794840
521226013 517794840 529793878 524811299
529793878 524811299 544416417 529957775
544416417 529957775 546679550 537979624
546679550 537979624 551517980 537979624
551517980 537979624 564913204 542077437
564913204 542077437 573957881 542077437
573957881 542077437 579893199 556339637
579893199 556339637 579893199 567179471
564913204 542077437 564913204 563415110
564913204 563415110 570364557 563415110
564913204 563415110 564913204 577878392
564913204 577878392 565050792 607663823
565050792 607663823 565050792 611070607
565050792 607663823 575504500 607663823
575504500 607663823 602959568 616715194
602959568 616715194 609194334 617989411
609194334 617989411 633748195 617989411
565050792 611070607 565259120 647752597
609194334 617989411 609194334 658643762
609194334 658643762 609194334 661839346
609194334 658643762 619529049 658643762
579893199 556339637 626625262 556339637
626625262 556339637 626625262 557143668
626625262 556339637 643498640 556339637
643498640 556339637 651403323 567678990
626625262 557143668 630720236 596787039
630720236 596787039 630720236 598088483
630720236 596787039 636558715 596787039
636558715 596787039 658290470 617567914
658290470 617567914 663828588 635349463
663828588 635349463 663828588 637432808
663828588 635349463 675621989 635349463
675621989 635349463 684501379 636483138
684501379 636483138 691070544 642581226
691070544 642581226 691070544 649078074
663828588 637432808 672694445 649078074
691070544 649078074 699988167 663824556
699988167 663824556 709763008 682387098
709763008 682387098 721433349 695443064
721433349 695443064 728804379 695443064
721433349 695443064 721433349 704281356
728804379 695443064 742419243 701338626
742419243 701338626 742419243 713013162
742419243 701338626 755551139 701338626
672694445 649078074 672694445 678651272
672694445 678651272 684237263 693127489
684237263 693127489 692901170 712161587
692901170 712161587 694047000 712810385
694047000 712810385 705105547 712810385
694047000 712810385 694047000 734493919
694047000 734493919 697975253 750778613
742419243 713013162 744717583 747044674
744717583 747044674 751760300 747044674
744717583 747044674 744717583 762518691
751760300 747044674 770416375 749864671
770416375 749864671 799763313 751772374
799763313 751772374 815568251 751772374
799763313 751772374 799763313 770526697
799763313 770526697 830249392 784092370
830249392 784092370 838172134 785575161
838172134 785575161 838172134 808252569
838172134 808252569 840617918 808252569
838172134 808252569 838172134 837202821
838172134 785575161 877495365 785575161
877495365 785575161 881612818 794485200
881612818 794485200 890525261 794485200
721433349 704281356 741123551 729471567
741123551 729471567 752726315 744624114
744717583 762518691 752369969 802926229
752369969 802926229 754285610 808182715
754285610 808182715 758658669 808182715
758658669 808182715 790781524 810353152
790781524 810353152 792378488 810353152
697975253 750778613 709525501 789754068
709525501 789754068 720209370 789754068
709525501 789754068 709525501 803392097
691070544 642581226 742577018 642581226
579893199 567179471 595380035 603981539
595380035 603981539 615654207 608425200
521226013 517596466 573769377 517596466
651403323 567678990 706010839 569721305
706010839 569721305 720293539 569721305
720293539 569721305 720293539 577038257
720293539 569721305 737765175 569721305
720293539 577038257 730652705 584398361
730652705 584398361 730652705 604477324
706010839 569721305 706010839 595114465
546679550 537979624 546679550 595318022
755551139 701338626 805344774 712632140
609194334 661839346 609579575 723741059
609579575 723741059 627470820 725853063
627470820 725853063 637239776 725853063
637239776 725853063 637239776 739697850
637239776 725853063 652943131 725853063
627470820 725853063 627470820 744545679
292477973 529188848 293205494 592631852
293205494 592631852 303267253 644972394
303267253 644972394 303894393 650007693
303894393 650007693 303894393 660771929
303894393 660771929 318703044 668004713
318703044 668004713 321409060 681980277
321409060 681980277 332529380 681980277
332529380 681980277 338474625 681985490
338474625 681985490 338474625 698932203
338474625 698932203 342437656 715652557
342437656 715652557 346472672 719717396
321409060 681980277 321409060 707582388
346472672 719717396 346472672 755222741
346472672 755222741 358624315 763083492
358624315 763083492 372223606 766622996
372223606 766622996 398098182 778002885
398098182 778002885 406030006 778002885
398098182 778002885 398098182 791882538
398098182 791882538 405449296 796981101
405449296 796981101 405449296 815840698
405449296 796981101 427608144 796981101
427608144 796981101 441339168 803974087
441339168 803974087 441339168 823723273
441339168 823723273 444039504 823723273
441339168 823723273 441339168 831770943
441339168 831770943 453890859 834954867
453890859 834954867 457234853 860512699
441339168 803974087 479496303 803974087
457234853 860512699 463137521 895208785
463137521 895208785 463137521 904810140
463137521 904810140 472534439 911962663
472534439 911962663 483618586 911962663
483618586 911962663 485644969 921570959
485644969 921570959 485644969 928611941
485644969 921570959 520293603 921570959
520293603 921570959 521006052 939078441
521006052 939078441 529892963 939078441
529892963 939078441 534659794 953884726
534659794 953884726 534659794 961360778
521006052 939078441 521006052 962891231
534659794 953884726 558811602 953884726
472534439 911962663 472534439 948983150
463137521 895208785 501168389 895208785
521006052 962891231 531810941 996232562
346472672 719717396 391017035 719717396
338474625 681985490 385999748 681985490
303894393 650007693 355318847 650007693
501168389 895208785 550893578 906669621
730652705 584398361 794879431 584398361
794879431 584398361 797065286 600749265
797065286 600749265 797065286 603532538
797065286 600749265 812614303 600749265
812614303 600749265 816884352 617395610
816884352 617395610 841840724 655369299
841840724 655369299 842799760 708523033
842799760 708523033 874409191 712289730
874409191 712289730 882817696 712289730
874409191 712289730 874409191 727372197
874409191 727372197 883387812 749714208
883387812 749714208 883387812 763328201
883387812 763328201 883387812 768605417
883387812 763328201 898379893 763328201
898379893 763328201 898379893 767396244
898379893 763328201 904775145 763328201
883387812 749714208 905203840 749714208
904775145 763328201 941556356 774780885
941556356 774780885 941556356 779882994
941556356 774780885 952398866 774780885
941556356 779882994 951263219 794126060
951263219 794126060 965887537 794126060
965887537 794126060 975011334 794126060
965887537 794126060 965887537 818444754
965887537 818444754 976638807 841136179
951263219 794126060 951263219 841225912
882817696 712289730 933125578 723314218
933125578 723314218 951897693 735432035
951897693 735432035 952398866 737577903
952398866 737577903 965835257 737577903
965835257 737577903 984057442 743589218
984057442 743589218 988440693 744755599
988440693 744755599 992710475 753265957
472534439 948983150 487712555 998197720
224979064 142684201 256377364 176196459
256377364 176196459 266590902 185541519
266590902 185541519 269666278 189786288
269666278 189786288 269666278 203918837
269666278 189786288 287597002 189786288
287597002 189786288 287597002 203243058
269666278 203918837 286500499 211041166
286500499 211041166 296363005 224043618
296363005 224043618 301515260 224043618
301515260 224043618 313127982 240016774
313127982 240016774 316610390 240016774
316610390 240016774 328422266 261463640
328422266 261463640 328422266 265685272
328422266 265685272 328422266 267780249
328422266 265685272 339777573 265685272
328422266 261463640 351278390 261463640
313127982 240016774 313127982 275236009
287597002 189786288 329791480 189786288
329791480 189786288 336490924 191897149
336490924 191897149 336490924 210430900
336490924 191897149 377570188 191897149
377570188 191897149 380921351 191897149
377570188 191897149 377570188 208871655
377570188 208871655 395163324 209803552
351278390 261463640 356869835 302992173
356869835 302992173 356869835 316471280
380921351 191897149 431255399 196792945
431255399 196792945 436389061 196792945
431255399 196792945 431255399 204470423
436389061 196792945 456233921 198291232
456233921 198291232 464385969 198291232
464385969 198291232 472566158 206210838
472566158 206210838 472566158 219333936
472566158 219333936 472566158 222090118
472566158 219333936 483061275 219333936
472566158 206210838 499546478 206210838
499546478 206210838 501806578 214357129
501806578 214357129 518427943 216877064
518427943 216877064 518427943 233640958
456233921 198291232 456233921 232237089
456233921 232237089 460022834 250410080
460022834 250410080 463309907 278628289
463309907 278628289 468513365 285900451
468513365 285900451 472188876 289952920
472188876 289952920 480025950 289952920
480025950 289952920 517598849 290183329
517598849 290183329 517598849 301218427
517598849 290183329 541056053 290183329
541056053 290183329 565541492 294584582
565541492 294584582 572493726 294584582
572493726 294584582 580623504 294584582
572493726 294584582 572493726 313080372
565541492 294584582 565541492 327767328
565541492 327767328 569583575 327767328
565541492 327767328 565541492 333063268
580623504 294584582 604935970 307279859
518427943 216877064 564438063 216877064
564438063 216877064 565407052 226882253
565407052 226882253 565407052 231532360
517598849 301218427 520825409 344120265
520825409 344120265 525687501 350637259
525687501 350637259 527656883 350637259
525687501 350637259 525687501 360314440
525687501 360314440 538383333 373760425
565407052 226882253 612919737 226882253
612919737 226882253 615026658 238132254
615026658 238132254 615026658 254061386
615026658 254061386 615026658 255979793
615026658 254061386 622499261 254061386
622499261 254061386 626047951 256335679
626047951 256335679 626047951 291448962
626047951 256335679 663650376 256335679
663650376 256335679 663650376 258999234
663650376 256335679 691238556 256335679
691238556 256335679 696684005 266367521
696684005 266367521 696684005 295965043
626047951 291448962 657109463 302180983
657109463 302180983 692157305 308309905
692157305 308309905 694853727 320937103
694853727 320937103 715759148 320937103
715759148 320937103 720831242 327269110
720831242 327269110 720831242 338320744
720831242 338320744 720831242 340652952
720831242 338320744 729600421 338320744
729600421 338320744 746850755 346529801
746850755 346529801 754738519 348211665
754738519 348211665 781873428 348211665
781873428 348211665 782610640 348211665
782610640 348211665 783814611 353369308
781873428 348211665 781873428 358078976
781873428 358078976 782761231 380047581
782761231 380047581 786637332 380047581
786637332 380047581 800994721 383119480
694853727 320937103 694853727 350829108
694853727 350829108 699660818 355313048
699660818 355313048 700731241 355313048
699660818 355313048 699660818 376107126
699660818 376107126 711095904 392362523
754738519 348211665 754738519 383386749
720831242 327269110 764208951 327269110
764208951 327269110 766874227 327269110
764208951 327269110 764208951 336649848
696684005 266367521 743567767 266367521
472188876 289952920 472188876 340512402
472188876 340512402 477769905 350495317
477769905 350495317 481443952 375421461
481443952 375421461 503899622 375421461
481443952 375421461 481443952 399810307
481443952 399810307 485623209 399949186
565407052 231532360 572733233 275630344
743567767 266367521 763849608 299103249
763849608 299103249 811366673 305737300
811366673 305737300 842548388 331154011
842548388 331154011 843849621 343616020
843849621 343616020 843849621 345426433
843849621 343616020 877987439 343616020
877987439 343616020 899913449 348937293
899913449 348937293 919701100 357013543
919701100 357013543 919701100 358035649
919701100 357013543 935400723 357013543
935400723 357013543 952661232 357875382
952661232 357875382 959140749 357875382
952661232 357875382 952661232 379330999
919701100 358035649 920169885 409018166
920169885 409018166 922245795 423018035
922245795 423018035 946514983 424754068
946514983 424754068 952529383 460791696
952529383 460791696 952529383 470910480
952529383 470910480 957188174 470910480
957188174 470910480 961421222 479572113
961421222 479572113 961421222 483118796
952529383 460791696 972499268 460791696
952529383 470910480 952529383 494003187
952529383 494003187 955834771 504579678
955834771 504579678 956591254 504579678
955834771 504579678 955834771 519439553
961421222 479572113 998336002 479572113
998336002 479572113 999280871 512939224
956591254 504579678 990434147 516411391
395163324 209803552 429273516 235259126
429273516 235259126 441200296 252831361
441200296 252831361 442121019 252831361
441200296 252831361 441200296 257150889
441200296 257150889 441993371 294877217
441993371 294877217 447602822 294877217
441993371 294877217 441993371 316129503
441993371 316129503 460477502 328145318
843849621 345426433 872323595 376719351
872323595 376719351 874556618 376719351
872323595 376719351 872323595 396123102
872323595 396123102 874871968 399380380
874871968 399380380 897209418 422302175
897209418 422302175 898643977 439764698
898643977 439764698 918555286 449936134
296363005 224043618 296363005 284084182
336490924 210430900 375976420 232751888
615026658 238132254 678473915 238132254
356869835 302992173 423737640 302992173
816060745 913915199 830732934 966156585
830732934 966156585 837488624 992483004
921180916 876304491 957694752 906748340
957694752 906748340 957694752 907912242
957694752 906748340 960190198 906748340
960190198 906748340 967106071 920571519
967106071 920571519 967420480 922814412
0 252262299 0 319848771
0 319848771 0 322788602
0 319848771 7654059 319848771
0 322788602 0 333502698
0 333502698 22779942 333502698
7654059 319848771 35335248 322788602
0 333502698 0 369408081
0 369408081 85890 369408081
0 369408081 0 392237815
0 392237815 16902483 392237815
0 392237815 0 410508087
0 410508087 14977270 410508087
0 410508087 0 430616868
0 430616868 1665477 430616868
0 430616868 0 447789260
0 447789260 0 454437719
0 454437719 19650202 454437719
0 454437719 0 476911790
0 476911790 0 500502108
0 500502108 5508923 500502108
0 500502108 0 519617638
0 519617638 0 534001312
0 519617638 20205650 519617638
0 447789260 28617397 447789260
0 534001312 0 563488953
0 563488953 0 564903246
0 564903246 0 566036604
0 563488953 26539765 563488953
26539765 563488953 39481819 564903246
39481819 564903246 41161446 565703195
41161446 565703195 41161446 566036604
0 476911790 31866733 476911790
20205650 519617638 40537957 534001312
41161446 565703195 80546610 565703195
80546610 565703195 99485458 565703195
99485458 565703195 104424236 566018718
80546610 565703195 80546610 603473935
80546610 603473935 83774239 606380367
83774239 606380367 104424236 606380367
104424236 566018718 147518610 566018718
147518610 566018718 148461746 582406353
148461746 582406353 160428156 582406353
160428156 582406353 166504038 583456326
148461746 582406353 148461746 616679876
0 566036604 0 617757049
0 617757049 1441025 617757049
0 617757049 0 635706341
0 635706341 0 654087213
0 654087213 0 663851952
0 663851952 0 666633026
0 666633026 0 672230067
0 672230067 20650833 672230067
0 654087213 23965582 654087213
23965582 654087213 24328651 663851952
24328651 663851952 24328651 666633026
24328651 663851952 28383867 663851952
0 635706341 42449386 635706341
20650833 672230067 59848906 676295460
59848906 676295460 59848906 686212378
59848906 676295460 83759053 676295460
83759053 676295460 109875245 681179861
109875245 681179861 127005152 681179861
127005152 681179861 127005152 691314606
127005152 691314606 141540757 692837749
141540757 692837749 141540757 693484297
141540757 692837749 155977969 692837749
109875245 681179861 109875245 700288393
155977969 692837749 174034781 707464545
16902483 392237815 55792595 405727186
55792595 405727186 84875571 408302755
84875571 408302755 87843400 411192071
87843400 411192071 87843400 427309630
87843400 427309630 88982783 427309630
88982783 427309630 104238079 440712994
87843400 427309630 87843400 456480412
87843400 456480412 88303307 486784365
88303307 486784365 105144384 513315127
28617397 447789260 73375446 455773087
59848906 686212378 71709971 727254361
71709971 727254361 86142707 743637179
86142707 743637179 87629875 743637179
86142707 743637179 86142707 749617390
86142707 749617390 93279817 750646264
93279817 750646264 108089020 750646264
93279817 750646264 93279817 769022218
93279817 769022218 107389698 769694193
108089020 750646264 149210954 760540380
149210954 760540380 149210954 768218107
149210954 760540380 166068344 760540380
149210954 768218107 158992816 805530975
158992816 805530975 183483084 821482754
183483084 821482754 187750792 855183446
187750792 855183446 187750792 857227356
187750792 855183446 196105414 855183446
196105414 855183446 198292226 867209082
198292226 867209082 198292226 883101939
198292226 883101939 213580594 883101939
213580594 883101939 227687986 895837012
227687986 895837012 227687986 901051686
227687986 895837012 253315607 895837012
198292226 883101939 198292226 914043413
198292226 914043413 206437484 926119563
206437484 926119563 207200127 930849667
253315607 895837012 280814389 906984894
280814389 906984894 294161816 906984894
280814389 906984894 280814389 950712530
280814389 950712530 285068081 956730552
285068081 956730552 286758324 959641796
286758324 959641796 286758324 993813239
286758324 993813239 288461862 993813239
286758324 993813239 286758324 999818505
288461862 993813239 334161303 994253700
286758324 959641796 334561924 959641796
334561924 959641796 346762532 959641796
334561924 959641796 334561924 989209444
198292226 867209082 247766743 867209082
247766743 867209082 251234262 867209082
247766743 867209082 247766743 872530735
0 672230067 0 725297349
0 725297349 0 735274042
0 735274042 9693828 735274042
0 735274042 0 781780628
0 781780628 0 792559681
0 792559681 0 800121937
0 800121937 0 805944811
0 781780628 10808355 781780628
0 805944811 0 818714337
0 818714337 1883485 818714337
0 818714337 0 835456021
0 835456021 0 860400380
0 860400380 0 887452925
0 805944811 32200562 805944811
0 887452925 0 920703462
0 920703462 4545897 920703462
4545897 920703462 13259945 920703462
10808355 781780628 40546868 792559681
40546868 792559681 48973314 800121937
0 725297349 47411576 725297349
0 887452925 48151458 887452925
48151458 887452925 60680291 894748599
60680291 894748599 77446375 894748599
77446375 894748599 107184520 897720458
60680291 894748599 60680291 928167222
60680291 928167222 62621251 958535281
62621251 958535281 69687843 962759129
69687843 962759129 71750464 962759129
69687843 962759129 69687843 972034234
69687843 972034234 70537482 984765275
71750464 962759129 94070491 962857503
107184520 897720458 137132322 902320173
137132322 902320173 137132322 904353184
137132322 902320173 141549694 902320173
0 860400380 49917147 860400380
49917147 860400380 81220837 867881351
81220837 867881351 83147090 873453632
83147090 873453632 83147090 882237870
83147090 873453632 111461635 873453632
111461635 873453632 111461635 876504555
111461635 873453632 128710369 873453632
128710369 873453632 152396976 884619446
152396976 884619446 162400208 884619446
152396976 884619446 152396976 895886114
104424236 606380367 113316072 651679623
113316072 651679623 113316072 654130032
113316072 651679623 121726224 651679623
4545897 920703462 4545897 975180206
4545897 975180206 7209711 975180206
4545897 975180206 4545897 990813692
4545897 990813692 9984981 994629325
9984981 994629325 10879182 997070602
10879182 997070602 59534348 999219758
83774239 606380367 83774239 661277385
40537957 534001312 78185553 552432963
107389698 769694193 138000635 797118973
138000635 797118973 149040687 805530975
149040687 805530975 149040687 839108275
149040687 839108275 168279538 857402682
127005152 681179861 185210721 681179861
166068344 760540380 217070741 768824502
217070741 768824502 225073447 768824502
225073447 768824502 235796261 770505014
217070741 768824502 217070741 784363750
235796261 770505014 256258295 811160424
256258295 811160424 263739353 813547134
263739353 813547134 263739353 819031990
263739353 819031990 267593162 823143764
263739353 813547134 276835476 813547134
276835476 813547134 301421038 818797318
301421038 818797318 317845647 835976180
317845647 835976180 320800979 835976180
320800979 835976180 320800979 843725793
320800979 835976180 329504775 835976180
329504775 835976180 351241590 842330086
351241590 842330086 353383217 842330086
351241590 842330086 351241590 868968194
351241590 868968194 360276684 868968194
351241590 868968194 351241590 886371267
351241590 886371267 361914915 889791250
317845647 835976180 317845647 868302217
361914915 889791250 407212093 892769793
407212093 892769793 407940911 893028787
407940911 893028787 415440493 893028787
407940911 893028787 407940911 921957412
407940911 921957412 415719437 969825471
415719437 969825471 415719437 994216444
415719437 969825471 457879411 969825471
207200127 930849667 224687867 975074827
224687867 975074827 232687317 988919429
294161816 906984894 318782241 944950571
48973314 800121937 82899845 833526610
82899845 833526610 82899845 837465500
82899845 833526610 87281660 833526610
85890 369408081 55064507 382061646
55064507 382061646 78482756 385389011
78482756 385389011 78482756 386551737
78482756 386551737 89770311 404195388
565541492 333063268 594329527 371966591
594329527 371966591 596402429 404619673
596402429 404619673 596402429 407057091
596402429 407057091 596498388 407999078
596498388 407999078 596498388 425896652
596498388 407999078 626647612 407999078
626647612 407999078 631423695 411514939
631423695 411514939 631423695 448935881
631423695 448935881 642141143 454814685
642141143 454814685 656367854 475290033
656367854 475290033 677692180 475290033
677692180 475290033 677692180 489368091
677692180 475290033 696855855 475290033
696855855 475290033 708705967 475742889
708705967 475742889 714066892 475742889
708705967 475742889 708705967 501157860
631423695 411514939 673189049 411514939
673189049 411514939 696925455 421030139
656367854 475290033 656367854 518154939
656367854 518154939 661126508 521221499
661126508 521221499 676674529 521221499
661126508 521221499 661126508 537685709
596402429 404619673 643922993 404619673
643922993 404619673 644963521 404619673
643922993 404619673 643922993 406986581
643922993 406986581 657194182 407231652
696925455 421030139 713190073 472702611
782761231 380047581 782761231 448006001
174034781 707464545 218687022 731252426
218687022 731252426 233200038 747953883
233200038 747953883 244621532 748654709
244621532 748654709 244621532 751658076
244621532 748654709 263716655 748654709
263716655 748654709 281771308 749090819
281771308 749090819 282598168 761464031
282598168 761464031 282598168 764386834
282598168 764386834 287495830 764386834
287495830 764386834 289368166 767297685
282598168 764386834 282598168 793243984
282598168 761464031 317339045 761464031
289368166 767297685 316082082 782045710
316082082 782045710 322026889 809880584
322026889 809880584 352785769 828506660
591990850 787079236 649531422 798513625
649531422 798513625 667055607 804225069
54068061 238222502 54068061 307534769
619529049 658643762 647490856 700457473
647490856 700457473 647490856 709985051
647490856 700457473 658814046 700457473
658814046 700457473 660630035 700457473
658814046 700457473 658814046 706983142
65080015 58918586 126573368 67219961
126573368 67219961 160427068 95845128
160427068 95845128 196667716 110021492
1441025 617757049 60855208 629153226
196903098 189689579 255214363 202276809
185210721 681179861 235892650 701742199
235892650 701742199 292116300 702642181
292116300 702642181 296966417 702642181
296966417 702642181 302479983 708528029
302479983 708528029 303377537 708528029
302479983 708528029 302479983 716465996
292116300 702642181 292116300 722506736
730652705 604477324 791211662 615430741
791211662 615430741 792463755 623712288
792463755 623712288 796636975 623712288
792463755 623712288 792463755 671732131
792463755 671732131 797907640 684017803
955834771 519439553 967376197 579575161
967376197 579575161 972991899 581075994
972991899 581075994 989945804 581075994
972991899 581075994 972991899 601436480
972991899 601436480 976507604 614943388
976507604 614943388 976507604 631364364
976507604 631364364 979795084 631364364
976507604 631364364 976507604 649529058
976507604 614943388 998442873 614943388
976507604 649529058 979395862 679589792
979395862 679589792 984057442 710294420
984057442 710294420 992862146 710294420
457879411 969825471 513111125 987621448
800994721 383119480 814449224 442729086
814449224 442729086 815373048 442846396
815373048 442846396 815640174 442846396
815640174 442846396 845872713 477701387
845872713 477701387 846076522 499937813
846076522 499937813 847151447 499937813
846076522 499937813 846076522 535001677
847151447 499937813 877207804 511031383
877207804 511031383 881153601 511031383
877207804 511031383 877207804 533799069
877207804 533799069 896490391 536224498
846076522 535001677 850002171 574299511
850002171 574299511 850002171 590068056
850002171 574299511 868838177 574299511
868838177 574299511 873919479 582819687
873919479 582819687 878545908 582819687
896490391 536224498 914281999 567079444
914281999 567079444 914281999 570055775
914281999 567079444 946109214 567079444
914281999 570055775 941198231 579575161
941198231 579575161 941198231 634650268
941198231 634650268 954139207 638362007
873919479 582819687 873919479 650012566
873919479 650012566 884969772 651154252
884969772 651154252 927574671 674542939
927574671 674542939 933125578 704542503
933125578 704542503 946029223 704542503
946029223 704542503 948169700 716844673
737765175 569721305 802079819 579050382
802079819 579050382 833815719 582221512
833815719 582221512 835514590 594050709
104238079 440712994 144688290 474568026
144688290 474568026 148064459 505024009
152396976 895886114 195271564 927422959
195271564 927422959 197671168 942451743
485623209 399949186 499068414 462688523
0 0 77303059 0
77303059 0 94578841 0
94578841 0 94578841 13530295
94578841 0 114641049 0
114641049 0 114641049 9664660
77303059 0 77303059 38760545
114641049 0 159849102 0
159849102 0 159849102 7034059
159849102 0 176359939 0
176359939 0 176359939 4752933
176359939 0 193380698 0
193380698 0 193380698 1849473
193380698 0 196518471 0
196518471 0 208458113 0
208458113 0 230351878 0
230351878 0 230351878 12597746
196518471 0 196518471 23477997
196518471 23477997 201315273 46855099
201315273 46855099 208458113 46855099
201315273 46855099 201315273 57152732
208458113 46855099 221010322 50985497
221010322 50985497 228550582 82176410
228550582 82176410 228550582 82277986
228550582 82277986 231868376 86639040
228550582 82176410 254806648 82176410
254806648 82176410 256885625 82565127
256885625 82565127 256885625 96177677
231868376 86639040 252630891 96177677
252630891 96177677 252630891 104905145
256885625 96177677 281447230 104869825
281447230 104869825 292400158 106596762
292400158 106596762 299394699 108392864
299394699 108392864 299394699 137184429
299394699 137184429 305367902 137184429
299394699 137184429 299394699 155422271
305367902 137184429 315479194 151600032
299394699 108392864 331101739 108392864
331101739 108392864 342945477 108392864
342945477 108392864 344969876 112039837
331101739 108392864 331101739 120493530
331101739 120493530 331101739 127116990
331101739 120493530 338748806 120493530
338748806 120493530 340184352 120493530
338748806 120493530 338748806 126521844
340184352 120493530 355030657 122263474
256885625 82565127 306145818 82565127
230351878 0 282901204 0
282901204 0 291385453 0
282901204 0 282901204 8695781
282901204 8695781 291385453 25532470
291385453 0 319067013 0
319067013 0 322192199 0
319067013 0 319067013 15342773
319067013 15342773 322192199 16814051
322192199 0 345305952 0
345305952 0 352880519 0
352880519 0 352880519 5792312
345305952 0 345305952 41291176
352880519 0 395378807 0
395378807 0 398578449 0
398578449 0 399325817 0
398578449 0 398578449 24848868
398578449 24848868 399325817 34968127
399325817 0 442063480 0
442063480 0 450858514 0
450858514 0 450858514 17691667
450858514 0 471223129 0
471223129 0 482150309 0
482150309 0 482150309 7715153
442063480 0 442063480 25234486
471223129 0 471223129 35768835
395378807 0 395378807 46734929
395378807 46734929 403021544 87068222
403021544 87068222 403021544 96269543
403021544 87068222 416832884 87068222
416832884 87068222 427917304 119571638
427917304 119571638 436376774 121792298
436376774 121792298 441047519 121990020
441047519 121990020 441047519 123303266
441047519 123303266 441047519 124100332
441047519 123303266 464498260 123303266
441047519 124100332 453212145 152069322
453212145 152069322 458557538 158750921
458557538 158750921 458557538 171006262
458557538 158750921 471393549 158750921
458557538 171006262 466553533 176392691
466553533 176392691 467843346 181177282
467843346 181177282 496971518 197647059
496971518 197647059 523631943 201003030
450858514 17691667 461617549 56825172
482150309 0 533122193 0
533122193 0 533122193 10962310
533122193 0 554112095 0
554112095 0 554112095 5287522
554112095 0 560017655 0
560017655 0 587619934 0
587619934 0 587619934 5677783
560017655 0 560017655 35705168
560017655 35705168 569843765 51302601
569843765 51302601 569843765 55947710
569843765 51302601 592648799 51302601
592648799 51302601 592648799 54572369
592648799 51302601 607133820 51302601
569843765 55947710 575511402 83628983
575511402 83628983 594299939 98818837
594299939 98818837 598948453 106636430
598948453 106636430 613171951 106636430
613171951 106636430 615953289 114800151
615953289 114800151 618248044 120983295
618248044 120983295 637213932 120983295
598948453 106636430 598948453 129020872
618248044 120983295 618248044 150727713
618248044 150727713 619647210 163237633
619647210 163237633 619647210 179660666
619647210 179660666 634761217 179660666
634761217 179660666 643002348 181604560
643002348 181604560 656966246 181604560
619647210 179660666 619647210 197696286
643002348 181604560 643002348 201333755
643002348 201333755 650642402 219362862
619647210 163237633 664470725 163237633
664470725 163237633 665484148 163237633
664470725 163237633 664470725 167153214
619647210 197696286 638529889 224401624
656966246 181604560 690438638 195855256
690438638 195855256 723836286 198984119
723836286 198984119 736214033 198984119
736214033 198984119 755130884 205524775
755130884 205524775 756824684 209638872
756824684 209638872 756824684 236469829
756824684 236469829 756824684 244501989
756824684 236469829 782595252 236469829
782595252 236469829 792939982 252946360
756824684 209638872 784879326 209638872
784879326 209638872 784879326 219065502
784879326 219065502 792939982 220333658
792939982 220333658 804314649 220333658
784879326 209638872 798315483 209638872
756824684 244501989 772618406 262340238
772618406 262340238 772618406 262751422
772618406 262340238 781606343 262340238
723836286 198984119 723836286 236758480
804314649 220333658 817118420 249685166
817118420 249685166 840454649 256794480
840454649 256794480 846526600 282369105
846526600 282369105 867857778 288772791
867857778 288772791 867857778 293720100
867857778 288772791 904077527 288772791
904077527 288772791 907043276 290924052
907043276 290924052 907043276 314589147
867857778 293720100 883422601 314589147
883422601 314589147 883422601 328706846
907043276 290924052 945671226 290924052
945671226 290924052 945671226 308370785
945671226 290924052 975427896 290924052
975427896 290924052 975427896 296498796
975427896 290924052 986334991 290924052
975427896 296498796 977579717 326098554
977579717 326098554 977579717 334459986
977579717 326098554 999603493 326098554
607133820 51302601 641271901 67357853
641271901 67357853 647732011 68211933
647732011 68211933 647732011 87571190
647732011 68211933 685495103 68211933
685495103 68211933 698217936 68211933
685495103 68211933 685495103 83220537
685495103 83220537 686714093 122468532
686714093 122468532 698971533 122468532
698971533 122468532 701916263 127964776
701916263 127964776 703288141 129958013
686714093 122468532 686714093 150987716
698217936 68211933 740964346 72060815
740964346 72060815 757407451 84877232
757407451 84877232 779568828 84877232
757407451 84877232 757407451 113160905
757407451 113160905 775529501 124934519
775529501 124934519 775529501 143429841
775529501 124934519 811391808 124934519
811391808 124934519 820855412 124935471
820855412 124935471 821234875 124935471
820855412 124935471 820855412 150953530
820855412 150953530 822669684 156687092
822669684 156687092 829890157 174772629
829890157 174772629 830322475 206400568
821234875 124935471 834043072 144489567
775529501 143429841 807041330 150953530
807041330 150953530 807041330 179822997
807041330 179822997 813931673 185091165
830322475 206400568 859429050 223789577
859429050 223789577 906949324 224915869
686714093 150987716 732211346 154186646
587619934 0 641912864 0
641912864 0 653035345 0
641912864 0 641912864 13140455
653035345 0 667387969 0
667387969 0 669317785 0
667387969 0 667387969 6049284
667387969 6049284 669317785 33233946
669317785 0 699793050 0
699793050 0 700447765 0
699793050 0 699793050 3245730
700447765 0 706645055 0
699793050 3245730 700447765 11763190
700447765 11763190 706645055 17306370
706645055 0 738147369 0
738147369 0 738147369 15434641
706645055 17306370 707152125 50027666
707152125 50027666 713278222 59850928
713278222 59850928 736553532 64334258
736553532 64334258 740964346 64334258
740964346 64334258 774860414 64334258
738147369 0 776357916 0
776357916 0 776357916 17400241
776357916 0 801707705 0
801707705 0 802010225 0
802010225 0 803698033 0
801707705 0 801707705 26244458
801707705 26244458 802010225 31284685
802010225 31284685 803698033 31284685
802010225 31284685 802010225 45729904
802010225 45729904 816499015 52236325
816499015 52236325 816499015 66515373
816499015 66515373 820941269 68415175
820941269 68415175 821488024 68415175
816499015 52236325 840995773 52236325
840995773 52236325 842177280 81523654
842177280 81523654 844145630 81523654
844145630 81523654 848248093 81523654
844145630 81523654 844145630 85673376
842177280 81523654 842177280 112913616
736553532 64334258 736553532 103109870
842177280 112913616 879952859 117250712
879952859 117250712 883084804 117250712
883084804 117250712 902165137 136010143
902165137 136010143 907196062 136010143
907196062 136010143 907196062 139968776
902165137 136010143 902165137 149558187
907196062 136010143 927794293 136010143
927794293 136010143 929164928 140483529
929164928 140483529 933475223 151630470
933475223 151630470 939845522 175289921
939845522 175289921 945234801 188931882
945234801 188931882 945234801 216146018
945234801 216146018 945234801 224839149
945234801 216146018 967678652 216146018
967678652 216146018 979847412 218767745
945234801 188931882 984340137 188931882
803698033 0 847885419 0
847885419 0 871832044 0
871832044 0 871832044 1981219
871832044 1981219 871832044 27204733
871832044 27204733 892763285 55046876
892763285 55046876 893437121 57043728
893437121 57043728 921729822 65730860
921729822 65730860 940403751 65730860
940403751 65730860 940403751 77957167
940403751 77957167 941039813 83222552
941039813 83222552 941933161 83222552
941933161 83222552 942279926 84684855
942279926 84684855 967731871 84684855
941039813 83222552 941039813 116970764
941039813 116970764 942279926 119284540
942279926 119284540 962494027 122256553
940403751 65730860 976212383 65730860
976212383 65730860 976742484 66488793
976742484 66488793 976742484 68295017
976742484 68295017 985523994 72881293
976742484 66488793 993732344 66488793
921729822 65730860 921729822 108121957
847885419 0 847885419 48884337
820941269 68415175 820941269 118828418
844145630 85673376 871273134 109839978
879952859 117250712 879952859 170174479
647732011 87571190 681622443 109469987
322192199 16814051 343510429 52006214
355030657 122263474 395234392 138830687
906949324 224915869 920757695 269467671
920757695 269467671 928859879 276361646
554112095 5287522 557378411 61055466
557378411 61055466 563462049 70864310
792939982 252946360 817025299 288493179
395234392 138830687 421650568 172537424
421650568 172537424 424851813 178784557
424851813 178784557 424851813 187440219
424851813 178784557 447639930 178784557
523631943 201003030 575966807 212118892
343510429 52006214 368800044 90540340
368800044 90540340 394153342 99455016
461617549 56825172 508243438 76593374
508243438 76593374 508243438 88408308
508243438 88408308 512660592 104277320
512660592 104277320 512660592 105193492
512660592 104277320 516097678 104277320
516097678 104277320 518712056 107650497
512660592 105193492 513823024 121990020
518712056 107650497 528837903 116842343
508243438 76593374 529435421 76593374
529435421 76593374 548604755 79389145
548604755 79389145 548604755 79684613
548604755 79389145 550576011 79389145
528837903 116842343 536946593 148356626
536946593 148356626 549573079 148356626
536946593 148356626 536946593 175235429
549573079 148356626 573841793 153701635
573841793 153701635 582787695 180775842
582787695 180775842 590054569 188591760
176359939 4752933 184015933 64475829
159849102 7034059 170027275 65062962
510930959 550728982 516260310 623098484
516260310 623098484 516260310 627661185
516260310 623098484 534666473 623098484
534666473 623098484 536860310 623098484
534666473 623098484 534666473 627513948
534666473 627513948 538487227 643677954
186770688 216990866 186770688 294730348
186770688 294730348 194646151 300428699
850002171 590068056 866242532 652830478
437692676 711506294 483013629 745578923
483013629 745578923 505616481 777536058
346762532 959641796 402720265 986542772
516561683 451036661 575331697 476623857
575331697 476623857 593192491 486630190
249521634 531773156 249521634 616250748
249521634 616250748 252843538 624289782
252843538 624289782 255382743 641474204
255382743 641474204 255406618 641474204
255406618 641474204 268469075 641855950
268469075 641855950 273733964 660631734
273733964 660631734 276071207 662737627
276071207 662737627 283749084 666411794
283749084 666411794 286450616 666411794
255382743 641474204 255382743 667480013
283749084 666411794 283749084 693990690
871832044 1981219 957988394 1981219
957988394 1981219 969971788 1981219
957988394 1981219 957988394 26902591
94070491 962857503 169193786 974725598
169193786 974725598 175666133 974725598
169193786 974725598 169193786 988636032
359115468 500959825 422644253 537662096
422644253 537662096 422647455 537662096
422644253 537662096 422644253 538023216
538383333 373760425 585788985 427451263
815373048 442846396 815373048 552818953
815373048 552818953 824639923 567578741
148461746 616679876 225620394 650793185
782761231 448006001 798307403 566639139
