1444
0 0 0 20805670
0 20805670 0 36015769
0 0 35969900 0
35969900 0 49163118 0
49163118 0 49163118 20805670
49163118 0 73436955 0
73436955 0 73436955 13922938
0 36015769 35969900 36015769
35969900 36015769 51852028 66761193
51852028 66761193 52938069 66761193
51852028 66761193 51852028 81877396
73436955 0 121922246 0
121922246 0 121922246 43127735
121922246 43127735 125942608 53126996
125942608 53126996 141500590 53126996
141500590 53126996 141500590 53216229
141500590 53126996 150189964 53126996
125942608 53126996 125942608 86991818
125942608 86991818 133603129 103831112
133603129 103831112 141667040 135932693
141667040 135932693 141667040 153349283
141667040 135932693 184667371 135932693
184667371 135932693 187037736 169741429
187037736 169741429 187775503 169741429
187775503 169741429 202440272 189883914
150189964 53126996 186093183 65653563
186093183 65653563 217969592 76701001
217969592 76701001 237662927 83893553
237662927 83893553 249707408 83893553
249707408 83893553 251437764 91967025
251437764 91967025 251437764 92407749
251437764 91967025 260812203 91967025
237662927 83893553 237662927 97718747
260812203 91967025 284512498 106535755
284512498 106535755 304138467 106535755
304138467 106535755 309513413 106668316
309513413 106668316 327550579 109451855
327550579 109451855 332375426 109451855
332375426 109451855 332375426 113318009
332375426 113318009 335377217 122140685
327550579 109451855 327550579 122602920
335377217 122140685 351434243 122507117
351434243 122507117 361136698 122507117
351434243 122507117 351434243 144020253
351434243 144020253 370167015 144988425
284512498 106535755 284512498 130400743
361136698 122507117 370167015 140715681
370167015 140715681 411648338 140715681
411648338 140715681 432527981 144033906
432527981 144033906 468957637 148760520
468957637 148760520 485055223 148760520
485055223 148760520 489927690 150245674
489927690 150245674 495852445 156869615
468957637 148760520 468957637 169184952
468957637 169184952 478112602 174283302
495852445 156869615 530889226 162463979
370167015 144988425 371142211 186361324
371142211 186361324 374493170 188226987
374493170 188226987 374493170 190616941
374493170 188226987 386574775 188226987
386574775 188226987 386574775 189465614
374493170 190616941 379775117 207443402
379775117 207443402 382222668 213072479
386574775 189465614 394665110 203851949
386574775 188226987 415875343 188226987
415875343 188226987 434117764 200064001
382222668 213072479 382614805 243500614
382614805 243500614 382614805 254422560
382614805 243500614 407924626 243500614
394665110 203851949 414689281 215153612
414689281 215153612 423360427 215153612
414689281 215153612 414689281 237303530
414689281 237303530 441778921 237586731
332375426 109451855 379521284 109451855
530889226 162463979 537966811 202769584
537966811 202769584 581310775 202769584
581310775 202769584 584178643 210797952
584178643 210797952 584251354 210797952
584178643 210797952 584178643 248313791
584178643 248313791 586163756 263194909
586163756 263194909 587110538 263194909
587110538 263194909 587212099 263209678
587212099 263209678 590423713 263209678
590423713 263209678 599190915 263209678
590423713 263209678 590423713 273634789
599190915 263209678 636815444 264483525
587212099 263209678 587212099 306861550
587212099 306861550 623861693 311693642
623861693 311693642 623861693 330216474
623861693 330216474 626082518 345995870
626082518 345995870 640532377 345995870
623861693 311693642 642414052 311693642
642414052 311693642 642414052 317661173
642414052 311693642 660226319 311693642
640532377 345995870 653060783 358848141
653060783 358848141 653060783 359284680
653060783 358848141 661234490 358848141
661234490 358848141 671185690 372596394
671185690 372596394 671185690 379770356
671185690 379770356 693416803 379770356
693416803 379770356 698545864 395168288
698545864 395168288 708145679 402131521
708145679 402131521 708145679 403140918
708145679 403140918 709388156 419430149
626082518 345995870 626082518 378272547
708145679 402131521 743417895 402131521
743417895 402131521 743417895 402682288
743417895 402131521 748298862 402131521
660226319 311693642 672856035 334637616
672856035 334637616 676901696 334637616
672856035 334637616 672856035 345537881
586163756 263194909 586163756 306861550
586163756 306861550 586163756 310265402
586163756 310265402 587245692 352916683
587245692 352916683 588216906 380128134
588216906 380128134 598720341 380128134
588216906 380128134 588216906 400508221
588216906 400508221 604770544 404570426
636815444 264483525 663257243 282770134
663257243 282770134 704218565 285674067
704218565 285674067 720343766 307804152
720343766 307804152 720343766 326780217
720343766 326780217 731443991 327864938
731443991 327864938 731443991 329975578
731443991 329975578 733686311 346015277
733686311 346015277 733838208 346015277
733686311 346015277 733686311 372596394
731443991 327864938 764255633 327864938
720343766 307804152 753324716 307804152
753324716 307804152 754686315 307804152
753324716 307804152 753324716 315669306
733686311 372596394 768766457 376820112
768766457 376820112 768766457 387312261
768766457 376820112 801703401 376820112
604770544 404570426 609690101 445217807
590423713 273634789 610860261 298879772
584251354 210797952 630494072 211779377
630494072 211779377 650106819 215173407
650106819 215173407 650106819 241507512
709388156 419430149 728325730 447831066
728325730 447831066 736747262 467645461
736747262 467645461 736747262 470234156
736747262 467645461 751163018 467645461
751163018 467645461 793317456 470821509
793317456 470821509 804312118 470821509
804312118 470821509 805480770 476306656
805480770 476306656 805480770 501189963
793317456 470821509 793317456 497742752
793317456 497742752 796177779 500025206
796177779 500025206 802476735 529611700
802476735 529611700 812788534 544172267
812788534 544172267 812788534 568043498
812788534 568043498 812788534 582338634
812788534 582338634 812788534 587605533
812788534 582338634 819684256 582338634
819684256 582338634 827355953 584191935
812788534 568043498 830823243 568043498
812788534 544172267 838531760 544172267
838531760 544172267 846072236 552622239
846072236 552622239 859674026 555361267
805480770 476306656 845946843 476306656
845946843 476306656 845946843 487027596
845946843 476306656 867029672 476306656
845946843 487027596 855162041 504133089
855162041 504133089 866954045 504133089
866954045 504133089 886172955 506521365
886172955 506521365 886172955 522520272
855162041 504133089 855162041 537212662
886172955 506521365 929788122 506521365
929788122 506521365 934579831 513014876
934579831 513014876 953418489 529506238
953418489 529506238 980716306 541343475
980716306 541343475 980716306 542294026
980716306 541343475 985181870 541343475
985181870 541343475 999236427 541531607
980716306 542294026 985159811 559597664
985159811 559597664 995728854 562590124
676901696 334637616 716853146 343288358
886172955 522520272 906787237 552286456
906787237 552286456 910040298 552286456
906787237 552286456 906787237 559477591
906787237 559477591 913007347 583509526
913007347 583509526 913007347 591623747
913007347 591623747 936037398 597606744
936037398 597606744 946624869 597606744
946624869 597606744 951937444 603086809
951937444 603086809 951937444 607848653
951937444 603086809 976138545 603086809
936037398 597606744 936037398 626169494
913007347 583509526 947515705 583509526
947515705 583509526 962793972 596941709
951937444 607848653 970554131 624310782
970554131 624310782 970707454 640006030
970707454 640006030 977653967 645470331
936037398 626169494 936320397 667487630
936320397 667487630 958729913 667487630
936320397 667487630 936320397 692778071
936320397 692778071 944670107 698945789
944670107 698945789 947978562 698945789
947978562 698945789 948333379 710169062
948333379 710169062 961723478 710169062
948333379 710169062 948333379 727593977
948333379 727593977 948630757 727593977
948333379 727593977 948333379 732298457
944670107 698945789 944670107 723138221
948333379 732298457 958278423 758175602
958278423 758175602 958278423 777754490
958278423 758175602 983686403 758175602
983686403 758175602 988206556 758175602
983686403 758175602 983686403 764456583
961723478 710169062 988825388 726602012
958729913 667487630 996654551 675348022
996654551 675348022 999192872 699962846
958278423 777754490 974786520 809629118
974786520 809629118 980792358 810728290
251437764 92407749 255140845 139919604
255140845 139919604 259042153 167140284
259042153 167140284 262069547 175828222
262069547 175828222 296212036 175828222
296212036 175828222 296212036 185935234
296212036 175828222 306483032 175828222
262069547 175828222 262069547 214711622
262069547 214711622 275832945 224258177
275832945 224258177 279160881 224258177
275832945 224258177 275832945 229169206
275832945 229169206 296406633 229919290
296406633 229919290 319951286 229919290
319951286 229919290 325571319 238695011
325571319 238695011 344430719 240179057
344430719 240179057 344430719 268484534
344430719 240179057 373349023 240179057
306483032 175828222 311199180 210371458
344430719 268484534 346021329 309198270
346021329 309198270 350207616 313286666
350207616 313286666 366724584 313286666
366724584 313286666 379855824 320883493
379855824 320883493 383914155 331805342
383914155 331805342 383914155 352804049
383914155 331805342 419973036 331805342
419973036 331805342 445738459 339515699
350207616 313286666 350207616 352663859
350207616 352663859 355627721 375688223
355627721 375688223 358497824 376746547
358497824 376746547 358800759 376746547
358497824 376746547 358497824 403694716
358497824 403694716 358542301 432019644
358542301 432019644 358542301 433567014
358542301 432019644 373785549 432019644
373785549 432019644 389359477 432947322
389359477 432947322 398254359 442216294
398254359 442216294 398254359 449911843
358800759 376746547 380475941 387145916
380475941 387145916 387552571 401172509
387552571 401172509 387552571 423615547
387552571 401172509 411568930 401172509
411568930 401172509 437277133 401893021
437277133 401893021 442261892 401893021
437277133 401893021 437277133 418401451
437277133 418401451 460287985 426118127
398254359 442216294 431153023 442216294
431153023 442216294 449834595 446302297
449834595 446302297 450217663 446302297
449834595 446302297 449834595 462444075
450217663 446302297 473671110 446342447
473671110 446342447 475820204 449940073
475820204 449940073 508321230 451231123
508321230 451231123 512230650 451231123
508321230 451231123 508321230 458862237
508321230 458862237 509746381 468816697
509746381 468816697 515056926 468816697
398254359 449911843 412948237 472078670
449834595 462444075 456662381 495421933
456662381 495421933 468936513 497084210
468936513 497084210 471306797 516189947
471306797 516189947 476772346 516189947
476772346 516189947 481142245 521596794
481142245 521596794 481142245 546734889
481142245 546734889 502777295 551077966
502777295 551077966 524789042 551077966
524789042 551077966 534142600 563802839
534142600 563802839 539317388 563802839
539317388 563802839 545016281 573857503
545016281 573857503 552688037 586410034
552688037 586410034 564922863 586487577
564922863 586487577 564922863 593369131
564922863 586487577 572545794 586487577
572545794 586487577 572545794 591888015
534142600 563802839 534142600 584639403
502777295 551077966 502777295 582509341
502777295 582509341 512915081 603268418
512915081 603268418 512915081 611797980
512915081 611797980 515254895 626492642
515254895 626492642 517707408 627850529
512915081 603268418 532097719 603268418
517707408 627850529 517707408 657543522
517707408 657543522 519028627 660797365
572545794 586487577 604061321 586487577
604061321 586487577 607251010 614827919
607251010 614827919 634616816 620081928
634616816 620081928 665460206 620081928
665460206 620081928 665460206 625695477
665460206 620081928 677928024 620081928
677928024 620081928 680044896 624131535
680044896 624131535 690299113 624131535
634616816 620081928 634616816 653077730
519028627 660797365 524898547 687949251
524898547 687949251 525225388 718319677
525225388 718319677 525225388 722178916
525225388 718319677 537900841 718319677
690299113 624131535 701638640 646539885
701638640 646539885 710763381 674908201
710763381 674908201 723155202 678005528
723155202 678005528 734302294 699729469
734302294 699729469 734302294 721504806
734302294 721504806 745160810 734671084
745160810 734671084 747920105 734712362
734302294 699729469 761202032 699729469
747920105 734712362 747920105 764568142
747920105 764568142 749067729 774407867
749067729 774407867 749067729 779726306
749067729 774407867 761492071 774407867
471306797 516189947 471306797 554603931
747920105 734712362 786403225 734712362
786403225 734712362 789056104 737771685
789056104 737771685 793233164 745602582
793233164 745602582 800794435 762013528
800794435 762013528 800794435 763291567
800794435 763291567 804263449 763291567
800794435 763291567 800794435 773531974
800794435 762013528 824444245 762013528
824444245 762013528 851899467 764382379
851899467 764382379 855118578 764468032
855118578 764468032 855118578 788078886
855118578 764468032 880615458 764468032
880615458 764468032 882759606 774771146
882759606 774771146 900726700 774771146
900726700 774771146 907259300 774771146
900726700 774771146 900726700 782983248
882759606 774771146 882759606 811001586
882759606 811001586 891597814 811001586
882759606 811001586 882759606 826501113
882759606 826501113 910961959 838095730
910961959 838095730 910961959 838889943
910961959 838889943 910961959 839287990
910961959 838889943 919973094 838889943
919973094 838889943 922404965 846613276
922404965 846613276 922404965 848794536
910961959 839287990 912086065 848794536
912086065 848794536 915949299 848794536
915949299 848794536 915949299 850127497
922404965 848794536 925445088 867122285
915949299 850127497 920936507 869243897
910961959 838095730 935906256 838095730
912086065 848794536 912086065 884408164
517707408 627850529 559062381 627850529
559062381 627850529 561718086 630575385
561718086 630575385 565825084 650847112
565825084 650847112 567369457 650847112
565825084 650847112 565825084 670430036
567369457 650847112 583977728 661202099
583977728 661202099 592220426 667474452
592220426 667474452 608218990 667474452
592220426 667474452 592220426 696958822
592220426 696958822 600829877 709887202
600829877 709887202 600829877 720332617
600829877 720332617 601207181 720332617
600829877 709887202 623308798 709887202
623308798 709887202 628085188 709887202
623308798 709887202 623308798 718582061
600829877 720332617 600829877 743039952
600829877 743039952 625331642 743453822
625331642 743453822 625331642 751859769
625331642 743453822 645397224 743453822
645397224 743453822 649964223 762891983
649964223 762891983 649964223 779476189
649964223 762891983 674063123 762891983
601207181 720332617 616455076 731970683
674063123 762891983 674935974 792926220
674935974 792926220 680065444 792926220
680065444 792926220 698258105 798324016
698258105 798324016 710345718 798324016
698258105 798324016 698258105 818931191
698258105 818931191 721013920 822618944
721013920 822618944 732545535 828266886
732545535 828266886 741873320 828266886
741873320 828266886 741873320 838486242
732545535 828266886 732545535 846725561
741873320 828266886 764465532 828266886
628085188 709887202 655425361 718391769
655425361 718391769 655425361 722648266
655425361 718391769 666563665 718391769
666563665 718391769 699207585 722095974
699207585 722095974 701980020 734671084
701980020 734671084 701980020 736715086
701980020 736715086 701980020 742860320
701980020 736715086 712030359 736715086
712030359 736715086 726292732 747024907
674935974 792926220 674935974 831868073
935906256 838095730 968962059 846613276
515056926 468816697 537232404 489695501
537232404 489695501 549613889 499482723
549613889 499482723 549613889 515450243
549613889 515450243 564437275 529733226
564437275 529733226 576582259 546578035
576582259 546578035 576582259 551950335
576582259 551950335 580870880 555851203
576582259 546578035 586063648 546578035
549613889 499482723 578777312 499482723
578777312 499482723 609421320 500612423
609421320 500612423 616136391 500612423
616136391 500612423 638449398 505416757
638449398 505416757 641575328 505416757
641575328 505416757 641575328 506932870
638449398 505416757 638449398 518417262
609421320 500612423 609421320 528712623
609421320 528712623 620614555 529608815
620614555 529608815 626564946 529608815
641575328 505416757 670674813 505416757
670674813 505416757 677017169 506414775
677017169 506414775 677017169 513074851
677017169 513074851 679326890 531211101
679326890 531211101 704127565 533980584
704127565 533980584 704127565 547022523
704127565 533980584 723724664 533980584
723724664 533980584 744268721 536217174
704127565 547022523 704439244 575980031
704439244 575980031 716113974 577533845
716113974 577533845 723734076 597772355
723734076 597772355 726855437 597772355
723734076 597772355 723734076 614118758
638449398 518417262 646264197 550356075
646264197 550356075 646264197 565305580
646264197 565305580 647909595 565305580
646264197 565305580 646264197 568764190
646264197 568764190 649126361 572314294
646264197 550356075 665038255 550356075
677017169 506414775 720308724 506414775
572545794 591888015 594599040 614542314
471306797 554603931 474117114 597115212
800794435 773531974 816194624 803470213
481142245 521596794 526552391 521596794
509746381 468816697 509746381 514445045
665038255 550356075 700676781 561368110
474117114 597115212 494019521 624043420
494019521 624043420 499529775 624043420
494019521 624043420 494019521 643275008
494019521 643275008 501657940 658110749
501657940 658110749 505608374 686146477
505608374 686146477 507930854 686567404
761202032 699729469 808066292 701333529
808066292 701333529 833704721 710111228
833704721 710111228 845894889 711113126
845894889 711113126 851788558 711142551
851788558 711142551 851788558 736344862
625331642 751859769 640066590 786362861
764465532 828266886 806479443 836033602
806479443 836033602 813763612 859873423
813763612 859873423 818278335 867701477
818278335 867701477 818278335 889134115
818278335 867701477 847379314 867701477
847379314 867701477 847379314 872080951
847379314 872080951 864658180 877770009
864658180 877770009 879201860 884408164
879201860 884408164 879201860 906220900
879201860 906220900 879201860 917284625
879201860 917284625 890019046 918415795
890019046 918415795 891263415 918415795
879201860 906220900 899947273 906220900
899947273 906220900 899947273 916074039
899947273 906220900 912049923 906220900
847379314 867701477 871643310 867701477
871643310 867701477 878384785 869243897
878384785 869243897 878384785 873383848
912049923 906220900 924155670 922449706
924155670 922449706 926218071 922449706
924155670 922449706 924155670 929398756
924155670 929398756 944566665 936647982
944566665 936647982 946546021 951811880
818278335 889134115 819380907 922695009
819380907 922695009 831900493 929584105
831900493 929584105 831900493 938995662
831900493 929584105 863515194 929584105
831900493 938995662 832899081 984480298
946546021 951811880 953239519 993983493
565825084 670430036 582855651 703334685
580870880 555851203 605771114 580954741
605771114 580954741 605771114 584660454
605771114 580954741 611701952 580954741
680044896 624131535 680044896 674908201
680044896 674908201 680044896 708306394
620614555 529608815 620614555 580755497
0 36015769 0 88564730
0 88564730 0 101665942
0 101665942 0 106591319
0 101665942 11432239 101665942
11432239 101665942 11771303 106591319
0 88564730 18875605 88564730
851788558 711142551 904906334 711142551
904906334 711142551 907100398 736632123
907100398 736632123 907100398 750416102
907100398 736632123 929921621 736632123
827355953 584191935 828710988 636043580
828710988 636043580 845493621 638622201
845493621 638622201 845493621 666840178
845493621 666840178 860626139 666840178
845493621 666840178 845493621 691126344
845493621 638622201 874236421 638622201
874236421 638622201 879440620 638622201
874236421 638622201 874236421 648538165
879440620 638622201 885123852 645699094
885123852 645699094 885123852 656956230
885123852 656956230 889007571 659889215
885123852 645699094 899135002 645699094
889007571 659889215 904793993 665397738
674935974 831868073 680635819 879792151
680635819 879792151 694632114 885388941
694632114 885388941 709652595 885388941
709652595 885388941 722042281 887582244
722042281 887582244 722042281 898177216
722042281 898177216 746564743 905469557
746564743 905469557 746564743 909298558
746564743 905469557 776980417 905469557
776980417 905469557 803064464 915019496
694632114 885388941 694632114 922359776
694632114 922359776 702000845 933741292
702000845 933741292 706355958 945577606
706355958 945577606 706355958 949951282
706355958 949951282 713514682 962056138
713514682 962056138 728331094 962056138
728331094 962056138 735705540 964490599
713514682 962056138 713514682 985764384
735705540 964490599 756480440 972421545
756480440 972421545 756480440 980742567
756480440 972421545 783570593 972421545
706355958 945577606 740554446 945577606
783570593 972421545 816946770 978613500
722042281 887582244 772360826 887582244
890019046 918415795 890019046 972752291
51852028 81877396 51925233 136354065
51925233 136354065 51925233 140316430
51925233 136354065 76096087 136354065
76096087 136354065 82293726 143063316
82293726 143063316 94311391 153850553
94311391 153850553 94311391 170268171
94311391 153850553 129402239 153850553
863515194 929584105 872746272 975394031
872746272 975394031 880841966 983092530
202440272 189883914 227046774 220813157
227046774 220813157 237449160 220813157
227046774 220813157 227046774 243997709
227046774 243997709 228518728 255048720
228518728 255048720 229984521 291479215
237662927 97718747 237720905 154944166
665460206 625695477 674365152 674207519
609690101 445217807 649388560 463986437
649388560 463986437 687501136 464911766
0 106591319 0 165265209
0 165265209 2389788 165265209
0 165265209 0 180999941
0 180999941 22276896 180999941
0 180999941 0 205937918
0 205937918 15141109 205937918
358542301 433567014 360996566 490872637
360996566 490872637 391578141 505950721
391578141 505950721 391578141 506946090
391578141 505950721 396369925 505950721
391578141 506946090 393858779 532323381
393858779 532323381 403403652 538703500
296406633 229919290 296406633 289710343
382614805 254422560 399923420 297329211
399923420 297329211 403120942 297329211
399923420 297329211 399923420 305759520
537966811 202769584 537966811 264138623
851788558 736344862 891186821 758627092
801703401 376820112 808193334 432229464
650106819 215173407 712671231 215173407
712671231 215173407 713979407 230339244
713979407 230339244 713979407 239820575
713979407 230339244 760249551 230339244
760249551 230339244 798180654 231906472
798180654 231906472 812146459 231906472
812146459 231906472 819804301 243106395
819804301 243106395 819804301 261248859
819804301 261248859 829715775 262250844
829715775 262250844 860463904 272263021
860463904 272263021 861738495 272263021
861738495 272263021 861738495 276583221
861738495 272263021 867447417 272263021
867447417 272263021 867447417 273499446
867447417 272263021 880920938 272263021
861738495 276583221 865964289 290930897
865964289 290930897 865964289 293238757
865964289 290930897 886799717 290930897
886799717 290930897 910285026 310513377
910285026 310513377 912036539 318354063
912036539 318354063 918671689 320326861
918671689 320326861 931893532 320326861
931893532 320326861 945025354 328213952
945025354 328213952 945025354 362984142
945025354 328213952 982870385 328213952
945025354 362984142 980203255 366809839
980203255 366809839 982233585 384615957
982233585 384615957 986937808 410479016
986937808 410479016 994305957 421849430
994305957 421849430 996016458 421849430
994305957 421849430 994305957 425012422
880920938 272263021 914049713 287741990
860463904 272263021 860463904 327696771
860463904 327696771 863297971 351556722
863297971 351556722 886454574 357050904
886454574 357050904 887113573 364514338
887113573 364514338 901454690 364514338
901454690 364514338 918671689 378567510
918671689 378567510 920126333 386695478
920126333 386695478 920126333 398725157
920126333 386695478 936330337 386695478
936330337 386695478 942387797 395892199
942387797 395892199 942745963 402174791
920126333 398725157 921721603 416039586
921721603 416039586 924652391 416039586
924652391 416039586 928459060 419606046
928459060 419606046 940298473 421698746
940298473 421698746 940298473 423790743
940298473 421698746 954096124 421698746
954096124 421698746 980174552 434208600
921721603 416039586 921721603 454867662
921721603 454867662 929091256 483678002
929091256 483678002 929091256 490708877
929091256 483678002 940148072 483678002
819804301 243106395 876189075 243106395
876189075 243106395 906369480 250594775
906369480 250594775 912184147 250594775
906369480 250594775 906369480 261328183
906369480 261328183 906732197 263833752
912184147 250594775 943196188 257002225
943196188 257002225 971453643 266908672
971453643 266908672 971646743 267004336
971646743 267004336 981818843 274494940
981818843 274494940 998406125 274494940
981818843 274494940 981818843 294548214
798180654 231906472 798180654 293289629
900726700 782983248 936831103 809488994
887113573 364514338 887113573 427252661
887113573 427252661 896025502 463539175
441778921 237586731 474801745 267335044
474801745 267335044 486719798 273935473
486719798 273935473 486719798 299474091
486719798 299474091 495202970 311769358
495202970 311769358 509292509 317763916
509292509 317763916 513540976 329969531
513540976 329969531 532890576 329969531
513540976 329969531 513540976 365672729
513540976 365672729 538270157 378300271
538270157 378300271 550640987 378300271
550640987 378300271 550640987 380539375
550640987 378300271 560523404 378300271
538270157 378300271 538270157 399611173
486719798 273935473 528597243 273935473
528597243 273935473 535847980 273935473
528597243 273935473 528597243 282781877
560523404 378300271 564682384 421471607
532890576 329969531 567668106 343853082
567668106 343853082 570351215 343853082
567668106 343853082 567668106 352166505
564682384 421471607 584435043 453735669
584435043 453735669 604988792 482625203
538270157 399611173 546585460 447315651
15141109 205937918 52487454 232866280
52487454 232866280 53684866 250146451
53684866 250146451 87720838 250146451
87720838 250146451 87720838 259565903
87720838 259565903 89031972 285053948
89031972 285053948 89031972 294728129
87720838 250146451 117584196 250146451
117584196 250146451 119726338 250146451
117584196 250146451 117584196 255635582
89031972 294728129 116977410 297443163
53684866 250146451 53684866 289814375
53684866 289814375 61148518 289814375
61148518 289814375 65033365 289814375
61148518 289814375 61148518 296787705
53684866 289814375 53684866 297888536
89031972 285053948 130071690 285053948
130071690 285053948 145028485 287048582
145028485 287048582 165224862 287048582
165224862 287048582 181264455 287048582
165224862 287048582 165224862 306111934
165224862 306111934 167080185 306111934
165224862 306111934 165224862 317336937
145028485 287048582 145028485 318492605
61148518 296787705 76426284 322642944
76426284 322642944 77151080 349887675
77151080 349887675 84003544 350863670
84003544 350863670 87210155 369790686
87210155 369790686 87210155 373922304
87210155 373922304 99373276 381840952
99373276 381840952 114725703 381840952
99373276 381840952 99373276 403376900
99373276 403376900 112990420 406577568
112990420 406577568 113701165 408509437
113701165 408509437 113701165 412077699
113701165 412077699 127470593 413014059
127470593 413014059 128325658 425431964
128325658 425431964 136126734 425431964
128325658 425431964 128325658 443460753
87210155 369790686 109692958 369790686
109692958 369790686 119167243 371331655
113701165 408509437 139063940 408509437
128325658 443460753 131402022 467055322
131402022 467055322 131402022 476432724
131402022 476432724 135683525 476432724
135683525 476432724 135683525 477396765
135683525 476432724 138839202 476432724
131402022 476432724 131402022 482409303
131402022 467055322 156174549 467055322
139063940 408509437 169744543 412255556
169744543 412255556 171315573 418304931
171315573 418304931 193943314 418304931
156174549 467055322 173459950 485740270
173459950 485740270 175718782 485740270
173459950 485740270 173459950 489473349
173459950 489473349 177329075 501182903
177329075 501182903 206852798 507657191
193943314 418304931 209811930 438767834
209811930 438767834 220823232 438767834
220823232 438767834 222659431 442221782
222659431 442221782 222659431 446201519
209811930 438767834 209811930 452498739
222659431 442221782 249342839 442221782
222659431 446201519 225921785 479627023
225921785 479627023 225921785 484377290
225921785 479627023 240551897 479627023
225921785 484377290 235691120 498991878
235691120 498991878 235691120 501937894
235691120 501937894 236326848 506824461
236326848 506824461 236326848 516063612
236326848 516063612 239638561 521695869
239638561 521695869 239638561 521820015
235691120 498991878 249340916 498991878
239638561 521695869 264998761 521695869
264998761 521695869 269157895 529453714
269157895 529453714 280258758 529453714
240551897 479627023 264236126 481762965
264236126 481762965 268761453 481762965
268761453 481762965 268761453 483685443
264236126 481762965 264236126 486915640
264236126 486915640 265921420 486915640
264236126 486915640 264236126 494045639
264236126 494045639 268476161 506824461
268476161 506824461 272977084 508801031
272977084 508801031 272977084 513665885
268761453 481762965 295400771 481762965
280258758 529453714 304606652 538515194
304606652 538515194 304606652 543444304
304606652 538515194 313590373 538515194
304606652 543444304 306373536 558839957
272977084 508801031 312131608 508801031
312131608 508801031 328668592 526391668
306373536 558839957 340383237 566106508
340383237 566106508 342154778 566106508
340383237 566106508 340383237 573149604
340383237 573149604 341386253 592344297
341386253 592344297 341386253 604814320
341386253 592344297 375866880 592344297
375866880 592344297 380060847 603942717
380060847 603942717 380060847 612712855
380060847 612712855 380060847 618178585
380060847 618178585 385187042 618178585
380060847 612712855 387415974 612712855
380060847 618178585 380060847 627069735
380060847 627069735 380344418 656158385
380344418 656158385 380344418 672012931
380344418 672012931 388905858 694220945
380344418 656158385 415145521 656158385
415145521 656158385 424391280 664789289
424391280 664789289 435667556 689159578
435667556 689159578 438938862 695881119
438938862 695881119 442926605 695881119
442926605 695881119 444669040 695881119
442926605 695881119 442926605 698440636
442926605 698440636 462819351 699271786
462819351 699271786 462819351 726088691
462819351 726088691 467262340 727352283
467262340 727352283 482591022 731530070
462819351 699271786 492879954 699271786
492879954 699271786 495235345 699271786
492879954 699271786 492879954 717116248
388905858 694220945 391035927 728487781
482591022 731530070 493019611 758001549
493019611 758001549 502860983 760677297
502860983 760677297 519824486 760677297
387415974 612712855 424391280 613694490
424391280 613694490 448470681 613694490
424391280 613694490 424391280 649160014
424391280 649160014 442620593 649160014
442620593 649160014 445895063 649160014
445895063 649160014 445895063 649395147
445895063 649160014 448075659 649160014
442620593 649160014 442620593 656827757
492879954 717116248 519865969 728173162
502860983 760677297 502860983 799175353
502860983 799175353 512063805 814171688
512063805 814171688 517628275 814462193
517628275 814462193 546312024 814462193
546312024 814462193 548978651 817608145
548978651 817608145 571940635 818873486
571940635 818873486 575959632 824466577
575959632 824466577 591925690 824466577
591925690 824466577 591925690 827385850
591925690 824466577 611067050 824466577
575959632 824466577 575959632 844631396
380060847 603942717 419000541 603942717
419000541 603942717 419000541 606077760
519824486 760677297 542003128 778662335
542003128 778662335 542003128 778713803
542003128 778662335 562298662 778662335
542003128 778713803 546312024 807673264
546312024 807673264 558503113 807673264
171315573 418304931 171315573 461384294
171315573 461384294 173459950 462603775
173459950 462603775 204162664 462603775
204162664 462603775 208785002 479627023
208785002 479627023 208785002 482416368
138839202 476432724 143753554 514692016
143753554 514692016 144080845 517623282
144080845 517623282 150403243 517623282
150403243 517623282 155228342 528459029
155228342 528459029 170792638 534149930
170792638 534149930 170792638 541444744
144080845 517623282 144080845 539404173
170792638 534149930 198017700 534149930
170792638 541444744 193965867 552379919
193965867 552379919 194799074 552379919
193965867 552379919 193965867 575708646
194799074 552379919 216509224 557130575
216509224 557130575 218242750 557130575
216509224 557130575 216509224 561052608
198017700 534149930 229231147 542945836
145028485 318492605 158316439 348840212
158316439 348840212 169880397 373733058
169880397 373733058 169880397 398466728
169880397 398466728 169880397 405303781
169880397 398466728 179102448 398466728
169880397 373733058 196592429 373733058
179102448 398466728 198050697 407821728
198050697 407821728 198050697 408091129
198050697 407821728 211397696 407821728
211397696 407821728 220823232 407995815
220823232 407995815 253556984 407995815
119726338 250146451 163813147 250190724
163813147 250190724 183928875 255132477
419000541 603942717 465470189 603942717
448075659 649160014 491192677 652964433
491192677 652964433 495465526 675826974
575959632 844631396 587876710 880586714
183928875 255132477 211007831 277350725
253556984 407995815 301401841 414885433
301401841 414885433 306149690 414885433
301401841 414885433 301401841 426888385
269157895 529453714 269157895 585086507
269157895 585086507 277936164 585086507
277936164 585086507 290864237 592765449
269157895 585086507 269157895 610039227
558503113 807673264 609944319 812229315
249342839 442221782 300932110 449006094
300932110 449006094 300935867 449006094
300932110 449006094 300932110 451030763
611067050 824466577 625198133 868979664
625198133 868979664 633519963 879792151
633519963 879792151 661576474 879792151
661576474 879792151 661576474 881770808
633519963 879792151 633519963 919592832
633519963 919592832 636196477 948568000
636196477 948568000 661204090 948568000
661204090 948568000 668874280 949951282
668874280 949951282 668874280 976552190
636196477 948568000 636196477 975388810
668874280 976552190 697399874 982444283
697399874 982444283 699472085 982444283
697399874 982444283 697399874 995481305
391035927 728487781 404905639 774840601
144080845 539404173 149399548 595481224
517628275 814462193 517628275 877956524
517628275 877956524 523835879 878635141
523835879 878635141 542622625 878635141
542622625 878635141 550519157 900910792
550519157 900910792 554649075 900910792
550519157 900910792 550519157 922792512
554649075 900910792 575381089 908404045
523835879 878635141 523835879 914924421
523835879 914924421 533750658 914924421
523835879 914924421 523835879 937328352
523835879 937328352 530785136 954845335
530785136 954845335 535647694 967505697
535647694 967505697 535647694 992127205
535647694 992127205 554341389 995110442
438938862 695881119 438938862 760287732
438938862 760287732 443210995 770264919
443210995 770264919 443210995 773608368
443210995 770264919 453753529 770264919
671185690 379770356 671185690 444414460
187037736 169741429 187037736 234408634
187037736 234408634 193189042 250252621
445738459 339515699 468074832 381911262
968962059 846613276 984991483 896053686
984991483 896053686 988625486 896053686
984991483 896053686 984991483 903672697
468074832 381911262 509153009 406445951
509153009 406445951 517924866 435150819
517924866 435150819 525662307 438196831
52938069 66761193 118893796 66820658
535647694 967505697 603225117 967505697
603225117 967505697 631412423 980346881
631412423 980346881 659183062 998035345
859674026 555361267 880546174 602622883
880546174 602622883 888297169 602622883
880546174 602622883 880546174 628425142
290864237 592765449 299406594 655723699
299406594 655723699 299406594 681476386
299406594 655723699 329148177 655723699
329148177 655723699 337680185 655723699
329148177 655723699 329148177 671272266
329148177 671272266 330436887 685777703
330436887 685777703 345032074 685777703
345032074 685777703 359443302 685777703
359443302 685777703 360167008 687929177
345032074 685777703 345032074 701735337
345032074 701735337 347866248 701735337
345032074 701735337 345032074 709400055
330436887 685777703 330436887 718051845
330436887 718051845 338487109 720133213
338487109 720133213 340746505 727823885
340746505 727823885 341810094 727823885
340746505 727823885 340746505 732586260
340746505 732586260 343293247 732586260
340746505 732586260 340746505 743173744
340746505 743173744 360290254 755293787
347866248 701735337 378191170 704794265
360290254 755293787 382829646 782827806
382829646 782827806 383782194 802276114
383782194 802276114 402164636 802276114
383782194 802276114 383782194 829533376
383782194 829533376 393751468 845736723
393751468 845736723 416442756 845736723
416442756 845736723 442382219 854918976
442382219 854918976 449880624 864924674
449880624 864924674 465978111 864924674
465978111 864924674 465978111 865023648
465978111 864924674 474756941 864924674
449880624 864924674 449880624 887157462
449880624 887157462 460535712 894922954
460535712 894922954 467999476 894922954
467999476 894922954 468017005 896832550
468017005 896832550 468017005 900313323
468017005 900313323 468755378 900313323
468017005 900313323 468017005 924279225
468017005 924279225 478453422 924572686
478453422 924572686 487669248 924572686
468017005 896832550 495356328 896832550
460535712 894922954 460535712 928114059
478453422 924572686 478453422 959269164
478453422 959269164 480425702 959269164
478453422 959269164 478453422 973999123
478453422 973999123 487430412 992742852
487430412 992742852 497799373 999954265
393751468 845736723 393751468 885958359
393751468 885958359 404842948 892984966
404842948 892984966 415514723 893782156
415514723 893782156 415659873 929344244
415659873 929344244 428974274 929344244
415659873 929344244 415659873 960483333
415659873 960483333 415659873 965094736
415659873 960483333 426503659 960483333
415659873 965094736 421044258 971386323
421044258 971386323 429028581 971386323
429028581 971386323 429028581 972114417
421044258 971386323 421044258 981860578
429028581 971386323 448173037 971386323
448173037 971386323 450141693 973999123
450141693 973999123 450141693 994740191
299406594 681476386 301748602 730313933
301748602 730313933 304334052 763772777
304334052 763772777 304647181 766302092
304647181 766302092 321228213 788780939
321228213 788780939 334173229 788780939
321228213 788780939 321228213 813543330
334173229 788780939 346930271 809199427
346930271 809199427 364701997 829533376
364701997 829533376 364701997 833047603
364701997 833047603 365579775 834585515
487669248 924572686 519200388 955496255
149399548 595481224 161304574 655399761
161304574 655399761 161478792 662788234
161478792 662788234 186086799 662788234
186086799 662788234 187618676 672415502
187618676 672415502 193330490 675805720
193330490 675805720 207598479 699096500
207598479 699096500 207598479 701336902
207598479 701336902 213771797 701336902
213771797 701336902 214235955 719614032
214235955 719614032 214235955 719633935
214235955 719614032 217213910 719614032
217213910 719614032 230522167 723097384
230522167 723097384 233951428 723097384
207598479 699096500 244883726 699096500
207598479 701336902 207598479 739845992
207598479 739845992 208634415 781377650
208634415 781377650 224426279 783833138
224426279 783833138 228541935 786405706
228541935 786405706 267228202 786405706
267228202 786405706 271575856 817061569
271575856 817061569 277345716 845957010
277345716 845957010 277345716 851438059
277345716 851438059 299404694 851438059
277345716 845957010 313190790 845957010
230522167 723097384 230522167 773014909
230522167 773014909 267228202 780419243
267228202 780419243 291076033 780419243
277345716 851438059 277345716 902729855
277345716 902729855 277345716 907419928
277345716 907419928 288038246 910307436
288038246 910307436 292469895 910307436
292469895 910307436 292873685 915956983
277345716 902729855 294573472 902729855
292873685 915956983 316317785 915956983
316317785 915956983 331732493 915956983
331732493 915956983 331732493 916015863
316317785 915956983 316317785 938185440
331732493 915956983 356345144 915956983
288038246 910307436 288038246 943633580
288038246 943633580 291059835 948496488
291059835 948496488 292873685 953929685
292873685 953929685 292873685 987656968
292873685 987656968 305180773 997041592
316317785 938185440 316327669 973777905
356345144 915956983 358306421 953929685
358306421 953929685 367537621 992198889
228541935 786405706 228541935 842555015
316327669 973777905 354307009 992152075
161478792 662788234 161478792 728500708
161478792 728500708 161478792 745895788
161478792 728500708 182466883 728500708
182466883 728500708 188860584 751397882
188860584 751397882 193873826 751397882
193873826 751397882 194236439 758812448
188860584 751397882 188860584 768442797
161478792 745895788 163276370 784340314
163276370 784340314 170627036 802980424
170627036 802980424 176221425 829443942
474756941 864924674 534784584 877732064
723734076 614118758 787016614 627277612
787016614 627277612 787019367 629955386
787019367 629955386 793873863 629955386
787019367 629955386 787019367 648698684
787019367 648698684 810374943 664976386
810374943 664976386 813075334 666840178
813075334 666840178 813075334 676351424
793873863 629955386 863770558 630354239
0 205937918 0 288556538
0 288556538 0 302922455
0 302922455 18670338 302922455
0 302922455 0 322928684
0 322928684 0 330757058
0 330757058 0 342486105
0 322928684 13029363 322928684
13029363 322928684 22398260 330757058
22398260 330757058 28787067 342486105
0 342486105 0 363559668
0 363559668 0 368806792
0 363559668 15173001 363559668
28787067 342486105 52877519 344206210
0 288556538 26276347 288556538
15173001 363559668 46410662 368806792
46410662 368806792 50453124 371255908
50453124 371255908 50453124 392168848
50453124 392168848 50453124 394429936
50453124 392168848 68882722 392168848
50453124 371255908 74954615 371255908
74954615 371255908 79904097 389671601
0 368806792 0 407348580
0 407348580 0 419578557
0 419578557 0 427453273
0 427453273 2292627 427453273
0 427453273 0 439216472
0 439216472 0 449575460
0 407348580 18267483 407348580
18267483 407348580 27251633 419578557
0 439216472 21842962 439216472
18670338 302922455 52896025 319574607
0 449575460 0 501326281
0 501326281 0 508390149
0 508390149 0 512051437
0 512051437 0 523290337
0 523290337 0 532325970
0 532325970 0 532709860
0 532709860 0 532973667
0 532973667 5862923 532973667
0 532325970 12514280 532325970
0 532973667 0 546085570
0 546085570 0 560635576
0 560635576 0 570137007
0 501326281 18945445 501326281
18945445 501326281 26174798 508390149
26174798 508390149 41034801 509574743
41034801 509574743 41034801 512051437
41034801 509574743 59139145 509574743
41034801 512051437 49807260 523290337
49807260 523290337 53314143 528633870
0 546085570 20043108 546085570
53314143 528633870 72110495 532001721
72110495 532001721 72110495 533387482
72110495 533387482 78006268 538221331
78006268 538221331 82907603 538221331
82907603 538221331 91634672 538284693
91634672 538284693 96053034 538284693
96053034 538284693 105730904 538284693
72110495 532001721 91723261 532001721
12514280 532325970 35759050 532709860
20043108 546085570 34829640 560635576
0 570137007 31444557 570137007
105730904 538284693 115183481 571620119
115183481 571620119 115183481 577391390
115183481 571620119 128889674 571620119
128889674 571620119 136338738 604797486
96053034 538284693 96053034 581310772
96053034 581310772 106768318 595301871
106768318 595301871 111322419 626588544
111322419 626588544 120595210 649285964
120595210 649285964 145597221 674115031
31444557 570137007 52688983 600635371
52688983 600635371 65621964 607563176
65621964 607563176 67566434 629693530
67566434 629693530 67566434 639656861
67566434 639656861 74725803 664257404
67566434 629693530 102004034 629693530
102004034 629693530 103734303 635918198
74725803 664257404 102218190 683016746
102218190 683016746 110778599 683016746
78006268 538221331 78006268 590111844
78006268 590111844 91634672 591219724
21842962 439216472 63782053 468907878
63782053 468907878 79313095 468907878
63782053 468907878 63782053 485596369
63782053 485596369 64850306 485596369
63782053 485596369 63782053 486720673
63782053 486720673 90056934 504653418
102218190 683016746 102218190 755714188
102218190 755714188 114076267 815054445
114076267 815054445 116530665 829506827
116530665 829506827 116530665 857384868
116530665 829506827 146243218 829506827
146243218 829506827 155601622 851752049
155601622 851752049 167847616 851752049
155601622 851752049 155601622 906623149
155601622 906623149 178416650 911685916
178416650 911685916 189284741 937327753
189284741 937327753 209585690 937327753
209585690 937327753 209585690 940840190
189284741 937327753 189284741 960401500
189284741 960401500 203086135 960401500
189284741 960401500 189284741 995407741
209585690 940840190 243329738 943354114
243329738 943354114 243413378 976256456
243413378 976256456 253749551 976256456
243413378 976256456 243413378 988658055
243413378 988658055 252722621 993934763
252722621 993934763 257561916 997695041
209585690 937327753 265723028 937327753
116530665 857384868 143150742 908470839
143150742 908470839 144990306 908470839
143150742 908470839 143150742 923623980
764255633 327864938 836801516 341659818
836801516 341659818 858148375 351556722
858148375 351556722 858148375 369281280
216509224 561052608 241778555 628144342
241778555 628144342 251176359 628144342
241778555 628144342 241778555 654461982
229984521 291479215 258755566 355869586
258755566 355869586 263975968 365451619
263975968 365451619 263975968 367569998
263975968 365451619 289377037 365451619
263975968 367569998 287776169 389299759
287776169 389299759 312487097 394583352
312487097 394583352 330436065 405232456
330436065 405232456 333893442 405232456
330436065 405232456 330436065 411421443
141667040 153349283 146711369 244497488
146711369 244497488 146711369 245833026
146711369 244497488 179935633 244497488
121922246 0 241143443 0
241143443 0 242886084 0
242886084 0 248960788 0
241143443 0 241143443 9492442
248960788 0 274360688 0
274360688 0 274360688 804891
241143443 9492442 242886084 42481181
242886084 42481181 248960788 48219971
248960788 48219971 269922734 51793537
269922734 51793537 269922734 57533827
269922734 51793537 303189756 51793537
303189756 51793537 334815347 53267537
274360688 0 313473020 0
313473020 0 315763327 0
315763327 0 315763327 370762
315763327 0 317151970 0
317151970 0 317151970 5128016
313473020 0 313473020 10258031
317151970 0 334712249 0
334712249 0 335674952 0
335674952 0 349095611 0
349095611 0 357607982 0
357607982 0 360398791 0
360398791 0 360970107 0
360970107 0 362345515 0
362345515 0 362345515 8072374
335674952 0 335674952 15389770
362345515 0 379247049 0
379247049 0 379247049 17176641
335674952 15389770 349095611 19694643
349095611 19694643 357607982 24277778
357607982 24277778 360398791 25099405
360398791 25099405 360970107 25099405
360398791 25099405 360398791 37341856
379247049 0 398466042 0
398466042 0 405815669 0
405815669 0 409344854 0
398466042 0 398466042 19751751
398466042 19751751 405815669 35190009
405815669 35190009 409344854 35721698
334712249 0 334712249 27666890
409344854 35721698 426943413 54532024
426943413 54532024 433365372 63619778
360398791 37341856 372682926 62111058
372682926 62111058 397819746 62111058
397819746 62111058 406856568 91328634
372682926 62111058 372682926 100732209
433365372 63619778 460819741 77552442
460819741 77552442 460819741 79271982
460819741 79271982 475601392 93102321
475601392 93102321 491547824 93102321
491547824 93102321 491790216 105773571
491790216 105773571 491790216 106444511
491790216 106444511 502605372 106444511
491790216 106444511 491790216 121772718
475601392 93102321 475601392 115631536
491790216 121772718 495859643 142877665
495859643 142877665 508419326 143950340
460819741 77552442 489524347 77552442
475601392 115631536 488943441 135418008
491790216 105773571 537568732 105773571
537568732 105773571 544581933 112245506
544581933 112245506 548057379 112245506
548057379 112245506 557254262 121693042
544581933 112245506 544581933 140628345
409344854 0 459265902 0
459265902 0 459265902 35212755
459265902 0 501726085 0
501726085 0 501726085 18212122
501726085 0 526790328 0
526790328 0 526790328 45597680
526790328 45597680 552807441 66269519
552807441 66269519 562706232 70007992
562706232 70007992 562706232 75561027
562706232 70007992 568541971 70007992
568541971 70007992 571750773 70033583
571750773 70033583 582742982 77882336
582742982 77882336 608837609 92743157
526790328 0 577771046 0
577771046 0 577771046 19400523
577771046 0 623824767 0
623824767 0 626671326 0
626671326 0 630405885 0
630405885 0 638840117 0
638840117 0 648017627 0
648017627 0 652664223 0
623824767 0 623824767 14146989
623824767 14146989 626671326 23137172
626671326 23137172 630405885 23137172
626671326 23137172 626671326 33532211
630405885 23137172 648017627 25483371
648017627 25483371 652664223 38584767
652664223 38584767 659737319 51247200
659737319 51247200 659737319 56414825
638840117 0 638840117 21953621
659737319 51247200 688310867 51247200
688310867 51247200 690063390 81595570
690063390 81595570 701470211 81595570
690063390 81595570 690063390 103584714
690063390 103584714 709378479 112511740
709378479 112511740 717674752 112511740
717674752 112511740 717674752 126361667
717674752 126361667 719473964 127925667
719473964 127925667 728861610 127925667
719473964 127925667 719473964 144236275
709378479 112511740 709378479 131831678
719473964 144236275 723887046 166794176
723887046 166794176 723887046 175459287
723887046 175459287 725324206 175459287
725324206 175459287 730946137 181677836
730946137 181677836 730946137 188592126
730946137 188592126 736946074 188592126
730946137 188592126 730946137 199418290
730946137 199418290 733150773 199418290
730946137 199418290 730946137 211475448
733150773 199418290 741898497 205631397
730946137 181677836 761073009 181677836
761073009 181677836 765858845 181677836
761073009 181677836 761073009 187192557
765858845 181677836 774293506 186642768
717674752 112511740 750170136 112511740
723887046 175459287 723887046 209289338
761073009 187192557 773296932 209975724
652664223 0 698553278 0
698553278 0 698553278 3222667
698553278 0 714145773 0
714145773 0 714145773 26382004
774293506 186642768 810096536 197638084
810096536 197638084 819605146 203771103
819605146 203771103 819605146 206516780
819605146 203771103 851123616 203771103
851123616 203771103 872626846 208855678
872626846 208855678 872626846 225261501
872626846 208855678 890198777 208855678
714145773 0 771323019 0
771323019 0 773456911 0
773456911 0 782774080 0
782774080 0 790623310 0
790623310 0 790623310 10979207
773456911 0 773456911 22598522
773456911 22598522 776795813 29822812
776795813 29822812 782774080 29822812
776795813 29822812 776795813 54379322
776795813 54379322 780125395 77317695
790623310 0 819622959 0
819622959 0 850484030 0
850484030 0 850484030 25338538
850484030 0 885914981 0
819622959 0 819622959 37689996
885914981 0 885914981 49050337
885914981 49050337 893293085 55339069
850484030 25338538 858329505 70511249
858329505 70511249 881780059 83284473
881780059 83284473 883776885 99665492
883776885 99665492 883776885 135521872
883776885 135521872 883776885 142190525
883776885 135521872 914725302 135521872
914725302 135521872 937981205 140901182
937981205 140901182 940459363 140901182
940459363 140901182 940459363 144518356
937981205 140901182 937981205 149699942
883776885 142190525 891748432 167867473
891748432 167867473 891748432 175839189
891748432 167867473 908488248 167867473
937981205 149699942 939795205 182332827
939795205 182332827 944501811 183644150
944501811 183644150 960109367 183644150
960109367 183644150 969379039 209349191
969379039 209349191 969379039 224783372
969379039 224783372 969379039 230183882
969379039 224783372 981907494 224783372
969379039 230183882 980189175 233197220
980189175 233197220 998455020 235615094
969379039 209349191 993350625 209349191
883776885 99665492 921547630 99665492
921547630 99665492 927586433 101130469
927586433 101130469 928076719 101130469
928076719 101130469 944975840 110749133
927586433 101130469 927586433 134698809
940459363 140901182 984442747 140901182
944501811 183644150 944501811 231608344
780125395 77317695 826867945 90589448
826867945 90589448 850914607 91964086
850914607 91964086 852119716 91964086
852119716 91964086 854278712 96960615
854278712 96960615 855658915 96960615
855658915 96960615 856107345 101566197
854278712 96960615 854278712 125656523
850914607 91964086 850914607 152289064
638840117 21953621 646829954 75427667
885914981 0 949836664 0
949836664 0 949836664 10464191
949836664 10464191 951181560 36792269
850914607 152289064 883568193 185286948
951181560 36792269 987739290 68173674
890198777 208855678 928347549 240434723
406856568 91328634 456959184 122658153
723887046 166794176 809248012 166794176
0 570137007 0 699083471
0 699083471 0 706114051
0 706114051 0 720559927
0 720559927 14899543 720559927
0 706114051 28221446 706114051
0 720559927 0 761737317
0 761737317 24715887 761737317
0 761737317 0 791313408
0 791313408 20832869 791313408
0 791313408 0 813875901
0 813875901 12442583 813875901
0 699083471 41198585 699083471
0 813875901 0 859490162
0 859490162 0 859490296
0 859490162 6618980 859490162
0 859490296 0 873722736
0 873722736 0 878344254
6618980 859490162 39018289 859490296
39018289 859490296 46420265 866824462
46420265 866824462 46420265 873722736
46420265 873722736 48899132 878344254
46420265 866824462 70092907 866824462
48899132 878344254 58994995 895581690
58994995 895581690 62293734 900357693
62293734 900357693 77198074 903209584
77198074 903209584 77198074 909779826
77198074 909779826 86707337 917831840
86707337 917831840 106643791 917831840
77198074 903209584 101055789 903209584
86707337 917831840 86707337 951250069
86707337 951250069 123161603 952612550
123161603 952612550 128346356 953512713
128346356 953512713 130856638 961111549
0 878344254 0 918056879
0 918056879 0 921202378
0 921202378 0 929302392
0 929302392 0 935913125
0 921202378 19079624 921202378
19079624 921202378 24283583 929302392
24283583 929302392 30201569 929302392
24283583 929302392 24283583 935913125
24283583 935913125 30186774 935913125
0 918056879 26141698 918056879
24283583 935913125 24283583 978210078
24283583 978210078 27950281 996062197
106643791 917831840 127035647 942459175
27950281 996062197 71867053 999699402
30186774 935913125 48323222 967258781
48323222 967258781 71867053 989020164
71867053 989020164 73384066 989020164
20832869 791313408 57282895 807079625
24715887 761737317 68537711 770257666
68537711 770257666 82158862 791866782
82158862 791866782 87858105 799106056
87858105 799106056 106333857 826644447
57282895 807079625 81695853 836532287
12442583 813875901 52624499 843704891
