1464
0 0 0 3860273
0 0 10640587 0
0 3860273 0 24025096
0 24025096 0 38298349
0 38298349 10640587 38298349
10640587 0 34674873 0
34674873 0 44301441 0
44301441 0 44301441 3860273
44301441 0 65231434 0
34674873 0 34674873 24025096
65231434 0 65231434 40114674
65231434 40114674 78867679 52058320
78867679 52058320 87473935 62713084
0 38298349 0 86079492
0 86079492 0 97924180
0 97924180 8168345 97924180
0 86079492 37189736 86079492
37189736 86079492 61141548 90559777
61141548 90559777 78556178 90559777
61141548 90559777 61141548 120693737
61141548 120693737 76697144 129630158
76697144 129630158 79058913 129630158
79058913 129630158 79755953 130859356
79755953 130859356 89269961 130859356
76697144 129630158 76697144 142192473
76697144 142192473 79755953 150196838
79755953 150196838 85783667 150196838
79755953 150196838 79755953 184499795
79755953 184499795 84492557 193409593
84492557 193409593 104381564 193409593
104381564 193409593 110093481 193784860
84492557 193409593 84492557 217595013
84492557 217595013 85753378 229784216
85753378 229784216 88565837 229784216
85753378 229784216 85753378 235548592
85753378 235548592 116179962 243477282
116179962 243477282 116179962 251325568
116179962 251325568 116179962 251708377
116179962 251325568 120498885 251325568
116179962 251708377 119945244 261172568
116179962 243477282 134858625 243477282
119945244 261172568 125159665 276776148
125159665 276776148 125159665 319785302
125159665 319785302 137341084 319785302
137341084 319785302 137341084 321710082
137341084 321710082 143858309 325689326
143858309 325689326 146985078 327326362
125159665 319785302 125159665 334122315
146985078 327326362 170296697 327326362
170296697 327326362 182812053 332363419
182812053 332363419 185869006 356112645
146985078 327326362 146985078 354716575
146985078 354716575 150360423 366420448
150360423 366420448 156450383 371209504
156450383 371209504 165916678 371209504
165916678 371209504 172471972 372709569
172471972 372709569 181481818 372709569
181481818 372709569 190536619 382258600
190536619 382258600 190536619 393121716
190536619 382258600 217151434 382258600
172471972 372709569 172471972 399554243
156450383 371209504 156450383 398456208
125159665 334122315 131818647 357839901
131818647 357839901 133796632 384999470
133796632 384999470 135807498 396872865
135807498 396872865 143465645 396872865
137341084 319785302 171707342 319785302
143465645 396872865 149107300 428071077
149107300 428071077 154179813 434423152
154179813 434423152 154179813 455731106
154179813 455731106 154606508 456219060
154179813 434423152 178111994 434423152
178111994 434423152 181717435 437295041
0 97924180 0 141024283
0 141024283 0 143491547
0 143491547 0 143636966
0 143491547 10503574 143491547
10503574 143491547 15793321 143636966
0 141024283 32205411 141024283
32205411 141024283 58607111 142192473
58607111 142192473 58607111 177691522
58607111 177691522 60115484 219235451
190536619 393121716 204423458 422984290
204423458 422984290 224406567 426429029
224406567 426429029 228616065 458233983
228616065 458233983 237902787 458233983
237902787 458233983 241110599 458445080
241110599 458445080 241110599 464106978
228616065 458233983 228616065 469400741
241110599 458445080 255022953 458445080
241110599 464106978 250323838 485332673
250323838 485332673 257969437 488911712
257969437 488911712 257969437 494446226
257969437 494446226 258909373 501098267
258909373 501098267 258909373 513129510
258909373 513129510 267647507 513129510
258909373 513129510 258909373 538826907
258909373 538826907 260637733 541556088
260637733 541556088 260637733 557874942
260637733 557874942 275974874 558128656
275974874 558128656 289401652 568916721
260637733 541556088 289263627 541556088
289263627 541556088 289478235 543861262
289478235 543861262 289478235 554899468
289478235 543861262 315153405 543861262
315153405 543861262 315153405 551383296
315153405 543861262 328279648 543861262
328279648 543861262 335161648 552185707
289401652 568916721 312288232 579981425
312288232 579981425 349298506 581685365
349298506 581685365 356733947 602033804
356733947 602033804 378521400 602033804
378521400 602033804 378858824 615854559
135807498 396872865 135807498 442458652
217151434 382258600 248910777 397974960
248910777 397974960 255022953 423100136
255022953 423100136 264899889 423100136
264899889 423100136 280220080 423100136
264899889 423100136 264899889 455642002
280220080 423100136 312293435 432981158
312293435 432981158 318179635 432981158
312293435 432981158 312293435 446746758
312293435 446746758 330178361 455651367
330178361 455651367 350649003 455651367
330178361 455651367 330178361 479620097
330178361 479620097 330178361 480082878
330178361 479620097 342511121 479620097
342511121 479620097 344017005 505804748
350649003 455651367 359053932 476105495
359053932 476105495 379193582 486712803
379193582 486712803 387821910 486712803
379193582 486712803 379193582 522491616
379193582 522491616 404207760 524696158
404207760 524696158 404207760 540354924
404207760 540354924 408512235 545804591
408512235 545804591 411412555 545804591
408512235 545804591 408512235 585738119
408512235 585738119 442460522 586251498
442460522 586251498 443277011 587470600
443277011 587470600 457984947 587470600
443277011 587470600 443277011 624446488
443277011 624446488 459389585 646053205
459389585 646053205 468256576 646053205
459389585 646053205 459389585 676719920
468256576 646053205 475197011 670497834
475197011 670497834 479853805 675308621
479853805 675308621 494182043 675308621
494182043 675308621 494182043 676783240
494182043 676783240 500172674 693640833
479853805 675308621 479853805 702186578
479853805 702186578 489793106 702186578
479853805 702186578 479853805 743300999
479853805 743300999 480136931 748163204
480136931 748163204 480136931 767470677
480136931 748163204 510282377 748163204
510282377 748163204 540322914 748163204
540322914 748163204 558905715 748163204
540322914 748163204 540322914 770331914
540322914 770331914 557608348 779075816
557608348 779075816 558582584 779075816
558582584 779075816 570903363 784870374
570903363 784870374 570903363 814724107
510282377 748163204 510282377 781449045
480136931 767470677 491548290 796312197
491548290 796312197 494044986 800276400
411412555 545804591 424016055 574922901
570903363 784870374 612675791 784870374
612675791 784870374 614972174 784870374
612675791 784870374 612675791 806007406
612675791 806007406 640990848 810552514
614972174 784870374 640990848 799971443
640990848 799971443 677111944 799971443
677111944 799971443 677821465 799971443
677821465 799971443 679721216 803781828
679721216 803781828 695341253 803781828
695341253 803781828 700166733 810387907
700166733 810387907 700166733 824707520
679721216 803781828 679721216 824591708
679721216 824591708 680679485 824707520
677111944 799971443 677111944 824591708
677111944 824591708 677111944 842126171
677111944 842126171 679273901 844362794
700166733 810387907 725206476 810387907
725206476 810387907 737630392 827617407
737630392 827617407 755312913 849582916
755312913 849582916 773479908 851455408
773479908 851455408 792682560 851455408
792682560 851455408 792682560 853559524
792682560 851455408 820775435 851455408
773479908 851455408 773479908 883062442
679273901 844362794 680679485 882737030
680679485 882737030 703687118 884996776
703687118 884996776 723042025 884996776
703687118 884996776 703687118 913062513
703687118 913062513 710176522 943206132
710176522 943206132 710176522 943742005
710176522 943742005 712758190 943742005
710176522 943742005 710176522 981978796
773479908 883062442 774995142 922795862
774995142 922795862 778920697 947816335
778920697 947816335 796700109 969597175
796700109 969597175 796700109 970641317
796700109 969597175 801373522 969597175
796700109 970641317 799327149 982976670
799327149 982976670 802612601 984962449
404207760 524696158 446101664 524696158
446101664 524696158 459749296 533456088
459749296 533456088 491330165 533925327
491330165 533925327 495331182 533925327
495331182 533925327 498059178 533925327
495331182 533925327 495331182 543040360
491330165 533925327 491330165 545031894
495331182 543040360 516148272 559211425
500172674 693640833 501566272 734657071
820775435 851455408 825388405 893413862
825388405 893413862 829560238 905514053
829560238 905514053 834008262 905514053
829560238 905514053 829560238 912927558
834008262 905514053 872314209 908803383
872314209 908803383 882444732 914117710
882444732 914117710 882757960 914117710
882757960 914117710 882757960 919172560
882444732 914117710 882444732 922986422
882444732 922986422 885116942 925850445
885116942 925850445 885116942 929678811
885116942 925850445 891545787 925850445
891545787 925850445 909324626 950500241
909324626 950500241 909324626 954683929
909324626 950500241 919053270 950500241
909324626 954683929 918367693 964621707
557608348 779075816 557608348 826357631
498059178 533925327 543122303 536224710
543122303 536224710 545361068 543349512
545361068 543349512 545361068 546440713
545361068 546440713 548164577 558059744
548164577 558059744 558508832 580717784
558508832 580717784 578931137 582792401
545361068 543349512 580762082 543349512
578931137 582792401 603158263 604894539
603158263 604894539 623046994 604894539
603158263 604894539 603158263 632160416
603158263 632160416 614267264 636907070
614267264 636907070 630605367 636907070
614267264 636907070 614267264 666792213
614267264 666792213 614267264 667696829
614267264 666792213 617033534 666792213
614267264 667696829 616617544 669780447
616617544 669780447 621421647 669780447
623046994 604894539 641004814 617493709
641004814 617493709 662635999 624303391
662635999 624303391 662635999 627814172
662635999 624303391 667557173 624303391
616617544 669780447 616617544 704498617
616617544 704498617 624642768 711678530
624642768 711678530 624642768 713635272
624642768 711678530 629048767 711678530
629048767 711678530 656740914 722126837
656740914 722126837 671948492 722126837
671948492 722126837 703990030 724869099
656740914 722126837 656740914 764485335
656740914 764485335 669210709 768232490
669210709 768232490 670118693 783909119
621421647 669780447 650306750 685349491
650306750 685349491 690561822 685982320
580762082 543349512 602441288 568052770
703990030 724869099 736107482 739621214
736107482 739621214 744592567 739621214
744592567 739621214 744592567 742258568
744592567 742258568 748134945 745633063
736107482 739621214 736107482 751307633
744592567 739621214 757684984 739621214
757684984 739621214 759486178 768077089
759486178 768077089 760991206 768077089
760991206 768077089 777751060 768077089
777751060 768077089 787587374 779778302
759486178 768077089 759486178 790340174
759486178 790340174 760991206 790340174
760991206 790340174 760991206 793313387
759486178 790340174 759486178 799887440
760991206 790340174 774460031 790340174
774460031 790340174 785076907 801007538
785076907 801007538 787078126 804709454
787078126 804709454 787078126 832560638
787078126 832560638 787078126 845260919
787078126 832560638 801480136 832560638
801480136 832560638 804984596 840135066
804984596 840135066 831402641 844773489
787078126 804709454 829496743 804709454
829496743 804709454 846825306 804709454
829496743 804709454 829496743 829843499
60115484 219235451 62474132 264407663
602441288 568052770 628953088 589150450
628953088 589150450 628953088 592653354
628953088 592653354 641854959 596930217
641854959 596930217 641854959 600475633
641854959 596930217 681836698 596930217
628953088 589150450 677047687 589150450
258909373 501098267 307422649 501098267
307422649 501098267 310694870 501098267
307422649 501098267 307422649 509741804
310694870 501098267 318937035 502405841
307422649 509741804 313677830 525401915
125159665 276776148 173993943 276776148
173993943 276776148 186894496 281712295
186894496 281712295 189982547 281712295
186894496 281712295 186894496 297231173
186894496 297231173 197621982 308434471
197621982 308434471 197621982 311747551
197621982 311747551 210738068 313337376
197621982 308434471 218485223 308434471
218485223 308434471 245451025 330091768
245451025 330091768 253475367 346105702
253475367 346105702 263466869 347011597
263466869 347011597 287711738 352507733
287711738 352507733 289328184 358104758
289328184 358104758 289328184 366156203
289328184 366156203 292095313 372972515
681836698 596930217 724355942 603275341
724355942 603275341 747143934 613635597
640990848 810552514 656164230 844431840
667557173 624303391 706971689 634452294
706971689 634452294 718544398 634452294
706971689 634452294 706971689 653836135
706971689 653836135 710891459 662180989
710891459 662180989 710891459 667701523
710891459 662180989 731018188 662180989
731018188 662180989 731018188 665946525
731018188 662180989 744851936 662180989
85783667 150196838 130818205 154760381
130818205 154760381 133889114 158285144
133889114 158285144 133889114 165413389
133889114 158285144 171652278 158285144
171652278 158285144 171652278 160878748
171652278 160878748 177681482 169052017
177681482 169052017 177681482 178347291
171652278 158285144 200848714 158285144
200848714 158285144 219825503 164648887
219825503 164648887 219825503 169052017
219825503 169052017 219834493 169052017
219834493 169052017 223229698 203564785
223229698 203564785 223229698 220835602
223229698 203564785 244827452 203564785
244827452 203564785 251833031 204124321
251833031 204124321 259750818 204124321
251833031 204124321 251833031 217328222
223229698 220835602 227777294 252673339
259750818 204124321 285510459 216458384
285510459 216458384 285630335 216757199
292095313 372972515 322144577 393041013
322144577 393041013 328111504 399710262
328111504 399710262 328111504 400925281
328111504 400925281 347148756 406114928
347148756 406114928 348220920 406114928
348220920 406114928 358829125 406114928
348220920 406114928 348220920 418583387
348220920 418583387 350649003 427734150
350649003 427734150 362540586 427734150
362540586 427734150 365789148 427734150
347148756 406114928 347148756 426887113
365789148 427734150 380355780 438840955
362540586 427734150 362540586 454081358
380355780 438840955 402040796 444348738
402040796 444348738 402040796 452795766
402040796 444348738 415624742 444348738
415624742 444348738 427414730 445614076
402040796 452795766 411908175 457728588
411908175 457728588 416222012 463365274
427414730 445614076 451971341 455927223
451971341 455927223 451971341 460141275
451971341 460141275 468118493 478087399
468118493 478087399 470467458 478087399
470467458 478087399 485237623 478543301
485237623 478543301 510545547 478543301
510545547 478543301 524217044 488814975
524217044 488814975 524217044 504626196
524217044 488814975 547676811 488814975
547676811 488814975 573630019 493787896
573630019 493787896 603060216 493787896
603060216 493787896 614990809 493787896
614990809 493787896 632485268 500253199
603060216 493787896 603060216 519016795
603060216 519016795 609818508 527437035
485237623 478543301 485237623 512302018
485237623 512302018 491330165 518785830
491330165 518785830 492411037 518785830
492411037 518785830 495331182 530626142
495331182 530626142 499667129 530626142
573630019 493787896 573630019 528723886
451971341 455927223 487617650 455927223
487617650 455927223 488390760 458365377
416222012 463365274 451238635 466369524
328111504 399710262 369532291 399710262
369532291 399710262 396756434 413112864
396756434 413112864 396756434 423921527
396756434 423921527 396756434 424878235
396756434 423921527 404080357 423921527
404080357 423921527 418514726 440641410
418514726 440641410 419486415 442181520
396756434 413112864 429124233 413112864
429124233 413112864 445413607 413562525
468118493 478087399 468118493 522183820
829496743 829843499 870872449 838766437
870872449 838766437 890717685 869114357
890717685 869114357 890717685 870497375
890717685 869114357 933549479 869114357
933549479 869114357 938726423 897040502
938726423 897040502 940279352 897040502
938726423 897040502 938726423 914117710
938726423 914117710 948635610 919987658
135807498 442458652 147468570 481455936
147468570 481455936 153600937 481455936
147468570 481455936 147468570 494229618
147468570 494229618 148649283 501397823
148649283 501397823 164650023 501397823
148649283 501397823 148649283 546953539
148649283 546953539 153766006 548618959
153766006 548618959 157389622 553955829
157389622 553955829 157389622 558884423
157389622 558884423 162050565 558884423
162050565 558884423 164354047 567885808
164354047 567885808 164491810 567885808
164491810 567885808 171161270 568850523
171161270 568850523 171161270 577657704
164354047 567885808 164354047 584189814
171161270 568850523 193519259 568850523
193519259 568850523 194652476 575858968
157389622 553955829 188754015 553955829
194652476 575858968 225384114 578144829
225384114 578144829 243251260 578144829
225384114 578144829 225384114 603890236
225384114 603890236 226233171 603890236
225384114 603890236 225384114 606669761
226233171 603890236 258418057 604684790
258418057 604684790 275157599 637337437
275157599 637337437 275157599 645229353
275157599 637337437 287820063 637337437
494044986 800276400 500802414 845098273
500802414 845098273 500802414 856839143
500802414 856839143 501142502 862006279
501142502 862006279 501142502 897428062
500802414 845098273 536908858 845098273
536908858 845098273 555191639 862006279
501142502 897428062 502280570 933112090
502280570 933112090 504458709 933112090
504458709 933112090 504458709 943985203
504458709 943985203 506205295 944547670
506205295 944547670 506205295 946817968
506205295 944547670 509662698 944547670
509662698 944547670 512253258 961257900
512253258 961257900 512253258 965451613
512253258 965451613 513968869 965853089
512253258 961257900 526047970 961257900
504458709 933112090 529456197 933112090
529456197 933112090 549269989 935637793
549269989 935637793 549269989 950283402
502280570 933112090 502280570 958898592
502280570 958898592 504575155 961257900
504575155 961257900 504575155 962508031
549269989 935637793 583039228 935637793
583039228 935637793 590873780 936693729
590873780 936693729 597182735 936693729
597182735 936693729 601930275 936693729
597182735 936693729 597182735 943057191
590873780 936693729 590873780 948179130
590873780 948179130 592564512 967933599
513968869 965853089 521343829 996004157
526047970 961257900 540414220 984958020
540414220 984958020 540414220 992431179
540414220 992431179 541442920 995780720
541442920 995780720 558641617 997545708
540414220 984958020 559922489 984958020
555191639 862006279 588759783 869252738
287820063 637337437 294497082 682351926
294497082 682351926 297847991 699392883
297847991 699392883 297847991 727986274
297847991 727986274 304988112 727986274
304988112 727986274 306568666 733869721
306568666 733869721 311923382 733869721
297847991 727986274 297847991 746705691
311923382 733869721 313640207 751621683
313640207 751621683 313640207 757137492
313640207 751621683 326654863 751621683
297847991 746705691 306568666 761312294
297847991 699392883 328729467 699392883
328729467 699392883 332747671 699392883
328729467 699392883 328729467 713554492
328729467 713554492 328729467 713809933
328729467 713554492 332080695 713554492
332080695 713554492 334626209 717210949
334626209 717210949 334626209 721319818
334626209 717210949 347297536 717210949
347297536 717210949 355054459 718222471
332747671 699392883 360394847 707671853
326654863 751621683 348146055 775368044
348146055 775368044 348146055 797822714
348146055 775368044 380286147 775368044
380286147 775368044 406684338 782902036
406684338 782902036 425747829 784147490
425747829 784147490 433700699 796312197
433700699 796312197 450863829 796312197
450863829 796312197 450863829 813659121
450863829 813659121 458644406 814853255
458644406 814853255 477784433 814853255
433700699 796312197 433700699 835499767
433700699 835499767 436972254 859226345
436972254 859226345 458644406 865011266
458644406 865011266 462112877 896354619
462112877 896354619 462112877 902824051
462112877 902824051 467743965 902824051
467743965 902824051 467743965 907841010
467743965 902824051 493856918 902824051
462112877 896354619 494272549 896354619
462112877 902824051 462112877 939138839
462112877 939138839 468284466 951920550
468284466 951920550 478514470 951920550
478514470 951920550 482196783 953510533
482196783 953510533 498172025 958898592
498172025 958898592 498172025 969391928
468284466 951920550 468284466 976237034
355054459 718222471 393828830 725933582
393828830 725933582 396384646 747782090
396384646 747782090 406684338 755684858
406684338 755684858 406684338 771338253
406684338 771338253 415552854 771338253
415552854 771338253 425747829 782181964
425747829 782181964 438584081 782181964
406684338 755684858 432888378 755684858
432888378 755684858 432888378 759587239
432888378 755684858 439698747 755684858
439698747 755684858 457719849 760644950
457719849 760644950 471311411 767470677
471311411 767470677 471311411 769904914
471311411 769904914 471733491 778165825
360394847 707671853 401201789 718054762
710176522 943206132 762307612 943206132
219825503 169052017 219825503 221487611
257969437 488911712 310410550 488911712
219825503 164648887 272339744 164648887
272339744 164648887 284339078 164843705
284339078 164843705 297005418 179578177
297005418 179578177 297005418 196589779
297005418 196589779 298939733 196589779
297005418 196589779 297005418 202274272
297005418 179578177 334486267 179578177
334486267 179578177 344036773 191713987
344036773 191713987 361060504 191713987
361060504 191713987 361060504 202998023
361060504 202998023 362565424 204922411
361060504 191713987 376657988 191713987
376657988 191713987 399210599 193690346
399210599 193690346 404923779 193690346
399210599 193690346 399210599 204922411
399210599 204922411 402996856 212688418
402996856 212688418 402996856 213953380
402996856 213953380 403342180 213953380
402996856 213953380 402996856 232919974
402996856 212688418 436833162 212688418
436833162 212688418 444255405 215228647
444255405 215228647 457662820 215228647
457662820 215228647 463792992 219212209
444255405 215228647 444255405 243340672
444255405 243340672 444589140 265610676
444589140 265610676 447309221 265610676
444589140 265610676 444589140 293637757
444589140 293637757 444824079 308777715
444824079 308777715 444824079 316717149
444824079 316717149 449409013 316717149
449409013 316717149 452891052 317911893
452891052 317911893 455452157 317911893
452891052 317911893 452891052 324120316
444824079 316717149 444824079 325020893
444824079 308777715 469874885 308777715
362565424 204922411 362565424 239122670
362565424 239122670 374849070 239122670
374849070 239122670 380752933 239122670
374849070 239122670 374849070 246395504
374849070 246395504 375291449 247358810
375291449 247358810 381338842 247358810
381338842 247358810 389919124 252680804
389919124 252680804 393343859 252680804
375291449 247358810 375291449 273266543
375291449 273266543 389919124 280005983
389919124 280005983 390320140 292282290
390320140 292282290 390320140 293655060
362565424 239122670 362565424 270746175
390320140 293655060 419020396 298032138
419020396 298032138 420877308 327288961
447309221 265610676 477931340 271383088
444824079 325020893 447660004 359725222
447660004 359725222 448499343 379979097
448499343 379979097 448499343 384767427
448499343 384767427 448499343 387184934
448499343 384767427 459420927 384767427
448499343 379979097 470988595 379979097
390320140 292282290 430381998 292282290
463792992 219212209 498314997 231206224
498314997 231206224 498843758 250049764
498843758 250049764 513419781 250049764
498843758 250049764 498843758 264798530
498843758 264798530 509020864 271079959
509020864 271079959 538903480 285674597
538903480 285674597 542857256 285674597
542857256 285674597 555949192 289194321
555949192 289194321 569103877 293999016
569103877 293999016 575065399 326395281
575065399 326395281 578940130 326395281
575065399 326395281 575065399 333402966
575065399 333402966 594465101 341874582
538903480 285674597 538903480 328394622
594465101 341874582 597932144 384011736
597932144 384011736 600987845 384011736
600987845 384011736 600987845 385944097
600987845 385944097 609665658 387482494
600987845 384011736 619150907 384011736
619150907 384011736 631041988 387360610
631041988 387360610 654945222 387360610
654945222 387360610 656535934 387360610
656535934 387360610 656535934 387482494
631041988 387360610 631041988 414319334
631041988 414319334 631041988 418654959
631041988 414319334 648142831 414319334
648142831 414319334 649889325 416447835
649889325 416447835 654945222 416447835
656535934 387360610 690743169 387360610
649889325 416447835 649889325 451224911
649889325 451224911 649889325 462672280
649889325 462672280 659734260 466198873
659734260 466198873 669718623 466198873
649889325 451224911 670524853 451224911
659734260 466198873 659734260 490990627
659734260 490990627 659734260 497988909
659734260 490990627 681771127 490990627
681771127 490990627 683069821 496703628
683069821 496703628 702388877 496703628
702388877 496703628 702388877 497105823
702388877 497105823 705716742 501229242
705716742 501229242 708296329 513357512
708296329 513357512 728304045 513357512
708296329 513357512 708296329 545902041
708296329 545902041 715468150 546815353
715468150 546815353 724331631 546815353
715468150 546815353 715468150 570156415
609665658 387482494 609665658 423080596
609665658 423080596 610250637 449082675
724331631 546815353 753302721 555037689
753302721 555037689 753553838 567801287
753553838 567801287 773988675 575741730
773988675 575741730 773988675 588255578
773988675 588255578 780748220 592878228
780748220 592878228 787855247 592878228
773988675 575741730 790078863 575741730
790078863 575741730 790078863 580898431
790078863 580898431 810873925 584467130
810873925 584467130 842099323 584504786
842099323 584504786 861701115 584504786
861701115 584504786 864757081 584533574
864757081 584533574 864757081 585950172
715468150 570156415 751154535 571730408
728304045 513357512 762652252 517040607
597932144 384011736 597932144 426603730
842099323 584504786 842099323 628948982
842099323 628948982 854730471 630690405
854730471 630690405 854730471 631071162
854730471 630690405 868197873 630690405
868197873 630690405 869573521 653621703
869573521 653621703 876103476 673339584
876103476 673339584 898607990 679152944
898607990 679152944 902953138 679152944
902953138 679152944 902953138 683130550
902953138 679152944 908331084 679152944
898607990 679152944 898607990 687891436
898607990 687891436 899392554 703704217
899392554 703704217 901791398 703704217
899392554 703704217 899392554 708050511
899392554 708050511 918777033 717046084
918777033 717046084 918777033 724678376
918777033 717046084 935047171 717046084
918777033 724678376 924108791 737465400
924108791 737465400 924108791 752665190
908331084 679152944 940250206 690516296
940250206 690516296 959061469 699190177
959061469 699190177 959143296 709652907
959143296 709652907 959143296 710844528
959143296 709652907 976239810 709652907
976239810 709652907 976239810 710481031
976239810 709652907 990061265 709652907
976239810 710481031 981027149 731826662
981027149 731826662 985159102 747321278
959143296 710844528 973832696 737465400
973832696 737465400 979066298 747321278
979066298 747321278 979066298 769604498
780748220 592878228 780748220 638522249
780748220 638522249 796329875 642149942
796329875 642149942 796329875 646045788
796329875 642149942 800885140 642149942
800885140 642149942 812667772 673560841
812667772 673560841 812667772 679146446
812667772 673560841 831382309 673560841
812667772 679146446 829993902 701578673
829993902 701578673 831293697 716576734
831293697 716576734 831293697 722726037
831293697 722726037 852160663 726171174
852160663 726171174 854408447 726171174
854408447 726171174 863859635 736030776
863859635 736030776 880333695 738376040
880333695 738376040 891238006 753107847
891238006 753107847 912788369 753107847
912788369 753107847 920567468 771821541
891238006 753107847 891238006 781663341
831293697 716576734 862383401 716576734
862383401 716576734 889953126 722811207
852160663 726171174 852160663 760679164
702388877 496703628 748371993 496703628
683069821 496703628 683069821 543433844
683069821 543433844 695885459 543433844
683069821 543433844 683069821 556775850
683069821 556775850 693861759 556775850
683069821 556775850 683069821 574985697
762652252 517040607 789743302 537092151
690743169 387360610 721236079 406268245
721236079 406268245 721236079 416895746
721236079 406268245 734166679 406268245
734166679 406268245 739839723 418277460
739839723 418277460 739839723 418344839
739839723 418344839 739849353 426122706
739849353 426122706 739849353 430280008
739849353 426122706 746761229 426122706
739839723 418277460 770868656 418277460
770868656 418277460 786297418 442641271
786297418 442641271 789864597 442641271
786297418 442641271 786297418 452491632
786297418 452491632 789347246 458416131
789864597 442641271 830266595 444814522
830266595 444814522 830266595 449071302
830266595 444814522 835099613 444814522
835099613 444814522 855581864 457722787
855581864 457722787 856678040 457722787
856678040 457722787 857445278 458444449
855581864 457722787 855581864 459638363
857445278 458444449 857445278 463042633
857445278 458444449 871714339 458444449
871714339 458444449 876800429 458524225
876800429 458524225 918246693 458524225
918246693 458524225 924611805 464856011
924611805 464856011 924611805 465836829
924611805 464856011 951702532 464856011
951702532 464856011 962101049 476376054
962101049 476376054 980988328 476376054
980988328 476376054 982732775 478204151
982732775 478204151 991888583 492505386
962101049 476376054 962101049 503917376
924611805 465836829 925263043 507146191
925263043 507146191 942306595 525207005
920567468 771821541 948750854 795676610
948750854 795676610 948750854 813846203
948750854 795676610 971686665 795676610
362565424 270746175 372652692 313116875
372652692 313116875 384704004 338462089
384704004 338462089 392667137 366730699
392667137 366730699 427707676 375404461
164650023 501397823 207041773 512195860
207041773 512195860 210347311 547922065
210347311 547922065 210347311 548420484
210347311 547922065 215091783 547922065
289328184 358104758 342841460 358104758
342841460 358104758 342841460 362908312
342841460 362908312 357118571 371494417
342841460 358104758 368034566 358104758
164354047 584189814 170385424 631950910
170385424 631950910 172748209 637395769
172748209 637395769 197669531 637395769
197669531 637395769 197669531 637845819
197669531 637395769 210383818 637395769
172748209 637395769 172748209 677846854
172748209 677846854 172748209 679731767
172748209 679731767 175367427 683993703
172748209 677846854 189093711 677846854
175367427 683993703 175367427 707308861
175367427 707308861 183522356 723752386
183522356 723752386 183522356 750548983
183522356 750548983 189746566 753716107
189746566 753716107 217596901 753716107
217596901 753716107 231430801 753716107
217596901 753716107 217596901 780258303
231430801 753716107 252577236 761911963
252577236 761911963 260297401 775900654
260297401 775900654 260297401 798331647
260297401 798331647 260297401 805980191
260297401 805980191 269787090 814190519
269787090 814190519 276323934 814190519
260297401 798331647 282745362 798331647
282745362 798331647 296096908 798920060
296096908 798920060 299805719 798920060
296096908 798920060 296096908 806545154
260297401 775900654 283141012 775900654
183522356 723752386 218386444 723752386
189746566 753716107 189746566 795943158
189746566 795943158 189746566 807272424
189746566 795943158 201505847 795943158
189746566 807272424 196707270 830432582
196707270 830432582 206392473 858578069
206392473 858578069 206392473 861083071
206392473 861083071 206392473 862381707
206392473 861083071 220002524 861083071
206392473 862381707 207862499 883490797
207862499 883490797 223483111 886537068
223483111 886537068 239086393 895927242
239086393 895927242 243012706 904126095
243012706 904126095 243012706 912902196
243012706 912902196 247326311 936134326
247326311 936134326 250026388 936134326
206392473 858578069 234425263 858578069
234425263 858578069 249506239 860912438
249506239 860912438 249506239 876162168
249506239 876162168 249938845 877674274
249506239 860912438 269787090 860912438
269787090 860912438 269787090 861302477
269787090 860912438 272609970 860912438
272609970 860912438 274063633 871525935
243012706 904126095 274063633 904126095
247326311 936134326 247326311 969004921
274063633 871525935 308881054 871525935
296096908 806545154 324668465 820508110
324668465 820508110 324729966 820508110
324729966 820508110 330939677 831303371
330939677 831303371 331790265 846406161
331790265 846406161 331790265 865472816
331790265 865472816 336156338 870921522
336156338 870921522 336156338 893377954
336156338 893377954 344290122 893377954
344290122 893377954 345455541 893377954
344290122 893377954 344290122 895606099
344290122 895606099 348505738 895960610
324668465 820508110 324668465 844564611
336156338 870921522 360255959 870921522
336156338 893377954 336156338 926875364
336156338 926875364 342978291 933960524
342978291 933960524 342978291 969421536
342978291 933960524 382787204 933960524
382787204 933960524 389943124 955549549
389943124 955549549 389943124 968238376
389943124 955549549 404358737 955549549
404358737 955549549 410869350 958423564
410869350 958423564 410869350 960591204
410869350 958423564 435485870 958423564
189093711 677846854 227677348 683993703
227677348 683993703 236118083 706614653
236118083 706614653 244235615 710003873
244235615 710003873 260497307 722073451
260497307 722073451 260497307 722614738
260497307 722073451 262616863 722073451
348505738 895960610 390304057 901208055
378858824 615854559 400273165 648467822
400273165 648467822 401201789 649080626
401201789 649080626 434662455 649080626
746761229 426122706 755878232 471620363
755878232 471620363 763849883 478686302
763849883 478686302 771158261 494640221
469874885 308777715 499418048 333994698
499418048 333994698 504300800 334653136
504300800 334653136 511632704 334653136
511632704 334653136 519867554 334653136
511632704 334653136 511632704 344266699
519867554 334653136 521854423 343898552
504300800 334653136 504300800 347943824
65231434 0 120497448 0
120497448 0 133280628 0
133280628 0 150851790 0
150851790 0 150851790 3758225
120497448 0 120497448 21667036
120497448 21667036 133280628 24716687
133280628 24716687 147288715 60838375
356733947 602033804 356733947 657352129
356733947 657352129 357310453 667815650
134858625 243477282 177659441 256101559
247326311 969004921 274946824 997616360
331790265 846406161 388220784 846406161
388220784 846406161 397585711 846406161
388220784 846406161 388220784 861045820
397585711 846406161 409576633 859226345
409576633 859226345 409576633 859719088
409576633 859719088 421202196 863780203
421202196 863780203 423627570 877257856
918367693 964621707 969263140 970838186
969263140 970838186 969263140 977419108
969263140 970838186 988384785 970838186
185869006 356112645 237763426 361638608
147288715 60838375 172676874 95684229
172676874 95684229 172676874 108352218
172676874 108352218 172676874 123509329
172676874 108352218 189373624 108352218
189373624 108352218 191590996 134204469
191590996 134204469 198740897 134286911
198740897 134286911 198740897 154476904
172676874 95684229 222784471 95684229
762307612 943206132 776367550 989721619
488390760 458365377 543252503 464221703
543252503 464221703 581089374 467888176
581089374 467888176 594039853 471802052
594039853 471802052 638822120 473927335
638822120 473927335 640656225 473927335
638822120 473927335 638822120 490709019
864757081 584533574 925519857 584533574
925519857 584533574 936293027 614670596
936293027 614670596 968855942 614670596
968855942 614670596 971549474 624630857
971549474 624630857 971549474 627479735
971549474 627479735 979933993 627479735
971549474 624630857 983837752 624630857
983837752 624630857 995459009 634144603
995459009 634144603 996808939 634144603
995459009 634144603 995459009 647125548
936293027 614670596 936293027 653027656
936293027 653027656 956864545 657379840
956864545 657379840 971549474 671671170
516148272 559211425 522485367 613857841
864757081 585950172 910536656 601455006
910536656 601455006 914860971 601455006
910536656 601455006 910536656 612134593
656164230 844431840 656814827 905986826
656814827 905986826 656814827 916153153
656814827 905986826 675391786 905986826
789347246 458416131 818252944 491948225
210383818 637395769 256433792 654991620
513419781 250049764 569392965 258124708
569392965 258124708 581936734 266249900
581936734 266249900 581936734 273613251
581936734 266249900 594547500 266249900
594547500 266249900 598362417 269821399
598362417 269821399 598362417 275733094
598362417 269821399 608016098 269821399
608016098 269821399 626222559 273018225
626222559 273018225 626222559 281557997
626222559 273018225 645799460 273018225
645799460 273018225 645799460 279235104
645799460 273018225 652420909 273018225
652420909 273018225 669713408 278346479
669713408 278346479 686488764 278346479
669713408 278346479 669713408 301801236
669713408 301801236 670495867 302048483
670495867 302048483 670495867 303118819
670495867 302048483 691624724 302048483
691624724 302048483 707721163 302087899
707721163 302087899 708615202 302087899
708615202 302087899 717496595 302087899
708615202 302087899 708615202 313812062
707721163 302087899 707721163 327134141
707721163 327134141 728747805 336111714
728747805 336111714 734431121 349240405
626222559 281557997 639942216 304055380
639942216 304055380 641092665 339623670
641092665 339623670 648894768 353738644
648894768 353738644 659159238 353738644
648894768 353738644 648894768 364826755
734431121 349240405 768461783 354705713
768461783 354705713 772314537 359461515
772314537 359461515 777203866 359461515
772314537 359461515 772314537 383351756
772314537 383351756 782313878 393280432
777203866 359461515 798536107 370823728
798536107 370823728 827105733 380297215
827105733 380297215 834636380 394180226
834636380 394180226 835099613 434631310
250026388 936134326 313076286 939714583
313076286 939714583 326391629 952293539
829560238 912927558 871623233 937552360
871623233 937552360 871924031 937552360
871623233 937552360 871623233 963874532
835099613 434631310 903362992 434631310
903362992 434631310 905991885 444063165
494182043 675308621 563098650 675308621
563098650 675308621 578626475 701885918
578626475 701885918 578626475 713298659
578626475 701885918 594623154 701885918
198740897 134286911 268220448 134286911
268220448 134286911 268952819 134962373
268952819 134962373 281478186 139789044
281478186 139789044 281478186 140744679
281478186 139789044 324064608 139789044
324064608 139789044 353169681 148306225
353169681 148306225 354014276 148306225
353169681 148306225 353169681 153819329
354014276 148306225 379682895 150974573
344036773 191713987 344036773 261546297
217596901 780258303 245428292 822502060
34674873 24025096 61026508 67959462
712758190 943742005 760271132 966761824
62474132 264407663 85099429 314909071
85099429 314909071 90120674 358980099
90120674 358980099 90120674 372365337
90120674 372365337 90120674 378921414
90120674 372365337 97362722 372365337
90120674 358980099 111020950 358980099
90120674 378921414 94276876 432936635
94276876 432936635 111543460 445967170
111543460 445967170 125272618 445967170
125272618 445967170 131230510 445967170
125272618 445967170 125272618 452403611
111543460 445967170 111543460 500379974
111543460 500379974 137491054 538971669
137491054 538971669 142163672 538971669
137491054 538971669 137491054 545657557
971686665 795676610 987117259 854165444
222784471 95684229 268220448 124904074
268220448 124904074 269230974 124904074
588759783 869252738 642813988 889930361
642813988 889930361 647907134 889930361
642813988 889930361 642813988 897869577
344036773 261546297 347573640 332922584
991888583 492505386 995125563 564740433
511632704 344266699 519020126 412797084
790078863 575741730 867266075 575741730
670118693 783909119 735590850 796740996
876800429 458524225 876800429 538389456
876800429 538389456 899635420 544093160
899635420 544093160 923870743 544541682
519020126 412797084 578313360 433987925
150851790 0 236649196 0
236649196 0 240727018 0
240727018 0 245668949 0
240727018 0 240727018 13065596
236649196 0 236649196 19271935
236649196 19271935 238504953 39746751
238504953 39746751 245668949 39746751
245668949 39746751 245771279 45457481
245771279 45457481 245771279 75773313
245771279 45457481 277151310 45457481
245668949 0 277151310 0
277151310 0 298783891 0
298783891 0 304174287 0
304174287 0 304174287 11298347
304174287 0 318045466 0
318045466 0 349593431 0
349593431 0 358350406 0
358350406 0 362510090 0
362510090 0 370638682 0
370638682 0 371135375 0
371135375 0 371135375 4091528
362510090 0 362510090 16359997
358350406 0 358350406 22433972
358350406 22433972 366766824 43937424
366766824 43937424 370638682 43937424
366766824 43937424 366766824 52140541
366766824 52140541 379313187 65396470
379313187 65396470 401864382 65396470
379313187 65396470 379313187 88177683
379313187 88177683 392776616 88177683
392776616 88177683 392776616 91092260
392776616 88177683 396602515 88177683
396602515 88177683 399065884 92696446
318045466 0 318045466 34840016
238504953 39746751 238504953 77599943
399065884 92696446 438014641 92696446
438014641 92696446 451623268 92696446
438014641 92696446 438014641 111205458
451623268 92696446 466305854 107181188
466305854 107181188 480517105 124932899
480517105 124932899 480517105 141096621
480517105 124932899 508573066 124932899
480517105 141096621 496952834 160671798
496952834 160671798 524012969 161066304
524012969 161066304 526668331 161066304
524012969 161066304 524012969 183326434
524012969 183326434 537553103 185675479
537553103 185675479 539955039 203360276
526668331 161066304 537553103 173597866
537553103 173597866 565200403 173597866
565200403 173597866 570457414 174568097
570457414 174568097 577350738 179148612
577350738 179148612 605094284 179148612
605094284 179148612 620888808 179148612
605094284 179148612 605094284 196789334
605094284 196789334 610947850 197561596
610947850 197561596 610947850 221629149
610947850 221629149 624841368 221629149
624841368 221629149 625008279 221629149
624841368 221629149 624841368 224917724
610947850 221629149 610947850 238445947
610947850 197561596 638757071 197561596
638757071 197561596 655684143 202501009
655684143 202501009 663829177 202501009
655684143 202501009 655684143 216954921
663829177 202501009 689373331 202850657
655684143 216954921 669694935 232700292
669694935 232700292 680977099 232700292
669694935 232700292 669694935 256974790
680977099 232700292 689959705 248240692
689959705 248240692 689959705 252512224
689959705 248240692 706196369 248240692
689959705 252512224 704324379 262156276
704324379 262156276 722567121 264101770
722567121 264101770 749578379 265655269
749578379 265655269 762146533 265655269
762146533 265655269 762354089 266567134
749578379 265655269 749578379 295293255
762354089 266567134 770919849 289281697
770919849 289281697 770919849 290444642
770919849 289281697 789988714 289281697
789988714 289281697 789988714 290216457
789988714 289281697 801093358 289281697
801093358 289281697 818730978 299427659
818730978 299427659 835911050 299427659
818730978 299427659 818730978 328870817
298783891 0 298783891 39502905
298783891 39502905 301067452 65975845
577350738 179148612 577350738 220045054
379313187 88177683 379313187 129637784
379313187 129637784 399065884 146775933
318045466 34840016 349593431 46229649
301067452 65975845 310315326 100237074
310315326 100237074 310315326 103036719
310315326 100237074 315496781 100237074
539955039 203360276 569066237 220113406
277151310 45457481 277972936 95409984
508573066 124932899 546025599 154696311
438014641 111205458 463049044 160407833
463049044 160407833 486823169 203563663
486823169 203563663 513144989 224312582
401864382 65396470 475299869 67258985
475299869 67258985 495221844 69644281
495221844 69644281 495221844 88245323
495221844 69644281 523865320 69644281
523865320 69644281 532107942 73620335
532107942 73620335 542812083 73620335
532107942 73620335 532107942 84661295
532107942 84661295 532706826 84661295
532107942 84661295 532107942 114306328
532107942 114306328 552717231 116007251
552717231 116007251 585422161 152555607
110093481 193784860 162482525 229663005
542812083 73620335 623953160 82321384
623953160 82321384 632817485 91527696
632817485 91527696 662181073 91527696
662181073 91527696 677599936 107377126
677599936 107377126 680107535 107377126
677599936 107377126 677599936 123771029
632817485 91527696 632817485 125801945
632817485 125801945 665146585 145117953
680107535 107377126 727627289 115177747
727627289 115177747 727627289 115450106
727627289 115177747 740318747 115177747
740318747 115177747 740395290 117734166
740395290 117734166 740395290 123600602
740395290 117734166 755781766 117734166
755781766 117734166 755781766 121773432
755781766 117734166 759873264 117734166
759873264 117734166 777542575 125017471
777542575 125017471 790065446 125017471
777542575 125017471 777542575 144191921
790065446 125017471 815977366 142897481
815977366 142897481 822857128 144891873
822857128 144891873 832425018 152700790
832425018 152700790 847175053 152700790
847175053 152700790 847175053 156800392
847175053 156800392 862497871 169924897
862497871 169924897 886065412 169924897
886065412 169924897 886065412 182485249
886065412 169924897 902019233 169924897
902019233 169924897 912313262 182461630
912313262 182461630 912313262 194838798
912313262 194838798 913699260 195678497
912313262 182461630 925154827 182461630
862497871 169924897 862497871 203367164
862497871 203367164 862497871 216175375
862497871 203367164 879787576 203367164
847175053 152700790 898802901 152700790
677599936 123771029 719168126 137525528
862497871 216175375 870682168 270769505
870682168 270769505 909327415 277145637
909327415 277145637 910993135 296333056
910993135 296333056 924726416 296333056
924726416 296333056 926305857 296403628
926305857 296403628 926305857 301554894
926305857 301554894 937478876 309936215
937478876 309936215 937478876 319094439
937478876 319094439 942223387 319094439
937478876 319094439 937478876 332771025
937478876 309936215 955207539 309936215
937478876 332771025 943093870 356998259
943093870 356998259 953956920 363181458
953956920 363181458 953956920 364903731
953956920 364903731 953956920 380923601
953956920 364903731 979403519 364903731
979403519 364903731 980240086 396720411
910993135 296333056 910993135 331348582
910993135 331348582 915850902 336552930
915850902 336552930 918589548 336552930
926305857 296403628 971486556 296403628
971486556 296403628 982186094 307270256
953956920 380923601 961802844 418856458
961802844 418856458 961802844 419053256
961802844 418856458 978697206 418856458
953956920 363181458 999738052 363181458
918589548 336552930 921499944 382962861
921499944 382962861 936323331 382962861
921499944 382962861 921499944 400811134
921499944 400811134 921499944 408191542
921499944 400811134 931566362 400811134
931566362 400811134 949025778 432633096
913699260 195678497 950431456 223105045
950431456 223105045 957848309 223105045
957848309 223105045 963466513 225817083
963466513 225817083 963466513 228282395
963466513 225817083 966164518 225817083
966164518 225817083 973433818 233972031
973433818 233972031 976047117 241235910
950431456 223105045 950431456 238912920
976047117 241235910 997866857 241235910
976047117 241235910 976047117 276525804
915850902 336552930 915850902 405609105
832425018 152700790 832425018 229950773
832425018 229950773 850366986 256552759
850366986 256552759 861300955 287871729
592564512 967933599 656697141 993701493
157389622 558884423 157389622 651969906
157389622 651969906 157496982 738257613
157496982 738257613 161877379 771005896
161877379 771005896 177240432 826075083
177240432 826075083 177240432 829654866
177240432 826075083 181030125 826075083
177240432 829654866 178700447 849375058
178700447 849375058 197328704 893669802
197328704 893669802 202811936 893669802
197328704 893669802 197328704 904529954
197328704 904529954 201186804 927830297
285630335 216757199 333534083 262048498
333534083 262048498 334902728 279864936
334902728 279864936 343867924 282854735
706196369 248240692 799119498 251069002
799119498 251069002 822046885 260885322
822046885 260885322 822303119 271775906
777542575 144191921 793784734 223759403
371135375 0 468455197 0
468455197 0 468455197 43553246
468455197 43553246 516896250 56212119
516896250 56212119 556615223 69350261
468455197 0 533966041 0
533966041 0 533966041 27385003
533966041 0 585007015 0
585007015 0 585007015 5733475
585007015 0 593065301 0
593065301 0 640862330 0
640862330 0 643443609 0
643443609 0 660018015 0
660018015 0 690146860 0
690146860 0 690146860 19280118
690146860 0 713164486 0
713164486 0 723059663 0
723059663 0 725542893 0
723059663 0 723059663 3097826
713164486 0 713164486 15770174
660018015 0 660018015 38673019
690146860 19280118 695696177 54600862
695696177 54600862 727458434 58686934
727458434 58686934 727458434 85662490
727458434 85662490 740906988 97623446
727458434 58686934 760665934 58686934
713164486 15770174 725542893 44527329
640862330 0 640862330 42389744
640862330 42389744 643443609 42542742
725542893 0 771745071 0
771745071 0 771745071 281010
760665934 58686934 811012357 59588612
811012357 59588612 813669848 59588612
811012357 59588612 811012357 79122921
811012357 79122921 812301453 94368650
813669848 59588612 834596342 65382537
834596342 65382537 851113744 80172081
851113744 80172081 851113744 83669599
851113744 80172081 880026746 80172081
771745071 0 829031993 0
829031993 0 829031993 11321545
829031993 0 851077763 0
851077763 0 854758205 0
854758205 0 854758205 16841810
851077763 0 851077763 47120704
854758205 0 903639017 0
903639017 0 908601256 0
908601256 0 919874625 0
919874625 0 919874625 8273762
919874625 8273762 919874625 13756238
903639017 0 903639017 32652168
903639017 32652168 908601256 49809164
908601256 49809164 911517724 54008526
911517724 54008526 911517724 61195414
911517724 61195414 912336121 69841866
911517724 54008526 925150212 54008526
925150212 54008526 925150212 57751648
925150212 57751648 925389468 58170054
912336121 69841866 922329436 75008598
922329436 75008598 926151282 75008598
926151282 75008598 935339534 75008598
926151282 75008598 926151282 93055641
926151282 93055641 947807113 99005324
947807113 99005324 957345353 99756102
925150212 54008526 955695792 54008526
955695792 54008526 971759268 74203475
971759268 74203475 982636562 81428022
922329436 75008598 922329436 113725674
919874625 8273762 961799347 8273762
961799347 8273762 962574170 33225398
962574170 33225398 962574170 36524928
962574170 33225398 995997024 33225398
851077763 47120704 886277201 63979244
660018015 38673019 686420034 81619928
957345353 99756102 978622231 147981430
771745071 281010 804372737 51213437
0 143636966 0 274097676
0 274097676 0 289391491
0 289391491 999357 289391491
0 274097676 15785320 274097676
0 289391491 0 309747109
0 309747109 0 322579165
0 322579165 0 336683849
0 336683849 0 339798133
0 336683849 20501700 336683849
20501700 336683849 36992505 339798133
0 339798133 0 365408016
0 365408016 12192212 365408016
0 309747109 34380146 309747109
34380146 309747109 45423168 316062128
45423168 316062128 45423168 322579165
45423168 316062128 60357426 316062128
0 365408016 0 406493561
0 406493561 0 412792545
0 412792545 0 417221499
0 417221499 17531779 417221499
0 417221499 0 436837573
0 436837573 0 443649537
0 443649537 0 456081569
0 456081569 0 462972289
0 462972289 0 466440630
0 462972289 7691978 462972289
7691978 462972289 16615910 466440630
0 466440630 0 482173173
0 482173173 4772613 482173173
0 482173173 0 495555541
0 443649537 23305814 443649537
23305814 443649537 24153999 456081569
0 412792545 30067530 412792545
0 495555541 32831190 495555541
30067530 412792545 45170030 436837573
0 406493561 40108462 406493561
0 495555541 0 537217059
0 537217059 0 544369352
0 537217059 20489316 537217059
0 544369352 0 564883404
0 564883404 0 574155413
0 574155413 9973419 574155413
0 564883404 30117967 564883404
30117967 564883404 61187938 568503868
61187938 568503868 66069327 568503868
66069327 568503868 89328998 568503868
66069327 568503868 66069327 597992803
66069327 597992803 80171592 618055620
80171592 618055620 104741721 635552599
104741721 635552599 104741721 640598931
104741721 635552599 112371915 635552599
16615910 466440630 58197368 470383770
58197368 470383770 63732272 485608188
63732272 485608188 63732272 491593121
63732272 491593121 64851484 493216481
63732272 485608188 75692011 485608188
104741721 640598931 109655772 684172577
61187938 568503868 61187938 622341953
61187938 622341953 65694989 643056077
65694989 643056077 65694989 655693384
65694989 643056077 78695834 643056077
78695834 643056077 83970737 679378111
83970737 679378111 102246516 679378111
102246516 679378111 102708866 684172577
102708866 684172577 102708866 711809703
0 574155413 0 628924934
0 628924934 0 647750328
0 647750328 0 654586161
0 654586161 0 659931483
0 659931483 0 661433280
0 661433280 0 674510112
0 674510112 0 684753944
0 684753944 0 706630682
0 706630682 0 716470607
0 716470607 0 723634582
0 723634582 11465993 723634582
0 716470607 14407200 716470607
0 723634582 0 738419000
0 674510112 21969286 674510112
21969286 674510112 32907360 684753944
0 628924934 23042132 628924934
0 738419000 0 768448780
0 768448780 0 785153335
0 785153335 0 788693669
0 788693669 4543065 788693669
0 785153335 21107303 785153335
0 768448780 25987197 768448780
0 661433280 30892210 661433280
0 706630682 32581494 706630682
32581494 706630682 32839391 738419000
32839391 738419000 55867525 741623808
23042132 628924934 44180452 643056077
44180452 643056077 44180452 647750328
44180452 647750328 44268686 654586161
44268686 654586161 49330142 654586161
44268686 654586161 44268686 659931483
44268686 659931483 61829745 678267292
21107303 785153335 54987521 789439411
55867525 741623808 94398243 742868437
94398243 742868437 94398243 761192686
94398243 761192686 127047607 765778417
0 788693669 0 830964514
0 830964514 0 832999313
0 830964514 5547602 830964514
0 832999313 0 846892422
0 846892422 0 847538569
0 847538569 0 848849093
0 847538569 1445074 847538569
1445074 847538569 28312271 848849093
0 848849093 0 886928411
0 886928411 0 895113707
0 895113707 0 895334147
0 895334147 0 901618035
0 901618035 2863852 901618035
2863852 901618035 17693626 901618035
0 895334147 34728995 895334147
0 895113707 38712815 895113707
5547602 830964514 44682601 832999313
44682601 832999313 52232669 848149406
0 846892422 43346746 846892422
43346746 846892422 46406377 886928411
46406377 886928411 55733205 890325430
55733205 890325430 70298591 907392795
70298591 907392795 70298591 922221760
70298591 922221760 80456872 931680786
80456872 931680786 80456872 962146637
80456872 931680786 114576959 931680786
114576959 931680786 123908336 936547253
70298591 907392795 106542042 907392795
127047607 765778417 130509576 809688646
130509576 809688646 130876218 826191281
130876218 826191281 130876218 833928047
130876218 826191281 143034427 826191281
143034427 826191281 154512743 864055107
94398243 742868437 144069581 742868437
144069581 742868437 145050716 742868437
144069581 742868437 144069581 756252910
83970737 679378111 83970737 734382431
40108462 406493561 73205757 428668382
73205757 428668382 75700377 428668382
73205757 428668382 73205757 433029836
2863852 901618035 2863852 959485066
2863852 959485066 11557919 962212929
11557919 962212929 17934716 982332432
154512743 864055107 167621536 909753343
167621536 909753343 177137919 928458455
177137919 928458455 181147684 928458455
177137919 928458455 177137919 960224444
177137919 960224444 195273457 985470172
999357 289391491 57740872 292102324
52232669 848149406 113252321 848281581
113252321 848281581 115565778 848742284
115565778 848742284 115981358 848742284
115565778 848742284 115565778 868931285
115565778 868931285 122629429 893787212
122629429 893787212 145989839 905010265
12192212 365408016 55902373 402334540
