1469
0 0 0 27284749
0 0 41821849 0
41821849 0 41821849 27284749
41821849 0 69233397 0
69233397 0 86777267 0
86777267 0 94159870 0
94159870 0 117589605 0
117589605 0 117589605 1637740
117589605 0 136004252 0
136004252 0 142007721 0
142007721 0 154095965 0
136004252 0 136004252 18600628
136004252 18600628 142007721 27760621
142007721 27760621 149700766 43811299
149700766 43811299 154095965 43811299
149700766 43811299 149700766 58425151
149700766 58425151 150133971 71309005
150133971 71309005 173459585 73161198
173459585 73161198 186167524 84744463
186167524 84744463 202823431 84744463
202823431 84744463 202823431 96820649
202823431 96820649 210880336 98601208
186167524 84744463 186167524 101863525
186167524 101863525 187270417 102059732
187270417 102059732 188537118 102059732
210880336 98601208 215578855 113273801
215578855 113273801 223804876 122082784
223804876 122082784 223804876 140415376
223804876 122082784 249539864 122082784
249539864 122082784 249539864 122575324
249539864 122082784 268999652 122082784
202823431 84744463 232252542 84744463
232252542 84744463 251930204 94146741
251930204 94146741 265778232 94653734
265778232 94653734 268999652 105555158
249539864 122575324 264730178 139640581
268999652 122082784 306899399 122574094
306899399 122574094 318182333 122574094
306899399 122574094 306899399 136025745
306899399 136025745 317862727 163123861
317862727 163123861 321792775 179640387
321792775 179640387 321792775 201981930
321792775 201981930 323848653 201981930
321792775 201981930 321792775 218155883
321792775 218155883 340341275 223117938
340341275 223117938 353136411 223117938
340341275 223117938 340341275 239726457
321792775 179640387 352961970 179640387
340341275 239726457 344575646 267493400
344575646 267493400 344575646 268840930
344575646 267493400 350000957 267493400
350000957 267493400 350000957 267622015
350000957 267622015 353394165 270221703
86777267 0 86777267 41642110
86777267 41642110 89641435 45911515
89641435 45911515 94159870 45911515
69233397 0 69233397 43479064
41821849 27284749 55969320 62986481
55969320 62986481 65027454 62986481
55969320 62986481 55969320 92863734
55969320 92863734 64539056 95687872
64539056 95687872 89641435 112718851
89641435 112718851 91258934 112777806
91258934 112777806 93803124 112777806
91258934 112777806 91258934 121642097
91258934 121642097 92056303 130665480
92056303 130665480 92056303 139493975
92056303 139493975 97249371 139493975
92056303 130665480 106156721 130665480
106156721 130665480 106156721 130681198
106156721 130681198 107330509 133759467
106156721 130665480 113169748 130665480
92056303 139493975 92056303 155974143
92056303 155974143 114345873 163656788
114345873 163656788 129406993 163656788
129406993 163656788 131718318 163656788
129406993 163656788 129406993 168497066
129406993 168497066 130695753 169761545
114345873 163656788 114345873 179333001
114345873 179333001 126488679 180352592
126488679 180352592 135235110 196735858
135235110 196735858 135235110 213024974
135235110 196735858 159655101 196735858
159655101 196735858 169066747 196735858
159655101 196735858 159655101 207321043
135235110 213024974 150462459 233982205
150462459 233982205 155626862 239882905
155626862 239882905 155626862 262530356
155626862 262530356 157014775 262530356
155626862 239882905 181910932 239882905
181910932 239882905 181910932 241744549
181910932 239882905 184725489 239882905
155626862 262530356 155626862 300709804
155626862 300709804 160607889 309154445
160607889 309154445 162310467 309154445
160607889 309154445 160607889 332280886
160607889 332280886 161609991 360818379
161609991 360818379 183458380 360818379
161609991 360818379 161609991 388764248
161609991 388764248 163743306 389741285
163743306 389741285 165165963 389741285
165165963 389741285 182236707 392192035
182236707 392192035 182236707 410790772
182236707 410790772 182764272 410790772
182236707 410790772 182236707 415742933
182236707 392192035 211284775 392192035
211284775 392192035 211284775 392873190
211284775 392192035 212353885 392192035
163743306 389741285 163743306 419632777
182236707 415742933 194980357 444256167
157014775 262530356 170556633 290467451
169066747 196735858 203021671 204667652
203021671 204667652 226545972 220696564
226545972 220696564 238370366 220696564
238370366 220696564 247106807 233581843
247106807 233581843 247106807 242498053
226545972 220696564 226545972 248928742
247106807 233581843 278214407 233581843
278214407 233581843 282141569 246795881
282141569 246795881 283435161 247133965
283435161 247133965 301658596 247133965
301658596 247133965 316285086 267793122
316285086 267793122 325742440 267793122
325742440 267793122 329740873 268840930
329740873 268840930 329740873 298478264
316285086 267793122 316285086 304703600
316285086 304703600 323081542 332571548
323081542 332571548 323803859 342817434
323803859 342817434 324011966 342817434
323803859 342817434 323803859 349703569
323803859 349703569 330607543 364245642
330607543 364245642 330607543 368775993
330607543 364245642 339736849 364245642
339736849 364245642 339736849 364483804
339736849 364245642 355426410 364245642
355426410 364245642 382764459 371056627
382764459 371056627 382764459 371542246
382764459 371056627 391430675 371056627
382764459 371542246 384000457 400511749
339736849 364483804 352199920 388175585
352199920 388175585 369727212 389187443
369727212 389187443 369981671 389187443
369981671 389187443 370016948 400511749
370016948 400511749 370016948 406319934
369727212 389187443 369727212 423875565
226545972 248928742 239760563 274108730
113169748 130665480 141688848 144277717
194980357 444256167 213301694 469039982
213301694 469039982 234984332 469039982
234984332 469039982 236134992 493504003
236134992 493504003 236134992 508831467
236134992 508831467 245660889 508831467
245660889 508831467 245870736 515161612
245870736 515161612 246429681 515161612
246429681 515161612 248350333 519360489
248350333 519360489 248350333 523808483
236134992 493504003 253988353 493504003
245870736 515161612 245870736 534898894
236134992 508831467 236134992 532623818
236134992 532623818 236134992 535360202
236134992 532623818 240772568 532623818
240772568 532623818 241956875 552122259
241956875 552122259 242750854 564311801
242750854 564311801 242750854 571042883
242750854 571042883 252764184 571076034
242750854 564311801 256776021 564311801
252764184 571076034 257929651 580098752
257929651 580098752 260330427 580098752
260330427 580098752 264232319 586408917
264232319 586408917 288640677 586408917
288640677 586408917 290491544 586408917
288640677 586408917 288640677 603482459
264232319 586408917 264232319 615042222
257929651 580098752 257929651 620796731
248350333 519360489 289637620 519360489
289637620 519360489 292895920 554051045
292895920 554051045 293834662 554051045
292895920 554051045 292895920 560702320
292895920 560702320 309163499 575783192
309163499 575783192 317691264 578922249
317691264 578922249 317691264 583657183
317691264 578922249 323634482 578922249
323634482 578922249 329575436 582773488
329575436 582773488 329575436 619881691
329575436 619881691 332743335 619881691
329575436 619881691 329575436 650143576
329575436 650143576 329602440 652925786
329602440 652925786 329602440 659089016
329602440 659089016 337625111 659089016
329602440 652925786 343746351 652925786
343746351 652925786 343898450 653770439
343898450 653770439 343898450 676046845
343898450 676046845 360691412 685800023
360691412 685800023 362797050 685800023
360691412 685800023 360691412 708670200
360691412 708670200 364724186 709719412
364724186 709719412 392688039 709719412
364724186 709719412 364724186 748693733
364724186 748693733 377951322 766765810
377951322 766765810 380172343 766765810
380172343 766765810 393769710 770228727
393769710 770228727 408055299 775627134
408055299 775627134 417213886 775627134
408055299 775627134 408055299 806290789
408055299 806290789 410204910 816098680
377951322 766765810 377951322 797972010
377951322 797972010 382977216 821959646
382977216 821959646 391445310 821959646
391445310 821959646 403270690 836106590
403270690 836106590 405702024 840887453
405702024 840887453 405702024 854876587
405702024 840887453 425989473 840887453
382977216 821959646 382977216 853286486
410204910 816098680 425989473 836059233
425989473 836059233 430401391 836059233
417213886 775627134 433969182 799112482
433969182 799112482 449730013 808858669
449730013 808858669 449730013 825747336
449730013 825747336 467651854 834105136
467651854 834105136 467651854 856403068
467651854 834105136 490368274 834105136
467651854 856403068 473993098 873366692
473993098 873366692 480958633 873476500
480958633 873476500 480958633 889335520
480958633 873476500 511102254 873476500
449730013 808858669 482142630 808858669
482142630 808858669 485770905 813858964
511102254 873476500 527700152 890621056
527700152 890621056 557054932 890621056
527700152 890621056 527700152 928473373
392688039 709719412 422828205 720686048
422828205 720686048 441527759 720686048
422828205 720686048 422828205 743019068
422828205 743019068 441660290 765954871
329575436 582773488 371979192 582773488
425989473 840887453 429649244 882302294
429649244 882302294 430093113 882989423
430093113 882989423 430093113 891548980
430093113 891548980 434390143 903115131
434390143 903115131 438182118 903115131
434390143 903115131 434390143 926386633
434390143 926386633 436819382 935608921
436819382 935608921 450427745 935608921
450427745 935608921 455497755 936586442
455497755 936586442 455497755 949001933
430093113 882989423 453525063 882989423
453525063 882989423 456450439 901486629
455497755 936586442 484746948 936586442
484746948 936586442 488187993 950934650
488187993 950934650 488187993 952912001
488187993 952912001 499652402 973737516
499652402 973737516 499652402 992359365
499652402 973737516 521415594 973737516
521415594 973737516 526431645 994663469
488187993 950934650 521649671 950934650
329740873 298478264 371640573 303138672
371640573 303138672 380502746 303138672
371640573 303138672 371640573 327496466
380502746 303138672 407362635 320713451
407362635 320713451 427088311 320713451
407362635 320713451 407362635 343997500
407362635 343997500 422600721 350557937
422600721 350557937 422600721 369858510
422600721 369858510 430799868 370510886
430799868 370510886 445455382 370510886
445455382 370510886 457114654 370742523
457114654 370742523 462653884 381382547
462653884 381382547 462653884 385580620
462653884 385580620 468061222 385580620
462653884 385580620 462653884 395995958
468061222 385580620 479901876 388390223
430799868 370510886 430799868 398393066
462653884 381382547 491632017 381382547
491632017 381382547 506537062 387822979
506537062 387822979 514349236 387822979
514349236 387822979 520225589 400516720
520225589 400516720 530323165 400516720
530323165 400516720 534579472 401007660
534579472 401007660 534579472 409326817
534579472 409326817 559143486 415007048
559143486 415007048 565200239 416422284
565200239 416422284 565200239 421891963
565200239 416422284 579020353 416422284
579020353 416422284 597849486 419766156
597849486 419766156 620933409 419766156
597849486 419766156 597849486 451283179
597849486 451283179 598727252 459574179
422600721 350557937 454194351 350557937
454194351 350557937 455550610 360868199
455550610 360868199 455550610 367403255
455550610 360868199 484649255 360868199
520225589 400516720 520225589 432303261
520225589 432303261 527641835 438974581
527641835 438974581 536592513 460918552
536592513 460918552 544867681 467868405
430799868 398393066 454635942 407196587
534579472 401007660 568418275 401007660
620933409 419766156 648082249 427430961
648082249 427430961 648082249 440947698
648082249 440947698 658652535 442198141
648082249 427430961 673965681 427430961
673965681 427430961 692486392 440831960
692486392 440831960 698600670 475426678
698600670 475426678 721654840 475426678
721654840 475426678 726967751 489800478
726967751 489800478 733848529 489800478
726967751 489800478 726967751 498975920
733848529 489800478 744843082 490095604
726967751 498975920 730333210 510976401
730333210 510976401 730713814 527423098
744843082 490095604 763375854 494577257
698600670 475426678 698600670 500055708
698600670 500055708 698600670 500537169
698600670 500055708 718930492 500055708
763375854 494577257 785837154 504260278
785837154 504260278 808058243 507094781
730713814 527423098 731723423 559379491
731723423 559379491 731723423 568977333
731723423 568977333 731723423 580097499
731723423 580097499 735650915 602204277
735650915 602204277 735650915 612556885
735650915 612556885 735650915 614944729
735650915 612556885 754061665 612556885
735650915 602204277 756145323 602204277
756145323 602204277 763685053 602888307
731723423 568977333 763250288 568977333
731723423 559379491 763426213 559379491
808058243 507094781 842255891 507094781
842255891 507094781 854192085 507338980
854192085 507338980 854192085 529360232
854192085 529360232 854192085 533536761
854192085 529360232 863415217 529360232
854192085 533536761 863348443 557463158
863348443 557463158 864303923 575784799
864303923 575784799 874373609 575784799
863415217 529360232 874176841 556928815
754061665 612556885 790715936 614359290
790715936 614359290 792580705 637902809
792580705 637902809 792580705 644753218
792580705 644753218 797463996 644753218
792580705 637902809 800639117 637902809
792580705 644753218 792580705 660167070
792580705 660167070 794126709 660167070
792580705 660167070 792580705 672497359
792580705 672497359 794158735 710320525
794158735 710320525 808130339 710320525
794158735 710320525 794158735 731774209
794158735 731774209 804187909 740319385
804187909 740319385 815311896 740772560
815311896 740772560 835779235 740772560
815311896 740772560 815311896 762932162
815311896 762932162 821845070 786838406
821845070 786838406 821845070 789913990
821845070 786838406 833548516 786838406
833548516 786838406 842362739 789967349
842362739 789967349 842362739 806145335
842362739 789967349 861748432 789967349
861748432 789967349 865536979 789967349
865536979 789967349 871047361 793564393
871047361 793564393 872830068 793948830
861748432 789967349 861748432 801792587
872830068 793948830 872830068 826379742
835779235 740772560 853486395 756215734
864303923 575784799 864303923 619482125
506537062 387822979 506537062 431651011
854192085 507338980 898174660 507338980
898174660 507338980 898174660 519713862
598727252 459574179 619372470 483242816
619372470 483242816 620755204 498214405
620755204 498214405 624357773 498214405
620755204 498214405 620755204 518462012
620755204 518462012 634426386 529819950
634426386 529819950 643539272 546949142
643539272 546949142 655918792 546949142
808130339 710320525 835779235 728450301
835779235 728450301 857646217 728450301
857646217 728450301 870863004 734164023
870863004 734164023 882759797 750111319
882759797 750111319 882759797 751428930
882759797 750111319 896920549 750111319
896920549 750111319 901997204 763343951
901997204 763343951 901997204 763676966
901997204 763343951 915308527 763343951
915308527 763343951 925145210 767136597
925145210 767136597 931860923 767136597
931860923 767136597 931860923 767673140
931860923 767673140 932033925 778899713
931860923 767136597 946519896 767136597
946519896 767136597 951593802 769323399
951593802 769323399 951593802 784747884
951593802 769323399 975117588 769323399
925145210 767136597 925145210 793948830
882759797 751428930 883238051 786825695
951593802 784747884 953474435 826055535
808058243 507094781 808058243 555550524
808058243 555550524 814313781 573663042
814313781 573663042 821286937 573663042
821286937 573663042 827679062 574872087
827679062 574872087 839352612 574872087
814313781 573663042 814313781 599840000
814313781 599840000 827679062 604667586
436819382 935608921 436819382 984344435
131718318 163656788 179073239 165292532
179073239 165292532 203021671 180771486
203021671 180771486 215859170 180771486
268999652 105555158 319042773 105555158
319042773 105555158 319042773 110457959
319042773 105555158 325812325 105555158
213301694 469039982 213301694 519209962
369727212 423875565 415985653 429210273
415985653 429210273 431996777 463020437
343898450 653770439 395993545 653770439
395993545 653770439 397717671 662123034
397717671 662123034 397717671 664635885
397717671 662123034 411439897 662123034
397717671 664635885 405105553 672127793
405105553 672127793 418718886 697661479
624357773 498214405 662709120 513163363
662709120 513163363 679148058 528996967
94159870 45911515 125331674 69609390
125331674 69609390 129986341 83806630
350000957 267493400 404916706 267493400
404916706 267493400 423940192 275051395
423940192 275051395 423940192 287569108
423940192 275051395 457624540 275051395
457624540 275051395 483511173 288887345
483511173 288887345 483511173 304992829
483511173 304992829 493510055 310238802
493510055 310238802 501570479 311119339
483511173 288887345 510535662 288887345
501570479 311119339 538429103 311119339
538429103 311119339 553177228 321356675
553177228 321356675 553177228 341888359
553177228 321356675 585970289 321356675
585970289 321356675 594320325 321356675
585970289 321356675 585970289 330590093
585970289 330590093 598296700 345529740
598296700 345529740 615599602 347051393
615599602 347051393 627398337 347051393
615599602 347051393 615599602 384993078
615599602 384993078 626342786 385253012
501570479 311119339 501570479 350093070
643539272 546949142 643539272 602216123
643539272 602216123 643539272 604354198
643539272 602216123 650039354 602216123
643539272 604354198 649972938 635090134
649972938 635090134 661112299 642523976
661112299 642523976 661112299 660489892
661112299 660489892 667570060 685116232
667570060 685116232 674287207 685116232
674287207 685116232 678594534 689342008
678594534 689342008 682483172 689342008
682483172 689342008 682483172 692613786
678594534 689342008 678594534 696928315
667570060 685116232 667570060 696961102
667570060 696961102 674012016 696961102
682483172 689342008 695379414 689342008
667570060 696961102 667570060 714596078
678594534 696928315 691142523 711804237
691142523 711804237 708483946 726036383
708483946 726036383 710713090 734359281
710713090 734359281 710713090 735579844
710713090 735579844 714077382 735579844
710713090 735579844 710713090 739372572
710713090 734359281 728780264 734359281
728780264 734359281 733310188 749858731
733310188 749858731 737360717 749858731
733310188 749858731 733310188 772611518
733310188 772611518 733310188 789664059
733310188 772611518 760468794 772611518
760468794 772611518 770669688 773893756
733310188 789664059 749091317 806102476
749091317 806102476 751138283 818466644
751138283 818466644 754939243 818466644
661112299 642523976 700147081 642523976
700147081 642523976 729782758 645627920
667570060 714596078 687546306 737458062
687546306 737458062 695742068 759387514
695742068 759387514 695742068 763025527
695742068 759387514 704133478 759387514
751138283 818466644 751138283 865408106
751138283 865408106 758272563 872542902
758272563 872542902 758272563 874197723
758272563 872542902 769023101 872542902
758272563 874197723 760425094 912295235
760425094 912295235 760425094 950616588
760425094 950616588 767580732 980941941
767580732 980941941 767580732 989801534
767580732 980941941 788177404 980941941
760425094 912295235 806651655 912295235
806651655 912295235 810887581 929070154
810887581 929070154 813378363 938095296
813378363 938095296 813378363 955619774
813378363 955619774 827053015 966801993
827053015 966801993 827053015 968444927
827053015 966801993 857652084 966801993
813378363 938095296 844167692 938095296
844167692 938095296 845128533 938095296
844167692 938095296 844167692 941871323
827053015 968444927 843864657 986097383
857652084 966801993 901482334 972047483
901482334 972047483 901482334 985716287
901482334 985716287 912855978 986952337
901482334 972047483 917978924 972047483
917978924 972047483 933303518 975716897
933303518 975716897 933303518 982721530
933303518 975716897 956350919 975716897
956350919 975716897 956350919 985835231
956350919 975716897 977271546 975716897
788177404 980941941 827016931 992599973
183458380 360818379 232931046 367590643
232931046 367590643 236244317 367590643
232931046 367590643 232931046 380439102
232931046 380439102 260140581 384425101
236244317 367590643 260140581 378341930
260140581 378341930 305249735 378341930
305249735 378341930 322740671 404324372
322740671 404324372 327751770 404324372
322740671 404324372 322740671 426287229
322740671 426287229 323141484 449888055
323141484 449888055 332715265 449888055
332715265 449888055 332715265 458174219
332715265 458174219 332779429 469421576
332779429 469421576 332779429 477092416
332715265 449888055 346050813 449888055
323141484 449888055 323141484 465122873
323141484 465122873 323141484 471057631
323141484 465122873 332250036 465122873
332779429 477092416 354074134 488758756
354074134 488758756 354074134 491841341
354074134 488758756 372374061 488758756
372374061 488758756 385083190 490019672
385083190 490019672 416104893 490019672
416104893 490019672 416312766 492593367
416312766 492593367 469439399 492593367
469439399 492593367 475596687 497619130
475596687 497619130 489731501 497619130
489731501 497619130 510508819 510968632
510508819 510968632 511500806 510968632
511500806 510968632 511500806 526795410
511500806 510968632 530155772 510968632
510508819 510968632 510508819 531882062
510508819 531882062 529500850 534360103
529500850 534360103 551442015 542286300
475596687 497619130 475596687 540669781
475596687 540669781 475596687 541257926
475596687 540669781 482038074 540669781
475596687 541257926 477140143 567863566
551442015 542286300 551442015 588782072
551442015 588782072 559323514 626158066
559323514 626158066 559323514 628366611
559323514 626158066 563446425 626158066
563446425 626158066 582522528 635697782
582522528 635697782 582522528 660412199
582522528 635697782 614035391 635697782
614035391 635697782 623160003 635697782
623160003 635697782 623160003 646814396
623160003 635697782 639818853 635697782
614035391 635697782 614035391 656102048
800639117 637902809 854831131 640029614
854831131 640029614 875978876 665020440
875978876 665020440 875978876 695150480
875978876 695150480 912059176 701041700
912059176 701041700 912059176 712068644
912059176 712068644 922679359 712068644
912059176 712068644 912059176 723218633
912059176 701041700 940462909 701041700
940462909 701041700 946494959 720771839
946494959 720771839 946494959 731099199
946494959 731099199 946494959 735336706
946494959 731099199 963956010 731099199
946494959 720771839 981213163 720771839
875978876 665020440 923468137 665020440
501570479 350093070 539575592 368904196
539575592 368904196 580249334 376073870
580249334 376073870 580249334 389828910
580249334 389828910 588801811 396352175
580249334 376073870 597333751 376073870
842362739 806145335 849474889 856191903
849474889 856191903 893026970 867546534
893026970 867546534 897518129 886407541
897518129 886407541 897518129 894301713
897518129 894301713 903289100 896009711
903289100 896009711 913591875 896009711
897518129 886407541 909456269 886407541
903289100 896009711 903289100 908403736
903289100 908403736 906270272 911413034
906270272 911413034 906270272 916251382
906270272 911413034 922944710 911413034
922944710 911413034 936620085 923495321
936620085 923495321 946082471 931077318
946082471 931077318 957858938 931077318
946082471 931077318 946082471 943212586
946082471 943212586 947615839 953497877
947615839 953497877 947644426 956810521
947644426 956810521 947644426 960842635
947644426 960842635 947644426 961113610
947644426 960842635 951103874 960842635
947644426 956810521 989013923 956810521
325812325 105555158 383213617 105906693
383213617 105906693 395311484 127131225
395311484 127131225 408483288 129486633
408483288 129486633 408483288 130448465
408483288 129486633 419604768 129486633
408483288 130448465 413096858 144549868
413096858 144549868 420924575 159311158
420924575 159311158 420924575 176254165
420924575 159311158 446933237 159311158
446933237 159311158 458724398 160899591
458724398 160899591 474744464 160899591
474744464 160899591 494794477 162833093
458724398 160899591 458724398 185207103
458724398 185207103 462963156 185207103
462963156 185207103 472947925 193320291
458724398 185207103 458724398 206100800
458724398 206100800 460888166 217848340
472947925 193320291 493531697 199595845
493531697 199595845 493531697 212118830
493531697 212118830 497827189 226744470
497827189 226744470 507388256 226744470
497827189 226744470 497827189 243967117
497827189 243967117 502307423 250208404
493531697 199595845 514541936 199595845
507388256 226744470 524772770 232852278
524772770 232852278 530471912 250768994
494794477 162833093 527352725 175662559
527352725 175662559 535583450 177666230
535583450 177666230 535583450 186820689
535583450 186820689 538784812 188022452
538784812 188022452 538784812 192956556
538784812 188022452 543827897 188022452
535583450 177666230 570861544 177666230
570861544 177666230 593937528 207501689
593937528 207501689 606165690 208122331
606165690 208122331 610371073 208122331
610371073 208122331 617002673 210771424
617002673 210771424 625192379 221220087
625192379 221220087 625192379 224474939
625192379 221220087 628600254 221220087
606165690 208122331 606165690 230820987
628600254 221220087 652084520 223333963
652084520 223333963 655827566 223333963
652084520 223333963 652084520 241541044
652084520 241541044 686314527 243804487
686314527 243804487 690398343 264932525
690398343 264932525 696369674 278699263
696369674 278699263 696451208 278699263
696369674 278699263 696369674 295088452
655827566 223333963 705215357 227679171
874373609 575784799 930107533 578409177
930107533 578409177 936521900 628830336
936521900 628830336 936521900 639634701
936521900 639634701 941915252 639634701
936521900 628830336 950040709 628830336
936521900 639634701 936521900 658097869
941915252 639634701 987529538 643018578
353136411 223117938 406009514 228989466
406009514 228989466 406009514 229042824
406009514 228989466 416959919 228989466
416959919 228989466 431352836 237092428
705215357 227679171 731331975 260502348
454635942 407196587 479861515 441129582
187270417 102059732 187270417 162116839
213301694 519209962 229611081 562967578
419604768 129486633 477790278 131555879
477790278 131555879 479904113 131555879
477790278 131555879 477790278 142512015
479904113 131555879 519942445 131938605
519942445 131938605 519942445 140235605
519942445 131938605 543379813 131938605
543379813 131938605 587529731 143188908
587529731 143188908 587529731 156982548
587529731 156982548 600405237 156982548
600405237 156982548 601135811 171321266
587529731 156982548 587529731 174675049
587529731 143188908 606878589 143188908
601135811 171321266 636073745 188083891
636073745 188083891 661372432 188548072
257929651 620796731 262710752 676364852
283435161 247133965 283435161 307743818
283435161 307743818 307905863 332571548
307905863 332571548 307905863 335309543
307905863 335309543 311662731 355521634
769023101 872542902 821552103 880858203
821552103 880858203 825827148 882748543
825827148 882748543 835668062 904227229
835668062 904227229 868995102 914310668
479861515 441129582 503536463 478697264
626342786 385253012 682534315 390801194
682534315 390801194 682534315 396869593
682534315 390801194 732392288 390801194
732392288 390801194 746320490 394667654
746320490 394667654 747594287 394667654
747594287 394667654 750593856 396143405
750593856 396143405 750593856 418170805
750593856 418170805 750593856 433127189
746320490 394667654 746320490 416774720
750593856 433127189 764568076 449147030
750593856 418170805 789718033 418170805
789718033 418170805 818175464 420637450
818175464 420637450 819642554 420637450
819642554 420637450 827482864 445353597
827482864 445353597 839754993 465776200
839754993 465776200 839754993 468953158
839754993 465776200 853218746 465776200
839754993 468953158 846756652 476142418
818175464 420637450 818175464 459541505
750593856 396143405 794199705 396143405
794199705 396143405 797444015 402142991
797444015 402142991 802436175 402142991
797444015 402142991 797444015 416478997
802436175 402142991 834519732 413073987
834519732 413073987 834519732 413969386
834519732 413073987 876007014 413073987
876007014 413073987 892749909 414143794
892749909 414143794 899051380 414143794
899051380 414143794 907315330 431132734
907315330 431132734 907315330 443766798
907315330 443766798 907315330 452962963
907315330 443766798 921094943 443766798
907315330 431132734 935991669 431132734
892749909 414143794 892749909 443746702
627398337 347051393 681867556 354416979
371979192 582773488 372336747 645320609
661372432 188548072 706338908 206504774
706338908 206504774 723005593 215538037
723005593 215538037 750533140 219666130
750533140 219666130 752675048 222135360
752675048 222135360 788910245 228825223
788910245 228825223 788910245 234029114
788910245 234029114 788910245 234083298
788910245 234029114 794082471 234029114
794082471 234029114 798821736 243440448
788910245 228825223 806660460 228825223
806660460 228825223 827561361 233691151
827561361 233691151 835007087 248109074
835007087 248109074 865113828 248109074
865113828 248109074 865113828 250421961
865113828 248109074 868965353 248109074
868965353 248109074 881272789 270875573
881272789 270875573 881272789 300420331
881272789 270875573 911834308 270875573
911834308 270875573 926696254 270875573
911834308 270875573 911834308 288474656
926696254 270875573 941464225 274502231
941464225 274502231 946814213 274502231
946814213 274502231 946853515 285810500
946853515 285810500 946853515 292671929
881272789 300420331 889675600 330441873
889675600 330441873 889675600 334469512
889675600 330441873 907892285 330441873
941464225 274502231 941464225 315931057
941464225 315931057 954231230 338217847
954231230 338217847 954776226 338217847
954231230 338217847 954231230 355420193
946853515 285810500 994407059 285810500
889675600 334469512 900011040 375496146
900011040 375496146 933103700 376157161
933103700 376157161 935991669 388915548
935991669 388915548 935991669 407719920
935991669 407719920 949619407 407719920
949619407 407719920 958259438 408836788
958259438 408836788 992461985 415212211
935991669 388915548 978198102 388915548
835007087 248109074 835007087 300464595
835007087 300464595 835007087 310620915
835007087 310620915 845374072 310620915
835007087 310620915 835007087 327019894
835007087 300464595 859609380 300464595
954231230 355420193 988532502 374995526
835007087 327019894 847786948 369897802
847786948 369897802 847786948 373399755
847786948 369897802 874747786 369897802
874747786 369897802 877418923 392972447
877418923 392972447 877418923 407675291
877418923 392972447 894109031 392972447
954776226 338217847 998949044 352342916
992461985 415212211 995493711 470858908
846756652 476142418 882550648 503955338
557054932 890621056 586202941 925505838
586202941 925505838 609993479 930335778
609993479 930335778 609993479 949113165
609993479 949113165 617119933 949113165
617119933 949113165 641519230 955003792
641519230 955003792 653223131 971563888
653223131 971563888 673558960 971563888
653223131 971563888 653223131 992323310
609993479 930335778 647587167 930335778
609993479 949113165 609993479 993076532
416312766 492593367 416312766 556744768
416312766 556744768 420931564 559581191
420931564 559581191 420931564 570179669
420931564 559581191 463101994 559581191
463101994 559581191 469898119 583632828
469898119 583632828 472677704 592921799
472677704 592921799 518046315 603687167
518046315 603687167 518046315 614302811
518046315 603687167 544269672 603687167
544269672 603687167 549920420 605412601
518046315 614302811 531527453 649895687
531527453 649895687 547691042 649895687
547691042 649895687 547727219 656102048
531527453 649895687 531527453 681235395
531527453 681235395 531905259 700033463
531905259 700033463 543399182 706441483
543399182 706441483 547727219 706441483
547727219 706441483 549942257 709718073
543399182 706441483 543399182 716135112
543399182 716135112 543399182 717945986
543399182 717945986 544823560 717945986
543399182 716135112 547116314 716135112
543399182 717945986 543399182 728894593
543399182 728894593 550373594 728894593
547116314 716135112 549942257 725062628
543399182 728894593 543399182 745830268
549942257 709718073 579290236 709718073
543399182 745830268 555961554 777392149
555961554 777392149 555961554 792763282
555961554 792763282 574535349 797408962
574535349 797408962 574535349 808989275
574535349 808989275 576760106 811638753
574535349 797408962 601186502 797408962
601186502 797408962 607143972 811638753
607143972 811638753 614627838 811638753
607143972 811638753 607143972 832505159
607143972 832505159 610259086 832505159
607143972 832505159 607143972 854205004
607143972 854205004 624857504 868161984
624857504 868161984 636468063 875919831
610259086 832505159 635048932 840389335
635048932 840389335 636468063 853758712
636468063 853758712 646111575 853758712
614627838 811638753 635048932 827050094
635048932 827050094 639404868 827050094
646111575 853758712 680828300 856258148
576760106 811638753 576760106 856722827
576760106 856722827 590121867 876362434
590121867 876362434 600436612 876362434
600436612 876362434 601325412 881974618
590121867 876362434 590121867 889524622
601325412 881974618 606646228 915089443
606646228 915089443 609190161 915089443
606646228 915089443 606646228 923732401
579290236 709718073 618979059 716450546
618979059 716450546 630748615 716450546
618979059 716450546 618979059 730738404
618979059 730738404 642508862 747201159
642508862 747201159 655891622 747201159
642508862 747201159 642508862 768668380
680828300 856258148 716731317 867504396
716731317 867504396 717475300 873918164
717475300 873918164 722370407 873918164
722370407 873918164 742721790 874197723
742721790 874197723 742721790 903515057
742721790 903515057 744022660 903515057
742721790 903515057 742721790 918501514
555961554 777392149 605340382 777392149
717475300 873918164 717475300 932420651
717475300 932420651 732876141 952946206
420931564 570179669 440539993 609834210
440539993 609834210 445902232 609834210
440539993 609834210 440539993 633350185
440539993 633350185 454767998 648717070
454767998 648717070 454767998 658276730
454767998 648717070 478326690 648717070
478326690 648717070 482281645 701860869
482281645 701860869 495672000 716039774
495672000 716039774 499878227 716135112
499878227 716135112 519109183 716135112
519109183 716135112 519109183 727387679
499878227 716135112 499878227 777382934
642508862 768668380 669995063 804526516
669995063 804526516 686973860 813948180
686973860 813948180 686973860 814704954
686973860 813948180 695280901 813948180
695280901 813948180 707304507 827922538
707304507 827922538 724184275 846201272
625192379 224474939 626614648 287411212
626614648 287411212 647962340 294843667
647962340 294843667 653240391 310459093
653240391 310459093 693702392 329991525
693702392 329991525 746483258 331554593
746483258 331554593 747594287 333719966
747594287 333719966 747594287 388397219
747594287 388397219 764533561 388397219
382977216 853286486 385175082 916445406
385175082 916445406 398484695 923120866
398484695 923120866 419217105 939300457
490368274 834105136 530647608 859329404
530647608 859329404 530805503 859329404
530647608 859329404 530647608 862699344
530805503 859329404 557988533 860969033
747594287 333719966 813793188 333719966
154095965 0 221506664 0
221506664 0 242304794 0
221506664 0 221506664 22827698
221506664 22827698 233365905 48356487
233365905 48356487 242304794 48356487
233365905 48356487 233365905 62705668
233365905 62705668 235627119 64100099
235627119 64100099 235627119 64551015
235627119 64100099 248868047 64100099
242304794 48356487 248868047 60109673
248868047 60109673 270310233 60109673
270310233 60109673 289189362 66269267
289189362 66269267 289189362 66394400
289189362 66269267 289486217 66269267
289486217 66269267 307677736 85293666
242304794 0 285110542 0
285110542 0 289964116 0
289964116 0 307999847 0
307999847 0 307999847 17487068
307999847 0 327442326 0
327442326 0 327818226 0
327818226 0 343903639 0
343903639 0 348307711 0
348307711 0 376182729 0
376182729 0 388325827 0
388325827 0 388325827 9122378
376182729 0 376182729 17775320
388325827 0 413508277 0
413508277 0 413956910 0
413956910 0 416905343 0
416905343 0 418351148 0
416905343 0 416905343 1901093
413956910 0 413956910 6588696
418351148 0 425448714 0
425448714 0 429111673 0
413508277 0 413508277 8298350
413508277 8298350 416436273 13194958
416436273 13194958 418351148 13194958
418351148 13194958 425448714 21827403
425448714 21827403 429111673 21827403
425448714 21827403 425448714 35580208
429111673 0 458378348 0
458378348 0 458378348 3313033
285110542 0 285110542 30431455
285110542 30431455 288506931 34081834
288506931 34081834 289964116 34081834
288506931 34081834 288506931 54083192
327442326 0 327442326 35548218
327442326 35548218 327818226 44953263
327818226 44953263 327818226 46517991
327818226 44953263 348307711 44953263
327818226 46517991 341191606 58265787
341191606 58265787 345281228 70758982
345281228 70758982 351072670 90341370
351072670 90341370 351072670 93809025
288506931 54083192 316535840 61636311
316535840 61636311 320562366 61636311
316535840 61636311 316535840 65983297
458378348 0 504048885 0
504048885 0 512079664 0
512079664 0 512079664 1652271
512079664 0 517415609 0
504048885 0 504048885 27408913
504048885 27408913 517415609 37517649
517415609 37517649 519548337 71687496
519548337 71687496 521997508 95214917
521997508 95214917 523220985 101876251
523220985 101876251 523220985 107158576
523220985 107158576 526906124 113173282
523220985 101876251 534917630 101876251
534917630 101876251 549321539 109851494
549321539 109851494 552210082 115559495
552210082 115559495 552786924 120130064
351072670 90341370 399575967 90341370
399575967 90341370 418059413 94738047
517415609 0 567208507 0
567208507 0 567208507 11125468
567208507 0 590484674 0
590484674 0 614348615 0
614348615 0 614348615 13678818
614348615 0 639608190 0
639608190 0 639722210 0
639608190 0 639608190 7496938
639722210 0 648929712 0
648929712 0 650760511 0
648929712 0 648929712 19501862
648929712 19501862 650760511 36675901
650760511 36675901 667142697 48024177
667142697 48024177 667142697 56115989
667142697 48024177 678865318 48024177
678865318 48024177 681902321 48024177
678865318 48024177 678865318 52532236
639608190 7496938 639722210 36232688
650760511 0 681902321 0
681902321 0 697780167 0
697780167 0 697780167 8271429
697780167 0 717828192 0
717828192 0 725628049 0
590484674 0 590484674 33277388
725628049 0 759482666 0
759482666 0 769400629 0
769400629 0 778354367 0
778354367 0 783384162 0
783384162 0 787952001 0
787952001 0 789044843 0
787952001 0 787952001 28755449
787952001 28755449 789044843 29289703
789044843 0 817975425 0
817975425 0 821816716 0
821816716 0 821816716 19792679
778354367 0 778354367 29277163
778354367 29277163 783384162 45629943
783384162 45629943 807263792 53341971
717828192 0 717828192 35105790
717828192 35105790 720964078 38496287
720964078 38496287 725628049 38496287
720964078 38496287 720964078 69661444
720964078 69661444 727331058 86806953
727331058 86806953 734121589 86806953
727331058 86806953 727331058 99843128
727331058 99843128 733702044 107534283
733702044 107534283 733702044 115448266
733702044 115448266 737856340 115448266
737856340 115448266 755979805 116302906
755979805 116302906 765329805 116302906
755979805 116302906 755979805 136637992
755979805 136637992 758058446 136637992
755979805 136637992 755979805 151092712
755979805 151092712 763437429 162625387
763437429 162625387 787014995 162625387
763437429 162625387 763437429 188163703
758058446 136637992 787813046 137684670
725628049 38496287 759482666 38850230
759482666 38850230 769400629 43895494
769400629 43895494 769414652 51730350
789044843 29289703 817975425 40717686
733702044 115448266 733702044 155835195
733702044 155835195 741909737 187514301
807263792 53341971 838302672 66535932
838302672 66535932 850755242 75067623
850755242 75067623 850755242 90395235
850755242 90395235 856010042 94437474
850755242 75067623 879464185 75067623
879464185 75067623 894167226 94437474
894167226 94437474 895386330 100407644
856010042 94437474 856010042 133414599
856010042 133414599 866919143 142889071
866919143 142889071 869482306 167181866
869482306 167181866 897298062 167181866
897298062 167181866 900224748 172740896
900224748 172740896 922099455 172740896
922099455 172740896 922242264 176274403
922242264 176274403 922242264 178959076
922242264 176274403 925527885 176274403
922242264 178959076 924960332 190228607
924960332 190228607 945452773 195962735
869482306 167181866 869482306 204379119
869482306 204379119 870938590 204379119
869482306 204379119 869482306 213059858
869482306 213059858 885538658 221838530
885538658 221838530 900224748 221838530
885538658 221838530 885538658 243596805
567208507 11125468 569694086 53709296
569694086 53709296 576297738 84797774
821816716 0 866947121 0
866947121 0 866947121 23244614
866947121 0 894437842 0
894437842 0 911802083 0
911802083 0 916930660 0
916930660 0 923764912 0
923764912 0 931990296 0
931990296 0 931990296 9542660
931990296 9542660 931990296 9753192
894437842 0 894437842 22227090
894437842 22227090 911802083 23693988
911802083 23693988 916930660 36762764
916930660 36762764 916930660 39467412
916930660 36762764 923764912 36762764
923764912 36762764 961893059 38884049
961893059 38884049 975065439 38884049
931990296 9753192 957875613 25240248
975065439 38884049 985593928 72677944
931990296 9542660 976880065 9542660
895386330 100407644 931965179 110813318
931965179 110813318 936901086 111273160
936901086 111273160 936901086 148324730
936901086 111273160 979574567 111273160
590484674 33277388 602433836 68805298
733702044 107534283 782419455 107534283
782419455 107534283 812391183 120342396
812391183 120342396 812391183 130888169
812391183 120342396 823467979 120342396
961893059 38884049 961893059 90889555
961893059 90889555 964937963 104814926
787014995 162625387 824199234 181382153
824199234 181382153 827561361 215794545
827561361 215794545 836995365 215794545
836995365 215794545 859956151 222217558
945452773 195962735 991743781 206383860
991743781 206383860 998824763 206383860
998824763 206383860 999240465 223202720
991743781 206383860 991743781 251766423
678865318 52532236 696893560 93674084
696893560 93674084 706270672 93674084
696893560 93674084 696893560 103266223
696893560 103266223 698346031 103266223
696893560 103266223 696893560 107252058
416436273 13194958 416436273 76993002
416436273 76993002 418059413 86614547
418059413 86614547 422615659 86614547
422615659 86614547 439815261 90572059
439815261 90572059 439815261 91167626
439815261 90572059 461381286 90572059
458378348 3313033 466956562 58863353
466956562 58863353 476990402 73471809
551442015 542286300 619361447 542286300
385083190 490019672 385083190 558426364
385083190 558426364 396175838 563708621
396175838 563708621 396175838 566737449
396175838 563708621 404685348 563708621
480958633 889335520 509306970 929680397
898174660 519713862 961115442 525632158
961115442 525632158 961115442 532261539
961115442 525632158 977288395 525632158
977288395 525632158 977288395 531879294
977288395 525632158 987149089 525632158
961115442 532261539 971462158 558325242
971462158 558325242 976389090 558325242
971462158 558325242 971462158 572342549
971462158 572342549 981505719 604289401
485770905 813858964 553656147 815458966
553656147 815458966 555726270 842138026
530471912 250768994 580387117 271800118
580387117 271800118 590207599 271800118
580387117 271800118 580387117 287255167
580387117 287255167 588858796 308801245
588858796 308801245 588858796 309084201
588858796 308801245 612275953 308801245
588858796 309084201 610453983 321020140
405702024 854876587 417504946 914169643
510535662 288887345 570887578 300307273
729782758 645627920 768936485 679158311
0 27284749 0 102648162
0 102648162 190077 102648162
0 102648162 0 131159820
0 131159820 0 134695051
0 134695051 7516075 134695051
0 134695051 0 149195418
0 149195418 0 163704338
0 149195418 19062411 149195418
0 163704338 0 183123491
0 183123491 0 184072227
0 184072227 0 193501664
0 193501664 0 204232267
0 204232267 0 206020613
0 206020613 0 211452631
0 211452631 17598754 211452631
0 183123491 18630658 183123491
0 206020613 21062647 206020613
18630658 183123491 41948791 184072227
41948791 184072227 44580953 184072227
41948791 184072227 41948791 193501664
19062411 149195418 32286688 163704338
0 211452631 0 242681906
0 242681906 1534643 242681906
0 242681906 0 264802448
0 264802448 0 266663800
0 131159820 32248050 131159820
0 264802448 32692129 264802448
32692129 264802448 32695932 266012541
32695932 266012541 32695932 266663800
32695932 266012541 59393067 266012541
59393067 266012541 61703751 284431437
61703751 284431437 82511751 284431437
0 204232267 37618878 204232267
61703751 284431437 61703751 326514014
61703751 326514014 64046109 327303304
64046109 327303304 64046109 336407765
64046109 327303304 100793351 327303304
100793351 327303304 119461665 345885053
119461665 345885053 120108177 345885053
120108177 345885053 122956106 358800130
122956106 358800130 124310045 358800130
122956106 358800130 122956106 365471905
122956106 365471905 138729193 367881876
119461665 345885053 119461665 386534348
119461665 386534348 122597696 421981668
0 266663800 0 309873344
0 309873344 12771337 309873344
0 309873344 0 333398456
0 333398456 693229 333398456
0 333398456 0 354911443
0 354911443 10134270 354911443
10134270 354911443 53658681 355221203
37618878 204232267 56944594 229970895
56944594 229970895 69739061 234711560
69739061 234711560 88617934 234711560
69739061 234711560 69739061 257059838
88617934 234711560 106937709 247240355
53658681 355221203 67561599 387655876
67561599 387655876 67561599 399733837
67561599 387655876 90592571 387655876
90592571 387655876 96622773 417752041
96622773 417752041 103394665 421981668
103394665 421981668 103394665 427407010
106937709 247240355 127145584 276339735
0 354911443 0 405015721
0 405015721 0 407282236
0 407282236 9623756 407282236
0 407282236 0 417841116
0 417841116 0 426294152
0 426294152 3579235 426294152
0 417841116 13977892 417841116
0 405015721 17950123 405015721
0 426294152 0 446733429
0 446733429 0 447660837
0 447660837 0 466150912
0 466150912 0 481515296
0 481515296 0 482831674
0 482831674 0 493709919
0 493709919 2928838 493709919
0 447660837 20010075 447660837
0 446733429 23284232 446733429
23284232 446733429 37720966 466150912
37720966 466150912 38972379 469992278
38972379 469992278 38972379 481515296
38972379 481515296 38972379 482831674
38972379 481515296 40496679 481515296
40496679 481515296 52926354 503386313
52926354 503386313 62076776 508526047
62076776 508526047 62076776 527655031
38972379 469992278 79266896 469992278
62076776 508526047 103052353 508526047
103052353 508526047 103052353 518738759
103052353 518738759 103941744 519281819
103941744 519281819 104708088 519281819
103052353 508526047 126319675 508526047
126319675 508526047 126706235 508526047
126319675 508526047 126319675 509226820
103941744 519281819 103941744 558492145
103941744 558492145 103941744 571090076
103941744 571090076 109584417 580519790
103941744 558492145 120195886 558492145
120195886 558492145 141178082 562827265
141178082 562827265 159559354 571867178
159559354 571867178 186592646 571867178
186592646 571867178 187650615 574735622
187650615 574735622 187650615 580675923
187650615 580675923 194668777 580675923
187650615 580675923 187650615 589233011
187650615 574735622 196815310 574735622
187650615 589233011 209335589 613758486
209335589 613758486 212613848 613758486
209335589 613758486 209335589 617408859
209335589 617408859 229514741 632154077
229514741 632154077 231959187 651673289
231959187 651673289 245921477 651673289
231959187 651673289 231959187 669592878
231959187 669592878 240439429 669592878
231959187 669592878 231959187 680436324
231959187 680436324 242456042 681704511
242456042 681704511 246084499 681704511
246084499 681704511 246084499 683633751
246084499 681704511 252776764 681704511
242456042 681704511 242456042 706856169
246084499 683633751 250247480 705937612
0 493709919 0 543330180
0 543330180 0 564659286
0 564659286 19854013 564659286
19854013 564659286 52376711 574659155
52376711 574659155 53264577 578980784
53264577 578980784 82810384 578980784
0 543330180 46788760 543330180
46788760 543330180 59241629 556690365
0 564659286 0 614260484
0 614260484 3448262 614260484
0 614260484 0 643961130
0 643961130 0 645802978
0 645802978 0 650858240
0 645802978 9990259 645802978
0 650858240 0 667155378
0 667155378 0 679576790
0 679576790 0 680642323
0 667155378 14073397 667155378
14073397 667155378 15187577 679576790
15187577 679576790 31218019 680642323
9990259 645802978 44993493 650858240
44993493 650858240 54330767 653029636
0 680642323 0 724592492
0 724592492 0 726131959
0 726131959 0 727222864
0 726131959 16364461 726131959
16364461 726131959 48296730 727222864
0 724592492 41742764 724592492
0 727222864 0 773049527
0 773049527 0 794774655
0 794774655 0 804929367
0 804929367 0 809197430
0 804929367 14553760 804929367
14553760 804929367 20456739 809197430
0 809197430 0 834430944
0 834430944 0 841116255
0 834430944 23635678 834430944
0 794774655 41816815 794774655
0 841116255 0 883499647
0 883499647 0 884072523
0 884072523 19178103 884072523
0 883499647 33251158 883499647
0 773049527 46366683 773049527
46366683 773049527 85138338 779863838
85138338 779863838 94239553 779863838
85138338 779863838 85138338 793145606
0 643961130 47496148 643961130
41816815 794774655 53650063 833485475
53650063 833485475 81492062 840626616
81492062 840626616 105408032 840626616
81492062 840626616 81492062 873860800
81492062 873860800 81832278 878056696
81832278 878056696 81832278 879465124
81832278 878056696 119496152 878056696
119496152 878056696 119637464 897239707
119637464 897239707 124981664 925345533
124981664 925345533 140940602 925345533
140940602 925345533 141961852 928536755
141961852 928536755 162012224 928536755
124981664 925345533 124981664 957744292
124981664 957744292 131714093 960256738
131714093 960256738 134749103 960256738
131714093 960256738 131714093 969639302
131714093 969639302 141961852 978613400
162012224 928536755 186305343 947907745
186305343 947907745 192747580 951351946
192747580 951351946 193806963 951351946
192747580 951351946 192747580 962229686
79266896 469992278 125509001 474370129
125509001 474370129 135032800 474370129
125509001 474370129 125509001 502946017
159559354 571867178 159559354 623065287
159559354 623065287 167741674 634256222
167741674 634256222 175190141 636415585
175190141 636415585 181089936 636415585
181089936 636415585 182170321 637605341
175190141 636415585 175190141 667752634
182170321 637605341 189798804 662062615
192747580 962229686 234947611 972188452
82511751 284431437 97499519 321721678
0 884072523 0 936664427
0 936664427 0 938216501
0 938216501 0 939800419
0 939800419 2463622 939800419
2463622 939800419 2463622 951333651
2463622 951333651 7468511 951333651
2463622 939800419 26043707 939800419
26043707 939800419 31114873 956624560
7468511 951333651 21950527 966993725
0 936664427 34613154 936664427
34613154 936664427 44711890 938216501
2463622 951333651 2463622 990913603
47496148 643961130 95803030 649508584
95803030 649508584 107410538 656026483
107410538 656026483 109825782 684528881
109825782 684528881 109825782 694484190
109825782 684528881 156987548 684528881
156987548 684528881 158901757 728972311
158901757 728972311 189027511 731856107
189027511 731856107 196980699 743093860
196980699 743093860 196980699 747980738
196980699 743093860 216009330 743093860
216009330 743093860 231865407 747694758
231865407 747694758 235269621 753897396
235269621 753897396 235269621 771856691
196980699 747980738 203926082 770918705
203926082 770918705 210814401 771856691
210814401 771856691 224783949 771856691
224783949 771856691 224783949 778514243
210814401 771856691 210814401 793072152
210814401 793072152 223809239 812553842
223809239 812553842 228764046 827489565
228764046 827489565 228764046 839160094
228764046 839160094 237150615 849151659
237150615 849151659 257475659 849151659
257475659 849151659 277522235 849595264
277522235 849595264 277522235 851834055
277522235 849595264 289767172 849595264
277522235 851834055 281275654 866469221
281275654 866469221 281275654 871819097
281275654 866469221 293480682 866469221
293480682 866469221 294385270 880650020
294385270 880650020 299573702 880650020
294385270 880650020 294385270 887802206
237150615 849151659 237150615 876695691
237150615 876695691 242419979 888186359
242419979 888186359 249692836 899986077
249692836 899986077 259115580 919254525
259115580 919254525 266579835 919254525
259115580 919254525 259115580 939997698
228764046 827489565 263002148 827489565
289767172 849595264 320245361 856040563
235269621 771856691 278386254 778896821
278386254 778896821 308045066 781740430
308045066 781740430 308045066 816865352
308045066 816865352 308045066 822859433
308045066 816865352 334553548 816865352
308045066 781740430 352329956 781740430
352329956 781740430 355180516 801825067
109825782 694484190 122873240 735747003
122873240 735747003 133311609 739573368
133311609 739573368 151603957 756132093
138729193 367881876 157709160 404989406
126319675 509226820 154125837 539269552
154125837 539269552 154125837 542144612
154125837 539269552 162063428 539269552
162063428 539269552 162063428 544907322
162063428 539269552 174159003 539269552
162063428 544907322 171284074 549657981
234947611 972188452 275715554 989977028
275715554 989977028 282470862 998398789
282470862 998398789 283936440 999507264
235269621 753897396 294852729 753897396
294852729 753897396 300421665 760853911
300421665 760853911 345995728 764071025
53264577 578980784 53264577 639323976
189798804 662062615 227841470 684371135
85138338 793145606 139243109 799632648
139243109 799632648 161346694 817756063
161346694 817756063 161346694 836359238
161346694 817756063 184455058 817756063
184455058 817756063 184631934 817756063
184455058 817756063 184455058 824922367
161346694 836359238 164722426 867442962
164722426 867442962 165707810 867442962
165707810 867442962 165707810 868291953
165707810 867442962 168850674 867442962
164722426 867442962 164722426 896667126
164722426 896667126 176356604 917503145
299573702 880650020 357052316 883795399
357052316 883795399 371171314 927220617
371171314 927220617 372518914 948906427
372518914 948906427 378673826 966372190
176356604 917503145 230346714 925064050
127145584 276339735 146484261 318736530
378673826 966372190 418862766 988812710
81832278 879465124 90774100 935126295
90774100 935126295 99435663 949848024
99435663 949848024 110882363 990456933
1534643 242681906 51544203 258404497
3448262 614260484 51964657 631698521
157709160 404989406 161766972 472931886
259115580 939997698 311987589 961156397
311987589 961156397 366349001 966217813
31218019 680642323 65626605 720290536
320245361 856040563 377703559 873368601
377703559 873368601 377855029 873368601
377703559 873368601 377703559 876888816
552786924 120130064 625171015 123126234
625171015 123126234 658361542 136806383
658361542 136806383 680614214 146858346
680614214 146858346 686173741 146858346
680614214 146858346 680614214 161703413
239760563 274108730 250462549 339341582
396175838 566737449 403423176 636438133
403423176 636438133 414495378 638940423
332779429 469421576 409998506 469421576
409998506 469421576 415917862 476452984
329602440 659089016 329602440 737165098
754939243 818466644 792891489 859586086
260140581 384425101 286837908 438264231
286837908 438264231 296920092 455266345
296920092 455266345 312633204 474462168
913591875 896009711 988970340 903379436
898174660 507338980 984404215 507338980
953474435 826055535 993142966 876264894
993142966 876264894 997959027 876264894
993142966 876264894 993142966 883678645
731331975 260502348 781512490 302663362
266579835 919254525 346222962 934012578
