1441
0 0 0 10024057
0 10024057 0 19913120
0 19913120 0 27918428
0 27918428 0 41774977
0 41774977 0 50095949
0 0 15054457 0
15054457 0 17047872 0
15054457 0 15054457 10024057
0 27918428 17047872 27918428
0 50095949 0 67434567
0 67434567 7240503 67434567
0 67434567 0 76990728
0 76990728 0 96269187
0 96269187 0 114693197
0 114693197 0 117906871
17047872 0 40945258 0
40945258 0 46218473 0
46218473 0 50761046 0
50761046 0 58442438 0
58442438 0 64782353 0
64782353 0 64782353 14392482
64782353 0 82215798 0
40945258 0 40945258 19913120
40945258 19913120 42842966 29965878
42842966 29965878 42842966 33841411
42842966 33841411 50761046 33841411
42842966 33841411 42842966 41774977
42842966 41774977 46218473 41774977
42842966 41774977 42842966 50095949
42842966 29965878 58442438 29965878
82215798 0 103566766 0
103566766 0 113179988 0
103566766 0 103566766 18694202
113179988 0 132357679 0
132357679 0 152926837 0
152926837 0 152926837 18027655
152926837 0 173281103 0
173281103 0 173281103 5050330
82215798 0 82215798 23147597
0 114693197 30863833 114693197
30863833 114693197 37770408 117906871
37770408 117906871 58481700 126878386
58481700 126878386 63611726 133405313
63611726 133405313 84218087 133405313
84218087 133405313 84218087 144717830
84218087 133405313 104289713 133405313
173281103 0 204713439 0
204713439 0 224618997 0
224618997 0 225595479 0
224618997 0 224618997 18177955
224618997 18177955 225595479 18496434
104289713 133405313 123907449 152364483
123907449 152364483 127452092 173308668
127452092 173308668 147700497 191112384
147700497 191112384 147700497 192570742
147700497 191112384 161155132 191112384
147700497 192570742 149871776 204892075
149871776 204892075 170241844 204892075
170241844 204892075 171271044 223934197
171271044 223934197 171271044 250379223
171271044 250379223 171271044 255574074
171271044 250379223 185650819 250379223
185650819 250379223 192474376 259420550
171271044 223934197 207271976 223934197
207271976 223934197 231432547 230931872
231432547 230931872 237826676 232520974
237826676 232520974 237826676 255729044
237826676 255729044 258415120 265838301
237826676 232520974 269762984 232520974
269762984 232520974 269762984 251081861
269762984 232520974 294481959 232520974
294481959 232520974 295077366 240237652
295077366 240237652 295077366 241415676
295077366 241415676 302196440 241415676
302196440 241415676 305044854 265812483
305044854 265812483 316828664 289098351
316828664 289098351 331963877 302060237
331963877 302060237 338783020 327543882
338783020 327543882 338783020 329493678
338783020 329493678 340538226 329655940
340538226 329655940 356241920 329655940
340538226 329655940 340538226 348932637
340538226 348932637 355018986 348932637
356241920 329655940 364677752 345199185
340538226 348932637 340538226 385425109
340538226 385425109 344992738 396201569
344992738 396201569 344992738 398149166
344992738 398149166 347768848 398149166
344992738 396201569 351851704 396201569
344992738 398149166 344992738 422998786
344992738 422998786 357177717 432778776
357177717 432778776 357543283 445332807
357543283 445332807 357543283 456356958
357543283 456356958 359810316 462366716
359810316 462366716 361656788 478631655
361656788 478631655 367048925 478631655
361656788 478631655 361656788 491561796
357543283 445332807 393250551 445332807
361656788 491561796 366056674 522906424
295077366 240237652 332814761 240237652
332814761 240237652 348343966 240237652
332814761 240237652 332814761 258942070
332814761 258942070 332814761 259469451
332814761 258942070 340578953 258942070
132357679 0 132357679 38911054
132357679 38911054 137220332 56373595
137220332 56373595 143473458 64823475
143473458 64823475 143473458 86416263
143473458 86416263 156216205 86416263
156216205 86416263 173269679 86796723
143473458 86416263 143473458 105560338
173269679 86796723 200613387 86796723
173269679 86796723 173269679 116133526
173269679 116133526 173269679 123892430
173269679 123892430 186538643 130321105
186538643 130321105 186538643 137564129
173269679 116133526 195561109 116133526
186538643 130321105 215062986 130321105
143473458 105560338 145973587 133537753
215062986 130321105 224463086 157270029
393250551 445332807 407742390 470132137
407742390 470132137 417972369 476842737
417972369 476842737 417972369 482637510
417972369 476842737 425409685 476842737
425409685 476842737 437820559 488734671
437820559 488734671 446364249 492611094
446364249 492611094 446364249 494526858
446364249 492611094 450026009 492611094
450026009 492611094 450026009 493755292
450026009 493755292 460965162 498832654
450026009 492611094 466765452 492611094
460965162 498832654 467108475 522178933
467108475 522178933 467108475 529498282
467108475 529498282 476830669 537273989
476830669 537273989 485888060 537273989
476830669 537273989 476830669 560599547
476830669 560599547 494217010 561006357
467108475 522178933 496919573 522178933
496919573 522178933 513427418 534950635
466765452 492611094 505938244 494218249
505938244 494218249 513427418 498368183
513427418 498368183 535407367 498368183
535407367 498368183 572714063 500248984
572714063 500248984 572714063 511235449
572714063 511235449 581314155 513444657
572714063 500248984 589393999 500248984
581314155 513444657 612654862 513444657
612654862 513444657 617005580 513444657
617005580 513444657 621616100 514591591
621616100 514591591 626923982 527475692
626923982 527475692 630528501 541427214
630528501 541427214 630528501 548740007
612654862 513444657 612654862 544520189
630528501 541427214 665538592 541427214
665538592 541427214 687626829 547964757
0 76990728 42336435 76990728
42336435 76990728 72667453 87048198
581314155 513444657 581314155 556275970
581314155 556275970 598510645 564263407
598510645 564263407 610791467 564263407
598510645 564263407 598510645 588145521
598510645 588145521 599209559 598715595
599209559 598715595 599209559 604135098
599209559 598715595 606379593 598715595
610791467 564263407 621806923 584344373
606379593 598715595 613439304 626006559
613439304 626006559 615138937 626006559
613439304 626006559 613439304 647638602
615138937 626006559 641365947 629787126
641365947 629787126 641365947 640167283
613439304 647638602 624489791 668486562
624489791 668486562 624489791 675994979
624489791 675994979 624577852 684440238
624489791 668486562 636294469 668486562
641365947 640167283 655668292 659425512
624577852 684440238 633588023 713401039
633588023 713401039 636094603 721334796
655668292 659425512 666707914 687506796
666707914 687506796 666707914 703283974
666707914 703283974 666707914 706109957
666707914 703283974 671649435 703283974
666707914 687506796 699311585 687506796
699311585 687506796 723045118 691959226
723045118 691959226 749703283 691959226
749703283 691959226 765958189 691959226
765958189 691959226 775741319 696383213
775741319 696383213 785442278 699147018
749703283 691959226 749703283 711172925
785442278 699147018 785442278 721833631
785442278 721833631 785723750 738381905
749703283 711172925 749944795 734002890
749944795 734002890 753578638 734002890
753578638 734002890 756770359 734002890
753578638 734002890 753578638 758768653
753578638 758768653 770099827 762249387
770099827 762249387 770099827 772315659
770099827 762249387 780715358 762249387
780715358 762249387 783518662 769432385
783518662 769432385 785723750 769432385
783518662 769432385 783518662 795350348
723045118 691959226 723045118 719572385
723045118 719572385 726347366 726459425
726347366 726459425 734389782 726459425
756770359 734002890 782064422 738381905
782064422 738381905 782064422 748245002
783518662 795350348 795650622 819632840
795650622 819632840 795650622 822249756
795650622 822249756 796865681 827388415
796865681 827388415 813481625 827388415
813481625 827388415 814527314 828630555
814527314 828630555 820464073 828630555
814527314 828630555 814527314 841688763
796865681 827388415 796865681 848518292
795650622 819632840 818750192 819632840
818750192 819632840 842746022 821501531
842746022 821501531 842787610 826911159
842787610 826911159 877394751 826911159
877394751 826911159 877786119 826911159
877394751 826911159 877394751 829778119
877394751 829778119 894076607 839293258
894076607 839293258 894076607 839467971
894076607 839293258 922550715 839293258
666707914 706109957 670731909 738726743
782064422 748245002 822028790 751004248
822028790 751004248 858197578 757456330
630528501 548740007 652959200 569558333
42842966 50095949 73580513 63108543
726347366 726459425 726347366 770312552
726347366 770312552 732006186 778095191
732006186 778095191 732006186 793446075
732006186 793446075 737494848 795350348
732006186 778095191 749944795 778095191
737494848 795350348 737494848 837984251
737494848 837984251 752299088 863354602
785442278 699147018 829721528 699147018
829721528 699147018 831882019 702987639
831882019 702987639 841156534 702987639
841156534 702987639 841156534 721502480
841156534 721502480 851394107 723126185
851394107 723126185 851394107 733510876
851394107 733510876 855140761 738780192
855140761 738780192 858197578 750217668
858197578 750217668 877452519 750217668
877452519 750217668 877452519 752160607
877452519 752160607 897791089 756246412
897791089 756246412 906041269 756246412
906041269 756246412 915955408 757002417
915955408 757002417 915955408 769462464
915955408 757002417 946537459 757002417
877452519 750217668 908943890 750217668
897791089 756246412 897791089 790880403
831882019 702987639 831882019 738381905
831882019 738381905 836981332 738780192
946537459 757002417 959122951 786860971
959122951 786860971 981377982 786860971
959122951 786860971 959122951 813511385
959122951 813511385 979312663 825396489
979312663 825396489 999688075 839691488
752299088 863354602 788021519 872047384
788021519 872047384 806398436 887282212
366056674 522906424 394311895 539662059
394311895 539662059 415176129 539662059
415176129 539662059 428482920 550020519
428482920 550020519 428482920 561302209
428482920 561302209 428579668 561302209
428482920 561302209 428482920 570097815
428482920 570097815 435319840 574157728
435319840 574157728 449851989 574157728
428482920 550020519 449004420 550020519
435319840 574157728 435319840 596756802
435319840 596756802 439901071 596756802
439901071 596756802 439901071 597228026
439901071 596756802 448420572 596756802
435319840 596756802 435319840 617961422
394311895 539662059 394311895 564689735
435319840 617961422 452238632 626757538
448420572 596756802 461522180 616028691
394311895 564689735 407326919 592635033
407326919 592635033 410677891 630426429
410677891 630426429 410677891 636013169
410677891 630426429 422441246 630426429
410677891 636013169 420883056 642684902
420883056 642684902 421526120 642684902
420883056 642684902 420883056 644073122
420883056 644073122 429332643 651288200
429332643 651288200 430854149 651288200
429332643 651288200 429332643 664592152
429332643 664592152 430752446 664592152
429332643 664592152 429332643 666045789
429332643 666045789 450410133 672756848
450410133 672756848 450410133 680813597
450410133 672756848 491432834 672756848
491432834 672756848 509313726 677760587
509313726 677760587 509909925 681581786
509909925 681581786 509909925 712628437
509909925 712628437 509909925 732360944
509909925 732360944 525232703 739484288
509909925 712628437 533212046 712628437
533212046 712628437 535926505 717996275
535926505 717996275 535926505 721423670
525232703 739484288 550373655 739484288
525232703 739484288 525232703 767441623
535926505 717996275 564044845 717996275
564044845 717996275 572858183 722215098
572858183 722215098 591744753 734497511
591744753 734497511 617074769 734497511
591744753 734497511 591744753 761185736
525232703 767441623 531269193 792797232
531269193 792797232 555119687 792797232
555119687 792797232 562801720 801912074
562801720 801912074 586856453 801912074
586856453 801912074 597907679 810537145
597907679 810537145 597907679 817422791
597907679 817422791 614435731 819834390
562801720 801912074 562801720 827067497
509909925 681581786 542676193 681581786
542676193 681581786 561695223 681581786
542676193 681581786 542676193 700730397
597907679 810537145 633870700 810537145
633870700 810537145 635506067 835664427
635506067 835664427 635506067 851544099
635506067 851544099 635506067 865744785
635506067 865744785 644736974 872927348
644736974 872927348 644736974 899020353
644736974 899020353 646451591 901620521
646451591 901620521 647343349 901620521
646451591 901620521 646451591 914472200
647343349 901620521 654681378 910303769
644736974 872927348 672305245 872927348
672305245 872927348 692692791 877656921
692692791 877656921 692692791 890302772
635506067 851544099 664360152 851544099
654681378 910303769 674462890 920701852
674462890 920701852 675297995 949031550
675297995 949031550 685012003 954524307
685012003 954524307 693600135 954524307
693600135 954524307 709732950 964002221
709732950 964002221 733011999 966172203
733011999 966172203 733834093 966172203
733011999 966172203 733011999 971907774
733011999 971907774 738475119 980453325
738475119 980453325 738475119 999473344
685012003 954524307 685012003 983456889
635506067 835664427 666783970 835664427
666783970 835664427 671907737 838662818
671907737 838662818 683627036 849045918
685012003 983456889 704593248 996569220
704593248 996569220 732873277 996863542
738475119 980453325 771186794 980453325
771186794 980453325 773848676 981663952
773848676 981663952 793466977 992158726
531269193 792797232 531269193 829943802
692692791 890302772 712917907 909585937
712917907 909585937 722174718 920861724
722174718 920861724 722174718 942796357
722174718 942796357 727741162 943404534
727741162 943404534 727741162 945832558
727741162 945832558 727741162 946197206
727741162 945832558 729983130 945832558
727741162 943404534 745340587 943404534
729983130 945832558 735871560 960276656
722174718 920861724 750441226 920861724
750441226 920861724 750441226 925624204
750441226 925624204 773973414 929787146
750441226 920861724 781392450 920861724
692692791 877656921 735477993 877656921
450410133 680813597 467904569 706869344
204713439 0 204713439 45238194
338783020 327543882 384952790 327543882
636094603 721334796 664929753 738726743
664929753 738726743 664929753 761917249
664929753 761917249 684477660 775773664
684477660 775773664 688129224 780572178
688129224 780572178 688129224 794541386
688129224 794541386 700278658 801824440
688129224 780572178 721816506 780572178
149871776 204892075 149871776 251650525
149871776 251650525 151500822 281123364
151500822 281123364 151500822 293873914
151500822 281123364 170361501 281123364
151500822 293873914 166329311 313369825
166329311 313369825 170867785 317009915
170867785 317009915 170867785 317744201
841156534 702987639 887949396 702987639
887949396 702987639 900310020 709286261
900310020 709286261 911146317 709286261
900310020 709286261 900310020 723126185
900310020 723126185 923302121 729887201
170867785 317009915 217881132 317009915
217881132 317009915 220326270 322237226
220326270 322237226 238956324 322237226
220326270 322237226 220326270 350300766
238956324 322237226 276755760 324052540
276755760 324052540 283532666 362817913
283532666 362817913 297796638 370627435
297796638 370627435 302598006 372495403
302598006 372495403 309958573 372495403
309958573 372495403 324477456 385158280
302598006 372495403 302598006 411001848
302598006 411001848 313750892 421627997
143473458 64823475 192428625 64823475
220326270 350300766 244879457 375684038
244879457 375684038 253755519 386115738
253755519 386115738 266683607 386115738
253755519 386115738 253755519 403362597
253755519 403362597 255737246 420176120
255737246 420176120 255737246 434668494
255737246 420176120 289468764 420176120
255737246 434668494 257681414 466632118
257681414 466632118 258873171 494743288
591744753 761185736 621854437 781267571
621854437 781267571 628431245 791904602
628431245 791904602 633049306 791904602
628431245 791904602 628431245 799007996
842787610 826911159 842787610 877116152
842787610 877116152 850291882 905982059
850291882 905982059 850291882 909451833
850291882 909451833 850341827 910061111
850341827 910061111 853608084 910864557
850291882 905982059 890460238 905982059
890460238 905982059 902984106 927545400
902984106 927545400 902984106 937255087
902984106 927545400 918716347 927545400
918716347 927545400 951279097 942137231
951279097 942137231 953890049 942137231
953890049 942137231 956366884 943106447
951279097 942137231 951279097 973084568
204713439 45238194 244466214 56818532
244466214 56818532 244466214 64412968
244466214 64412968 251964224 67521832
244466214 56818532 261293257 56818532
251964224 67521832 274793578 67521832
274793578 67521832 293527658 69525350
293527658 69525350 293527658 75103266
293527658 75103266 312412595 78059721
312412595 78059721 329544419 78059721
329544419 78059721 329544419 80503407
329544419 78059721 339324279 78059721
312412595 78059721 312412595 112043514
312412595 112043514 318500785 130182856
318500785 130182856 325028500 131410056
325028500 131410056 334425776 131410056
334425776 131410056 334425776 141102722
325028500 131410056 325028500 143655370
251964224 67521832 251964224 106364209
251964224 106364209 282879214 119072387
282879214 119072387 285231088 130182856
285231088 130182856 285231088 146609163
285231088 146609163 295835209 146609163
285231088 130182856 305901775 130182856
305901775 130182856 305901775 133238050
293527658 69525350 338912670 69525350
773973414 929787146 807151245 947996866
807151245 947996866 807151245 969447717
807151245 969447717 828757029 970353374
807151245 947996866 831944069 947996866
224463086 157270029 226504807 206944116
348343966 240237652 389614808 251297321
389614808 251297321 402025037 259046418
402025037 259046418 405934151 259046418
402025037 259046418 402025037 267994917
402025037 267994917 405371170 267994917
402025037 267994917 402025037 298823111
402025037 298823111 435769496 312586647
435769496 312586647 455060470 340759613
455060470 340759613 455060470 341961420
455060470 340759613 456818355 340759613
456818355 340759613 466587026 378887707
466587026 378887707 474229501 378887707
466587026 378887707 466587026 396257395
466587026 396257395 496509480 402589912
496509480 402589912 496509480 409036446
496509480 402589912 515832312 402589912
515832312 402589912 515832312 404637994
515832312 402589912 526583739 402589912
526583739 402589912 532435478 415487169
532435478 415487169 532435478 424935042
532435478 415487169 553898007 415487169
553898007 415487169 570244575 417187403
570244575 417187403 570244575 446738339
570244575 446738339 574106527 446738339
570244575 446738339 570244575 463097621
570244575 463097621 591901527 463689541
574106527 446738339 601955157 447276286
601955157 447276286 601955157 451118415
601955157 447276286 627070522 447276286
627070522 447276286 631280373 448958876
631280373 448958876 641921663 448958876
641921663 448958876 642675977 453566525
642675977 453566525 642675977 460762329
631280373 448958876 631280373 468052912
642675977 453566525 663386248 453566525
570244575 417187403 601889224 417187403
663386248 453566525 668011124 489136987
668011124 489136987 679679551 498779310
679679551 498779310 705162179 498779310
705162179 498779310 711531372 499626273
679679551 498779310 679679551 538367565
711531372 499626273 716647260 535641413
716647260 535641413 729567864 546847334
729567864 546847334 740304109 561897520
740304109 561897520 740304109 584551174
740304109 584551174 745352364 595139752
745352364 595139752 757012488 595139752
757012488 595139752 766938773 619693953
766938773 619693953 778131255 623058085
778131255 623058085 782951375 623058085
782951375 623058085 792197238 632919937
792197238 632919937 792197238 651170942
792197238 632919937 817529878 632919937
740304109 561897520 779098440 561897520
532435478 424935042 552888906 446738339
552888906 446738339 552888906 472007924
745352364 595139752 745352364 637760372
778131255 623058085 778131255 673754830
405934151 259046418 453387937 263482260
453387937 263482260 476855326 286503833
476855326 286503833 490131758 307746961
490131758 307746961 490131758 320792755
490131758 307746961 519213746 307746961
519213746 307746961 556701503 320523978
556701503 320523978 561168825 320523978
561168825 320523978 561168825 325325353
561168825 320523978 566598446 320523978
556701503 320523978 556701503 371831408
566598446 320523978 586541662 352821833
586541662 352821833 602559225 368136514
285231088 146609163 285231088 198951599
285231088 198951599 298902051 206918427
298902051 206918427 298902051 230177869
298902051 206918427 330267402 206918427
330267402 206918427 332021105 222298997
332021105 222298997 369329634 225098351
313750892 421627997 342659800 445321440
342659800 445321440 343055784 497192064
343055784 497192064 350524151 497192064
343055784 497192064 343055784 520727980
343055784 520727980 362511263 548814825
836981332 738780192 836981332 792280407
73580513 63108543 106281792 84190273
452238632 626757538 505704726 627574306
505704726 627574306 508539948 632720536
508539948 632720536 508539948 660319520
508539948 632720536 556479829 632720536
556479829 632720536 560920075 632720536
556479829 632720536 556479829 638701639
556479829 638701639 559851118 638701639
556479829 638701639 556479829 647385821
556479829 647385821 560230245 653767341
560230245 653767341 560230245 657979039
560230245 653767341 592272821 653767341
289468764 420176120 300275514 464501341
601889224 417187403 632412958 442577433
632412958 442577433 632412958 445049379
632412958 442577433 638176410 442577433
362511263 548814825 367995565 599572432
367995565 599572432 383138268 620676009
295835209 146609163 312844919 187228663
312844919 187228663 358567573 195907105
358567573 195907105 364089324 195907105
358567573 195907105 358567573 206519822
364089324 195907105 403902169 206371934
403902169 206371934 438726206 210993118
438726206 210993118 454080660 217137575
454080660 217137575 454080660 253044866
454080660 217137575 505746239 217137575
505746239 217137575 518254399 218955280
518254399 218955280 532511660 240505173
532511660 240505173 560693386 248507691
560693386 248507691 560957485 248507691
560957485 248507691 568312386 255370955
568312386 255370955 573198793 260895831
573198793 260895831 573198793 263647214
573198793 263647214 585458203 274782327
585458203 274782327 620579836 274782327
585458203 274782327 585458203 310692168
560693386 248507691 560693386 288190295
923302121 729887201 968211948 743216533
170867785 317744201 182859063 364063569
922550715 839293258 946801060 873524016
946801060 873524016 947068526 875428401
947068526 875428401 951475990 875428401
947068526 875428401 947068526 920644602
947068526 920644602 979955788 922965379
979955788 922965379 992877346 940553394
951475990 875428401 975830524 896833647
975830524 896833647 981202468 896833647
975830524 896833647 975830524 909641940
975830524 909641940 986993724 917862210
641365947 629787126 700505433 629787126
700505433 629787126 720041384 629818705
720041384 629818705 737787087 658436623
737787087 658436623 741968349 686958605
531269193 829943802 534602417 886117423
534602417 886117423 534602417 908733679
534602417 908733679 538925189 928244178
538925189 928244178 543352357 938727877
543352357 938727877 543352357 945614576
543352357 945614576 545209110 955343869
545209110 955343869 555375982 964598800
555375982 964598800 555695270 968884448
555695270 968884448 555695270 985393022
555695270 985393022 556087367 985393022
555695270 985393022 555695270 988966809
534602417 886117423 560431265 886117423
560431265 886117423 560431265 898562598
560431265 886117423 579625797 886117423
560431265 898562598 574963189 907015437
574963189 907015437 575381791 908355496
575381791 908355496 575381791 913703102
575381791 908355496 594043093 908355496
543352357 938727877 571297326 938727877
555695270 968884448 587485096 968884448
594043093 908355496 626123161 916153649
626123161 916153649 632001376 940053516
632001376 940053516 635022589 945403791
635022589 945403791 644253032 945403791
635022589 945403791 635022589 983410145
635022589 983410145 656314227 998313943
494217010 561006357 552747548 562300966
552747548 562300966 553184828 611361496
585458203 310692168 628842808 327880669
628842808 327880669 632118269 330185999
632118269 330185999 637002511 340017662
637002511 340017662 637002511 344066577
637002511 344066577 647471012 344545868
647471012 344545868 650483119 349035816
637002511 340017662 674850804 340017662
674850804 340017662 680036480 375714262
680036480 375714262 697930005 375714262
697930005 375714262 717995544 382000724
717995544 382000724 717995544 386459630
717995544 386459630 728959793 389194566
728959793 389194566 728959793 394496392
728959793 389194566 754991172 389194566
754991172 389194566 756179022 390571420
680036480 375714262 680036480 406909274
756179022 390571420 790794226 390571420
756179022 390571420 756179022 435333615
756179022 435333615 756179022 442123933
756179022 442123933 761101314 444908445
756179022 435333615 775203753 435333615
775203753 435333615 789082961 435979998
789082961 435979998 789082961 440346746
761101314 444908445 768294977 458625714
768294977 458625714 776274659 476793891
776274659 476793891 779779870 476793891
776274659 476793891 776274659 492373894
776274659 492373894 777215326 496331672
777215326 496331672 777215326 508152178
777215326 508152178 797601460 508620634
797601460 508620634 797769148 516129469
797769148 516129469 810509712 516129469
810509712 516129469 817931355 520461184
817931355 520461184 817931355 523414057
817931355 523414057 825797788 525526730
825797788 525526730 825797788 532137355
797769148 516129469 797769148 534277852
825797788 525526730 857980157 525526730
857980157 525526730 861218979 527063857
861218979 527063857 871527944 538782840
871527944 538782840 871527944 553369617
871527944 538782840 887681040 538782840
871527944 553369617 873652253 570890708
789082961 435979998 822125170 435979998
777215326 496331672 811839617 496331672
811839617 496331672 811839617 497995626
811839617 496331672 829825747 496331672
873652253 570890708 887843111 595210290
887843111 595210290 890780686 595210290
887843111 595210290 887843111 613564443
887843111 613564443 893228126 630899188
893228126 630899188 914433400 630899188
914433400 630899188 915271367 658898227
915271367 658898227 922493659 665233126
817931355 520461184 858752133 520461184
825797788 532137355 827621065 574140680
827621065 574140680 835588449 574140680
827621065 574140680 827621065 583209195
827621065 583209195 830891969 593099624
830891969 593099624 846903479 616875021
789082961 440346746 821490590 452648399
717995544 382000724 763505751 382000724
893228126 630899188 893228126 677570385
822125170 435979998 865028206 441218252
865028206 441218252 865028206 452083127
865028206 441218252 892936990 441218252
892936990 441218252 893380008 449950767
893380008 449950767 893380008 486543837
893380008 486543837 902437718 496259217
902437718 496259217 902437718 501982382
902437718 496259217 919737818 496259217
902437718 501982382 908005359 516544087
908005359 516544087 908005359 518404716
908005359 516544087 934699128 516544087
934699128 516544087 941670403 531813414
941670403 531813414 941670403 557602411
941670403 531813414 978672517 531813414
893380008 449950767 943252923 449950767
943252923 449950767 952392447 457782841
952392447 457782841 956889609 457782841
952392447 457782841 952392447 485828328
952392447 485828328 966352770 510224706
966352770 510224706 966352770 513181643
966352770 510224706 977095849 510224706
941670403 557602411 949591705 604033713
680036480 406909274 704910291 436959000
865028206 452083127 888048948 486543837
888048948 486543837 888048948 489755091
821490590 452648399 861263467 470630846
861263467 470630846 881334456 493438748
430752446 664592152 491642611 664767330
894076607 839467971 912834022 882598128
806398436 887282212 840081484 915585830
490131758 320792755 501704406 373276690
951279097 973084568 990951742 997844702
384952790 327543882 410139814 367991932
410139814 367991932 417289441 382684119
417289441 382684119 427127405 382684119
417289441 382684119 417289441 394465513
417289441 394465513 430170029 398269537
430170029 398269537 436001505 426934007
436001505 426934007 461332181 427835863
461332181 427835863 468816401 468844232
728959793 394496392 754654496 434751451
182859063 364063569 197320158 418334753
383138268 620676009 392792176 680042817
392792176 680042817 393278654 680042817
334425776 131410056 404296011 131410056
404296011 131410056 419593187 135339904
419593187 135339904 432310776 135339904
432310776 135339904 433390695 135339904
432310776 135339904 432310776 155156437
419593187 135339904 419593187 172897164
432310776 155156437 467256676 168057690
467256676 168057690 494602052 168057690
467256676 168057690 467256676 205313297
433390695 135339904 463538943 154450520
494602052 168057690 544289837 181922090
544289837 181922090 553948037 194115078
553948037 194115078 568538732 195714156
568538732 195714156 568538732 196133233
568538732 195714156 611685844 195714156
611685844 195714156 628075296 197015962
628075296 197015962 647543662 197472231
647543662 197472231 649668060 197472231
649668060 197472231 656549685 204810249
656549685 204810249 656549685 210689461
656549685 210689461 668720087 217998185
668720087 217998185 691303445 217998185
691303445 217998185 692187458 224147183
692187458 224147183 692580588 224147183
692580588 224147183 694407961 225785525
668720087 217998185 668720087 247795543
647543662 197472231 647543662 229961817
668720087 247795543 692187458 262608212
692187458 262608212 716506062 278631620
716506062 278631620 716506062 289409059
716506062 289409059 726373233 304494471
726373233 304494471 731091663 309885899
716506062 278631620 746960779 278631620
746960779 278631620 749508386 278631620
746960779 278631620 746960779 283999737
746960779 283999737 752573512 286317073
731091663 309885899 759428640 316385322
759428640 316385322 773455089 316385322
773455089 316385322 776647416 326191014
776647416 326191014 789144232 335304341
759428640 316385322 759428640 340810434
656549685 204810249 699322157 204810249
647543662 229961817 657936480 265417366
657936480 265417366 666303125 301138976
666303125 301138976 666303125 301330243
666303125 301138976 678238753 301138976
752573512 286317073 786820573 308502265
694407961 225785525 752538565 230350817
752538565 230350817 752538565 252949543
752538565 252949543 752538565 261031144
752538565 252949543 762158271 252949543
752538565 230350817 806250351 230350817
806250351 230350817 814746797 241349362
814746797 241349362 814746797 248648903
814746797 241349362 822823240 241349362
822823240 241349362 849824875 245177389
849824875 245177389 849824875 249700029
849824875 245177389 857096292 245177389
857096292 245177389 861972222 249399770
861972222 249399770 861972222 277316348
861972222 277316348 867147224 290451007
867147224 290451007 867147224 312802685
867147224 312802685 887579749 312802685
887579749 312802685 887579749 314065510
887579749 314065510 906280211 322678797
906280211 322678797 924413449 333815461
867147224 312802685 867147224 343147784
867147224 343147784 874308400 343147784
867147224 343147784 867147224 364152055
867147224 364152055 880942876 379858663
880942876 379858663 881447132 379858663
881447132 379858663 881447132 380929837
880942876 379858663 880942876 393435051
881447132 379858663 902771890 379858663
880942876 393435051 886605299 410105132
886605299 410105132 893394561 418967296
893394561 418967296 893394561 435080456
887579749 312802685 921725577 312802685
924413449 333815461 955100501 340168648
955100501 340168648 955100501 351644813
955100501 340168648 973356244 340168648
973356244 340168648 973356244 349269535
973356244 340168648 989458978 340168648
955100501 351644813 969258880 372834947
969258880 372834947 994459009 376280174
994459009 376280174 995612131 376280174
995612131 376280174 998803119 376280174
995612131 376280174 995612131 395993875
994459009 376280174 994459009 402410648
893394561 418967296 941342396 418967296
941342396 418967296 947052225 425941081
947052225 425941081 952269895 435545817
762158271 252949543 803576110 265349436
803576110 265349436 813781849 281546468
813781849 281546468 847350947 303630632
691303445 217998185 749540085 224301056
867147224 290451007 933574209 290451007
933574209 290451007 968696709 310898768
295077366 241415676 295077366 311784981
197320158 418334753 225770312 460303374
225770312 460303374 237583125 497496717
237583125 497496717 238657795 499085013
238657795 499085013 242047121 499085013
238657795 499085013 238657795 512746422
238657795 512746422 242745614 575548647
242745614 575548647 259087788 600454493
259087788 600454493 259087788 619444297
259087788 619444297 259324639 619444297
259087788 619444297 259087788 625575301
259087788 625575301 269460568 641898849
269460568 641898849 273065082 641898849
259087788 600454493 297292353 600454493
297292353 600454493 297292353 603217654
297292353 600454493 300151516 600454493
300151516 600454493 308903055 607611078
308903055 607611078 329060238 619721227
329060238 619721227 329060238 644171522
329060238 644171522 332022477 657109229
332022477 657109229 338980506 657109229
332022477 657109229 332022477 671824166
332022477 671824166 334241286 671824166
334241286 671824166 339241547 675512374
332022477 671824166 332022477 692593667
332022477 692593667 339241547 706206241
339241547 675512374 373228932 675512374
329060238 619721227 363889753 619721227
363889753 619721227 378136453 642844309
269460568 641898849 269460568 681843160
269460568 681843160 277621012 731891545
277621012 731891545 277621012 751733060
277621012 751733060 283795481 752604242
283795481 752604242 293561608 762293324
293561608 762293324 293561608 764737961
293561608 762293324 317747259 762293324
277621012 731891545 327890557 731891545
317747259 762293324 328294246 802490855
328294246 802490855 334844281 802490855
334844281 802490855 338853338 810782389
338853338 810782389 338853338 822662600
328294246 802490855 328294246 814886213
338853338 810782389 351769355 810782389
351769355 810782389 357459452 811009187
328294246 814886213 329511082 847663828
357459452 811009187 413908986 815797167
413908986 815797167 436323089 847616188
436323089 847616188 447239822 851392763
447239822 851392763 447239822 868181355
447239822 868181355 452456137 887297124
452456137 887297124 457290149 887297124
457290149 887297124 470992806 889203727
470992806 889203727 481742567 889203727
481742567 889203727 497451288 889203727
481742567 889203727 481742567 908213287
481742567 908213287 489792934 908733679
489792934 908733679 489792934 911578433
489792934 911578433 500134540 916976271
500134540 916976271 508522860 923281189
508522860 923281189 508611199 923281189
508611199 923281189 522061388 928244178
522061388 928244178 531761240 928244178
531761240 928244178 531761240 941585532
531761240 941585532 535407714 941585532
531761240 941585532 531761240 946137512
531761240 946137512 541202374 948650181
470992806 889203727 470992806 917917580
452456137 887297124 452456137 918415494
452456137 918415494 453001600 925384360
453001600 925384360 456481747 960420351
447239822 851392763 486391604 851392763
486391604 851392763 491667984 857337115
491667984 857337115 491667984 859135138
491667984 859135138 510780050 875122915
510780050 875122915 528975578 885604071
491667984 857337115 527325892 857337115
522061388 928244178 522061388 980110439
508522860 923281189 508522860 990299148
293561608 764737961 315629752 810718532
329511082 847663828 381786138 866949354
381786138 866949354 402437034 897338486
402437034 897338486 402437034 906742780
402437034 897338486 412514113 897338486
412514113 897338486 417496781 952607926
417496781 952607926 417496781 971433076
417496781 971433076 417832041 971433076
417496781 971433076 417496781 983301490
417496781 952607926 442873761 952607926
861972222 249399770 933584616 249399770
933584616 249399770 949238346 256176248
949238346 256176248 949238346 256486562
949238346 256176248 970411951 256176248
970411951 256176248 973242774 278456699
973242774 278456699 973242774 282936835
973242774 282936835 988638496 285124084
973242774 278456699 993316174 278456699
315629752 810718532 324072475 874959896
392792176 680042817 392792176 753315821
392792176 753315821 394044889 767548843
394044889 767548843 394044889 771009345
394044889 767548843 410869814 767548843
410869814 767548843 410869814 784061510
410869814 767548843 458474446 767548843
410869814 784061510 435512863 814514683
573198793 260895831 647369551 260895831
704910291 436959000 741055275 475061687
828757029 970353374 884763949 988686314
186538643 137564129 208823654 190491017
84218087 144717830 89040510 216729760
89040510 216729760 93019209 216729760
89040510 216729760 89040510 220994602
89040510 220994602 102966540 235510780
102966540 235510780 116121022 235510780
116121022 235510780 121067257 262149520
121067257 262149520 126886008 303282602
102966540 235510780 102966540 298249045
102966540 298249045 111812389 317992949
111812389 317992949 124411298 327270629
124411298 327270629 139267711 372659002
139267711 372659002 165137974 374393943
165137974 374393943 168149734 437993158
168149734 437993158 168149734 439239500
168149734 437993158 176418235 437993158
176418235 437993158 185888271 445071621
185888271 445071621 193429350 445071621
185888271 445071621 185888271 463859525
185888271 463859525 186077677 491064102
186077677 491064102 186077677 500119645
186077677 500119645 203774628 500487551
203774628 500487551 219655105 502672306
219655105 502672306 221056198 513271819
168149734 439239500 168799767 467452330
168799767 467452330 175999412 467452330
175999412 467452330 177916994 467452330
175999412 467452330 175999412 469613020
186077677 491064102 219485817 491064102
221056198 513271819 235337751 533563671
168799767 467452330 168799767 505017139
235337751 533563671 298506466 534259190
298506466 534259190 320351540 534259190
298506466 534259190 298506466 563689163
298506466 563689163 300151516 564249144
300151516 564249144 311375010 564249144
311375010 564249144 336632403 588264097
501704406 373276690 550753589 402225015
393278654 680042817 408751451 744394579
63611726 133405313 63611726 213376277
63611726 213376277 67315311 281128009
67315311 281128009 75827633 281128009
75827633 281128009 81809685 289492193
81809685 289492193 82522218 289492193
67315311 281128009 67315311 302464095
81809685 289492193 81809685 312006356
81809685 312006356 88756996 330691870
88756996 330691870 106504632 350908068
106504632 350908068 106961861 350908068
106504632 350908068 106504632 358860156
106504632 358860156 109128719 387744719
109128719 387744719 109128719 399118758
109128719 387744719 137671998 387744719
67315311 302464095 80825783 361221333
467904569 706869344 495647237 759118769
495647237 759118769 518947504 802223036
518947504 802223036 522413064 802223036
518947504 802223036 518947504 809153937
324072475 874959896 380333756 901878091
380333756 901878091 382798225 943817805
338912670 69525350 426354397 70548270
426354397 70548270 440917378 70548270
440917378 70548270 442558088 77205886
442558088 77205886 442558088 89248026
442558088 89248026 443717018 98072149
443717018 98072149 443717018 105512934
443717018 98072149 454858970 98072149
454858970 98072149 476045721 107156048
476045721 107156048 476045721 110740277
476045721 110740277 482837098 110740277
476045721 110740277 476045721 132843747
476045721 107156048 510866114 107156048
510866114 107156048 513511399 119027051
513511399 119027051 513511399 121853200
513511399 121853200 513511399 123537768
513511399 121853200 520673408 121853200
520673408 121853200 534458894 124444830
534458894 124444830 534845529 136278732
534845529 136278732 534845529 141518675
534845529 136278732 542483134 136278732
542483134 136278732 561293382 143648231
561293382 143648231 570089176 143648231
570089176 143648231 570089176 144492785
561293382 143648231 561293382 158185664
570089176 143648231 585072211 143648231
585072211 143648231 593382260 148964534
593382260 148964534 594148193 149399012
594148193 149399012 594148193 158619416
443717018 105512934 451488817 135203681
513511399 119027051 551531195 119027051
426354397 70548270 426354397 114094887
426354397 114094887 426354397 119269936
426354397 114094887 435904835 114094887
594148193 149399012 641224612 149399012
641224612 149399012 650669537 180518423
650669537 180518423 652287825 187787373
551531195 119027051 602203075 125634950
602203075 125634950 631411321 136385423
631411321 136385423 674382444 139943387
442558088 77205886 505820850 77205886
505820850 77205886 510866114 77205886
505820850 77205886 505820850 87925539
510866114 77205886 538034682 77205886
538034682 77205886 572034549 79550418
572034549 79550418 572034549 81439774
572034549 81439774 600899265 82984206
600899265 82984206 602203075 91590306
602203075 91590306 619925517 91590306
619925517 91590306 638141860 120001194
638141860 120001194 638141860 123643145
638141860 120001194 645192709 120001194
645192709 120001194 706968752 125984625
706968752 125984625 750972930 126362393
750972930 126362393 772518756 126362393
772518756 126362393 772518756 136953390
750972930 126362393 750972930 149686654
750972930 149686654 757168536 162003705
757168536 162003705 757168536 177612284
757168536 162003705 785846301 162003705
757168536 177612284 777612753 204027279
772518756 126362393 834174779 126362393
834174779 126362393 853254652 134742166
853254652 134742166 878092982 134742166
878092982 134742166 878092982 139359031
878092982 134742166 885797513 134742166
878092982 139359031 879595289 148956197
885797513 134742166 911910816 138162351
911910816 138162351 920568929 138238727
920568929 138238727 927942855 145508946
927942855 145508946 935785593 145508946
927942855 145508946 927942855 156122182
927942855 156122182 931750120 156122182
927942855 156122182 927942855 167304339
879595289 148956197 883660613 182211691
883660613 182211691 883660613 203202194
883660613 182211691 911570937 182211691
911570937 182211691 915273378 204490350
915273378 204490350 922971222 204490350
922971222 204490350 924104648 219880634
924104648 219880634 924104648 232456846
924104648 232456846 924104648 234246738
924104648 232456846 936007706 232456846
936007706 232456846 937128732 235535162
915273378 204490350 915273378 222755852
883660613 203202194 892388490 242507139
853254652 134742166 853254652 184454778
853254652 184454778 859348175 199058261
859348175 199058261 861096569 199058261
861096569 199058261 861096569 199871639
861096569 199058261 863308204 199058261
863308204 199058261 866732864 200558507
859348175 199058261 859348175 220214661
866732864 200558507 875444862 213095013
924104648 219880634 978793388 219880634
978793388 219880634 978793388 225802855
978793388 219880634 984875031 219880634
785846301 162003705 811521079 201241962
652287825 187787373 715769218 195387846
715769218 195387846 722030038 200696712
572034549 79550418 651725239 79550418
651725239 79550418 696200426 83705434
696200426 83705434 704375668 83705434
696200426 83705434 696200426 104933737
704375668 83705434 725697099 86896570
725697099 86896570 743922269 88506552
743922269 88506552 746170646 116101299
746170646 116101299 746170646 117604631
746170646 117604631 750696704 121067911
750696704 121067911 750696704 124638085
750696704 121067911 764907817 121067911
746170646 116101299 826063802 116101299
109128719 399118758 127216836 471059270
127216836 471059270 135059486 485124134
135059486 485124134 135937543 501728122
135937543 501728122 147064694 506538275
147064694 506538275 147064694 509162819
147064694 509162819 150822282 518408140
150822282 518408140 153597991 518408140
147064694 506538275 167965078 506538275
150822282 518408140 150822282 545043012
150822282 545043012 159941696 576396283
159941696 576396283 161828151 581704362
161828151 581704362 203480170 592460763
203480170 592460763 205231830 612333166
205231830 612333166 234271298 612333166
234271298 612333166 240706852 639369678
205231830 612333166 205231830 655022315
205231830 655022315 213762082 660032223
240706852 639369678 253758595 686530186
253758595 686530186 255589178 758459254
255589178 758459254 267548406 793078609
267548406 793078609 278018980 852433957
278018980 852433957 288288033 855605270
288288033 855605270 292347404 883239650
292347404 883239650 306988562 892950397
306988562 892950397 310384127 892950397
310384127 892950397 311521321 910331342
311521321 910331342 311521321 916705483
311521321 916705483 314964540 937043128
314964540 937043128 314964540 942692577
314964540 937043128 320918723 937043128
314964540 942692577 318676514 945934105
318676514 945934105 322891831 950796349
322891831 950796349 322891831 976240600
322891831 976240600 334242864 979201463
322891831 950796349 364084532 950796349
364084532 950796349 372225551 962118645
306988562 892950397 306988562 934810655
311521321 910331342 379955537 910331342
225595479 0 318350713 0
318350713 0 325312078 0
325312078 0 325312078 9228940
325312078 0 338976067 0
338976067 0 338976067 8948095
338976067 0 363622583 0
363622583 0 379118052 0
379118052 0 387185632 0
387185632 0 397014127 0
397014127 0 397014127 5259839
387185632 0 387185632 20772548
318350713 0 318350713 25540791
397014127 0 423444389 0
423444389 0 427861728 0
427861728 0 443863428 0
443863428 0 450340259 0
450340259 0 453605205 0
450340259 0 450340259 19900324
450340259 19900324 453605205 41712434
427861728 0 427861728 29730190
427861728 29730190 443863428 30443821
379118052 0 379118052 30388761
453605205 0 484518560 0
484518560 0 493917888 0
493917888 0 493917888 6601804
484518560 0 484518560 37180426
423444389 0 423444389 37401936
443863428 30443821 453063750 60078061
484518560 37180426 505820850 55242549
505820850 55242549 508475163 55242549
363622583 0 363622583 46368036
927942855 167304339 999451644 188864248
0 117906871 0 211383397
0 211383397 36436908 211383397
36436908 211383397 120420839 213067683
0 211383397 0 305719240
0 305719240 0 321224143
0 321224143 16858999 321224143
0 321224143 0 340735696
0 340735696 0 341938690
0 341938690 0 350362074
0 350362074 0 355812815
0 355812815 0 355913804
0 355812815 19986792 355812815
19986792 355812815 20014653 355913804
0 340735696 20317464 340735696
20317464 340735696 27271969 341938690
27271969 341938690 27271969 350362074
27271969 341938690 49471916 341938690
0 355913804 0 383505075
0 383505075 1333813 383505075
0 383505075 0 402158061
0 402158061 8971895 402158061
0 402158061 0 443541483
0 443541483 0 445646307
0 445646307 0 469687294
0 469687294 7906403 469687294
0 469687294 0 492107949
0 492107949 1341465 492107949
0 443541483 26865479 443541483
26865479 443541483 36591545 445646307
0 492107949 0 525674375
0 525674375 11091196 525674375
36591545 445646307 67761331 452946042
67761331 452946042 72664325 471500318
72664325 471500318 80476179 475248756
80476179 475248756 99819600 475248756
80476179 475248756 80476179 497247582
80476179 497247582 94241812 497247582
99819600 475248756 102389116 496792333
102389116 496792333 106234811 514008468
106234811 514008468 107309950 516827156
107309950 516827156 109223578 516827156
107309950 516827156 107309950 537524017
80476179 497247582 80476179 524468286
80476179 524468286 84401537 524468286
109223578 516827156 120679055 533139678
84401537 524468286 101709099 545910445
101709099 545910445 105522222 581859843
0 525674375 0 569045798
0 569045798 0 576051593
0 576051593 0 579141746
0 579141746 2669515 579141746
0 569045798 7636887 569045798
0 579141746 0 589482164
0 589482164 0 590464029
0 590464029 10917214 590464029
7636887 569045798 32029615 574174932
32029615 574174932 32029615 576051593
32029615 576051593 33077752 582672578
33077752 582672578 33077752 589482164
33077752 582672578 55012756 582672578
55012756 582672578 67155556 588821994
67155556 588821994 67155556 589871992
67155556 588821994 78193895 588821994
32029615 574174932 69610675 574174932
69610675 574174932 91293788 579892976
80476179 524468286 80476179 568009839
0 305719240 49378502 305719240
78193895 588821994 82163097 639903006
82163097 639903006 95130102 643496270
95130102 643496270 106752004 643496270
95130102 643496270 95130102 681140952
95130102 681140952 127779052 685964573
127779052 685964573 127779052 688488429
127779052 685964573 132883884 685964573
132883884 685964573 170238015 687383350
170238015 687383350 172409171 687383350
172409171 687383350 172813357 693660968
172813357 693660968 186268124 693660968
186268124 693660968 186268124 694609387
186268124 693660968 193150056 693660968
193150056 693660968 204004723 701096474
172813357 693660968 172813357 730609692
172813357 730609692 176975775 744655058
176975775 744655058 183052755 770717003
183052755 770717003 183052755 793129269
183052755 793129269 186044012 793293985
183052755 770717003 230738008 770717003
230738008 770717003 238964822 770717003
238964822 770717003 240489470 785540084
240489470 785540084 244047532 793293985
230738008 770717003 230738008 792377882
230738008 792377882 230738008 792481509
230738008 792377882 232294419 792377882
232294419 792377882 236136519 793293985
236136519 793293985 236136519 807599905
186044012 793293985 186044012 841208182
186044012 841208182 190177603 855356628
190177603 855356628 195231863 857872604
195231863 857872604 207546795 857872604
207546795 857872604 207546795 863763531
207546795 863763531 236692913 867992057
236692913 867992057 250847099 867992057
236692913 867992057 236692913 885410978
250847099 867992057 264185609 881175332
195231863 857872604 195231863 893687110
195231863 893687110 198244945 896097038
198244945 896097038 209291579 905521281
209291579 905521281 211148652 905521281
209291579 905521281 209291579 927664032
211148652 905521281 233162081 906323511
209291579 927664032 226463432 952654002
207546795 857872604 254895074 857872604
254895074 857872604 254895074 860966494
254895074 857872604 262179190 857872604
226463432 952654002 276064707 953805322
276064707 953805322 292151101 953805322
276064707 953805322 276064707 982452618
233162081 906323511 238076854 952539978
170238015 687383350 170238015 738900538
0 590464029 0 646845736
0 646845736 16960407 646845736
264185609 881175332 280501539 930962817
280501539 930962817 289723952 939218560
0 646845736 0 722856961
0 722856961 46165255 722856961
46165255 722856961 62967793 732786349
62967793 732786349 79904639 732786349
79904639 732786349 79997374 739385644
79997374 739385644 82102434 755866363
82102434 755866363 82102434 755920701
82102434 755920701 89961649 755920701
82102434 755920701 82102434 773661527
82102434 773661527 88272584 799475833
89961649 755920701 122686564 757702860
62967793 732786349 62967793 769393123
62967793 769393123 62967793 770239937
62967793 769393123 66745413 769393123
66745413 769393123 74143026 775503129
62967793 770239937 64837156 805805995
122686564 757702860 137211518 783093401
137211518 783093401 142080309 799600486
142080309 799600486 158356379 799600486
158356379 799600486 163585517 814067524
163585517 814067524 181766283 825357318
142080309 799600486 142080309 831380311
64837156 805805995 68816202 842835899
88272584 799475833 126560613 810100055
126560613 810100055 135374496 810100055
126560613 810100055 126560613 821244939
126560613 821244939 135158051 863026083
0 722856961 0 777036894
0 777036894 0 799897187
0 777036894 35932318 777036894
35932318 777036894 44627757 799897187
44627757 799897187 60075660 803366889
0 799897187 0 837290127
0 837290127 0 874617718
0 874617718 0 878799162
0 878799162 10841339 878799162
0 874617718 23607138 874617718
0 837290127 41483418 837290127
23607138 874617718 65446065 879744388
0 878799162 0 928665959
0 928665959 4626237 928665959
4626237 928665959 11704430 928665959
4626237 928665959 4626237 957564537
4626237 957564537 5390792 957564537
4626237 957564537 4626237 987734964
4626237 987734964 18997046 998824083
11704430 928665959 34872370 955028883
34872370 955028883 37281642 979399864
65446065 879744388 85345631 917622101
85345631 917622101 94079347 917622101
85345631 917622101 85345631 936116280
94079347 917622101 110277716 929884678
110277716 929884678 131251393 933724420
131251393 933724420 131251393 947067165
131251393 947067165 139704655 953245563
139704655 953245563 143922982 953245563
143922982 953245563 143922982 953469656
143922982 953469656 143922982 955732373
139704655 953245563 139704655 990771404
143922982 953469656 182862392 953469656
131251393 933724420 179449487 933724420
179449487 933724420 193152499 953245563
193152499 953245563 194873830 997291618
143922982 955732373 160880320 988559326
37281642 979399864 82322647 994376962
82102434 755866363 157258378 755866363
68816202 842835899 115425681 871576435
115425681 871576435 122557577 872173745
122557577 872173745 123221498 872173745
122557577 872173745 122557577 878464238
181766283 825357318 182237166 904953837
194873830 997291618 273986855 999260740
106752004 643496270 188645178 655125617
80825783 361221333 105379497 435331489
105379497 435331489 105397820 438204591
16960407 646845736 65854041 699067168
65854041 699067168 65854041 702114938
65854041 699067168 71743020 699067168
71743020 699067168 76890972 704150812
846903479 616875021 877812177 689175892
493917888 0 627029108 0
627029108 0 658446972 0
658446972 0 681296251 0
627029108 0 627029108 37440823
627029108 37440823 653677123 46823973
653677123 46823973 658446972 46823973
653677123 46823973 653677123 66228894
658446972 46823973 682754916 53430976
682754916 53430976 682754916 54520674
682754916 54520674 687119785 59916344
687119785 59916344 690878421 79474197
682754916 53430976 720483757 53430976
720483757 53430976 740259033 70147993
740259033 70147993 763106857 72410057
763106857 72410057 763106857 80754722
681296251 0 681296251 37869342
763106857 72410057 808232377 72410057
808232377 72410057 884031589 73965427
884031589 73965427 915865842 114807388
915865842 114807388 934042915 115033977
934042915 115033977 989471924 137074942
989471924 137074942 989471924 137526172
989471924 137074942 994310756 137074942
681296251 0 759653618 0
759653618 0 760203435 0
760203435 0 762687107 0
762687107 0 767828774 0
760203435 0 760203435 19080699
760203435 19080699 762687107 25046458
762687107 25046458 767828774 25046458
762687107 25046458 762687107 39985424
759653618 0 759653618 28448907
767828774 0 800228480 0
800228480 0 815091458 0
815091458 0 815091458 16394612
815091458 0 832346198 0
832346198 0 832346198 3721545
832346198 0 845385986 0
845385986 0 864935888 0
864935888 0 871031376 0
871031376 0 872468640 0
864935888 0 864935888 20546350
872468640 0 896965575 0
896965575 0 917141469 0
917141469 0 917141469 14036676
864935888 20546350 871031376 38996738
871031376 38996738 872250727 44045685
872250727 44045685 872468640 44045685
872468640 44045685 872556287 47309302
872556287 47309302 872556287 57175094
872556287 47309302 887951141 47309302
887951141 47309302 896965575 47309302
887951141 47309302 887951141 56576386
872250727 44045685 872250727 59951379
917141469 0 943563439 0
943563439 0 943563439 15565863
943563439 15565863 943563439 32582217
943563439 15565863 966646205 15565863
845385986 0 845385986 28117048
966646205 15565863 974219440 46463838
762687107 39985424 800228480 42226486
943563439 32582217 945349828 73447217
896965575 47309302 942610871 54610300
845385986 28117048 859827085 69596729
