1426
0 0 2529917 0
2529917 0 22216451 0
0 0 0 22569303
0 22569303 0 32197298
0 32197298 2529917 32197298
0 22569303 22216451 22569303
22216451 0 52588621 0
52588621 0 78670184 0
78670184 0 78670184 10727509
78670184 0 101729955 0
101729955 0 105665245 0
105665245 0 106175540 0
105665245 0 105665245 19356296
105665245 19356296 106175540 30092869
101729955 0 101729955 22246493
52588621 0 52588621 30191708
52588621 30191708 52692486 54724404
52692486 54724404 69492747 54724404
69492747 54724404 69492747 57059095
69492747 54724404 76656700 54724404
76656700 54724404 76853178 65563029
76853178 65563029 76853178 69790176
76853178 65563029 100792711 65563029
100792711 65563029 102176175 73983890
102176175 73983890 102176175 83686279
102176175 83686279 116070004 83686279
116070004 83686279 116363384 92208351
116363384 92208351 120377242 94858352
102176175 73983890 117052574 73983890
117052574 73983890 117052574 74624485
120377242 94858352 137398387 94858352
137398387 94858352 137398387 111777895
117052574 73983890 134546909 73983890
120377242 94858352 120377242 112787810
120377242 112787810 120377242 126173615
120377242 112787810 135623763 112787810
120377242 126173615 133448717 128504657
137398387 94858352 159559676 94858352
159559676 94858352 170561646 94858352
159559676 94858352 159559676 106929809
170561646 94858352 184191810 95111985
184191810 95111985 186295302 110905219
159559676 106929809 167836220 118463189
167836220 118463189 177461352 134026365
52692486 54724404 52692486 80592090
133448717 128504657 149402779 141835760
149402779 141835760 163633293 141835760
149402779 141835760 149402779 173594024
149402779 173594024 152826660 189741116
152826660 189741116 171517451 189741116
171517451 189741116 171517451 190700525
171517451 190700525 173435578 192157613
173435578 192157613 173435578 200017124
173435578 200017124 179880305 210959785
179880305 210959785 184015423 210959785
152826660 189741116 152826660 209408127
171517451 189741116 198036778 189741116
179880305 210959785 179880305 239006288
179880305 239006288 183577271 246596001
183577271 246596001 183577271 250840540
183577271 250840540 204235035 255082537
204235035 255082537 204235035 266365083
204235035 255082537 226832708 255082537
152826660 209408127 167451375 229165856
167451375 229165856 173610270 250840540
173610270 250840540 177246730 250840540
177246730 250840540 177246730 268315470
198036778 189741116 230236431 192157613
106175540 0 145235061 0
145235061 0 162250839 0
162250839 0 162250839 10483148
162250839 0 197868012 0
197868012 0 225523381 0
225523381 0 225523381 8464586
225523381 0 237048353 0
237048353 0 246614249 0
246614249 0 246614249 6124625
246614249 0 280423845 0
280423845 0 280423845 1479570
280423845 0 302951538 0
302951538 0 321002367 0
321002367 0 326525739 0
326525739 0 335219701 0
321002367 0 321002367 14922159
321002367 14922159 326525739 16626986
335219701 0 354632869 0
354632869 0 365721537 0
365721537 0 365721537 2297982
365721537 0 381050442 0
381050442 0 389905315 0
389905315 0 391432618 0
391432618 0 393668502 0
393668502 0 404986268 0
404986268 0 404986268 1822205
389905315 0 389905315 12277979
389905315 12277979 393668502 25470829
302951538 0 302951538 20697544
381050442 0 381050442 21195196
404986268 0 429282208 0
429282208 0 429282208 32263956
429282208 32263956 434520161 51051108
381050442 21195196 391432618 45151386
326525739 16626986 335219701 43218154
335219701 43218154 342669074 53143342
342669074 53143342 342669074 62392566
342669074 53143342 359473242 53143342
342669074 62392566 351100464 80603923
351100464 80603923 365986775 97028969
365986775 97028969 368389820 97028969
354632869 0 354632869 36202337
434520161 51051108 468947251 54276252
468947251 54276252 475623199 54276252
468947251 54276252 468947251 72599476
468947251 72599476 477400008 84774777
477400008 84774777 484710157 84774777
484710157 84774777 495949493 85820230
495949493 85820230 504509663 96792957
504509663 96792957 504509663 106481353
475623199 54276252 495200350 58336486
495200350 58336486 505271116 58336486
495200350 58336486 495200350 71336454
504509663 96792957 532705902 96792957
504509663 106481353 507815483 133309625
507815483 133309625 507815483 133466842
507815483 133309625 511949943 133309625
477400008 84774777 477400008 116649807
511949943 133309625 546453933 136665027
173610270 250840540 173610270 289930685
173610270 289930685 179887492 309971601
179887492 309971601 189908703 309971601
189908703 309971601 192346206 312050466
192346206 312050466 195705433 312050466
179887492 309971601 179887492 326043095
179887492 326043095 192346206 338065382
195705433 312050466 209890356 324494830
209890356 324494830 232621516 324857175
232621516 324857175 235851993 328231653
235851993 328231653 269869563 328231653
269869563 328231653 290142507 330021734
290142507 330021734 293797440 330021734
293797440 330021734 310399979 330068690
310399979 330068690 314621489 330068690
310399979 330068690 310399979 346505253
290142507 330021734 290142507 356093713
290142507 356093713 296166538 360947968
296166538 360947968 301564713 360947968
296166538 360947968 296166538 384554329
310399979 346505253 328414781 356887652
296166538 384554329 309292038 404423159
328414781 356887652 331632389 390302629
331632389 390302629 341199832 390302629
331632389 390302629 331632389 401738527
102176175 83686279 102176175 123219080
102176175 123219080 102176175 130286293
102176175 130286293 102378515 134518908
102176175 123219080 110052858 123219080
102378515 134518908 110607506 134518908
102378515 134518908 102378515 144265056
102378515 144265056 103417192 148956530
331632389 401738527 335471761 439039357
335471761 439039357 335471761 441793230
335471761 441793230 335471761 464200214
335471761 464200214 335944696 464200214
335471761 464200214 335471761 493632694
335471761 493632694 336198078 516351553
336198078 516351553 336198078 530124265
336198078 516351553 355401340 516351553
335471761 439039357 374242875 439039357
374242875 439039357 399186797 441793230
399186797 441793230 401882188 445659573
401882188 445659573 413745010 463017196
413745010 463017196 431820972 463017196
413745010 463017196 413745010 494214723
431820972 463017196 446924406 481408732
446924406 481408732 446924406 490729216
192346206 338065382 202721996 368918011
202721996 368918011 203279905 373849163
203279905 373849163 203279905 376490763
203279905 376490763 216018722 376490763
203279905 373849163 235851993 373849163
235851993 373849163 244150646 395084976
244150646 395084976 247051785 409456235
247051785 409456235 253612298 417402949
253612298 417402949 253612298 428459793
253612298 417402949 283647262 417402949
446924406 481408732 489236223 481408732
489236223 481408732 494335955 493213208
494335955 493213208 513734644 493213208
513734644 493213208 521932827 500330047
521932827 500330047 534892069 500330047
521932827 500330047 521932827 513610200
534892069 500330047 555605469 504417374
555605469 504417374 558843826 504417374
555605469 504417374 555605469 521248071
494335955 493213208 494335955 523603204
494335955 523603204 494426442 536039382
555605469 521248071 565720415 543094098
565720415 543094098 565720415 552739826
565720415 552739826 569831545 552739826
565720415 552739826 565720415 557941379
565720415 557941379 571935591 561825315
571935591 561825315 584199812 564409207
565720415 543094098 591990455 543094098
521932827 513610200 529836970 546623132
529836970 546623132 533156868 566309556
533156868 566309556 564108858 570229726
494426442 536039382 500227549 571289948
391432618 45151386 396679543 83544997
183577271 246596001 227911096 246596001
227911096 246596001 237434231 253376947
145235061 0 145235061 45264063
365986775 97028969 365986775 142387897
564108858 570229726 567727998 612664435
567727998 612664435 574625169 629572234
574625169 629572234 579600823 653525516
579600823 653525516 601464456 655207179
601464456 655207179 608329401 655207179
584199812 564409207 591738194 603991645
591738194 603991645 632145349 606575779
632145349 606575779 643657429 609813861
643657429 609813861 643657429 629056953
643657429 629056953 650866110 629056953
643657429 629056953 643657429 639734440
643657429 609813861 669942328 609813861
669942328 609813861 669942328 611220325
669942328 609813861 679689795 609813861
669942328 611220325 674182183 635508291
674182183 635508291 687672170 638464821
687672170 638464821 697813702 638464821
500227549 571289948 506992169 612367555
506992169 612367555 546542642 612664435
546542642 612664435 546542642 620632344
546542642 620632344 560173435 629572234
560173435 629572234 560173435 643450688
365986775 142387897 403697354 152865670
403697354 152865670 404253850 170958834
404253850 170958834 434725005 174155588
434725005 174155588 446529605 174155588
446529605 174155588 449836022 174155588
446529605 174155588 446529605 194039011
434725005 174155588 434725005 205021356
449836022 174155588 494273982 175381322
494273982 175381322 502383239 179609832
502383239 179609832 508149799 183949136
508149799 183949136 508149799 219675885
508149799 219675885 516523042 223354366
516523042 223354366 517918257 243677704
517918257 243677704 517918257 245992981
517918257 243677704 524073558 243677704
508149799 183949136 545286497 183949136
545286497 183949136 567635640 194278252
567635640 194278252 576338490 194278252
576338490 194278252 583847491 195525697
583847491 195525697 583847491 207189963
567635640 194278252 567635640 219553476
583847491 207189963 597183221 221767075
597183221 221767075 607984572 221767075
607984572 221767075 613773297 224865171
613773297 224865171 624972133 227143045
624972133 227143045 624972133 238489445
624972133 238489445 625120379 239708992
625120379 239708992 626234264 239708992
624972133 227143045 653920379 227143045
625120379 239708992 625120379 270142744
625120379 270142744 625917525 270142744
625917525 270142744 631961802 276809613
631961802 276809613 631961802 279575055
625120379 270142744 625120379 287024309
631961802 276809613 652454338 276809613
652454338 276809613 661700352 289496809
661700352 289496809 674368943 289496809
661700352 289496809 661700352 306535056
661700352 306535056 672544793 323177498
672544793 323177498 672544793 332683766
672544793 332683766 672646932 332683766
672544793 323177498 688983209 323177498
672544793 332683766 672544793 360741005
674368943 289496809 699483344 300083777
699483344 300083777 722013084 305414293
722013084 305414293 728075141 317330501
688983209 323177498 698542062 352050128
698542062 352050128 707507186 357614214
707507186 357614214 726854733 363954799
726854733 363954799 733780955 363954799
726854733 363954799 726854733 383259622
726854733 383259622 727943034 385902384
727943034 385902384 748336387 385902384
727943034 385902384 727943034 421030039
727943034 421030039 731135500 431073465
731135500 431073465 731135500 432876157
731135500 431073465 748365590 431073465
748365590 431073465 762007382 439122602
762007382 439122602 762007382 463899188
762007382 463899188 762007382 464057848
762007382 463899188 764552131 463899188
764552131 463899188 765436594 464982733
765436594 464982733 770944237 464982733
765436594 464982733 765436594 473070920
770944237 464982733 780038421 472269345
780038421 472269345 785724600 475318925
785724600 475318925 804717651 475615415
762007382 439122602 793618558 439122602
765436594 473070920 768172097 506195178
768172097 506195178 771841261 512420300
804717651 475615415 826978535 489486724
826978535 489486724 827825086 489486724
826978535 489486724 826978535 507965977
826978535 507965977 840229566 510785448
840229566 510785448 840229566 515518308
840229566 510785448 845486257 510785448
840229566 515518308 843235667 526405662
843235667 526405662 843235667 527415846
843235667 526405662 867181209 526405662
843235667 527415846 853226507 543708866
853226507 543708866 863296868 559576582
863296868 559576582 876625333 559576582
876625333 559576582 876625333 562754275
876625333 559576582 880403025 559576582
863296868 559576582 863296868 592682157
863296868 592682157 874694489 592829167
874694489 592829167 875487411 605019555
875487411 605019555 875487411 606808776
875487411 605019555 895823646 605019555
895823646 605019555 903851198 610404301
903851198 610404301 909295443 610404301
909295443 610404301 910761391 616478395
910761391 616478395 911422600 621154436
911422600 621154436 911422600 632221070
903851198 610404301 903851198 622107200
911422600 632221070 923396320 632221070
911422600 632221070 911422600 645013447
911422600 621154436 943744797 621154436
943744797 621154436 979267294 621154436
943744797 621154436 943744797 656728991
943744797 656728991 949495040 665766633
949495040 665766633 949495040 675653813
949495040 665766633 964009035 665766633
875487411 606808776 881005125 639937709
881005125 639937709 887818550 667606004
887818550 667606004 887818550 674629344
887818550 667606004 899382636 667606004
899382636 667606004 904763354 684458497
904763354 684458497 928453498 690500216
928453498 690500216 928751683 693230190
672646932 332683766 685045919 360565941
845486257 510785448 876223746 520534219
949495040 675653813 957827238 709778968
957827238 709778968 961188921 740768646
961188921 740768646 994135396 750482676
994135396 750482676 999408451 772521833
583847491 195525697 628281736 195525697
628281736 195525697 631852849 195525697
628281736 195525697 628281736 204276258
631852849 195525697 661501409 201570296
661501409 201570296 665401037 201570296
661501409 201570296 661501409 213919537
661501409 213919537 696310022 220587324
696310022 220587324 698090589 225260704
698090589 225260704 706722080 225260704
698090589 225260704 698090589 242158090
625120379 287024309 626384733 332086713
429282208 0 477546857 0
964009035 665766633 987383503 690708438
197868012 0 197868012 48447557
477546857 0 477546857 49136222
226832708 255082537 230436474 300935160
230436474 300935160 232621516 307691937
232621516 307691937 280513197 307691937
280513197 307691937 311907302 308991747
311907302 308991747 316295859 308991747
311907302 308991747 311907302 325534375
0 32197298 0 82125695
0 82125695 0 100364566
0 100364566 0 119553462
0 119553462 6234354 119553462
0 119553462 0 138077041
0 138077041 0 146483800
0 146483800 6201284 146483800
0 146483800 0 154356422
0 82125695 27162721 82125695
27162721 82125695 32904527 100364566
0 138077041 35185164 138077041
35185164 138077041 38667582 154356422
38667582 154356422 57658143 154402008
57658143 154402008 70572411 154402008
70572411 154402008 80307603 154402008
70572411 154402008 70572411 167031085
70572411 167031085 71918456 172768490
57658143 154402008 57658143 182697030
71918456 172768490 72128747 211653262
72128747 211653262 81347490 211653262
72128747 211653262 72128747 231814035
72128747 231814035 81389902 234131620
81389902 234131620 105596695 234131620
81389902 234131620 81389902 283033950
81389902 283033950 112335596 297523672
112335596 297523672 122459344 306144144
122459344 306144144 158377171 306144144
158377171 306144144 170637385 326043095
170637385 326043095 170637385 358335699
170637385 358335699 181158784 375718434
181158784 375718434 184398355 380708685
771841261 512420300 789930615 544285144
597183221 221767075 597183221 271949094
597183221 271949094 608368257 296441130
728075141 317330501 770853146 326865766
770853146 326865766 770853146 327938919
770853146 326865766 786009957 326865766
786009957 326865766 788623663 333565254
788623663 333565254 818134611 343032660
818134611 343032660 818134611 356563438
818134611 356563438 818134611 359380504
818134611 356563438 826941581 356563438
818134611 343032660 834082553 343032660
834082553 343032660 834082553 347634942
834082553 343032660 843978076 343032660
818134611 359380504 819702407 394283532
819702407 394283532 830637421 394283532
819702407 394283532 819702407 414424149
830637421 394283532 849078178 406717597
105596695 234131620 145304317 246750959
477546857 0 529888424 0
529888424 0 544558747 0
544558747 0 559528142 0
559528142 0 559528142 30925491
559528142 30925491 564246645 57734312
564246645 57734312 564246645 66096536
564246645 66096536 571620004 67294548
571620004 67294548 590817468 67294548
564246645 57734312 587411470 57734312
590817468 67294548 602236499 83788378
602236499 83788378 606870350 83788378
606870350 83788378 625087712 85808038
625087712 85808038 634033424 85808038
625087712 85808038 625087712 98958350
625087712 98958350 625087712 99351299
625087712 98958350 633528646 98958350
633528646 98958350 639008602 119423161
639008602 119423161 639008602 119997299
602236499 83788378 602236499 113987732
639008602 119997299 643581653 151131961
643581653 151131961 659154961 151131961
643581653 151131961 643581653 168160704
643581653 168160704 659049412 172953518
659049412 172953518 661501409 180518282
661501409 180518282 669001681 180518282
544558747 0 544558747 36261645
544558747 36261645 551018786 51485349
529888424 0 529888424 38305378
659154961 151131961 689172997 160257060
689172997 160257060 689172997 171091555
689172997 171091555 706979229 172919298
706979229 172919298 717206359 172919298
717206359 172919298 717206359 179837503
717206359 172919298 730842556 172919298
706979229 172919298 706979229 196790723
689172997 160257060 725476435 160257060
639008602 119423161 682753901 119423161
730842556 172919298 756635332 191692835
756635332 191692835 766269047 197019480
571620004 67294548 571620004 114957021
571620004 114957021 580617618 119634608
706979229 196790723 749562428 204085724
819702407 414424149 841982537 444863953
841982537 444863953 852836624 466719903
852836624 466719903 887600550 481285054
887600550 481285054 904152189 484709462
904152189 484709462 904152189 493474756
904152189 493474756 917604528 494389022
904152189 484709462 921638404 484709462
921638404 484709462 927279273 488357936
927279273 488357936 940220505 488357936
940220505 488357936 944216776 488357936
940220505 488357936 940220505 494389022
940220505 494389022 950712755 519591844
950712755 519591844 967051526 543099174
967051526 543099174 983992743 555408123
983992743 555408123 991504411 555408123
983992743 555408123 983992743 564463452
983992743 564463452 996536530 595337160
917604528 494389022 917604528 542725001
917604528 542725001 939238107 570176614
939238107 570176614 945527560 570176614
939238107 570176614 939238107 603405978
106175540 30092869 130291814 58766831
601464456 655207179 601464456 708150541
927279273 488357936 927279273 541378811
731135500 432876157 743361301 473760203
743361301 473760203 753147688 513838558
753147688 513838558 759718338 542321717
759718338 542321717 775571581 573120754
775571581 573120754 778285425 575946047
778285425 575946047 782290597 584028222
782290597 584028222 789916004 588840760
789916004 588840760 805682363 588840760
789916004 588840760 789916004 611845675
698090589 242158090 736947010 256478524
736947010 256478524 756653940 257552366
756653940 257552366 762081817 257552366
756653940 257552366 756653940 275245330
756653940 275245330 765357348 286418708
765357348 286418708 765357348 297300654
765357348 286418708 790670220 286418708
790670220 286418708 815875280 307545047
815875280 307545047 851304951 308483003
851304951 308483003 867562350 331562422
867562350 331562422 901351736 340354645
901351736 340354645 919804713 340354645
919804713 340354645 919804713 367474983
919804713 367474983 920291796 374040038
920291796 374040038 920291796 381964971
920291796 381964971 943766844 388900156
943766844 388900156 949315154 413257800
949315154 413257800 957245807 413257800
949315154 413257800 949315154 421582930
949315154 421582930 957642360 441444055
957642360 441444055 957642360 444768637
957642360 444768637 959174937 448072764
901351736 340354645 901351736 374065277
919804713 340354645 954868418 340354645
957642360 441444055 995509536 441444055
901351736 374065277 902013714 419793002
902013714 419793002 919536268 421582930
919536268 421582930 919536268 426723681
919536268 426723681 926856547 426723681
919536268 426723681 919536268 455951988
959174937 448072764 988328027 467509232
988328027 467509232 992894501 481257410
954868418 340354645 970007941 374040038
970007941 374040038 994619412 375889761
203279905 376490763 203279905 429677432
197868012 48447557 217161858 83238361
217161858 83238361 219352193 85659013
396679543 83544997 405194819 129284914
405194819 129284914 420518367 130504360
420518367 130504360 455249118 142549810
455249118 142549810 456384725 142549810
455249118 142549810 455249118 150585119
591990455 543094098 642457193 547529785
919536268 455951988 954708499 476790742
685045919 360565941 692442171 410294457
692442171 410294457 694840567 459205758
694840567 459205758 703591802 459205758
703591802 459205758 713033904 461513068
694840567 459205758 694840567 471062280
694840567 471062280 696299201 488358373
696299201 488358373 700935675 488358373
696299201 488358373 696299201 515247181
696299201 515247181 697762466 515247181
696299201 515247181 696299201 520563761
700935675 488358373 722761474 503438547
355401340 516351553 387600098 541351398
387600098 541351398 404642680 563286036
404642680 563286036 410963651 564555696
410963651 564555696 415168384 564555696
415168384 564555696 415443596 564555696
415168384 564555696 415168384 571573926
410963651 564555696 410963651 586600434
410963651 586600434 414886079 586731586
414886079 586731586 446567216 586731586
446567216 586731586 469869466 586731586
469869466 586731586 470457041 589340124
470457041 589340124 486747209 589830677
486747209 589830677 489370030 590262427
489370030 590262427 489370030 594010354
489370030 590262427 499445076 590262427
446567216 586731586 446567216 619294538
414886079 586731586 414886079 628368365
414886079 628368365 415412353 629270360
415412353 629270360 417010214 646308190
417010214 646308190 429291405 659922541
429291405 659922541 448988926 659922541
448988926 659922541 482781872 660975243
482781872 660975243 487023671 660975243
487023671 660975243 489515819 670540066
482781872 660975243 482781872 674268198
489515819 670540066 494820902 686901494
429291405 659922541 429291405 698546028
429291405 698546028 431282355 703704149
431282355 703704149 451015877 703704149
451015877 703704149 455206436 703704149
451015877 703704149 451015877 713623644
455206436 703704149 476690674 709294211
431282355 703704149 431282355 737859891
431282355 737859891 443052868 750647853
443052868 750647853 454145808 753278029
476690674 709294211 511689581 719870188
511689581 719870188 513674972 719870188
511689581 719870188 511689581 744080784
511689581 744080784 513392802 746355912
513392802 746355912 513392802 765692814
513392802 765692814 538178323 765692814
538178323 765692814 555042779 772976744
555042779 772976744 555042779 786149043
513392802 765692814 513392802 799682307
555042779 772976744 601604797 772976744
601604797 772976744 601604797 782554524
601604797 772976744 611547895 772976744
611547895 772976744 619281547 782099392
619281547 782099392 624691455 812082297
624691455 812082297 627178022 812570695
627178022 812570695 647311244 819054973
647311244 819054973 657909905 819054973
647311244 819054973 647311244 848046041
657909905 819054973 670210022 837006316
670210022 837006316 685159123 846883677
685159123 846883677 691956980 846883677
685159123 846883677 685159123 872431377
685159123 872431377 686148767 890960634
686148767 890960634 696838657 890960634
696838657 890960634 696887451 890960634
696838657 890960634 696838657 908216612
696838657 908216612 701141693 913910638
686148767 890960634 686148767 913063376
686148767 913063376 693649665 913063376
686148767 913063376 686148767 927787955
701141693 913910638 711118581 939144123
711118581 939144123 711118581 939271237
711118581 939144123 726439344 939144123
726439344 939144123 729771929 949846892
729771929 949846892 735345926 962204143
735345926 962204143 739698272 969640671
739698272 969640671 747303619 969640671
739698272 969640671 739698272 982415472
739698272 982415472 744023906 982415472
739698272 982415472 739698272 990083294
744023906 982415472 752198392 986873172
739698272 990083294 751434201 994342933
747303619 969640671 752198392 981186065
711118581 939271237 718703112 949846892
718703112 949846892 718703112 954527334
752198392 986873172 771653898 987632376
771653898 987632376 784107546 988954931
784107546 988954931 784107546 995015204
784107546 988954931 800881385 988954931
691956980 846883677 727885526 848317446
727885526 848317446 731741990 873733056
731741990 873733056 745484653 887172637
745484653 887172637 746190145 887172637
745484653 887172637 745484653 907348137
745484653 907348137 756992770 924225566
756992770 924225566 756992770 936088017
756992770 924225566 777229955 924225566
777229955 924225566 778847527 924225566
777229955 924225566 777229955 937284656
746190145 887172637 777162701 891348114
778847527 924225566 818826092 933329913
818826092 933329913 828182254 958919443
454145808 753278029 492475198 765445485
752198392 981186065 802998424 981186065
777162701 891348114 829715564 894886023
829715564 894886023 833154213 901301243
833154213 901301243 833154213 907752366
833154213 907752366 833154213 918782403
833154213 907752366 850333649 907752366
850333649 907752366 863424848 920813669
863424848 920813669 863424848 925547561
863424848 920813669 886964371 920813669
886964371 920813669 917602226 932377880
917602226 932377880 926607589 940666360
926607589 940666360 926607589 955082318
926607589 940666360 955161453 940666360
955161453 940666360 955161453 950832772
926607589 955082318 947592755 970995879
955161453 940666360 994021212 940666360
833154213 901301243 875725532 901301243
875725532 901301243 876682147 902706538
876682147 902706538 876682147 906105739
876682147 902706538 897319344 902706538
748336387 385902384 781256631 410524688
828182254 958919443 857967337 986680232
679689795 609813861 725011083 622155367
725011083 622155367 745663496 631226789
745663496 631226789 754767691 631226789
754767691 631226789 756575155 631226789
754767691 631226789 754767691 638134020
745663496 631226789 745663496 655373807
745663496 655373807 748941875 655373807
748941875 655373807 753743673 655602434
745663496 655373807 745663496 672182222
753743673 655602434 779284076 655602434
779284076 655602434 779284076 656374853
779284076 656374853 783799998 681087369
783799998 681087369 807776745 681087369
807776745 681087369 818267653 682496272
818267653 682496272 822524015 682496272
822524015 682496272 822524015 689276699
818267653 682496272 818267653 709867385
783799998 681087369 783799998 712327087
822524015 682496272 865410551 682496272
865410551 682496272 871104860 718493114
871104860 718493114 875531035 718493114
875531035 718493114 886321528 728206270
886321528 728206270 891824368 743267430
871104860 718493114 871104860 748153983
871104860 748153983 871390060 762166763
891824368 743267430 891824368 774968255
891824368 743267430 924710959 743267430
871390060 762166763 874292110 794098979
874292110 794098979 882825825 794098979
874292110 794098979 874292110 830632335
882825825 794098979 920714956 798041580
920714956 798041580 920714956 804491853
920714956 798041580 944980793 798041580
920714956 804491853 921310822 853527582
921310822 853527582 953105009 857642271
745663496 672182222 753743673 717331655
753743673 717331655 762289252 726250868
783799998 712327087 798716093 752711596
798716093 752711596 813632755 779879473
336198078 530124265 348428613 575601925
348428613 575601925 357022822 596106233
357022822 596106233 359237814 596106233
357022822 596106233 357022822 628397244
359237814 596106233 391027483 597471340
357022822 628397244 385776189 653752385
385776189 653752385 389862479 664793481
389862479 664793481 389862479 668473422
389862479 664793481 394479686 664793481
394479686 664793481 408378072 706791828
408378072 706791828 427454531 734959796
427454531 734959796 429007134 734959796
427454531 734959796 427454531 743093352
309292038 404423159 330644064 441028147
368389820 97028969 381680998 141971731
601464456 708150541 618943803 749003837
618943803 749003837 619281547 756008698
619281547 756008698 634357629 756008698
634357629 756008698 634393591 760340338
634393591 760340338 634393591 761556609
634393591 760340338 651992128 760340338
651992128 760340338 677246936 773589975
677246936 773589975 677246936 786235258
677246936 773589975 699696411 773589975
677246936 786235258 685963854 805304239
699696411 773589975 743072960 785660398
743072960 785660398 747937486 822296305
747937486 822296305 747937486 825383895
747937486 822296305 761685863 822296305
761685863 822296305 785804939 853704688
785804939 853704688 810413681 863322968
810413681 863322968 810413681 871257347
810413681 863322968 829544593 863322968
829544593 863322968 829715564 865649589
829715564 865649589 839464223 865649589
839464223 865649589 873280649 877597048
873280649 877597048 873280649 888324555
873280649 888324555 875725532 888324555
873280649 888324555 873280649 894257100
875725532 888324555 886776276 888324555
886776276 888324555 889473405 888324555
886776276 888324555 886776276 892287813
886776276 892287813 908987822 897795144
873280649 877597048 908541816 877597048
908541816 877597048 908900586 877597048
908541816 877597048 908541816 885229485
697813702 638464821 712259198 682365653
145235061 45264063 192263988 56919564
567635640 219553476 570926521 275065575
570926521 275065575 585998187 296441130
585998187 296441130 585998187 297117924
863424848 925547561 869907350 978457572
687672170 638464821 687672170 698099760
687672170 698099760 693409636 702189579
693409636 702189579 703657810 726262889
703657810 726262889 715300872 754096556
849078178 406717597 896712147 419793002
896712147 419793002 896712147 424892099
184015423 210959785 227434367 228548957
642457193 547529785 675529934 576035692
675529934 576035692 697155967 600314572
697155967 600314572 730530587 603475017
730530587 603475017 737539597 606043887
737539597 606043887 755436938 609135809
314621489 330068690 376676729 331299060
376676729 331299060 376676729 332226366
376676729 331299060 378666959 331299060
378666959 331299060 384948497 332376731
384948497 332376731 405091541 332376731
384948497 332376731 384948497 364565093
384948497 364565093 399932170 370788498
399932170 370788498 402723662 383044450
402723662 383044450 406373003 395104575
406373003 395104575 409422690 395104575
409422690 395104575 410287925 402957601
410287925 402957601 414245492 402957601
410287925 402957601 410287925 410376464
410287925 410376464 429451609 415241607
429451609 415241607 431820972 416942264
431820972 416942264 431820972 423453167
431820972 423453167 436719658 423453167
436719658 423453167 443494294 425769163
431820972 416942264 448995575 416942264
406373003 395104575 406373003 433713260
443494294 425769163 490383383 433838241
490383383 433838241 494303792 433838241
490383383 433838241 490383383 444186444
494303792 433838241 503871340 435512169
503871340 435512169 517092228 435512169
503871340 435512169 503871340 460980191
503871340 460980191 513734644 463845960
513734644 463845960 531233851 463845960
531233851 463845960 534892069 473770050
534892069 473770050 541446386 473770050
517092228 435512169 562309782 439243983
562309782 439243983 579333009 464952365
579333009 464952365 583415959 466175670
583415959 466175670 604648698 469747492
513392802 799682307 531367527 845458249
531367527 845458249 531367527 846118311
531367527 845458249 542890988 845458249
542890988 845458249 544014430 885971735
544014430 885971735 562775885 886435798
562775885 886435798 566086148 886435798
566086148 886435798 566086148 886618662
562775885 886435798 562775885 897402706
562775885 897402706 578629410 903104528
578629410 903104528 578629410 921676374
578629410 903104528 607730234 903104528
607730234 903104528 609491156 909136716
609491156 909136716 609491156 917641249
609491156 909136716 620558266 909136716
620558266 909136716 620558266 911718239
609491156 917641249 612045017 927221279
612045017 927221279 612718313 927221279
612718313 927221279 623084574 931237075
623084574 931237075 625168465 943216613
620558266 911718239 633475889 916232292
612045017 927221279 612045017 945792022
625168465 943216613 650254099 944341381
620558266 909136716 657272307 909136716
578629410 921676374 582200410 960959231
582200410 960959231 582200410 962880264
582200410 960959231 606720083 960959231
566086148 886435798 618212804 886435798
618212804 886435798 640740862 888783129
779284076 655602434 844030263 655602434
585998187 297117924 587690772 360392205
587690772 360392205 588217067 364166035
588217067 364166035 595242980 364166035
588217067 364166035 588217067 393710407
588217067 393710407 607891942 416191659
595242980 364166035 626107300 387191737
626107300 387191737 649965662 392597584
649965662 392597584 666461402 419342756
766269047 197019480 797509925 230917321
797509925 230917321 802785803 233307932
802785803 233307932 802785803 246551679
802785803 246551679 807167139 247694152
807167139 247694152 807167139 255144825
807167139 247694152 831805111 247694152
831805111 247694152 832920491 247694152
831805111 247694152 831805111 254510374
802785803 233307932 843758599 233307932
831805111 254510374 865808999 264265134
865808999 264265134 865808999 273038998
865808999 273038998 870608086 273394261
865808999 264265134 885793450 264265134
885793450 264265134 910153324 269735812
910153324 269735812 940826732 269735812
940826732 269735812 961482766 276566489
961482766 276566489 961801679 276566489
961482766 276566489 961482766 302557131
961482766 302557131 970239024 317767190
970239024 317767190 972074515 317767190
970239024 317767190 970239024 327141960
910153324 269735812 910153324 307605343
832920491 247694152 890418785 252512347
890418785 252512347 933484713 263525676
427454531 743093352 438541477 797413487
438541477 797413487 471126772 801842828
471126772 801842828 473169582 861028623
473169582 861028623 475540962 875429087
475540962 875429087 475540962 881615058
475540962 881615058 477269584 881615058
477269584 881615058 479458397 887286407
475540962 875429087 490668903 875429087
479458397 887286407 489900572 892259007
490668903 875429087 522153738 878158985
475540962 881615058 475540962 917748230
475540962 917748230 488779908 963326728
488779908 963326728 488779908 975665637
488779908 963326728 512202203 963326728
512202203 963326728 513773998 973510494
513773998 973510494 513773998 984618336
513773998 973510494 532376966 973510494
944980793 798041580 983748165 824817890
983748165 824817890 993227300 824817890
983748165 824817890 983748165 850753848
103417192 148956530 108930939 209771349
192263988 56919564 241632450 73945756
241632450 73945756 262052560 77330848
262052560 77330848 273448728 77330848
273448728 77330848 290008259 108337041
290008259 108337041 290008259 117344000
290008259 108337041 305499150 108337041
305499150 108337041 321349812 109975539
321349812 109975539 339298393 144545439
339298393 144545439 341697155 145227912
341697155 145227912 358197164 145227912
341697155 145227912 341697155 182262834
341697155 182262834 367883404 208683732
367883404 208683732 367883404 217142459
367883404 208683732 377030366 208683732
377030366 208683732 387758142 225665839
387758142 225665839 402479588 269076480
402479588 269076480 421264409 269076480
402479588 269076480 402479588 297366857
402479588 297366857 407120849 308112648
407120849 308112648 407120849 310476568
407120849 310476568 421837939 312793683
421837939 312793683 462378342 313372761
462378342 313372761 484508020 352549913
484508020 352549913 484918892 366156857
484918892 366156857 491961816 366156857
484918892 366156857 484918892 378516915
484918892 378516915 485019968 392802490
485019968 392802490 485019968 414621001
485019968 392802490 521482832 392802490
521482832 392802490 521482832 406521909
521482832 392802490 538281193 392802490
538281193 392802490 538667704 404553023
538667704 404553023 538667704 405572508
538667704 404553023 544733462 404553023
538667704 405572508 539479020 433011651
491961816 366156857 545450405 368074345
545450405 368074345 565636384 368680661
262052560 77330848 262052560 143087376
262052560 143087376 265274759 154024631
265274759 154024631 272378673 154024631
265274759 154024631 265274759 178638099
265274759 178638099 302858592 190210317
302858592 190210317 315885751 190210317
302858592 190210317 302858592 211952716
302858592 211952716 309224430 243455882
309224430 243455882 309224430 251015238
309224430 243455882 318898387 243455882
318898387 243455882 319140123 249217171
319140123 249217171 322367487 249217171
319140123 249217171 319140123 270215603
322367487 249217171 348438818 264494488
319140123 270215603 333825049 298279174
177461352 134026365 215720226 162386516
215720226 162386516 217031617 162386516
215720226 162386516 215720226 173200578
843978076 343032660 860890283 393368995
653920379 227143045 689670705 258967977
122459344 306144144 122459344 374571482
415168384 571573926 473255510 582597626
0 154356422 0 223694680
0 223694680 0 230365497
0 230365497 3820937 230365497
0 230365497 0 243160030
0 243160030 0 257247379
0 257247379 4073580 257247379
0 257247379 0 267560305
0 267560305 0 279998776
0 279998776 0 298789910
0 298789910 1220990 298789910
0 298789910 0 315742686
0 315742686 17595126 315742686
0 267560305 20992628 267560305
0 243160030 27683267 243160030
0 315742686 0 349328396
0 349328396 0 357100466
0 357100466 0 359627493
0 357100466 20570076 357100466
20570076 357100466 24784402 359627493
0 359627493 0 392343073
0 392343073 0 397607689
0 397607689 5113756 397607689
0 397607689 0 418312663
0 418312663 6935301 418312663
0 418312663 0 437006820
0 392343073 26009253 392343073
0 437006820 28646292 437006820
0 437006820 0 473289163
0 473289163 0 473719132
0 473719132 0 480649017
0 480649017 0 488797766
0 488797766 0 498979053
0 498979053 0 516173313
0 516173313 0 527383265
0 527383265 1948973 527383265
0 527383265 0 536427868
0 536427868 8649232 536427868
0 536427868 0 547884830
0 547884830 0 548605010
0 547884830 1693190 547884830
0 548605010 0 560258796
0 560258796 0 562005893
0 562005893 2761536 562005893
0 562005893 0 565597958
0 565597958 1076361 565597958
0 565597958 0 567335722
0 567335722 1847909 567335722
0 567335722 0 569930049
0 569930049 5134834 569930049
0 516173313 22251026 516173313
0 488797766 27160540 488797766
0 473289163 30970508 473289163
30970508 473289163 31167051 473719132
31167051 473719132 31167051 480649017
31167051 473719132 38286572 473719132
0 560258796 31190578 560258796
27160540 488797766 48438963 498979053
38286572 473719132 67533053 476977593
1693190 547884830 33651114 548605010
31190578 560258796 53789174 570878816
53789174 570878816 65096766 570878816
53789174 570878816 53789174 583871417
0 569930049 0 608668461
0 608668461 22001157 608668461
0 608668461 0 638027223
0 638027223 16296808 638027223
0 638027223 0 659578032
0 659578032 0 680225429
0 680225429 12867101 680225429
0 659578032 35121609 659578032
0 349328396 39320416 349328396
48438963 498979053 76942249 511880295
76942249 511880295 76977955 511880295
76942249 511880295 76942249 533265724
76942249 533265724 95912830 541710023
53789174 583871417 94669337 590430122
94669337 590430122 104879385 601157203
104879385 601157203 104879385 623040753
104879385 623040753 110348061 623040753
104879385 623040753 104879385 642063014
110348061 623040753 137462691 623982412
137462691 623982412 142989137 634009627
142989137 634009627 147901661 634009627
142989137 634009627 142989137 643844272
142989137 643844272 149316976 648479589
149316976 648479589 149316976 650230118
149316976 650230118 157265462 651233011
157265462 651233011 167793011 651233011
167793011 651233011 167793011 657525949
167793011 651233011 178255876 651233011
178255876 651233011 181523626 654037171
167793011 657525949 173298558 671065775
173298558 671065775 185836392 681084901
185836392 681084901 199332695 682782183
199332695 682782183 199332695 691972876
199332695 682782183 230340758 682782183
230340758 682782183 237929322 691790307
237929322 691790307 258243017 691790307
258243017 691790307 282193582 695862952
282193582 695862952 282193582 696221437
282193582 695862952 303162362 695862952
237929322 691790307 237929322 721719153
237929322 721719153 256355236 729292797
256355236 729292797 257067297 731792496
257067297 731792496 257067297 736926267
257067297 736926267 269085755 736926267
257067297 731792496 285028740 731792496
285028740 731792496 301038537 736112705
301038537 736112705 301038537 741985748
301038537 736112705 314336865 736112705
257067297 736926267 257067297 768363220
149316976 648479589 180765679 648479589
301038537 741985748 301636647 776189964
314336865 736112705 321610414 764840644
301636647 776189964 307534642 806402824
307534642 806402824 307534642 808630347
307534642 806402824 320531727 806402824
307534642 808630347 310725209 824476079
310725209 824476079 324593635 832647280
157265462 651233011 157265462 687596792
320531727 806402824 360297822 810223089
360297822 810223089 364453414 817279278
364453414 817279278 366294028 832238439
366294028 832238439 402119670 832238439
402119670 832238439 402119670 838395345
402119670 832238439 413319960 832238439
366294028 832238439 366294028 869660286
366294028 869660286 366294028 872628503
366294028 872628503 372192181 873569636
372192181 873569636 375733800 873569636
375733800 873569636 378476643 882533839
378476643 882533839 378476643 895254590
366294028 869660286 381928740 869660286
372192181 873569636 372192181 895563350
378476643 882533839 401643059 882533839
378476643 895254590 379606972 926546811
104879385 601157203 149800651 601157203
149800651 601157203 149800651 603155104
149800651 601157203 154269601 601157203
149800651 603155104 151559013 614111957
151559013 614111957 151559013 615068375
151559013 614111957 160758590 614111957
160758590 614111957 162235114 624356667
257067297 768363220 277559473 793892734
0 223694680 49656887 223694680
0 680225429 0 733129664
0 733129664 0 753355239
0 753355239 13066089 753355239
0 753355239 0 772719903
0 772719903 1576485 772719903
0 772719903 0 779038058
0 779038058 0 802183108
0 802183108 21940783 802183108
0 779038058 31126410 779038058
0 802183108 0 833999303
0 833999303 0 834028999
0 834028999 0 850396069
0 834028999 23420335 834028999
0 833999303 24953985 833999303
24953985 833999303 36287218 834015847
36287218 834015847 36287218 850396069
36287218 850396069 54525856 853851652
36287218 834015847 60955810 834015847
60955810 834015847 63897908 834015847
63897908 834015847 74508939 836977093
74508939 836977093 74508939 847483966
60955810 834015847 60955810 848477132
74508939 836977093 111676837 836977093
0 733129664 39260972 733129664
39260972 733129664 67944290 738324474
67944290 738324474 67944290 741506124
67944290 738324474 81999304 738324474
81999304 738324474 87717307 753567649
87717307 753567649 94483723 753567649
94483723 753567649 102447057 763141829
102447057 763141829 131022628 777027526
87717307 753567649 87717307 796510085
87717307 796510085 103177876 819040279
103177876 819040279 105041276 823731798
105041276 823731798 109044116 824000555
109044116 824000555 117991654 824000555
111676837 836977093 147707972 844055611
147707972 844055611 147707972 846028692
147707972 844055611 162170275 844055611
131022628 777027526 179475520 777259628
0 850396069 0 901339171
0 901339171 22502611 901339171
22502611 901339171 29002111 901339171
179475520 777259628 197334656 811578714
197334656 811578714 199653459 811578714
199653459 811578714 201018163 812257323
201018163 812257323 201018163 814363766
197334656 811578714 197334656 815140451
201018163 812257323 214098925 812257323
201018163 814363766 210368118 822049903
210368118 822049903 211966698 822049903
211966698 822049903 245584713 827120991
245584713 827120991 259066209 835076235
259066209 835076235 265604940 837078783
265604940 837078783 267521881 874774117
267521881 874774117 276892373 874774117
267521881 874774117 267521881 892909296
267521881 892909296 298876889 897142305
298876889 897142305 317015887 897142305
317015887 897142305 318948455 900969100
318948455 900969100 318948455 907914048
318948455 900969100 346985207 900969100
298876889 897142305 298876889 931875758
298876889 931875758 305235980 942191652
305235980 942191652 306537899 942191652
305235980 942191652 305235980 973848198
305235980 973848198 318463284 977089862
318463284 977089862 354135530 977403582
354135530 977403582 354472686 977403582
354135530 977403582 354135530 993054568
354472686 977403582 358043826 989530511
214098925 812257323 249018012 821404874
306537899 942191652 322725056 970593211
210368118 822049903 210368118 872986369
21940783 802183108 75226397 802679401
321610414 764840644 375988069 766448609
375988069 766448609 392901222 800187844
392901222 800187844 425076247 814377291
425076247 814377291 431769858 814377291
431769858 814377291 436642883 816234270
425076247 814377291 425076247 821233247
303162362 695862952 347052747 708278753
436642883 816234270 440235076 869141967
440235076 869141967 440843908 874261577
440843908 874261577 451945340 874261577
29002111 901339171 31356660 957715269
31356660 957715269 31356660 979905840
31356660 979905840 48545866 989353079
48545866 989353079 48545866 992822922
109044116 824000555 109044116 883301916
109044116 883301916 133965423 900595228
133965423 900595228 140026523 900595228
133965423 900595228 133965423 924016466
133965423 924016466 136027563 924016466
140026523 900595228 149829614 923846897
133965423 924016466 133965423 972038219
133965423 972038219 139187600 973234213
139187600 973234213 139187600 988892406
139187600 973234213 170820841 973234213
170820841 973234213 172551076 973234213
170820841 973234213 170820841 986014200
347052747 708278753 358788469 755907674
440843908 874261577 440843908 934866018
440843908 934866018 448288805 950563502
448288805 950563502 456733708 951038925
456733708 951038925 458810904 953639111
104879385 642063014 135920254 672726909
135920254 672726909 142485808 691495061
372192181 895563350 372985638 956889120
372985638 956889120 375038783 956889120
372985638 956889120 372985638 959494053
372985638 959494053 420183850 965447800
420183850 965447800 422207772 965447800
420183850 965447800 420183850 973078955
422207772 965447800 430334773 969309965
430334773 969309965 434882857 975665637
434882857 975665637 434882857 997671091
162235114 624356667 218542613 630733787
218542613 630733787 237852159 642824945
237852159 642824945 269181578 642824945
269181578 642824945 269181578 651795792
269181578 642824945 288677499 642824945
288677499 642824945 295648826 645097518
237852159 642824945 237852159 676225511
295648826 645097518 298602930 680681763
298602930 680681763 298602930 687112382
298602930 680681763 315340322 680681763
315340322 680681763 341081967 693311458
341081967 693311458 354702901 694811443
354702901 694811443 383327251 697830003
383327251 697830003 397048221 727744055
397048221 727744055 407768855 727744055
397048221 727744055 397048221 746271179
397048221 746271179 420426582 760053037
420426582 760053037 425471237 796487329
35121609 659578032 56079256 701396839
56079256 701396839 56079256 716175711
56079256 701396839 96603319 701396839
48545866 989353079 111368866 989353079
111368866 989353079 133364072 998503194
28646292 437006820 77872579 451973414
77872579 451973414 77872579 456195779
77872579 451973414 86601528 451973414
86601528 451973414 118065874 453408825
118065874 453408825 120610762 453408825
120610762 453408825 120610762 454031876
118065874 453408825 118065874 457904307
120610762 453408825 143623998 453408825
143623998 453408825 148096502 484923606
148096502 484923606 154034854 484923606
154034854 484923606 164768647 487074968
164768647 487074968 164768647 489291005
164768647 487074968 193310886 487074968
148096502 484923606 148096502 520557418
148096502 520557418 156085981 523849497
156085981 523849497 174306125 523849497
174306125 523849497 184066103 543124350
184066103 543124350 185400390 556161404
185400390 556161404 212571878 556406616
212571878 556406616 230030929 557985042
230030929 557985042 235092017 559493349
235092017 559493349 255952391 559493349
235092017 559493349 235092017 590142012
255952391 559493349 277655542 568653479
156085981 523849497 156085981 556769590
156085981 556769590 166080573 556769590
156085981 556769590 156085981 573649961
193310886 487074968 212606656 503628070
212606656 503628070 244300398 507149567
244300398 507149567 244300398 513033612
244300398 507149567 261279195 507149567
261279195 507149567 270430353 515537902
270430353 515537902 270430353 516355783
270430353 515537902 292787148 515537902
292787148 515537902 292787148 516153092
292787148 515537902 302596456 515537902
302596456 515537902 312358196 529757410
312358196 529757410 315630602 529757410
312358196 529757410 312358196 560283569
312358196 560283569 321558473 560587460
235092017 590142012 263176230 605767726
263176230 605767726 269181578 617526125
269181578 617526125 308388340 617526125
321558473 560587460 325072170 615882726
277655542 568653479 306302425 599306294
26009253 392343073 79241642 403915333
79241642 403915333 79241642 414837568
79241642 403915333 101411811 403915333
17595126 315742686 79636503 321671466
604648698 469747492 646240596 498692172
646240596 498692172 664235879 521726866
664235879 521726866 670533538 527889504
670533538 527889504 673969644 595896002
246614249 6124625 268569501 56075458
199332695 691972876 207580209 756408348
207580209 756408348 233855615 768395526
233855615 768395526 251022081 788964203
607891942 416191659 644721033 452056292
31356660 957715269 104340662 957715269
559528142 0 634888390 0
634888390 0 657810850 0
657810850 0 657810850 41510374
657810850 41510374 673631329 50763065
673631329 50763065 693634190 66849402
693634190 66849402 704324179 66849402
693634190 66849402 693634190 79126457
693634190 79126457 693634190 79648806
693634190 79126457 701534109 79126457
704324179 66849402 717486110 70209929
717486110 70209929 717486110 77308771
717486110 70209929 732964445 70209929
732964445 70209929 732964445 70622395
732964445 70209929 756036173 70209929
756036173 70209929 772675069 75438133
772675069 75438133 777580615 76044916
777580615 76044916 791768907 76044916
791768907 76044916 795388939 90290933
777580615 76044916 777580615 94168797
777580615 94168797 780211083 98932605
717486110 77308771 729278631 95421811
729278631 95421811 735716281 99528293
735716281 99528293 740878822 104726651
740878822 104726651 742873415 104726651
740878822 104726651 740878822 144141270
780211083 98932605 787528889 134752992
787528889 134752992 791624989 135609556
791624989 135609556 791624989 145925836
791624989 145925836 792066693 145925836
791624989 135609556 817898446 135609556
817898446 135609556 829211382 144297516
829211382 144297516 833783441 145329713
791624989 145925836 791624989 191549577
791624989 191549577 811837692 194147896
811837692 194147896 834882810 207764265
834882810 207764265 857699500 222753574
857699500 222753574 862797925 223687156
634888390 0 634888390 46881699
833783441 145329713 878084311 160275594
795388939 90290933 855596493 92361344
855596493 92361344 857927349 98422373
857927349 98422373 857927349 101009900
857927349 101009900 859771632 101009900
857927349 101009900 857927349 109441796
857927349 109441796 879448267 120419353
879448267 120419353 899021116 126942219
899021116 126942219 907563479 126942219
907563479 126942219 914339667 127616037
899021116 126942219 899021116 144792933
899021116 144792933 922518208 157156590
922518208 157156590 930433150 157156590
922518208 157156590 922518208 191529209
922518208 191529209 939415564 195051076
939415564 195051076 939415564 216653439
939415564 216653439 963208471 222732172
939415564 195051076 970223427 195051076
970223427 195051076 973466597 207202617
963208471 222732172 991981045 235957987
914339667 127616037 946716112 143832581
946716112 143832581 963445281 181365163
857927349 98422373 917703954 98422373
917703954 98422373 923824443 113225360
862797925 223687156 915982600 237260427
657810850 0 726792564 0
726792564 0 740923237 0
740923237 0 745544079 0
745544079 0 750341136 0
750341136 0 750341136 5050297
750341136 0 757307703 0
726792564 0 726792564 21163532
726792564 21163532 740923237 23893651
740923237 23893651 745544079 36080601
757307703 0 757307703 21912617
757307703 0 790706495 0
790706495 0 793806489 0
793806489 0 793806489 16374110
790706495 0 790706495 30971515
790706495 30971515 791231321 55610031
791231321 55610031 791231321 55924768
791231321 55610031 820074188 55610031
820074188 55610031 832066857 58278139
832066857 58278139 832776045 66928325
832776045 66928325 863997399 66928325
791231321 55924768 816541941 66608387
745544079 36080601 767034294 51049859
793806489 0 830288790 0
830288790 0 830288790 929919
830288790 0 856788948 0
856788948 0 856788948 12515792
856788948 0 883859683 0
883859683 0 892603123 0
892603123 0 892603123 3285477
892603123 0 907307278 0
907307278 0 918801262 0
918801262 0 934216169 0
934216169 0 934216169 769916
907307278 0 907307278 20379842
907307278 20379842 918801262 31315767
918801262 31315767 919060634 69335244
919060634 69335244 919060634 90208773
919060634 69335244 945830434 69335244
945830434 69335244 952986394 86787429
883859683 0 883859683 41778673
883859683 41778673 902117890 60625914
863997399 66928325 899107813 77023141
899107813 77023141 901052417 77023141
899107813 77023141 899107813 80595006
934216169 769916 961965630 19043762
961965630 19043762 969040396 64259662
832776045 66928325 832776045 127579533
722761474 503438547 750406377 554319822
405091541 332376731 459335864 357903987
789916004 611845675 851869486 630620931
851869486 630620931 868983172 648355477
237434231 253376947 276497289 296027482
162170275 844055611 194658403 894822245
79636503 321671466 103336156 381459111
103336156 381459111 109206869 401206184
194658403 894822245 202360322 970785523
813632755 779879473 841385021 836340507
841385021 836340507 841385021 838835929
841385021 836340507 847609462 836340507
847609462 836340507 847609462 837670045
847609462 836340507 861347652 836340507
861347652 836340507 862830352 838598677
513392802 746355912 597688702 746355912
407120849 308112648 494862823 308112648
109206869 401206184 151707909 447753844
650254099 944341381 684437585 999791904
494862823 308112648 554953072 338898395
22502611 901339171 22502611 993306564
283647262 417402949 308105593 490429596
202360322 970785523 298845335 976934772
