1459
0 0 0 2522250
0 0 24624043 0
24624043 0 24624043 2522250
24624043 0 69556002 0
69556002 0 74463832 0
69556002 0 69556002 9169862
74463832 0 84013678 0
84013678 0 85518522 0
85518522 0 91767176 0
91767176 0 111920076 0
111920076 0 111920076 16829532
69556002 9169862 74463832 25033946
74463832 25033946 84013678 39511437
84013678 39511437 85518522 42121559
85518522 42121559 85518522 48168498
85518522 42121559 91767176 42121559
91767176 42121559 118300851 60792281
118300851 60792281 118300851 77706587
118300851 77706587 119776485 96252608
119776485 96252608 119776485 111742525
119776485 111742525 131179643 113912262
131179643 113912262 131179643 120574977
131179643 120574977 137643152 129834108
137643152 129834108 138444655 147723790
138444655 147723790 159761171 147723790
159761171 147723790 160425401 159992226
160425401 159992226 176326436 167018086
176326436 167018086 176326436 195310050
176326436 195310050 176326436 214866033
176326436 214866033 182333947 220202597
182333947 220202597 197414938 220202597
182333947 220202597 182333947 238861453
182333947 238861453 194102799 238861453
194102799 238861453 195149524 238861453
195149524 238861453 196187924 241606478
194102799 238861453 194102799 248381589
182333947 238861453 182333947 257814284
182333947 257814284 185359228 257814284
176326436 195310050 200746664 195310050
182333947 257814284 182333947 285579478
200746664 195310050 218037167 206825422
218037167 206825422 229704778 214530508
229704778 214530508 237314388 214530508
229704778 214530508 229704778 231707148
138444655 147723790 138444655 180449291
176326436 167018086 214864612 167018086
214864612 167018086 218037167 183574510
218037167 183574510 229898987 183574510
131179643 113912262 171525996 113912262
119776485 96252608 163479017 96252608
163479017 96252608 173495758 100967206
173495758 100967206 173495758 111363301
173495758 100967206 199579374 100967206
199579374 100967206 214673825 106879713
214673825 106879713 231955940 110121892
231955940 110121892 231955940 124826198
231955940 124826198 233303672 124826198
231955940 124826198 231955940 133571374
231955940 133571374 241310837 146327329
241310837 146327329 245774585 161911770
233303672 124826198 260627308 124839735
231955940 110121892 260627308 110121892
260627308 110121892 262098554 110121892
260627308 124839735 300238295 129425595
300238295 129425595 307943329 132393104
307943329 132393104 311997473 151150009
311997473 151150009 311997473 162922439
311997473 162922439 313535123 162922439
313535123 162922439 313535123 163737348
311997473 162922439 311997473 166068402
313535123 162922439 319444921 162922439
319444921 162922439 336997327 171610548
336997327 171610548 360829878 171610548
360829878 171610548 367558797 180744869
367558797 180744869 367558797 196971269
367558797 196971269 371135273 196971269
367558797 180744869 390324043 180744869
390324043 180744869 400662512 184783404
400662512 184783404 406348434 191601494
367558797 196971269 367558797 221081435
367558797 221081435 385674856 235295835
385674856 235295835 391748304 238338991
391748304 238338991 391816938 249034584
391816938 249034584 391816938 250293927
391816938 250293927 408604497 255387823
408604497 255387823 408604497 255487431
408604497 255387823 419882059 255387823
391816938 249034584 426663446 249034584
311997473 151150009 349559015 151150009
349559015 151150009 360829878 156449181
360829878 156449181 363008878 156449181
406348434 191601494 440476821 195335331
408604497 255487431 411132054 295679975
336997327 171610548 336997327 214419354
118300851 60792281 163235633 60792281
163235633 60792281 178610603 80744545
178610603 80744545 192278218 89523985
440476821 195335331 468461274 212433641
468461274 212433641 483084406 215606183
483084406 215606183 483084406 229783824
483084406 215606183 504398485 215606183
504398485 215606183 512987396 228325053
512987396 228325053 512987396 231806728
512987396 228325053 521319664 228325053
512987396 231806728 514002874 241499394
514002874 241499394 519544536 242881122
519544536 242881122 519544536 242886538
519544536 242881122 532821878 242881122
532821878 242881122 536163697 244469548
536163697 244469548 536163697 252642757
536163697 244469548 567318935 244469548
521319664 228325053 555326636 229038915
555326636 229038915 586495141 229397893
586495141 229397893 589565272 238541738
589565272 238541738 598837415 238541738
598837415 238541738 624377149 238623172
624377149 238623172 624377149 246992074
624377149 238623172 633860839 238623172
633860839 238623172 647571155 244677931
647571155 244677931 652516951 244677931
589565272 238541738 589565272 279088321
589565272 279088321 618281412 293715038
618281412 293715038 631234466 305504217
631234466 305504217 635376990 316558821
635376990 316558821 635376990 327848791
635376990 316558821 653447771 316558821
635376990 327848791 643218847 353116286
643218847 353116286 643218847 354038282
643218847 353116286 649608745 353116286
649608745 353116286 652231296 377842358
652231296 377842358 652231296 380242501
652231296 377842358 677782362 377842358
677782362 377842358 704602106 388062101
704602106 388062101 704602106 392213791
704602106 388062101 720060060 388062101
720060060 388062101 730576042 393562792
730576042 393562792 730576042 421776228
730576042 393562792 759912051 393562792
759912051 393562792 759912051 401299090
759912051 393562792 787005880 393562792
787005880 393562792 792999843 404968146
792999843 404968146 796792510 415149357
796792510 415149357 796792510 415192007
796792510 415149357 799606519 415149357
796792510 415192007 797420756 449785558
797420756 449785558 801006895 462125674
801006895 462125674 801006895 474807562
801006895 474807562 806268353 482015004
806268353 482015004 806268353 506298182
806268353 506298182 806268353 510383148
806268353 506298182 811354588 506298182
811354588 506298182 814030745 512986844
814030745 512986844 814030745 513186245
814030745 513186245 819720588 513186245
814030745 512986844 824879791 512986844
814030745 513186245 814030745 527301012
824879791 512986844 840406833 523293959
840406833 523293959 851039650 524810777
806268353 482015004 839775975 482015004
839775975 482015004 854352273 496715306
854352273 496715306 884555599 498910614
884555599 498910614 896517189 518779790
896517189 518779790 896517189 536659350
896517189 536659350 896517189 553278325
896517189 536659350 915323570 536659350
896517189 518779790 921287727 518779790
730576042 421776228 758715475 429309047
758715475 429309047 758715475 436431341
758715475 429309047 767731755 429309047
758715475 436431341 761958730 446308920
761958730 446308920 762448003 448795759
762448003 448795759 762448003 473860261
762448003 473860261 762448003 479166755
762448003 479166755 762595660 479166755
762448003 473860261 777884955 473860261
777884955 473860261 779268049 474807562
779268049 474807562 779268049 482727836
762448003 479166755 762448003 496634127
762448003 448795759 795135537 448795759
915323570 536659350 937814298 549858189
937814298 549858189 959323187 549858189
959323187 549858189 964236331 562164606
964236331 562164606 968303689 562164606
964236331 562164606 964236331 570591923
964236331 570591923 965224071 572705823
965224071 572705823 968287643 575805601
968287643 575805601 995612955 580121417
937814298 549858189 937814298 584555659
937814298 584555659 944735961 605998022
652231296 380242501 666851773 408444707
666851773 408444707 667802315 408444707
667802315 408444707 668044839 412005503
668044839 412005503 668044839 420700429
668044839 412005503 677185682 412005503
666851773 408444707 666851773 427343337
921287727 518779790 963396899 520640017
963396899 520640017 968303689 526162949
968303689 526162949 990862671 526162949
704602106 392213791 714577899 426973375
519544536 242886538 528252378 279408320
528252378 279408320 544594718 294090207
544594718 294090207 544594718 300686499
544594718 294090207 556389059 294090207
556389059 294090207 558123596 321060092
558123596 321060092 573082307 324651892
573082307 324651892 585368115 347116188
585368115 347116188 585368115 351721824
585368115 347116188 609488427 347116188
647571155 244677931 647571155 290337560
647571155 290337560 670137751 310529157
670137751 310529157 701256399 325410860
701256399 325410860 716578559 329359550
716578559 329359550 716578559 358431948
716578559 329359550 749325445 329359550
749325445 329359550 753814986 337539883
753814986 337539883 753814986 344321958
753814986 337539883 764821072 337539883
764821072 337539883 788366338 347197051
801006895 462125674 847845945 462125674
847845945 462125674 886420515 468821302
886420515 468821302 886420515 469711584
886420515 468821302 891619177 468821302
426663446 249034584 457863709 265344488
457863709 265344488 459022151 270907097
459022151 270907097 464293581 273101145
464293581 273101145 464293581 299893207
464293581 273101145 503841562 273101145
503841562 273101145 503841562 275383045
503841562 273101145 511607880 273101145
511607880 273101145 517353714 314573153
182333947 285579478 199424297 316313109
199424297 316313109 199424297 321255797
199424297 321255797 202442259 326137663
199424297 316313109 219106897 316313109
202442259 326137663 208120035 346490628
219106897 316313109 257903374 321369906
257903374 321369906 281503754 321369906
281503754 321369906 293610646 321369906
281503754 321369906 281503754 343869733
281503754 343869733 287139671 345460502
257903374 321369906 257903374 345939149
293610646 321369906 322614897 322525950
322614897 322525950 339616507 335447186
339616507 335447186 369740234 341393758
369740234 341393758 390495554 348196537
390495554 348196537 411723991 362172276
411723991 362172276 421999924 376407476
421999924 376407476 421999924 383989169
421999924 383989169 427695980 383989169
427695980 383989169 439039107 399706934
439039107 399706934 458822545 399706934
458822545 399706934 471069715 413630900
471069715 413630900 475633995 422636318
475633995 422636318 475633995 424121420
475633995 422636318 502697580 422636318
502697580 422636318 503072715 427822948
421999924 376407476 449818656 376407476
439039107 399706934 439039107 439271284
439039107 439271284 447259471 450298735
447259471 450298735 457228238 450298735
447259471 450298735 447259471 460761706
447259471 460761706 451591677 466030172
503072715 427822948 544288069 427822948
544288069 427822948 547237375 427822948
547237375 427822948 552213294 428578204
544288069 427822948 544288069 441486271
544288069 441486271 552213294 452705788
552213294 452705788 552213294 466046552
552213294 466046552 573653805 479806714
573653805 479806714 585944897 491181322
585944897 491181322 602602895 492457833
602602895 492457833 609831216 497157978
609831216 497157978 611879326 497157978
609831216 497157978 609831216 529466680
609831216 529466680 609987252 541643253
609987252 541643253 625897059 541643253
625897059 541643253 656554710 547455053
656554710 547455053 657066652 547455053
657066652 547455053 678846694 553829182
678846694 553829182 681187768 555122060
681187768 555122060 686748117 555122060
681187768 555122060 681187768 566496601
681187768 566496601 683052686 566496601
683052686 566496601 697808196 572913172
697808196 572913172 728885127 573424033
728885127 573424033 743098395 573424033
728885127 573424033 728885127 590473444
728885127 590473444 740740968 598563484
740740968 598563484 759196669 598563484
740740968 598563484 740740968 622299623
740740968 622299623 742465776 622299623
742465776 622299623 748754590 624936629
740740968 622299623 740740968 639024041
656554710 547455053 656554710 581124350
681187768 566496601 681187768 601740520
611879326 497157978 628102267 518088911
628102267 518088911 630335781 520892254
630335781 520892254 630335781 521381494
630335781 520892254 631293399 520892254
631293399 520892254 646951192 531927940
421999924 383989169 421999924 427731894
208120035 346490628 208412204 391581650
208412204 391581650 214719737 425106053
214719737 425106053 219203505 425106053
219203505 425106053 225521594 425902586
214719737 425106053 214719737 461942033
214719737 461942033 220423539 467697533
220423539 467697533 220423539 477298689
220423539 477298689 225521594 477298689
220423539 477298689 220423539 486509324
225521594 477298689 246786067 481547828
220423539 467697533 256407513 467697533
246786067 481547828 255126129 517207410
255126129 517207410 255126129 536253443
255126129 536253443 255126129 542258051
255126129 536253443 264810681 536253443
264810681 536253443 270083352 539335630
270083352 539335630 275597431 539335630
270083352 539335630 270083352 545772300
270083352 545772300 270483759 545772300
270483759 545772300 276411140 557248778
276411140 557248778 286769561 563364267
286769561 563364267 287579432 563364267
287579432 563364267 297361108 566588183
297361108 566588183 315661210 566588183
315661210 566588183 320058577 574157800
320058577 574157800 320058577 585017802
320058577 585017802 324983405 585663199
324983405 585663199 351924847 585663199
351924847 585663199 351924847 595769668
351924847 585663199 379588787 585663199
324983405 585663199 324983405 614028564
324983405 614028564 327588046 619534372
255126129 517207410 291954305 517207410
327588046 619534372 329684870 654966539
329684870 654966539 329684870 670589626
329684870 654966539 351358061 654966539
329684870 670589626 338637526 687932116
338637526 687932116 340718138 687945228
297361108 566588183 297361108 606934377
552213294 452705788 598298310 452705788
598298310 452705788 613091748 466760033
613091748 466760033 615268276 478145292
615268276 478145292 642023712 482730914
642023712 482730914 648031433 482730914
642023712 482730914 642023712 491831854
648031433 482730914 657990865 490870908
657990865 490870908 661439805 510098060
661439805 510098060 689314651 514640210
552213294 428578204 598710241 428578204
598710241 428578204 601678544 433793073
601678544 433793073 615731760 433793073
601678544 433793073 601678544 448024425
601678544 448024425 613091748 448232149
613091748 448232149 642467636 448232149
291954305 517207410 336161061 520145179
336161061 520145179 361612098 520782938
361612098 520782938 374622828 520782938
374622828 520782938 374622828 531167035
361612098 520782938 361612098 536741596
374622828 520782938 391113903 520782938
374622828 531167035 377616142 545981919
377616142 545981919 379588787 552335931
379588787 552335931 379588787 555079574
379588787 555079574 381789598 555079574
379588787 552335931 386007385 552335931
386007385 552335931 386007385 553776485
381789598 555079574 382052993 574157800
391113903 520782938 406364444 529515084
406364444 529515084 406364444 532604081
406364444 529515084 415017180 529515084
415017180 529515084 416815231 532648036
416815231 532648036 423832056 540137147
406364444 532604081 414120276 552335931
414120276 552335931 435124192 562241884
435124192 562241884 445089939 567022668
445089939 567022668 458740575 567022668
458740575 567022668 458740575 579825675
458740575 579825675 462073575 580158993
462073575 580158993 472586163 580158993
472586163 580158993 472586163 582617791
472586163 580158993 484326772 580158993
458740575 567022668 472818502 567022668
472818502 567022668 485252140 571779901
484326772 580158993 501724573 580494258
501724573 580494258 507651421 584790077
507651421 584790077 507651421 608731319
507651421 584790077 540875090 584790077
540875090 584790077 540875090 601266132
540875090 584790077 558370674 584790077
558370674 584790077 561243142 584790077
558370674 584790077 558370674 601255826
540875090 601266132 554822301 614800644
554822301 614800644 554822301 629176070
554822301 629176070 571800995 630538594
571800995 630538594 573866755 630538594
571800995 630538594 571800995 658014260
554822301 614800644 583469709 614800644
386007385 553776485 403412744 570471975
445089939 567022668 445089939 602319517
445089939 602319517 462073575 618410438
462073575 618410438 462073575 624640948
462073575 618410438 469389384 618410438
469389384 618410438 473283237 622914009
473283237 622914009 475205500 635448552
475205500 635448552 475205500 641848890
475205500 641848890 479547187 641848890
475205500 635448552 483944573 635448552
475205500 641848890 475205500 652846170
475205500 652846170 479344210 652846170
475205500 652846170 475205500 668293016
479547187 641848890 490942236 647400705
475205500 668293016 502566071 672996600
502566071 672996600 512307321 672996600
502566071 672996600 502566071 692950123
502566071 692950123 506394068 692950123
502566071 692950123 502566071 706545762
502566071 706545762 508916216 706886267
508916216 706886267 508916216 712587504
508916216 712587504 518627727 722855807
518627727 722855807 518627727 738214363
518627727 722855807 541761268 722855807
541761268 722855807 547629035 723237224
547629035 723237224 547629035 741626829
547629035 741626829 563963431 741626829
563963431 741626829 587742297 743200682
587742297 743200682 587742297 753714062
587742297 753714062 592428596 755315391
592428596 755315391 597939236 755315391
587742297 743200682 598914734 743200682
598914734 743200682 598914734 747901978
598914734 743200682 616920944 743200682
597939236 755315391 607488128 766295183
547629035 723237224 578757880 723237224
578757880 723237224 588415475 723237224
578757880 723237224 578757880 738120610
607488128 766295183 635742429 769381674
592428596 755315391 592428596 791713247
592428596 791713247 592828672 791713247
592428596 791713247 592428596 792264382
592428596 792264382 601675842 810516290
601675842 810516290 611315820 815050521
611315820 815050521 630650928 815050521
630650928 815050521 630650928 830908710
630650928 830908710 642363178 853284582
508916216 706886267 545368654 706886267
583469709 614800644 614534616 622248524
611315820 815050521 611315820 854381648
611315820 854381648 611772292 878490921
611772292 878490921 620920633 878490921
620920633 878490921 639404783 885570591
611772292 878490921 611772292 905779916
639404783 885570591 659884083 897262448
659884083 897262448 660323396 934257855
660323396 934257855 661608011 936517509
661608011 936517509 661608011 960846647
661608011 960846647 685126512 960846647
685126512 960846647 691495846 977961261
691495846 977961261 702355716 982603208
661608011 936517509 689662213 936517509
689662213 936517509 689662213 946280503
689662213 946280503 699255765 948030970
699255765 948030970 699255765 949521318
699255765 948030970 706038034 948030970
661608011 960846647 661608011 994139577
689662213 936517509 728219075 936517509
728219075 936517509 733508617 938648844
507651421 608731319 522964396 633011275
611772292 905779916 614594690 943097781
614594690 943097781 614594690 946957987
614594690 943097781 638939303 943097781
630650928 815050521 671719804 815050521
671719804 815050521 673169074 817611562
673169074 817611562 678447113 828724978
678447113 828724978 692088671 843169872
692088671 843169872 713069614 843169872
692088671 843169872 692088671 864980887
692088671 864980887 692088671 875121785
692088671 864980887 706886703 864980887
706886703 864980887 712815391 864980887
706886703 864980887 706886703 871513615
706886703 871513615 729524016 879898672
729524016 879898672 729524016 909274992
729524016 909274992 733508617 916621610
733508617 916621610 753054805 916621610
753054805 916621610 753054805 917005920
753054805 916621610 761899772 916621610
729524016 879898672 762224459 879898672
762224459 879898672 774284005 886748351
774284005 886748351 774284005 898003087
774284005 898003087 774284005 905350132
774284005 905350132 776018128 913020012
776018128 913020012 776018128 936294527
776018128 936294527 776018128 941471652
776018128 936294527 784663018 936294527
784663018 936294527 792397364 941471652
792397364 941471652 793927856 942735638
776018128 941471652 776018128 959868234
776018128 959868234 777750819 981932054
776018128 913020012 806194126 913020012
774284005 898003087 809020443 898003087
545368654 706886267 576292814 717466786
774284005 886748351 817476323 886748351
817476323 886748351 845253704 890273243
845253704 890273243 855780085 892377236
855780085 892377236 855780085 906593922
855780085 892377236 870945602 892377236
870945602 892377236 873745230 924948913
873745230 924948913 873745230 927214616
873745230 924948913 880607352 924948913
880607352 924948913 888069784 929633341
888069784 929633341 888069784 932315336
888069784 932315336 889044138 952075042
889044138 952075042 889044138 952846583
889044138 952075042 903831885 952075042
903831885 952075042 909793326 980372717
888069784 929633341 931449946 929633341
931449946 929633341 949486900 935408572
793927856 942735638 837806827 945266803
609987252 541643253 609987252 589178264
609987252 589178264 614534616 593827692
614534616 593827692 614534616 605324914
614534616 605324914 620457137 605324914
614534616 593827692 652106981 593827692
806194126 913020012 837681586 929373008
257903374 345939149 276170446 375640661
276170446 375640661 276170446 405621114
276170446 405621114 291119115 405621114
276170446 405621114 276170446 423030240
291119115 405621114 307538170 410295810
276170446 423030240 300968436 425902586
276170446 375640661 306617954 375640661
300968436 425902586 313970226 445384983
313970226 445384983 314654152 446001789
314654152 446001789 323653991 446001789
547629035 741626829 547629035 790435055
547629035 790435055 564163647 803129782
564163647 803129782 568626302 809685511
568626302 809685511 581606548 827866795
615731760 433793073 652683608 447705658
740740968 639024041 772529802 658394900
772529802 658394900 772529802 670233706
772529802 658394900 787119149 658394900
814030745 527301012 838498468 554925144
237314388 214530508 287727407 216681871
287727407 216681871 290890056 229730306
290890056 229730306 292942902 229730306
292942902 229730306 294281020 240453880
294281020 240453880 298167503 257924046
298167503 257924046 313558822 262671926
313558822 262671926 332340033 262671926
332340033 262671926 343447490 262671926
332340033 262671926 332340033 286654348
332340033 286654348 334545156 321793900
343447490 262671926 374474059 270166178
374474059 270166178 379848109 286085204
379848109 286085204 384252129 288418479
384252129 288418479 391605710 288418479
384252129 288418479 384252129 305130490
391605710 288418479 404583413 295679975
404583413 295679975 404583413 303922006
313558822 262671926 313558822 310768928
313558822 310768928 314051615 321328288
451591677 466030172 455984387 515415883
455984387 515415883 458740575 524512155
458740575 524512155 474955343 524512155
474955343 524512155 503600102 526365075
503600102 526365075 537138644 527214638
537138644 527214638 556698662 527214638
537138644 527214638 537138644 550152102
537138644 550152102 540875090 558253461
323653991 446001789 357007245 468472197
357007245 468472197 357007245 486668103
357007245 468472197 386309982 468472197
386309982 468472197 386309982 474873962
386309982 468472197 397266066 468472197
386309982 474873962 389229022 492958723
464293581 299893207 494696229 325465023
837806827 945266803 872575330 966486014
286769561 563364267 286769561 619532833
314654152 446001789 314654152 502999820
788366338 347197051 817043887 376113646
635742429 769381674 672685010 790051036
503072715 427822948 503072715 485943944
503072715 485943944 538780051 507444708
538780051 507444708 539521707 507444708
538780051 507444708 538780051 509726502
538780051 509726502 562504998 524367401
909793326 980372717 953988055 994585539
652516951 244677931 697379766 259050130
697379766 259050130 708024523 259050130
697379766 259050130 697379766 285911585
708024523 259050130 744502718 279607379
744502718 279607379 753127365 279974287
753127365 279974287 753127365 295364454
753127365 295364454 755691153 297119804
755691153 297119804 755691153 316838633
753127365 279974287 778437109 279974287
778437109 279974287 778437109 288175664
778437109 288175664 781700248 297119804
781700248 297119804 781700248 303976012
781700248 297119804 795128385 297119804
795128385 297119804 798555491 308388567
778437109 279974287 817045737 279974287
817045737 279974287 836460748 284255689
836460748 284255689 838903726 289642942
838903726 289642942 863218730 289642942
863218730 289642942 864121517 315610791
864121517 315610791 873934012 331493599
873934012 331493599 877725020 331493599
873934012 331493599 873934012 354823879
877725020 331493599 904930145 333099253
904930145 333099253 907815892 370620353
838903726 289642942 838903726 339774244
838903726 339774244 863020992 345662045
863020992 345662045 869406324 371884424
869406324 371884424 875239992 411482483
875239992 411482483 875239992 418991647
875239992 418991647 876876490 418991647
875239992 418991647 875239992 422578187
875239992 411482483 883807220 411482483
907815892 370620353 926665557 404235291
926665557 404235291 929310266 405313402
929310266 405313402 929310266 419660902
929310266 405313402 959083801 405313402
875239992 422578187 917476112 435899182
616920944 743200682 670727922 749024822
670727922 749024822 670727922 764586834
670727922 749024822 699901824 749024822
699901824 749024822 723963409 767422286
723963409 767422286 753334143 776073573
753334143 776073573 776246951 776073573
776246951 776073573 792952791 799509747
792952791 799509747 792952791 806951494
792952791 799509747 814477468 799509747
792952791 806951494 797107304 824892482
797107304 824892482 800698406 834499541
800698406 834499541 803605197 834499541
800698406 834499541 800698406 840528273
803605197 834499541 824545461 834693263
824545461 834693263 838813642 841550378
838813642 841550378 838813642 845264088
838813642 845264088 854294654 845264088
854294654 845264088 861281336 868913270
861281336 868913270 866267027 884760254
838813642 845264088 838813642 879083923
753334143 776073573 753334143 818170728
753334143 818170728 756922174 841517438
756922174 841517438 772625572 855875364
772625572 855875364 785410269 866415199
838813642 841550378 881623780 841550378
881623780 841550378 915369659 847681952
915369659 847681952 931043070 847681952
915369659 847681952 915369659 867123250
915369659 867123250 944662717 871592971
944662717 871592971 966547512 871592971
966547512 871592971 971052303 886277284
944662717 871592971 944662717 899364706
971052303 886277284 972311819 918565826
972311819 918565826 978079102 926775250
540875090 558253461 600671881 558253461
600671881 558253461 617836050 588757888
614534616 622248524 647472807 649925096
944735961 605998022 981629903 630080887
981629903 630080887 988383873 675817989
988383873 675817989 988471866 689172624
270083352 545772300 270083352 607912637
270083352 607912637 277435134 663136586
277435134 663136586 277790964 667939561
277790964 667939561 278211719 711081519
278211719 711081519 278211719 738422052
278211719 711081519 311632359 711081519
311632359 711081519 317257231 711081519
311632359 711081519 311632359 734707265
317257231 711081519 328258521 726242461
311632359 734707265 319051733 767321572
319051733 767321572 322096424 767321572
319051733 767321572 319051733 791462949
322096424 767321572 360321948 768239503
360321948 768239503 360321948 771115610
360321948 771115610 363161009 774701471
363161009 774701471 367191260 774701471
367191260 774701471 377700898 775892931
377700898 775892931 382260459 785991417
382260459 785991417 382260459 797791507
360321948 768239503 384653106 768239503
384653106 768239503 399131596 769105965
399131596 769105965 399131596 772063036
399131596 769105965 410652010 769105965
410652010 769105965 422585217 779207449
422585217 779207449 422585217 785991417
422585217 785991417 455923527 788034721
455923527 788034721 466010464 788034721
466010464 788034721 466010464 792879806
466010464 788034721 491438435 788034721
491438435 788034721 500970545 807031935
500970545 807031935 500970545 824882880
500970545 824882880 500970545 828033909
500970545 824882880 522159215 824882880
522159215 824882880 533730890 835670881
533730890 835670881 539330581 835670881
533730890 835670881 533730890 846999420
500970545 807031935 535447069 807031935
422585217 779207449 459401520 779207449
459401520 779207449 460771748 779207449
459401520 779207449 459401520 781093187
363161009 774701471 363161009 816549338
363161009 816549338 367875582 846018685
367875582 846018685 378243936 846114481
378243936 846114481 378243936 864929501
378243936 846114481 402290219 846114481
402290219 846114481 404716146 846114481
402290219 846114481 402290219 855963013
402290219 855963013 422900735 857137445
422900735 857137445 436067748 857137445
422900735 857137445 422900735 883745839
422900735 883745839 426060241 884962112
378243936 864929501 386452861 886931114
386452861 886931114 397936440 900418713
397936440 900418713 397936440 907340294
397936440 900418713 406240438 900418713
406240438 900418713 410339351 911660948
410339351 911660948 417007249 911660948
417007249 911660948 429040079 915743444
410339351 911660948 410339351 940060174
410339351 940060174 424164599 950473268
424164599 950473268 439128574 954166610
439128574 954166610 439128574 979040265
439128574 979040265 459162794 980748689
459162794 980748689 459162794 986917412
459162794 986917412 462466227 986917412
459162794 986917412 459162794 991729274
459162794 980748689 478175220 980748689
478175220 980748689 500816674 984697897
439128574 954166610 465970368 954166610
465970368 954166610 475005690 954166610
475005690 954166610 477487229 954166610
475005690 954166610 475005690 962939704
465970368 954166610 465970368 966841984
477487229 954166610 496856588 956388963
496856588 956388963 496856588 958532888
496856588 956388963 518066191 956388963
518066191 956388963 526752802 967663882
526752802 967663882 534419044 967663882
526752802 967663882 526752802 981489475
526752802 981489475 534419044 981489475
534419044 981489475 534419044 983038437
534419044 981489475 546948727 981489475
534419044 967663882 548461348 967663882
526752802 981489475 526752802 999761139
455923527 788034721 455923527 830747131
455923527 830747131 472073012 840389322
278211719 738422052 299037588 760433074
299037588 760433074 299037588 770289283
299037588 760433074 310312870 760433074
319051733 791462949 320945758 840877176
320945758 840877176 322289848 854069996
322289848 854069996 324337476 854069996
324337476 854069996 329797850 858381621
322289848 854069996 322289848 884341798
322289848 884341798 334368005 907129298
334368005 907129298 362742482 927951568
362742482 927951568 378211240 949355143
378211240 949355143 391263002 989453313
391263002 989453313 393741132 989453313
393741132 989453313 402489667 990630504
391263002 989453313 391263002 999982519
500970545 828033909 501997395 883705705
501997395 883705705 505852505 913097758
505852505 913097758 505852505 920767460
505852505 920767460 518066191 932741019
518066191 932741019 527956197 932741019
527956197 932741019 527956197 937625193
518066191 932741019 518066191 953512256
518066191 953512256 522749116 953512256
527956197 932741019 590547706 932741019
590547706 932741019 602678271 956570789
602678271 956570789 611950884 965243828
111920076 0 174894606 0
174894606 0 191794687 0
191794687 0 191794687 10551471
174894606 0 174894606 21891567
191794687 0 222076142 0
222076142 0 227906382 0
227906382 0 231858561 0
227906382 0 227906382 8683269
231858561 0 264757413 0
264757413 0 264757413 8038462
264757413 0 294661302 0
294661302 0 322202793 0
322202793 0 326635511 0
326635511 0 326803796 0
322202793 0 322202793 14721387
322202793 14721387 326635511 19951237
326635511 19951237 326803796 24862630
326803796 24862630 326803796 39003303
326803796 0 345576508 0
326803796 24862630 345576508 24862630
345576508 0 368412279 0
326803796 39003303 345296265 53164070
345296265 53164070 364190271 67805297
364190271 67805297 367080429 69353651
367080429 69353651 367080429 86050624
367080429 69353651 389533357 69353651
294661302 0 294661302 34524501
227906382 8683269 231858561 40574093
231858561 40574093 236558472 64421413
236558472 64421413 236558472 65508884
236558472 64421413 244761554 64421413
244761554 64421413 258480549 75430346
389533357 69353651 394216224 102104451
394216224 102104451 394216224 105118834
394216224 105118834 405106120 114034445
405106120 114034445 420043149 114565231
420043149 114565231 437335099 118176854
437335099 118176854 450532332 118511865
258480549 75430346 289527084 81828506
289527084 81828506 311684573 91593465
311684573 91593465 321958823 92185300
321958823 92185300 321958823 114288166
321958823 92185300 345525248 92185300
345525248 92185300 345695764 124439581
345695764 124439581 349559015 125915703
349559015 125915703 354137146 125915703
345576508 24862630 368412279 40260429
368412279 0 407584673 0
407584673 0 413501632 0
413501632 0 416638528 0
413501632 0 413501632 3930720
413501632 3930720 416638528 25076826
416638528 0 455050716 0
455050716 0 462371058 0
462371058 0 467757343 0
455050716 0 455050716 15651695
455050716 15651695 455544834 22927627
455544834 22927627 467757343 22927627
455544834 22927627 455544834 39231074
455544834 39231074 462371058 39231074
467757343 0 486267144 0
486267144 0 486494948 0
486494948 0 505344929 0
505344929 0 519882147 0
519882147 0 523887357 0
523887357 0 525624987 0
525624987 0 527764912 0
523887357 0 523887357 12900924
523887357 12900924 527764912 13689482
505344929 0 505344929 19707914
462371058 39231074 472769825 49947835
472769825 49947835 472769825 59449518
472769825 49947835 486267144 49947835
505344929 19707914 519882147 29955910
486267144 49947835 500280095 67659584
467757343 22927627 486494948 37316418
368412279 40260429 407584673 42287259
354137146 125915703 390800339 132389584
222076142 0 222076142 44370516
455544834 39231074 455544834 84006910
455544834 84006910 464776940 93896228
527764912 0 574692327 0
574692327 0 590212046 0
590212046 0 590212046 13619942
574692327 0 574692327 18501315
590212046 0 609154150 0
609154150 0 611878562 0
609154150 0 609154150 15751057
611878562 0 631183547 0
631183547 0 632317944 0
631183547 0 631183547 7174935
609154150 15751057 611878562 39326879
611878562 39326879 621692141 46028424
621692141 46028424 632317944 46028424
632317944 0 668954192 0
668954192 0 678739909 0
678739909 0 699176587 0
699176587 0 717290534 0
717290534 0 720094292 0
720094292 0 736075431 0
717290534 0 717290534 24368826
717290534 24368826 720094292 47539251
720094292 47539251 720094292 48193154
720094292 47539251 736075431 47539251
699176587 0 699176587 27342878
699176587 27342878 699904226 59318087
699904226 59318087 705130621 59318087
699904226 59318087 699904226 74447390
678739909 0 678739909 34124252
736075431 0 774751483 0
774751483 0 778238544 0
778238544 0 778694956 0
778694956 0 785002858 0
785002858 0 792888647 0
778694956 0 778694956 15824754
778694956 15824754 785002858 22935175
785002858 22935175 792888647 35753872
774751483 0 774751483 23184914
774751483 23184914 778238544 29310759
668954192 0 668954192 40951158
736075431 47539251 753306399 71978831
753306399 71978831 754379742 71978831
753306399 71978831 753306399 80606404
753306399 80606404 791105708 87942507
791105708 87942507 802368977 87942507
791105708 87942507 791105708 107436897
791105708 107436897 802798154 110163050
802798154 110163050 802798154 110415639
802798154 110163050 823241931 110163050
792888647 35753872 811161361 63863863
811161361 63863863 812886879 86863597
632317944 46028424 659386033 72165328
659386033 72165328 659386033 74153821
659386033 72165328 661798797 72165328
661798797 72165328 662966525 104620714
662966525 104620714 675926594 113206578
675926594 113206578 677664165 113227055
677664165 113227055 677664165 122469792
677664165 122469792 685317963 140349124
685317963 140349124 685317963 150048178
685317963 150048178 687726179 150048178
685317963 150048178 685317963 170633014
687726179 150048178 702108162 157093150
702108162 157093150 702108162 159208695
702108162 159208695 704086159 173610526
704086159 173610526 704086159 188756536
704086159 188756536 704086159 191891537
704086159 191891537 705743192 191891537
704086159 188756536 711995833 188756536
711995833 188756536 714641271 191753005
704086159 173610526 726571617 173610526
702108162 157093150 730673495 157093150
730673495 157093150 737518334 158736143
714641271 191753005 719889570 216121078
719889570 216121078 719889570 227376809
719889570 216121078 733556244 216121078
685317963 140349124 717055021 140349124
704086159 191891537 704086159 231346558
704086159 231346558 705444421 243392563
677664165 113227055 722396620 113227055
394216224 102104451 448880641 102104451
792888647 0 847615605 0
847615605 0 847615605 36604293
717055021 140349124 767692525 147885550
767692525 147885550 787242292 172044968
787242292 172044968 787242292 177007344
787242292 177007344 803646401 182243908
803646401 182243908 827764383 182243908
787242292 172044968 812529714 172044968
803646401 182243908 803646401 218002304
803646401 218002304 820975033 225248651
820975033 225248651 820975033 236681041
820975033 225248651 858451793 225248651
858451793 225248651 878686714 235312327
878686714 235312327 878686714 243974882
878686714 235312327 907508137 235312327
907508137 235312327 914551090 237413541
914551090 237413541 923294302 241641871
923294302 241641871 923294302 250140606
923294302 250140606 933615461 253235921
923294302 241641871 938066607 241641871
933615461 253235921 942888792 269574148
942888792 269574148 958482175 269574148
958482175 269574148 958685662 282636350
958685662 282636350 958685662 290128937
958685662 290128937 969516414 292926638
969516414 292926638 983000871 292926638
942888792 269574148 942888792 286796721
942888792 286796721 944598103 286796721
942888792 286796721 942888792 290313445
944598103 286796721 946754084 290128937
946754084 290128937 946754084 297236669
958685662 282636350 979227153 282636350
983000871 292926638 986756323 320051645
820975033 236681041 836460748 260553735
836460748 260553735 836460748 274809591
836460748 274809591 852045500 274809591
852045500 274809591 863218730 275507001
836460748 260553735 852219617 260553735
852219617 260553735 855185549 265921906
863218730 275507001 904187337 275507001
938066607 241641871 974270093 247104851
974270093 247104851 974508345 250590389
974508345 250590389 983124092 266812816
983124092 266812816 997797820 273405315
827764383 182243908 866325882 185591058
866325882 185591058 871382036 185591058
866325882 185591058 866325882 191976462
969516414 292926638 969516414 336598875
969516414 336598875 969516414 347331487
969516414 347331487 969516414 349979710
969516414 347331487 978433837 347331487
969516414 336598875 980482402 336598875
969516414 349979710 976685763 361389810
904187337 275507001 925542479 309519411
450532332 118511865 484288518 143788014
484288518 143788014 508619046 143788014
508619046 143788014 514425050 143788014
508619046 143788014 508619046 152675388
484288518 143788014 484288518 168669017
484288518 168669017 501361084 173497656
501361084 173497656 505562800 179772173
505562800 179772173 539388111 186903470
539388111 186903470 540249988 186903470
540249988 186903470 540249988 187495103
539388111 186903470 539388111 195721822
540249988 186903470 556993312 186903470
539388111 195721822 554716559 208177732
508619046 152675388 539388111 169735916
539388111 169735916 557813878 169735916
557813878 169735916 570995997 173101460
570995997 173101460 570995997 179277310
570995997 173101460 610884489 173101460
610884489 173101460 616159194 184855300
616159194 184855300 616159194 195951419
616159194 195951419 617861520 195951419
616159194 195951419 616159194 198251798
616159194 184855300 629610068 184855300
629610068 184855300 632418695 196548184
632418695 196548184 657304066 202962928
514425050 143788014 559601378 152093475
559601378 152093475 569376462 152376829
621692141 46028424 621692141 105881093
621692141 105881093 625660072 117502859
625660072 117502859 632897041 117502859
625660072 117502859 625660072 140654314
625660072 140654314 627047932 140654314
625660072 140654314 625660072 142811895
699904226 74447390 721752399 112991352
351358061 654966539 398281763 671228559
398281763 671228559 400248116 671938409
400248116 671938409 400248116 684091197
400248116 684091197 418495286 702245242
418495286 702245242 453456128 702245242
418495286 702245242 418495286 738654250
418495286 738654250 434831264 738654250
418495286 738654250 418495286 755192875
434831264 738654250 438177888 752592820
438177888 752592820 459401520 756450241
459401520 756450241 464278655 756450241
464278655 756450241 466010464 763047431
466010464 763047431 501175106 763047431
400248116 671938409 461222978 671938409
689314651 514640210 727523558 539676147
585368115 351721824 586790357 413633962
586790357 413633962 586790357 426165187
586790357 413633962 614327031 413633962
823241931 110163050 856579680 140260787
856579680 140260787 859011528 148320955
859011528 148320955 859011528 161762151
859011528 161762151 885667239 162935923
885667239 162935923 891592383 170290502
891592383 170290502 925545849 170603925
925545849 170603925 925545849 174174654
925545849 170603925 958140820 170603925
958140820 170603925 960043336 189040120
960043336 189040120 962758168 194850308
962758168 194850308 970311737 194850308
970311737 194850308 974354502 217267726
974354502 217267726 979726156 230981517
979726156 230981517 979726156 238981489
979726156 230981517 991749391 230981517
991749391 230981517 995201975 239380224
962758168 194850308 962758168 221968813
859011528 148320955 893447069 148320955
925545849 174174654 948081035 189040120
948081035 189040120 948081035 223121823
847615605 0 913123324 0
913123324 0 913123324 3062011
913123324 0 929356887 0
929356887 0 929356887 38646066
896517189 553278325 907760754 607572383
907760754 607572383 927848894 623004076
927848894 623004076 933882294 623004076
927848894 623004076 927848894 629158449
927848894 629158449 935294254 647076711
935294254 647076711 944255424 647076711
935294254 647076711 935294254 666400701
935294254 666400701 937015851 666400701
935294254 666400701 935294254 680389799
935294254 680389799 959392923 690785835
959392923 690785835 961484755 690785835
961484755 690785835 970662777 708171635
970662777 708171635 977606239 709332146
959392923 690785835 959392923 725056698
959392923 725056698 959966544 772483973
959966544 772483973 959966544 780174440
959966544 772483973 968184042 772483973
959966544 780174440 963878794 818037284
812886879 86863597 876560119 89319038
876560119 89319038 876560119 97879106
876560119 97879106 884928734 97879106
876560119 97879106 876560119 109876621
876560119 89319038 889965776 89319038
889965776 89319038 894004840 97653917
894004840 97653917 894004840 110219901
894004840 110219901 903657673 114867908
903657673 114867908 903657673 117956773
903657673 114867908 908876178 114867908
908876178 114867908 921251490 122690227
921251490 122690227 928107639 122690227
921251490 122690227 921251490 135721144
921251490 135721144 952273604 141749921
733556244 216121078 770476996 246825161
770476996 246825161 777696972 252062469
351924847 595769668 369558160 646189333
959083801 405313402 964480702 468013811
652683608 447705658 705852465 463260274
290890056 229730306 290890056 298899720
517353714 314573153 518036653 383288546
518036653 383288546 518036653 388723374
518036653 383288546 529064333 383288546
529064333 383288546 562167625 404738194
562167625 404738194 562167625 413947107
562167625 404738194 578178871 404738194
652106981 593827692 678547209 637329569
678547209 637329569 684627960 689539978
684627960 689539978 691716151 689539978
684627960 689539978 684627960 704922477
684627960 704922477 690831552 704922477
684627960 704922477 684627960 723381218
690831552 704922477 702217234 721979201
702217234 721979201 702440392 737926322
702440392 737926322 702440392 740833645
702440392 737926322 714378795 737926322
702440392 740833645 711824633 746030833
714378795 737926322 746319522 742314226
746319522 742314226 773426334 750536856
773426334 750536856 773426334 764894696
773426334 750536856 798662922 750536856
798662922 750536856 807450341 755829387
807450341 755829387 814477468 764139891
814477468 764139891 852030845 764139891
852030845 764139891 854637338 783024240
854637338 783024240 872012777 788792486
872012777 788792486 881623780 818853765
881623780 818853765 884885038 818853765
884885038 818853765 911922027 819400351
911922027 819400351 928789567 822782307
928789567 822782307 928789567 828950264
928789567 828950264 931043070 835984160
931043070 835984160 939631930 835984160
928789567 822782307 938861004 822782307
449818656 376407476 513983754 382533457
512307321 672996600 570468735 685134705
505852505 913097758 576438394 913097758
759196669 598563484 810984589 617747410
810984589 617747410 814666303 639397386
814666303 639397386 842361607 639475953
842361607 639475953 859751489 639475953
859751489 639475953 861995372 639475953
861995372 639475953 863089936 640637856
863089936 640637856 864126839 664056914
859751489 639475953 859751489 666056134
859751489 666056134 859861238 666056134
859751489 666056134 859751489 675366620
859751489 675366620 862471246 700506329
862471246 700506329 862471246 710573305
862471246 700506329 879177799 700506329
879177799 700506329 879177799 708289993
879177799 700506329 892990288 700506329
879177799 708289993 884313040 726282536
884313040 726282536 891969778 747143378
891969778 747143378 891969778 747512727
891969778 747143378 926014723 747143378
926014723 747143378 930364029 754956293
864126839 664056914 903102137 670042627
903102137 670042627 903102137 681528890
903102137 670042627 919886085 670042627
930364029 754956293 939450706 796300204
847615605 36604293 903295430 52524705
903295430 52524705 912184880 52524705
903295430 52524705 903295430 66488902
727523558 539676147 778152009 561026580
546948727 981489475 600713207 999946201
369558160 646189333 431103292 657455705
894004840 97653917 969413747 97653917
0 2522250 0 78671996
0 78671996 10338191 78671996
0 78671996 0 156011504
0 156011504 1111455 156011504
0 156011504 0 163851505
0 163851505 0 184909631
0 184909631 5246809 184909631
0 184909631 0 201222770
0 201222770 0 209143013
0 209143013 228971 209143013
0 201222770 28830052 201222770
28830052 201222770 52436832 201363678
52436832 201363678 60838686 201363678
60838686 201363678 60838686 212189976
60838686 212189976 61331699 212189976
60838686 212189976 60838686 213443754
60838686 201363678 75624942 201363678
60838686 213443754 62837901 230861187
0 163851505 38117912 163851505
38117912 163851505 53740330 169993138
53740330 169993138 53740330 194136105
53740330 194136105 57086276 196107957
52436832 201363678 52436832 242140903
0 209143013 0 253198216
0 253198216 5198018 253198216
0 253198216 0 262329181
0 262329181 0 297472844
0 297472844 0 309431390
0 309431390 18706633 309431390
0 297472844 19765872 297472844
0 309431390 0 355880380
0 355880380 0 381381110
0 381381110 0 384171252
0 381381110 22830439 381381110
22830439 381381110 32225465 384171252
0 355880380 29658732 355880380
0 384171252 0 428506604
0 428506604 9239491 428506604
0 428506604 0 455213850
0 455213850 25235681 455213850
0 455213850 0 486023793
0 486023793 3792268 486023793
0 486023793 0 513841339
0 513841339 0 514100926
0 514100926 0 528201380
0 528201380 5844622 528201380
0 528201380 0 553432813
0 553432813 38349017 553432813
38349017 553432813 79510486 553951935
79510486 553951935 96370282 553951935
96370282 553951935 113700945 570614343
113700945 570614343 134185158 585688846
134185158 585688846 134185158 590517280
134185158 585688846 160076547 585688846
0 514100926 43583532 514100926
43583532 514100926 75184137 515073330
75184137 515073330 75184137 536015560
75184137 536015560 75184137 553220583
75184137 536015560 95593304 536015560
75184137 515073330 96871506 515073330
96871506 515073330 110501112 515073330
96871506 515073330 96871506 530610954
0 513841339 45539459 513841339
0 262329181 48511686 262329181
0 553432813 0 607171796
0 607171796 1864933 607171796
0 607171796 0 635329819
0 635329819 0 655380008
0 655380008 0 656042679
0 656042679 0 671500431
0 671500431 0 674147001
0 674147001 0 686803709
0 686803709 0 690328269
0 690328269 11340911 690328269
0 690328269 0 705044055
0 671500431 15116619 671500431
15116619 671500431 21812408 674147001
0 705044055 0 728022649
0 728022649 0 739313400
0 739313400 2214473 739313400
0 728022649 14662811 728022649
0 656042679 26612412 656042679
0 655380008 27068132 655380008
0 705044055 36257025 705044055
21812408 674147001 49811801 686803709
160076547 585688846 196210861 605344054
196210861 605344054 200476408 606237825
200476408 606237825 219639567 623487941
219639567 623487941 239022807 623487941
219639567 623487941 219639567 642893498
219639567 642893498 224322273 671910875
224322273 671910875 224322273 674523932
224322273 674523932 226564831 674523932
224322273 671910875 234869981 671910875
224322273 674523932 224322273 694262016
224322273 694262016 227361546 698004593
227361546 698004593 230911174 698004593
227361546 698004593 227361546 722982793
230911174 698004593 245914419 711299536
245914419 711299536 247241818 718774408
247241818 718774408 249837148 734707265
239022807 623487941 264206046 636194056
249837148 734707265 249837148 774465850
249837148 774465850 258736429 793394413
258736429 793394413 259101535 793394413
259101535 793394413 268988637 828250387
268988637 828250387 268988637 832812095
268988637 828250387 282154448 828250387
282154448 828250387 286855448 832156462
258736429 793394413 258736429 838671111
258736429 838671111 266169279 887367090
266169279 887367090 276570702 910152866
276570702 910152866 276570702 919038149
276570702 919038149 282209687 933858177
282209687 933858177 299551843 933858177
299551843 933858177 300376694 936602378
300376694 936602378 300376694 952324099
300376694 952324099 309786269 952324099
300376694 952324099 300376694 976394800
300376694 976394800 309007203 976394800
300376694 976394800 300376694 988812474
300376694 988812474 308894667 995992040
309007203 976394800 321962844 984907746
300376694 936602378 332869089 936602378
282209687 933858177 282209687 973747738
276570702 910152866 316619709 910152866
18706633 309431390 57568935 328134865
57568935 328134865 63805791 328134865
63805791 328134865 65610950 328152463
57568935 328134865 57568935 336442412
57568935 336442412 98154053 343746276
98154053 343746276 112013807 343746276
112013807 343746276 112013807 348613929
112013807 348613929 126902481 350535209
126902481 350535209 127295967 369460395
127295967 369460395 127295967 370041228
127295967 370041228 140905826 370041228
98154053 343746276 98154053 366641432
98154053 366641432 101382059 367179268
101382059 367179268 108513013 367344922
127295967 369460395 152722848 369460395
152722848 369460395 177819313 370126220
177819313 370126220 183908462 370126220
177819313 370126220 177819313 389215542
177819313 389215542 179288649 392945330
179288649 392945330 194313615 392945330
127295967 370041228 127295967 400830254
127295967 400830254 127658822 420061109
127658822 420061109 142218325 420061109
127658822 420061109 127658822 437998718
127658822 437998718 127854438 460377651
127854438 460377651 131260504 460377651
127854438 460377651 127854438 487934111
127854438 487934111 130695121 507078100
112013807 343746276 144148715 343746276
144148715 343746276 149760440 346878100
149760440 346878100 174919452 355867468
179288649 392945330 179288649 448428790
179288649 448428790 198081889 477985967
198081889 477985967 204270164 502500782
79510486 553951935 79510486 614341400
48511686 262329181 102420056 269335936
102420056 269335936 147821498 279001907
147821498 279001907 147821498 288423972
147821498 279001907 166407401 279001907
147821498 288423972 149760440 317020918
149760440 317020918 169678714 317020918
53740330 169993138 115171191 169993138
115171191 169993138 135673726 192627447
0 739313400 0 801040081
0 801040081 0 802633314
0 802633314 0 813800711
0 813800711 0 829630002
0 829630002 15899648 829630002
0 829630002 0 860768194
0 860768194 3641425 860768194
0 860768194 0 892024537
0 892024537 0 897566393
0 897566393 2169326 897566393
0 897566393 0 903584558
0 903584558 0 921092252
0 921092252 0 928150784
0 928150784 2198123 928150784
0 921092252 20658743 921092252
0 892024537 22980684 892024537
22980684 892024537 30411103 903584558
0 801040081 38153396 801040081
38153396 801040081 44231826 802633314
44231826 802633314 47373340 813800711
47373340 813800711 67383875 821268533
67383875 821268533 86859755 821268533
86859755 821268533 88143322 825268779
67383875 821268533 67383875 858718281
67383875 858718281 68911293 865922982
68911293 865922982 79937154 866319141
2198123 928150784 4831116 964208770
4831116 964208770 13104718 964208770
4831116 964208770 4831116 977186637
4831116 977186637 27409159 980994630
27409159 980994630 40653992 986627551
79937154 866319141 103573062 892090186
103573062 892090186 105782568 892109611
88143322 825268779 116474870 846432918
116474870 846432918 144715176 862502675
144715176 862502675 144715176 866161963
144715176 862502675 159190370 862502675
159190370 862502675 190149048 866606908
190149048 866606908 199596033 885750568
199596033 885750568 199596033 893218484
199596033 885750568 227325159 885750568
227325159 885750568 227898414 885750568
227325159 885750568 227325159 891426106
227325159 891426106 233402462 891763326
233402462 891763326 253581745 891763326
233402462 891763326 233402462 916470050
227898414 885750568 253581745 887367090
105782568 892109611 131144622 922370748
131144622 922370748 149493134 940151533
149493134 940151533 167198894 940151533
149493134 940151533 149493134 965708723
167198894 940151533 178411276 960527868
178411276 960527868 192116470 981720975
192116470 981720975 192116470 983775902
192116470 981720975 201400698 981720975
149493134 965708723 158429427 999501120
20658743 921092252 45632502 953035329
45632502 953035329 68441465 976799254
68441465 976799254 108524719 983358194
108524719 983358194 119303149 983358194
108524719 983358194 108524719 998760826
233402462 916470050 265456654 949012649
265456654 949012649 278610091 998929712
134185158 590517280 155142905 634894581
155142905 634894581 177271438 657203940
177271438 657203940 184367444 657203940
177271438 657203940 177271438 675193438
177271438 675193438 204004229 680651722
204004229 680651722 207296592 694915617
207296592 694915617 217286209 694915617
217286209 694915617 222685858 713876306
207296592 694915617 207296592 760862978
207296592 760862978 212094686 760862978
207296592 760862978 207296592 789528568
207296592 789528568 214508292 809683723
214508292 809683723 219543990 830800652
219543990 830800652 219543990 841455316
219543990 830800652 244978431 830800652
3792268 486023793 54524664 501803374
25235681 455213850 66430197 480796580
66430197 480796580 66430197 484847282
66430197 480796580 74341625 480796580
74341625 480796580 83168770 490310696
79510486 614341400 120895114 640425320
130695121 507078100 169547711 540681814
169547711 540681814 169547711 548167533
169547711 540681814 178152849 540681814
178152849 540681814 180427038 542821178
180427038 542821178 185060496 543144689
185060496 543144689 186176586 552533683
186176586 552533683 190800825 564416030
190800825 564416030 198345496 570703741
198345496 570703741 198345496 574383841
198345496 570703741 224500594 570703741
32225465 384171252 76366135 413469623
76366135 413469623 89426604 432738191
772529802 670233706 784846843 736214941
784846843 736214941 814449041 737112530
799606519 415149357 862402941 436288075
838498468 554925144 894661194 582840704
842361607 639475953 842361607 730637109
590212046 13619942 590665329 109661010
590665329 109661010 606363129 139707846
606363129 139707846 606363129 146617388
606363129 139707846 617317196 139707846
500280095 67659584 567710520 111485936
14662811 728022649 116887806 745696670
116887806 745696670 126954312 758012497
126954312 758012497 126954312 768457610
126954312 758012497 148499076 758012497
148499076 758012497 148499076 766643471
148499076 758012497 163489548 758012497
126954312 768457610 144449318 791568152
163489548 758012497 185318423 789191081
185318423 789191081 206159742 833080202
