1456
0 0 12710905 0
0 0 0 22778368
0 22778368 0 28878047
0 28878047 12710905 28878047
12710905 0 41380784 0
41380784 0 41380784 22778368
41380784 0 66968186 0
66968186 0 74246799 0
66968186 0 66968186 15964411
66968186 15964411 68902479 40569752
68902479 40569752 74246799 40569752
68902479 40569752 68902479 77050066
74246799 0 114502536 0
114502536 0 122481278 0
122481278 0 122481278 20050354
114502536 0 114502536 26031924
114502536 26031924 114938349 51126012
114938349 51126012 121791809 52407487
121791809 52407487 129049000 52407487
122481278 0 162161917 0
162161917 0 165450694 0
165450694 0 165450694 581034
165450694 0 167720327 0
167720327 0 175876688 0
175876688 0 184485038 0
184485038 0 204995658 0
175876688 0 175876688 22227000
175876688 22227000 184485038 22234951
184485038 22234951 188660698 30318807
188660698 30318807 204995658 30318807
188660698 30318807 188660698 61578208
188660698 61578208 203862502 61578208
188660698 61578208 188660698 82139012
188660698 82139012 192825700 94832984
192825700 94832984 192825700 102166305
192825700 94832984 210388614 94832984
210388614 94832984 210388614 98085671
210388614 94832984 234496441 94832984
234496441 94832984 245133320 107822942
210388614 98085671 226652732 110153359
204995658 0 237328805 0
237328805 0 243695619 0
237328805 0 237328805 8149230
237328805 8149230 241205743 9817241
241205743 9817241 243695619 9817241
243695619 0 260484654 0
260484654 0 272541392 0
272541392 0 295040721 0
295040721 0 318869657 0
318869657 0 328504417 0
328504417 0 339160321 0
328504417 0 328504417 17123791
328504417 17123791 339160321 29766067
339160321 29766067 346363952 35168118
346363952 35168118 368788006 35168118
368788006 35168118 373360188 42239107
373360188 42239107 398026213 42239107
398026213 42239107 422838295 43043645
422838295 43043645 424102520 66544110
424102520 66544110 438411590 66544110
424102520 66544110 424102520 87127146
373360188 42239107 373360188 71700168
373360188 71700168 375333568 71700168
375333568 71700168 375333568 72367779
375333568 71700168 378375305 71700168
373360188 71700168 373360188 82221208
373360188 82221208 377294022 89967708
377294022 89967708 395249097 89967708
377294022 89967708 377294022 111214130
377294022 111214130 382860642 121803634
382860642 121803634 407751128 125610006
407751128 125610006 429506277 125610006
395249097 89967708 403154526 110785568
339160321 0 368788006 0
368788006 0 398026213 0
398026213 0 422838295 0
422838295 0 455674008 0
455674008 0 458223805 0
458223805 0 477571462 0
477571462 0 494519437 0
455674008 0 455674008 21760422
455674008 21760422 458223805 23215920
458223805 23215920 474260011 23666265
474260011 23666265 477571462 23666265
477571462 23666265 494519437 29103939
494519437 0 517291378 0
517291378 0 531491754 0
167720327 0 167720327 34038925
494519437 29103939 517291378 40782235
272541392 0 272541392 35389738
272541392 35389738 295040721 42732727
295040721 42732727 298953853 44223704
298953853 44223704 318869657 44223704
407751128 125610006 407751128 161087637
407751128 161087637 407751128 166701404
407751128 161087637 415625769 161087637
415625769 161087637 418710307 169899664
162161917 0 162161917 36438797
260484654 0 260484654 39131330
474260011 23666265 474260011 65276981
474260011 65276981 483248433 85470262
483248433 85470262 483248433 89949707
483248433 89949707 488422186 109870244
488422186 109870244 488686039 137938309
488686039 137938309 498318924 141057310
498318924 141057310 516758686 141057310
516758686 141057310 516758686 155884579
516758686 155884579 519735745 167503629
519735745 167503629 519735745 170353115
516758686 141057310 535498715 141057310
519735745 167503629 539876291 167503629
483248433 85470262 513722592 85470262
519735745 170353115 538562209 188278402
538562209 188278402 541722472 219272206
541722472 219272206 541722472 231689694
541722472 231689694 551025947 239894958
551025947 239894958 555544001 239894958
541722472 219272206 568817710 219272206
555544001 239894958 593868978 243290442
593868978 243290442 597010234 250760732
597010234 250760732 599611145 250760732
599611145 250760732 600111408 253051737
600111408 253051737 600111408 255777483
600111408 255777483 602438275 255777483
600111408 255777483 600111408 265973938
597010234 250760732 597010234 269194378
600111408 253051737 619810171 253051737
619810171 253051737 625016640 257049319
625016640 257049319 636976350 257049319
636976350 257049319 636976350 261642238
625016640 257049319 625016640 273921251
636976350 257049319 661066605 257049319
661066605 257049319 669815699 266601907
669815699 266601907 681701561 271001256
681701561 271001256 681701561 271234573
681701561 271234573 692168618 272814841
692168618 272814841 700957958 272814841
700957958 272814841 702735909 287770781
702735909 287770781 728544857 287770781
681701561 271001256 716523086 271001256
346363952 35168118 346363952 81281522
346363952 81281522 350781425 84968056
702735909 287770781 702735909 335201102
702735909 335201102 709736867 340137865
709736867 340137865 709736867 350418188
709736867 340137865 735448377 340137865
735448377 340137865 735448377 344301379
735448377 340137865 758880711 340137865
758880711 340137865 782103520 358773989
298953853 44223704 298953853 92028632
298953853 92028632 300321267 92028632
298953853 92028632 298953853 95380376
241205743 9817241 241205743 58822750
241205743 58822750 245133320 60400418
245133320 60400418 255949406 60400418
498318924 141057310 498318924 190356444
498318924 190356444 501610124 225789853
501610124 225789853 501840244 229913880
501840244 229913880 501840244 230552171
501840244 229913880 525601685 229913880
501840244 230552171 519405423 248532270
68902479 77050066 84522914 111494416
84522914 111494416 98670367 115904927
98670367 115904927 98670367 137020369
98670367 137020369 100700500 137064354
100700500 137064354 126400597 137064354
98670367 115904927 127849448 115904927
127849448 115904927 141769044 117386922
126400597 137064354 158177824 151769915
158177824 151769915 181238444 159747734
181238444 159747734 189400479 159747734
189400479 159747734 196123718 159747734
189400479 159747734 189400479 175723445
189400479 175723445 189678398 192137178
189678398 192137178 199207018 192137178
189678398 192137178 189678398 208586455
189678398 208586455 205614428 215261394
205614428 215261394 212491299 215261394
181238444 159747734 181238444 184829835
196123718 159747734 229919835 160955033
229919835 160955033 229919835 172835226
229919835 172835226 259580050 180531521
259580050 180531521 265421601 180531521
259580050 180531521 259580050 189573336
265421601 180531521 291209512 181078497
291209512 181078497 296129228 184763296
296129228 184763296 323184375 184763296
323184375 184763296 335389943 187136570
335389943 187136570 335389943 194416417
335389943 194416417 343473061 215846247
343473061 215846247 348854868 215846247
348854868 215846247 366278811 217649688
366278811 217649688 366278811 220684865
343473061 215846247 343473061 237337276
343473061 237337276 352056087 241463485
352056087 241463485 359349311 243604759
359349311 243604759 378306661 243604759
359349311 243604759 359349311 267308925
359349311 267308925 369429179 267308925
359349311 267308925 359349311 291926435
359349311 291926435 361368362 294069455
366278811 217649688 391545184 217649688
361368362 294069455 361368362 321876716
361368362 321876716 374786444 321876716
374786444 321876716 393738260 321887276
393738260 321887276 393738260 334650342
393738260 321887276 414111525 321887276
414111525 321887276 416353762 324953554
361368362 294069455 389932637 294069455
389932637 294069455 390048329 294069455
389932637 294069455 389932637 307331566
361368362 321876716 361368362 350820674
391545184 217649688 418221586 220226696
418221586 220226696 432482930 220226696
432482930 220226696 432482930 223202361
432482930 220226696 438737423 220226696
418221586 220226696 418221586 240690472
418221586 240690472 418221586 240959347
418221586 240690472 429819488 240690472
429819488 240690472 430089216 255490996
430089216 255490996 440658772 257485536
440658772 257485536 455123239 257485536
455123239 257485536 455123239 265877569
455123239 257485536 465868778 257485536
418221586 240959347 421695894 255490996
465868778 257485536 482364954 259872902
482364954 259872902 482818323 259872902
482364954 259872902 482364954 263369693
438737423 220226696 454516248 226087181
454516248 226087181 455123239 243410424
440658772 257485536 440658772 287392266
440658772 287392266 445476408 302625993
445476408 302625993 445476408 328835157
445476408 302625993 475269287 302625993
475269287 302625993 478592224 322671562
478592224 322671562 478592224 336482633
478592224 336482633 492714258 336482633
492714258 336482633 492714258 340660500
492714258 336482633 497452789 336482633
478592224 336482633 478592224 360308989
455123239 243410424 486447460 243410424
486447460 243410424 493672801 248532270
493672801 248532270 493672801 253820931
493672801 253820931 495722354 256254156
421695894 255490996 421695894 287818030
416353762 324953554 426506127 349119764
335389943 187136570 370167396 187136570
296129228 184763296 296129228 222326942
478592224 360308989 478647177 398742910
478647177 398742910 482779633 410283779
482779633 410283779 482779633 413618592
482779633 413618592 482860810 415015602
482860810 415015602 482860810 439236648
482779633 410283779 513938253 410283779
513938253 410283779 519128965 415015602
389932637 307331566 421639532 316777969
478592224 322671562 520950746 322671562
520950746 322671562 530800165 331465187
530800165 331465187 554319567 331465187
554319567 331465187 557493639 340951278
557493639 340951278 557493639 360291745
557493639 360291745 569824475 360291745
557493639 360291745 557493639 384755406
557493639 384755406 570016032 388035356
570016032 388035356 587454652 388035356
570016032 388035356 570016032 406958120
570016032 406958120 586861225 406958120
587454652 388035356 609308924 396158408
609308924 396158408 609308924 404191221
609308924 396158408 619401129 396158408
619401129 396158408 631338489 404000384
631338489 404000384 639944282 423451978
586861225 406958120 602664122 421357982
557493639 340951278 588264237 340951278
588264237 340951278 588264237 342015796
588264237 340951278 607031585 340951278
602664122 421357982 613107230 451812676
613107230 451812676 613565152 481707511
613565152 481707511 619566561 481707511
613565152 481707511 613565152 499882607
619566561 481707511 643486279 497254281
643486279 497254281 643486279 497774236
643486279 497254281 667316493 497254281
643486279 497774236 645300625 528323607
645300625 528323607 653568560 528323607
653568560 528323607 653568560 532356688
653568560 528323607 662812825 528323607
662812825 528323607 675105038 531996735
645300625 528323607 645300625 545693198
645300625 545693198 647384705 558147673
647384705 558147673 662818366 571353628
662818366 571353628 683795181 571353628
662818366 571353628 662818366 607808661
683795181 571353628 716241724 576090008
716241724 576090008 727504151 576090008
727504151 576090008 732959210 589689893
732959210 589689893 732959210 599456803
732959210 589689893 746637845 589689893
716241724 576090008 716241724 602862085
667316493 497254281 687705599 519167803
687705599 519167803 687705599 528060049
687705599 519167803 701040768 519167803
701040768 519167803 715081137 527664184
715081137 527664184 742328391 530584948
742328391 530584948 748624495 534278147
748624495 534278147 750069642 534278147
750069642 534278147 750069642 536367626
750069642 536367626 756043843 548007164
756043843 548007164 762055835 549921744
750069642 534278147 773975682 534278147
773975682 534278147 773975682 536126770
773975682 534278147 781308581 534278147
748624495 534278147 748624495 560385508
748624495 560385508 748640933 560385508
748624495 560385508 748624495 561292480
781308581 534278147 781623333 576366785
781623333 576366785 793643391 593822413
793643391 593822413 793643391 616256415
793643391 593822413 821565863 593822413
821565863 593822413 821565863 602114479
821565863 593822413 830813591 593822413
830813591 593822413 848707643 603264907
793643391 616256415 801749355 639616714
801749355 639616714 812211227 639616714
812211227 639616714 814271397 639616714
812211227 639616714 812211227 643709379
814271397 639616714 818615717 639828042
801749355 639616714 801749355 658444064
801749355 658444064 827044642 662838443
827044642 662838443 830298076 662838443
830298076 662838443 830298076 679099035
830298076 679099035 831278441 679099035
830298076 679099035 830298076 684133187
830298076 662838443 851842924 662838443
830298076 684133187 850511453 700559222
850511453 700559222 850511453 702954060
850511453 700559222 857093045 700559222
857093045 700559222 864952176 716180753
864952176 716180753 864952176 720164218
864952176 720164218 881811801 720164218
864952176 716180753 883945215 716180753
883945215 716180753 887106770 716612145
887106770 716612145 887106770 736311568
887106770 736311568 893351800 755362694
893351800 755362694 910325684 755482796
910325684 755482796 922377334 755482796
910325684 755482796 910325684 768405009
864952176 720164218 864952176 745719783
848707643 603264907 887004575 603930366
887004575 603930366 889203185 607970335
889203185 607970335 889203185 624417870
889203185 624417870 889203185 627041079
889203185 624417870 895689115 624417870
889203185 607970335 908453889 607970335
908453889 607970335 922887693 617505629
922887693 617505629 922887693 623680740
922887693 617505629 944758349 617505629
864952176 745719783 869007511 780706757
827044642 662838443 827044642 702350244
922377334 755482796 961538120 761736213
961538120 761736213 973078286 767503387
973078286 767503387 991098887 767503387
991098887 767503387 998898037 767503387
991098887 767503387 991098887 785026112
973078286 767503387 973078286 807685560
973078286 807685560 978050936 807685560
973078286 807685560 973078286 823948707
973078286 823948707 973866234 867840625
973866234 867840625 985123393 871996654
985123393 871996654 989256033 871996654
989256033 871996654 998716709 900812106
296129228 222326942 306326493 257618964
306326493 257618964 315372154 275542535
887106770 716612145 932811999 716612145
932811999 716612145 949064186 726162778
949064186 726162778 970851831 742292728
889203185 627041079 890450771 671926922
890450771 671926922 908441916 678280705
908441916 678280705 909036836 679371439
909036836 679371439 909036836 694451250
909036836 694451250 909036836 697888423
909036836 694451250 915183075 694451250
915183075 694451250 928393437 707653462
909036836 679371439 943151283 679371439
943151283 679371439 979443796 687312604
928393437 707653462 930235432 750934339
910325684 768405009 915708391 809267583
869007511 780706757 906535380 789579419
141769044 117386922 177540914 128277171
530800165 331465187 530800165 378938525
530800165 378938525 530800165 390467161
530800165 378938525 543523960 378938525
530800165 390467161 538218661 395865004
985123393 871996654 985123393 919546962
985123393 919546962 992066645 943275533
315372154 275542535 318780058 320344482
318780058 320344482 328224108 322035183
662818366 607808661 692420171 626890619
692420171 626890619 712542191 655616433
712542191 655616433 723123412 655616433
712542191 655616433 712542191 672472888
723123412 655616433 750620118 659220000
750620118 659220000 750620118 682932761
750620118 659220000 775370574 659220000
712542191 672472888 730935927 703367111
730935927 703367111 733954124 717554436
733954124 717554436 747449269 717554436
747449269 717554436 770765146 718439494
770765146 718439494 772738267 718439494
772738267 718439494 772738267 719113006
770765146 718439494 770765146 725487205
772738267 718439494 790079586 718439494
770765146 725487205 773542445 747781874
773542445 747781874 782529433 776766236
782529433 776766236 782529433 787160366
782529433 787160366 789502419 801903096
789502419 801903096 804002197 801903096
789502419 801903096 789502419 823897117
782529433 776766236 809579419 776766236
809579419 776766236 842929497 785519812
842929497 785519812 844006113 816464661
733954124 717554436 733954124 761482444
789502419 823897117 798605577 862184460
798605577 862184460 823701579 876257917
823701579 876257917 823701579 882516369
823701579 876257917 850469380 876257917
850469380 876257917 859917132 878455461
859917132 878455461 899936039 878455461
899936039 878455461 904652118 878455461
899936039 878455461 899936039 906224617
899936039 906224617 914802926 916900836
904652118 878455461 914802926 899184575
914802926 899184575 914802926 899411197
914802926 899411197 922333190 899411197
914802926 899184575 933069966 899184575
859917132 878455461 859917132 924723209
859917132 924723209 859917132 925720637
859917132 925720637 875077266 934114335
875077266 934114335 875077266 943696761
875077266 934114335 899884454 934114335
875077266 943696761 882623715 962828817
859917132 924723209 891471193 924723209
933069966 899184575 950342161 930270904
950342161 930270904 958174431 933033706
958174431 933033706 969085706 933033706
969085706 933033706 979104604 933033706
969085706 933033706 969085706 946362170
969085706 946362170 979920212 949181117
958174431 933033706 958174431 952227079
979920212 949181117 989294032 964040606
212491299 215261394 216067032 261415612
216067032 261415612 217784461 282499553
217784461 282499553 217784461 287775258
217784461 287775258 217784461 292824261
217784461 292824261 218713759 292824261
217784461 287775258 231778744 287775258
217784461 292824261 217784461 308799715
217784461 308799715 219755727 341097809
219755727 341097809 252320533 342334269
252320533 342334269 252320533 345526315
252320533 345526315 256811294 352417549
256811294 352417549 268992946 352417549
268992946 352417549 268992946 356698237
268992946 352417549 276228786 352417549
276228786 352417549 282305069 364160238
282305069 364160238 282305069 378861473
282305069 364160238 311032216 364160238
256811294 352417549 256811294 383865263
231778744 287775258 254337771 300092316
252320533 342334269 287436819 342334269
311032216 364160238 344228677 366099900
344228677 366099900 349571845 397114752
349571845 397114752 349836608 397114752
349571845 397114752 349571845 411150478
349571845 411150478 350726090 415994098
350726090 415994098 351781112 415994098
351781112 415994098 351781112 425351396
350726090 415994098 350726090 431625364
351781112 415994098 370193042 415994098
370193042 415994098 385075328 418757497
385075328 418757497 393221783 418757497
393221783 418757497 410496242 422794636
410496242 422794636 410496242 437903571
410496242 422794636 427011793 422794636
350726090 431625364 351066679 471852798
351066679 471852798 361436344 483663494
361436344 483663494 361436344 493021996
361436344 483663494 375436594 483663494
361436344 493021996 364829734 510440262
364829734 510440262 364929314 510440262
364829734 510440262 364829734 516141845
364829734 516141845 369775298 519816801
369775298 519816801 381861365 519816801
381861365 519816801 382329056 521583421
382329056 521583421 403592815 521885567
403592815 521885567 410631618 521885567
410631618 521885567 412772109 521885567
410631618 521885567 410631618 531713809
410631618 531713809 417473687 535771797
403592815 521885567 403592815 551905439
403592815 551905439 404257109 557821572
404257109 557821572 404257109 582356064
375436594 483663494 402261047 488382765
402261047 488382765 427409223 491844904
427409223 491844904 442448249 491844904
442448249 491844904 449918845 499787374
427409223 491844904 427409223 509304547
449918845 499787374 449918845 521448001
449918845 499787374 478030251 499787374
404257109 557821572 443915114 557821572
404257109 582356064 437920743 591449356
437920743 591449356 446657157 607021077
446657157 607021077 446657157 614685990
446657157 614685990 450914504 614685990
446657157 614685990 446657157 630072394
446657157 630072394 451514162 641625389
451514162 641625389 458283310 641625389
446657157 607021077 465479831 607021077
458283310 641625389 472804821 653330514
472804821 653330514 489266728 657876635
451514162 641625389 451514162 670815527
465479831 607021077 496493131 616836551
496493131 616836551 505295932 619597777
505295932 619597777 528982202 628018631
528982202 628018631 545997328 645981558
545997328 645981558 555950578 645981558
545997328 645981558 545997328 672526211
545997328 672526211 555786012 672526211
555950578 645981558 573697999 655237544
573697999 655237544 573697999 660092637
573697999 660092637 576295340 672193118
576295340 672193118 577491934 672193118
573697999 655237544 593118149 655237544
577491934 672193118 601973851 676982108
545997328 672526211 545997328 703766360
601973851 676982108 603396665 710351329
603396665 710351329 608270952 710351329
603396665 710351329 603396665 734893835
603396665 734893835 604106115 738122102
604106115 738122102 604106115 739779551
604106115 739779551 616923610 756344326
616923610 756344326 623931686 777653366
623931686 777653366 631441620 778805017
631441620 778805017 639264466 778805017
639264466 778805017 639264466 779849615
639264466 778805017 660862428 778805017
660862428 778805017 687092873 787079665
687092873 787079665 699100269 796360893
639264466 779849615 649690672 809720418
631441620 778805017 631441620 819907802
631441620 819907802 645990937 834816721
645990937 834816721 648712365 834816721
645990937 834816721 645990937 860110634
648712365 834816721 664399855 852434855
664399855 852434855 674361093 858177484
674361093 858177484 674361093 875449855
674361093 875449855 683168722 894998025
683168722 894998025 686192288 894998025
683168722 894998025 683168722 914185718
686192288 894998025 700735071 900113045
700735071 900113045 710480897 900113045
700735071 900113045 700735071 926107499
683168722 914185718 686159672 940488421
700735071 926107499 715635097 942237677
715635097 942237677 732224621 942237677
715635097 942237677 715635097 966883279
674361093 858177484 719527857 858177484
719527857 858177484 750707793 869481080
604106115 738122102 649509602 738122102
217784461 282499553 263420701 282499553
263420701 282499553 290945901 295564596
290945901 295564596 302473329 306025086
385075328 418757497 385075328 465962892
478030251 499787374 499312553 527009735
499312553 527009735 525375688 532229628
525375688 532229628 548966421 546308785
548966421 546308785 557148880 546308785
557148880 546308785 566206249 546308785
557148880 546308785 557148880 560427730
548966421 546308785 548966421 574212627
548966421 574212627 552894370 574212627
548966421 574212627 548966421 584213835
548966421 584213835 569069814 584628250
569069814 584628250 569069814 586617773
569069814 584628250 577160220 584628250
577160220 584628250 588006765 596835440
588006765 596835440 588006765 620397608
588006765 620397608 593118149 623242442
593118149 623242442 611309926 623242442
611309926 623242442 611309926 636524949
611309926 636524949 611309926 641540753
611309926 636524949 624414859 636524949
611309926 623242442 626655174 623242442
626655174 623242442 626655174 627204544
626655174 623242442 638899913 623242442
638899913 623242442 650969046 626890619
588006765 596835440 634975736 596835440
634975736 596835440 644672385 598726488
650969046 626890619 650969046 675611699
0 28878047 0 78950250
0 78950250 0 84578829
0 84578829 0 94663219
0 94663219 0 98616965
0 98616965 0 111465496
0 111465496 10325880 111465496
0 94663219 23170854 94663219
23170854 94663219 26367780 98616965
26367780 98616965 51399884 103303028
51399884 103303028 58154966 111494416
58154966 111494416 58154966 121927683
0 84578829 30385615 84578829
0 78950250 41904836 78950250
58154966 121927683 68625931 155340742
0 111465496 0 155925261
0 155925261 0 162627805
0 162627805 14810034 162627805
0 162627805 0 178501231
0 178501231 0 183355109
0 183355109 0 187302766
0 187302766 0 199876236
0 199876236 0 212760356
0 183355109 14500866 183355109
14500866 183355109 32019967 187302766
32019967 187302766 40857000 199876236
0 178501231 22382945 178501231
0 212760356 0 237508503
0 237508503 15053324 237508503
0 237508503 0 258023408
0 258023408 0 260212246
0 258023408 13211048 258023408
13211048 258023408 23453327 260212246
0 260212246 0 274243662
0 274243662 1889620 274243662
0 274243662 0 299333016
0 212760356 25224091 212760356
0 299333016 0 326876832
0 326876832 4682217 326876832
0 326876832 0 345180776
0 345180776 3926527 345180776
0 345180776 0 349743891
0 349743891 9909082 349743891
0 349743891 0 367605805
0 367605805 0 385779751
0 385779751 39651408 385779751
39651408 385779751 51508466 394904119
51508466 394904119 90303468 396262528
90303468 396262528 90303468 396355093
90303468 396262528 93112912 396262528
93112912 396262528 120896066 398377035
120896066 398377035 120896066 404865702
120896066 404865702 123984479 411294975
120896066 398377035 130717609 398377035
123984479 411294975 160233360 419140842
0 385779751 0 429967506
0 429967506 6851992 429967506
0 429967506 0 439672194
0 439672194 0 458401350
0 458401350 0 464618839
0 464618839 0 465702159
0 465702159 0 469097022
0 465702159 16817942 465702159
0 439672194 19030839 439672194
16817942 465702159 43746567 469097022
0 464618839 38354103 464618839
19030839 439672194 40030809 458401350
0 299333016 44380560 299333016
0 367605805 44982729 367605805
160233360 419140842 184090096 440572810
184090096 440572810 184090096 442376396
184090096 442376396 186212017 445840770
184090096 440572810 191302846 440572810
186212017 445840770 209795466 445840770
209795466 445840770 210570450 490424092
210570450 490424092 211576509 499071672
211576509 499071672 211576509 507602315
211576509 507602315 223751455 507602315
211576509 499071672 226828147 499071672
223751455 507602315 239353974 507738358
239353974 507738358 239353974 514095089
239353974 514095089 241893514 525709414
241893514 525709414 246549045 547303010
246549045 547303010 246757242 547303010
246549045 547303010 246549045 559297973
211576509 507602315 211576509 534161443
239353974 507738358 270423065 507738358
0 469097022 0 519182459
0 519182459 0 521300647
0 521300647 34196199 521300647
34196199 521300647 61216340 542236653
61216340 542236653 68580994 542236653
61216340 542236653 61216340 586910785
61216340 586910785 67302106 596515977
67302106 596515977 67302106 611585485
67302106 611585485 76951346 611585485
76951346 611585485 81110168 612257414
81110168 612257414 101554342 612257414
101554342 612257414 101554342 626687585
101554342 612257414 130426613 612257414
81110168 612257414 81110168 649343429
81110168 649343429 91889669 649343429
81110168 649343429 81110168 673392246
81110168 673392246 89403238 676904543
89403238 676904543 102794740 676904543
89403238 676904543 89403238 693351706
89403238 693351706 132011572 694654859
132011572 694654859 138463865 703317684
138463865 703317684 159343680 703317684
138463865 703317684 138463865 726134109
138463865 726134109 152388358 726134109
159343680 703317684 169425485 718822256
169425485 718822256 169425485 737343470
169425485 737343470 170461206 739748834
170461206 739748834 182510829 739748834
182510829 739748834 182510829 741216912
182510829 739748834 194868921 739748834
169425485 718822256 191531986 718822256
191531986 718822256 191531986 730931584
191531986 718822256 215514272 718822256
138463865 726134109 138463865 756704677
138463865 756704677 140061827 756704677
138463865 756704677 138463865 763519428
170461206 739748834 170461206 776382471
0 519182459 48100119 519182459
229919835 160955033 280006613 160955033
517291378 40782235 550362075 57984294
550362075 57984294 550362075 66277330
550362075 57984294 581687522 57984294
581687522 57984294 585315684 62215527
585315684 62215527 604808915 76403559
604808915 76403559 611185727 94135615
611185727 94135615 611185727 98633437
611185727 98633437 611185727 108092769
611185727 98633437 625255119 98633437
611185727 108092769 612742881 126481209
612742881 126481209 624304520 126481209
612742881 126481209 612742881 165621560
612742881 165621560 624122062 177324065
624122062 177324065 624122062 206139417
624122062 206139417 652015135 206750311
652015135 206750311 667141935 211423760
667141935 211423760 667141935 214874825
667141935 214874825 673986805 215663446
667141935 211423760 674959677 211423760
673986805 215663446 682197468 215663446
673986805 215663446 673986805 235586435
624122062 177324065 656605931 177324065
656605931 177324065 668371933 181709453
668371933 181709453 680344391 181809342
680344391 181809342 680344391 182007291
680344391 182007291 691690679 192264097
680344391 181809342 706639509 181809342
121791809 52407487 121791809 102850780
706639509 181809342 733735412 205201341
733735412 205201341 733735412 212469099
733735412 205201341 747851708 205201341
733735412 212469099 734332002 229045821
734332002 229045821 754020462 243499032
754020462 243499032 762647580 256176614
762647580 256176614 762647580 268736620
762647580 268736620 775669705 271557440
775669705 271557440 780602217 303696149
780602217 303696149 780602217 324736262
780602217 303696149 813321577 303696149
813321577 303696149 822089296 310460780
762647580 256176614 811140561 256176614
811140561 256176614 818624072 268056904
818624072 268056904 839343495 272075120
839343495 272075120 839343495 300422309
839343495 272075120 869421224 272075120
869421224 272075120 869421224 273770028
869421224 272075120 879147907 272075120
879147907 272075120 880090941 290780630
880090941 290780630 880584365 290780630
880584365 290780630 890404955 297513326
890404955 297513326 890404955 315646107
890404955 315646107 902799910 317197679
902799910 317197679 906758234 317197679
906758234 317197679 908267651 320410486
902799910 317197679 902799910 337356627
902799910 337356627 926573109 349213707
926573109 349213707 926573109 364591751
926573109 349213707 948777554 349213707
926573109 364591751 938698607 390804355
938698607 390804355 949908812 390804355
949908812 390804355 960476918 402008040
960476918 402008040 960476918 418671692
960476918 418671692 971803505 429697260
971803505 429697260 977545753 442776880
977545753 442776880 978956398 442776880
977545753 442776880 977545753 460325735
977545753 460325735 978835044 460325735
977545753 460325735 977545753 474132376
960476918 402008040 985575906 402008040
938698607 390804355 938698607 420487100
977545753 474132376 988425636 494936877
938698607 420487100 939981989 455473754
939981989 455473754 939981989 461516716
939981989 455473754 956748200 455473754
939981989 461516716 955610547 469197730
955610547 469197730 969802655 469197730
955610547 469197730 955610547 507961040
955610547 507961040 957164285 516566366
957164285 516566366 959939059 521438165
948777554 349213707 983122522 355809785
983122522 355809785 983122522 356182118
983122522 355809785 993960848 355809785
993960848 355809785 996788839 389494337
969802655 469197730 976373385 504753694
988425636 494936877 999470087 528365797
880090941 290780630 880090941 338492828
880090941 338492828 893361977 374282471
893361977 374282471 893361977 375542459
893361977 374282471 895337263 374282471
750707793 869481080 782471605 888475046
782471605 888475046 782471605 890387543
782471605 888475046 792916275 888475046
782471605 890387543 788948228 912918046
788948228 912918046 788948228 913714169
788948228 912918046 791170890 912918046
791170890 912918046 800917914 939376868
800917914 939376868 809773966 939376868
809773966 939376868 812120123 939376868
809773966 939376868 809773966 950051854
809773966 950051854 811228079 962810096
800917914 939376868 800917914 962810096
800917914 962810096 800917914 965247095
800917914 965247095 807239581 991926905
807239581 991926905 847618189 996643904
67302106 611585485 67302106 662524337
205614428 215261394 205614428 266431789
170461206 776382471 181343262 817250142
181343262 817250142 181343262 825042656
181343262 825042656 181780824 832386556
181780824 832386556 181780824 842069877
181343262 817250142 205950394 817250142
205950394 817250142 232830940 828849889
232830940 828849889 232830940 832386556
232830940 828849889 272425111 828849889
67302106 662524337 80966124 701231410
80966124 701231410 82024501 749473236
82024501 749473236 92169929 764620558
92169929 764620558 92764352 765809408
92764352 765809408 109048480 765809408
92764352 765809408 92764352 793970622
282305069 378861473 283368012 430231512
283368012 430231512 285760091 449322937
285760091 449322937 300659228 454312653
489266728 657876635 494521093 705169460
545997328 703766360 576295340 726398824
576295340 726398824 580607433 770465171
580607433 770465171 582950205 776681459
582950205 776681459 591341275 776681459
582950205 776681459 582950205 817914566
100700500 137064354 100700500 190704808
100700500 190704808 110708227 198645461
110708227 198645461 110708227 233312543
110708227 198645461 152550253 198645461
152550253 198645461 158968938 208586455
158968938 208586455 158968938 223942907
110708227 233312543 134523680 251988865
134523680 251988865 144370470 267043562
144370470 267043562 146221742 272494342
146221742 272494342 146221742 275374835
146221742 272494342 168279070 272494342
146221742 275374835 155468939 291262938
155468939 291262938 165184406 291262938
155468939 291262938 155468939 325271160
155468939 325271160 175643462 330311246
175643462 330311246 199926087 330311246
199926087 330311246 206158127 349387456
206158127 349387456 212453384 366108735
212453384 366108735 218738652 366108735
218738652 366108735 219354820 378409102
212453384 366108735 212453384 387848058
175643462 330311246 175643462 364234383
212453384 387848058 236082429 408387225
236082429 408387225 247966278 408387225
236082429 408387225 236082429 425289991
236082429 425289991 254440203 436021665
254440203 436021665 260690809 436021665
260690809 436021665 265081394 453372435
265081394 453372435 267776673 458745410
254440203 436021665 254440203 482346965
570016032 406958120 570016032 460758376
882623715 962828817 903762654 995516665
903762654 995516665 903762654 996635913
903762654 995516665 913797385 995516665
539876291 167503629 589674777 171672593
611185727 94135615 665232227 94135615
665232227 94135615 688955374 120283140
688955374 120283140 709161884 120283140
688955374 120283140 688955374 147401165
709161884 120283140 727113476 133905552
727113476 133905552 727113476 141605098
727113476 133905552 739456472 133905552
739456472 133905552 739456472 141010342
739456472 133905552 765609583 133905552
765609583 133905552 773204401 147588029
773204401 147588029 773381894 161802316
773381894 161802316 773381894 172672198
773381894 161802316 786009824 161802316
786009824 161802316 799501344 162016451
799501344 162016451 805971943 164035498
805971943 164035498 805971943 189128660
739456472 141010342 763915510 147588029
763915510 147588029 763915510 160117039
763915510 160117039 772638497 161802316
805971943 164035498 839009917 164035498
839009917 164035498 839009917 166542948
839009917 164035498 844548022 164035498
844548022 164035498 858757956 169823991
858757956 169823991 858757956 190117055
858757956 190117055 868332794 200862439
868332794 200862439 870775745 200862439
868332794 200862439 868332794 222078421
858757956 169823991 881325910 169823991
881325910 169823991 901481191 173730782
901481191 173730782 907398519 175616566
907398519 175616566 927380801 177566075
927380801 177566075 927380801 191010493
927380801 191010493 933353367 194615638
933353367 194615638 949433287 194615638
927380801 177566075 949324434 177566075
949433287 194615638 966531012 200057601
966531012 200057601 966531012 203483130
966531012 203483130 971287205 205299164
971287205 205299164 971287205 219483403
971287205 205299164 996491858 205299164
870775745 200862439 880358585 218157961
880358585 218157961 900638739 224474220
900638739 224474220 912107225 224474220
900638739 224474220 900638739 244011460
912107225 224474220 927300006 229548877
927300006 229548877 938255414 229548877
927300006 229548877 927300006 240845956
933353367 194615638 933353367 222377257
933353367 222377257 933356998 223545289
933356998 223545289 933356998 223730363
933356998 223545289 961862230 223545289
961862230 223545289 962435813 242277204
966531012 200057601 998066168 200057601
772638497 161802316 772638497 197025636
962435813 242277204 992765693 250292515
805971943 189128660 814987547 219900026
814987547 219900026 815918920 236775967
927300006 240845956 942557918 279103111
942557918 279103111 950991666 279103111
942557918 279103111 942557918 288241067
942557918 288241067 942557918 288429664
942557918 288241067 945305684 288241067
945305684 288241067 951310158 289008821
951310158 289008821 951732601 297513326
950991666 279103111 951310158 288008310
951310158 288008310 958231210 288008310
951732601 297513326 988420382 309908039
988420382 309908039 999663466 349154863
369775298 519816801 369775298 573891386
302473329 306025086 347485110 315952923
181780824 842069877 210365703 868887209
210365703 868887209 211292681 878887476
211292681 878887476 225268572 878887476
211292681 878887476 211292681 913170834
225268572 878887476 231355534 910195372
211292681 913170834 218922255 948339217
218922255 948339217 218922255 950140559
218922255 948339217 222108581 948339217
222108581 948339217 236051423 964400083
236051423 964400083 245103843 969771157
245103843 969771157 276930210 971053649
276930210 971053649 294961322 975652865
294961322 975652865 318913273 996020154
231355534 910195372 251702021 942708402
251702021 942708402 284551527 948607616
284551527 948607616 284551527 949684875
284551527 948607616 296366162 948607616
895337263 374282471 911705979 413462971
911705979 413462971 924853462 413462971
911705979 413462971 911705979 434281902
911705979 434281902 913225761 441163061
913225761 441163061 919521319 460143161
919521319 460143161 936327146 460143161
919521319 460143161 919521319 478051232
919521319 478051232 931542388 478051232
919521319 478051232 919521319 495362048
919521319 495362048 920215798 519818233
920215798 519818233 934507480 543083159
934507480 543083159 948861756 543083159
934507480 543083159 934507480 567265888
40857000 199876236 81243019 215354062
81243019 215354062 90777643 215354062
81243019 215354062 81243019 229941221
194868921 739748834 221620203 768952496
369775298 573891386 385160321 615100087
385160321 615100087 392935539 615100087
385160321 615100087 385160321 638276983
40030809 458401350 93669880 461468650
93669880 461468650 100308582 498219238
100308582 498219238 100308582 513116538
100308582 513116538 109480913 518351856
109480913 518351856 109480913 518934925
109480913 518351856 134469713 518351856
134469713 518351856 135659322 541084990
135659322 541084990 148299409 541084990
148299409 541084990 162333863 555012065
162333863 555012065 182359683 555012065
162333863 555012065 162333863 591021944
182359683 555012065 202510331 571984829
100308582 498219238 144440801 498219238
162333863 591021944 168759912 632648936
168759912 632648936 170405352 632648936
168759912 632648936 168759912 657413914
170405352 632648936 189696474 647465472
189696474 647465472 189696474 647973535
189696474 647973535 198103138 653021047
189696474 647465472 204272691 647465472
144440801 498219238 186212017 505967860
186212017 505967860 186212017 509690754
186212017 505967860 194570523 505967860
135659322 541084990 135659322 597071828
296366162 948607616 346706315 955147430
346706315 955147430 358242350 982028860
692168618 272814841 692168618 329784433
692168618 329784433 697665701 329784433
692168618 329784433 692168618 338298824
692168618 338298824 700005741 347498455
700005741 347498455 701377904 347498455
700005741 347498455 700005741 376953139
81243019 229941221 89810066 278390651
89810066 278390651 129463821 288298147
129463821 288298147 130731260 304766714
818615717 639828042 869433958 646346382
906535380 789579419 953345487 800607166
494521093 705169460 500708154 756829330
500708154 756829330 504221341 756829330
500708154 756829330 500708154 764267508
500708154 764267508 511410533 765431736
511410533 765431736 511410533 766019434
511410533 766019434 511410533 772857279
511410533 772857279 524437034 777302357
524437034 777302357 532504614 777302357
524437034 777302357 524437034 793598491
511410533 766019434 531171752 766019434
511410533 765431736 539986290 765431736
539986290 765431736 566746153 768926890
566746153 768926890 572324255 770465171
572324255 770465171 572324255 771089069
482860810 439236648 493753782 486361354
551025947 239894958 551025947 298154154
429506277 125610006 467529961 146523481
385160321 638276983 437358291 645797881
437358291 645797881 443085940 683472331
443085940 683472331 467469517 718850838
732224621 942237677 777198122 957086941
67302106 596515977 127246861 596515977
44982729 367605805 104156244 368523891
104156244 368523891 144175493 369290635
245133320 107822942 287476889 126024148
287476889 126024148 326912949 145659058
326912949 145659058 326912949 149308989
326912949 145659058 331814036 145659058
44380560 299333016 83175494 321370621
83175494 321370621 89539099 337794139
645990937 860110634 662685803 904781987
639944282 423451978 682495019 442729276
682495019 442729276 685985422 458724268
685985422 458724268 685985422 471420094
685985422 471420094 728590500 477153585
728590500 477153585 731109577 500817848
731109577 500817848 742328391 503740570
742328391 503740570 764131694 503740570
827044642 702350244 829425419 761938102
829425419 761938102 862057106 771089460
699100269 796360893 760201565 797259297
760201565 797259297 760952035 812613554
760952035 812613554 760952035 820455950
760952035 812613554 772028755 812613554
772028755 812613554 772553722 849527025
772553722 849527025 774763870 849527025
772553722 849527025 772553722 853932664
385075328 465962892 440882065 472449072
232830940 832386556 266985219 860789894
266985219 860789894 277351455 908735845
277351455 908735845 313194068 914899391
313194068 914899391 313647194 914899391
313194068 914899391 313194068 922659125
313194068 922659125 324357845 945397217
246549045 559297973 276449101 592342847
276449101 592342847 298144885 592342847
276449101 592342847 276449101 644794945
276449101 644794945 286285098 662164168
286285098 662164168 286705395 665352100
286705395 665352100 292742529 665352100
286705395 665352100 286705395 701003919
286705395 701003919 286705395 706607185
286705395 701003919 292561796 701003919
286705395 706607185 287497770 754571576
287497770 754571576 303807989 755806352
303807989 755806352 320500131 758597439
320500131 758597439 327314040 758597439
327314040 758597439 338995302 758694879
338995302 758694879 339196114 782182780
339196114 782182780 344211278 782182780
339196114 782182780 339196114 794077452
320500131 758597439 320500131 797078615
344211278 782182780 385792036 787292440
385792036 787292440 385792036 790430275
385792036 787292440 416865837 787292440
416865837 787292440 424546313 815636695
424546313 815636695 425248392 815636695
424546313 815636695 424546313 823033068
425248392 815636695 442834622 818006625
442834622 818006625 444746236 827238513
444746236 827238513 465259632 827238513
465259632 827238513 487087437 845530462
487087437 845530462 499121184 846814718
499121184 846814718 499121184 852851743
499121184 852851743 505692396 870254917
505692396 870254917 519223512 882329362
519223512 882329362 519223512 888942156
519223512 882329362 541113866 882329362
541113866 882329362 558451798 885872208
558451798 885872208 571035329 888545507
571035329 888545507 573005807 899498935
573005807 899498935 573005807 920595957
519223512 888942156 530169142 904857580
499121184 846814718 541673444 846814718
573005807 920595957 591503151 944868421
591503151 944868421 618840339 961698463
385792036 790430275 409566084 812053466
409566084 812053466 422440351 826560867
573005807 899498935 621137697 899498935
621137697 899498935 626091065 899498935
626091065 899498935 632556220 902966127
632556220 902966127 636582148 905547187
636582148 905547187 642041067 909306623
642041067 909306623 642041067 914413851
642041067 909306623 659108319 909306623
659108319 909306623 661779270 909306623
659108319 909306623 659108319 912914129
621137697 899498935 621137697 920523341
444746236 827238513 444746236 879190862
444746236 879190862 448009578 879190862
444746236 879190862 444746236 898113783
448009578 879190862 455161098 891716868
455161098 891716868 469144365 891716868
455161098 891716868 455161098 920935855
298144885 592342847 309782160 634043357
309782160 634043357 309782160 642866882
309782160 634043357 360710606 634043357
360710606 634043357 366981102 672787000
366981102 672787000 378732536 675612439
378732536 675612439 406944232 680128625
406944232 680128625 409807287 680238430
409807287 680238430 414693032 680238430
414693032 680238430 429941252 682883516
429941252 682883516 433153818 683472331
433153818 683472331 433153818 688493029
409807287 680238430 409807287 715121857
409807287 715121857 417617372 726589750
417617372 726589750 433909705 726589750
417617372 726589750 417617372 762920408
417617372 762920408 417617372 773252614
417617372 762920408 432610294 762920408
432610294 762920408 442962845 768175502
442962845 768175502 443342369 768609036
443342369 768609036 443342369 770746024
443342369 768609036 462965497 768609036
433909705 726589750 442962845 753940915
442962845 753940915 456783637 753940915
456783637 753940915 462965497 755003036
462965497 768609036 495070413 782712133
495070413 782712133 499452259 788288515
320500131 797078615 321116206 850569667
292561796 701003919 341922924 706826130
341922924 706826130 377021537 724564974
377021537 724564974 396532319 724564974
377021537 724564974 377021537 746096326
321116206 850569667 351083737 880957794
351083737 880957794 352121789 880957794
351083737 880957794 351083737 893386315
351083737 893386315 352474626 902180641
352474626 902180641 352474626 902216574
352474626 902216574 355773564 904388757
355773564 904388757 355773564 911339507
355773564 904388757 387498115 904388757
387498115 904388757 401744387 930001260
401744387 930001260 412608865 931799990
412608865 931799990 419773996 931799990
419773996 931799990 434695320 938945081
434695320 938945081 434695320 941573411
434695320 938945081 441772798 938945081
441772798 938945081 444227798 947356807
444227798 947356807 446615554 947356807
446615554 947356807 454943072 956711657
454943072 956711657 454943072 967367218
412608865 931799990 412608865 954812648
444227798 947356807 444227798 974575771
444227798 974575771 445176368 974575771
444227798 974575771 444227798 992656132
454943072 967367218 481127269 969352934
481127269 969352934 481127269 974536183
481127269 969352934 500363760 969352934
500363760 969352934 520540871 969393024
520540871 969393024 524239829 985459219
524239829 985459219 524239829 991738017
524239829 985459219 534779293 985459219
534779293 985459219 540370202 993516266
540370202 993516266 540370202 996804224
540370202 993516266 563063819 993516266
444227798 992656132 477791291 996812598
477791291 996812598 480810499 996951651
454943072 956711657 504536927 956711657
504536927 956711657 504536927 963630502
504536927 956711657 518086615 956711657
563063819 993516266 613062529 996392057
204272691 647465472 252586533 662164168
252586533 662164168 252586533 665442093
252586533 665442093 257487258 665442093
252586533 665442093 252586533 693751193
257487258 665442093 273880876 683852433
273880876 683852433 277092416 686272033
277092416 686272033 282718996 706607185
282718996 706607185 282718996 764765024
175643462 364234383 201692079 401501125
15053324 237508503 62161206 253973235
62161206 253973235 62161206 256669754
62161206 253973235 70642134 253973235
70642134 253973235 77742543 278390651
77742543 278390651 77742543 286883972
493753782 486361354 498075649 545645344
685985422 458724268 749830674 458724268
749830674 458724268 749830674 459204517
749830674 458724268 758862234 458724268
758862234 458724268 785123858 466974810
764131694 503740570 807344832 524546936
513722592 85470262 537113691 126306305
537113691 126306305 548280644 126946926
68625931 155340742 95146134 193837994
95146134 193837994 97280946 209858554
899884454 934114335 939231163 959841590
350781425 84968056 359297359 141797418
944758349 617505629 961936947 666368154
961936947 666368154 990204777 675158251
990204777 675158251 990204777 676498273
990204777 675158251 998344936 675158251
582950205 817914566 605750002 861398118
605750002 861398118 627127999 863290094
627127999 863290094 632447843 874757729
467529961 146523481 484702260 195635375
426506127 349119764 446585841 396151098
446585841 396151098 456342060 413842024
456342060 413842024 474998997 422577827
474998997 422577827 479638067 448232123
479638067 448232123 481710442 448232123
479638067 448232123 479638067 464824848
418710307 169899664 445566472 210313504
445566472 210313504 445566472 216906405
445566472 210313504 463817552 210313504
445566472 216906405 463370003 225712496
352474626 902180641 420048492 902180641
607031585 340951278 652241656 363559616
652241656 363559616 658191271 365479160
658191271 365479160 658191271 375648105
658191271 365479160 671427356 365479160
671427356 365479160 687177334 367630344
687177334 367630344 687834659 372766023
687834659 372766023 689266900 376953139
689266900 376953139 689266900 378232935
811228079 962810096 859037602 983178579
92764352 793970622 96750852 858210748
96750852 858210748 129024917 888825558
129024917 888825558 146286049 888825558
146286049 888825558 146286049 892889684
146286049 892889684 146436924 900054944
146286049 888825558 159468619 888825558
159468619 888825558 164153168 900054944
129024917 888825558 129024917 922139829
164153168 900054944 208050686 911537653
129024917 922139829 146436924 961811373
146436924 961811373 147418596 962445344
147418596 962445344 147418596 984239727
147418596 984239727 153007243 990627053
147418596 962445344 175114225 962445344
153007243 990627053 187912430 996303664
23453327 260212246 55299184 296910138
77742543 286883972 78551031 354955146
498075649 545645344 515670992 597869504
479638067 464824848 532772584 482004010
532772584 482004010 544256401 511639931
544256401 511639931 591131034 520418710
591131034 520418710 592687049 520418710
591131034 520418710 591131034 528036549
715635097 966883279 772679456 982558966
462965497 755003036 535722106 755003036
259580050 189573336 263909417 259551829
934507480 567265888 981683387 594444761
981683387 594444761 990869992 602295846
990869992 602295846 990996391 602295846
990869992 602295846 990869992 657670362
782103520 358773989 832142463 383329046
832142463 383329046 844024848 387829792
844024848 387829792 856971043 387829792
856971043 387829792 856971043 398380676
856971043 398380676 860582892 402761431
856971043 387829792 870985572 387829792
844024848 387829792 844024848 440226552
844024848 440226552 871735133 453330256
871735133 453330256 872025304 454273389
872025304 454273389 872025304 456310649
872025304 454273389 887786202 454273389
887786202 454273389 899463393 477223475
899463393 477223475 907966211 477223475
899463393 477223475 899463393 538017349
899463393 538017349 903851473 586388477
292742529 665352100 354634861 678771890
354634861 678771890 360073297 693825225
839343495 300422309 860599743 354982713
844006113 816464661 894469119 845237457
894469119 845237457 899936039 862053680
899936039 862053680 900768780 862053680
519128965 415015602 552112732 461707831
270423065 507738358 315804627 544856441
43746567 469097022 93061009 503379395
552894370 574212627 633816603 577181904
531491754 0 616480204 0
616480204 0 639744075 0
616480204 0 616480204 23724898
616480204 23724898 639744075 36417090
639744075 36417090 661389449 61781234
639744075 0 691627258 0
691627258 0 695855085 0
691627258 0 691627258 5730197
695855085 0 714444589 0
714444589 0 723757825 0
723757825 0 723757825 18856395
714444589 0 714444589 26009705
723757825 18856395 725548340 52834502
725548340 52834502 734724291 59267027
734724291 59267027 736687780 59267027
734724291 59267027 734724291 80322337
691627258 5730197 695855085 38908708
734724291 80322337 776600050 87796823
776600050 87796823 799480845 108545290
799480845 108545290 799480845 121755579
799480845 121755579 829667346 138682444
723757825 0 774792380 0
774792380 0 784371422 0
784371422 0 784371422 33470861
784371422 33470861 793583961 54855313
793583961 54855313 793583961 58897864
793583961 58897864 797300473 58897864
793583961 58897864 793583961 82034237
793583961 54855313 817880838 54855313
774792380 0 774792380 37711100
799480845 108545290 863512137 108545290
863512137 108545290 886254484 109609972
886254484 109609972 902026507 116319923
902026507 116319923 903939283 116319923
902026507 116319923 902026507 139570794
817880838 54855313 867701652 78703970
867701652 78703970 868937772 93264026
868937772 93264026 872434115 98713661
872434115 98713661 886254484 102283820
886254484 102283820 917874029 102283820
0 521300647 0 608696815
0 608696815 0 627783343
0 627783343 11511334 627783343
0 627783343 0 644292922
0 644292922 0 649260258
0 649260258 0 656607569
0 656607569 0 665289061
0 665289061 4348289 665289061
0 656607569 18603687 656607569
0 665289061 0 685440109
0 685440109 0 693675049
0 693675049 0 698201368
0 698201368 205616 698201368
0 693675049 13821921 693675049
0 608696815 23404350 608696815
0 698201368 0 724278715
0 724278715 0 733810191
0 733810191 0 739422642
0 739422642 1563344 739422642
0 724278715 14963378 724278715
14963378 724278715 17698757 733810191
0 739422642 0 761213845
0 761213845 0 762221030
0 762221030 0 771148300
0 771148300 9369970 771148300
0 771148300 0 791829144
0 791829144 0 815468530
0 815468530 0 825099797
0 825099797 0 831774350
0 825099797 16538613 825099797
16538613 825099797 33425030 831774350
0 649260258 32240958 649260258
0 791829144 34321388 791829144
0 761213845 36905650 761213845
36905650 761213845 49663410 762221030
0 644292922 37432363 644292922
33425030 831774350 52926345 850034899
52926345 850034899 71390431 869688527
34321388 791829144 49842337 815468530
49842337 815468530 75649469 824160315
75649469 824160315 83744309 824160315
75649469 824160315 75649469 834200214
0 685440109 41189935 685440109
49663410 762221030 68059592 791410555
0 831774350 0 880703736
0 880703736 0 898521111
0 898521111 0 918492442
0 918492442 14354944 918492442
0 880703736 24917706 880703736
24917706 880703736 25072051 898521111
14354944 918492442 29026650 948498648
29026650 948498648 29026650 952770043
29026650 952770043 36120252 962504192
36120252 962504192 47436928 966107699
47436928 966107699 57135329 975998228
57135329 975998228 73220406 985029812
73220406 985029812 85312587 985029812
85312587 985029812 85312587 992153794
73220406 985029812 73220406 997172292
85312587 985029812 105052093 985029812
29026650 948498648 60157273 948498648
71390431 869688527 92815144 922630102
92815144 922630102 118039299 925971913
118039299 925971913 126023491 945891917
126023491 945891917 128542770 960243356
128542770 960243356 139412467 982224008
902026507 139570794 977218338 152375662
807344832 524546936 871088983 554647501
871088983 554647501 871828208 554647501
871088983 554647501 871088983 564132910
735448377 344301379 747425963 427244992
784371422 0 879497166 0
879497166 0 883940244 0
883940244 0 890844508 0
883940244 0 883940244 7782273
890844508 0 909780868 0
909780868 0 928206605 0
928206605 0 928206605 20631134
928206605 20631134 928206605 21667218
879497166 0 879497166 31622493
879497166 31622493 890844508 41524086
890844508 41524086 890844508 46418980
890844508 41524086 909780868 41524086
890844508 46418980 904317365 75462263
928206605 21667218 969680351 22735674
928206605 20631134 979320715 20631134
979320715 20631134 990570572 71903130
990570572 71903130 990570572 78817950
990570572 78817950 994483497 80792546
994483497 80792546 996573027 80792546
994483497 80792546 994483497 83974874
990570572 71903130 999600157 71903130
