1442
0 0 0 0
0 0 0 6288094
0 6288094 0 6667406
0 6667406 0 7079856
0 0 26513095 0
26513095 0 29384120 0
26513095 0 26513095 6288094
26513095 6288094 29384120 7079856
29384120 0 46264141 0
46264141 0 71202986 0
71202986 0 71202986 29448202
0 7079856 0 44126180
0 44126180 0 76569671
0 76569671 1713198 76569671
0 76569671 0 78896363
0 78896363 0 103249902
0 103249902 18116 103249902
0 103249902 0 115949218
0 115949218 0 124827336
0 115949218 9723580 115949218
9723580 115949218 17489101 124827336
0 124827336 0 154124058
0 154124058 0 172738166
0 172738166 0 196686743
0 196686743 22275990 196686743
0 172738166 26962309 172738166
0 78896363 33829136 78896363
71202986 0 108361895 0
108361895 0 114608312 0
108361895 0 108361895 11135364
108361895 11135364 111291884 23475488
111291884 23475488 114608312 23475488
114608312 0 144904866 0
144904866 0 176586726 0
176586726 0 176586726 638660
0 196686743 0 235050485
0 235050485 0 237283027
0 237283027 1441272 237283027
0 237283027 0 251224583
0 251224583 0 281715212
0 281715212 0 285907033
0 285907033 0 289194271
0 281715212 19649052 281715212
19649052 281715212 27691722 285907033
27691722 285907033 27691722 289194271
27691722 285907033 35820259 285907033
144904866 0 144904866 38745090
144904866 38745090 152865388 52621429
152865388 52621429 155574715 65110639
111291884 23475488 111291884 62244854
111291884 62244854 123414787 62723098
123414787 62723098 137608224 88422438
176586726 0 217712662 0
217712662 0 235159427 0
235159427 0 235799046 0
235799046 0 235799046 18790289
235799046 0 260282267 0
260282267 0 275950946 0
275950946 0 275950946 15468537
275950946 0 294660083 0
294660083 0 294660083 10657044
294660083 0 319916005 0
319916005 0 319916005 20688721
217712662 0 217712662 28865770
319916005 20688721 321838997 50778087
321838997 50778087 328487726 50778087
328487726 50778087 328487726 54793211
328487726 50778087 337251248 50778087
321838997 50778087 321838997 71371820
321838997 71371820 326721434 74445307
326721434 74445307 337411091 74445307
326721434 74445307 326721434 90509352
326721434 90509352 336099674 90509352
336099674 90509352 337234161 102976125
337234161 102976125 337234161 111976385
337234161 102976125 357607866 102976125
319916005 0 354370836 0
354370836 0 360836747 0
360836747 0 381201693 0
360836747 0 360836747 20573202
360836747 20573202 381201693 25932392
381201693 0 408289986 0
408289986 0 416461719 0
416461719 0 421573271 0
421573271 0 421573271 20717906
408289986 0 408289986 31160201
408289986 31160201 416461719 39325330
416461719 39325330 418396394 54488074
418396394 54488074 418396394 70223162
418396394 70223162 419706988 92990725
419706988 92990725 419706988 105331802
419706988 105331802 429848368 105331802
429848368 105331802 429848368 108395778
429848368 108395778 430293239 115514377
430293239 115514377 432352641 115514377
430293239 115514377 430293239 122113367
429848368 105331802 450052525 105331802
419706988 92990725 443132994 92990725
217712662 28865770 235159427 46726410
235159427 46726410 241193402 72289728
260282267 0 260282267 36327302
260282267 36327302 268256846 67448216
337251248 50778087 375467157 51826643
375467157 51826643 379120482 61945634
379120482 61945634 379321678 61945634
379321678 61945634 399479272 63018311
399479272 63018311 407382588 76524310
379120482 61945634 379120482 92632176
407382588 76524310 417111347 100767274
421573271 0 461483469 0
461483469 0 486819873 0
486819873 0 486819873 9959065
461483469 0 461483469 29495771
418396394 54488074 459176923 54488074
0 251224583 42495467 251224583
354370836 0 354370836 42577808
459176923 54488074 480277646 76223941
480277646 76223941 480277646 86299547
480277646 76223941 491650259 76223941
480277646 86299547 483492794 97829449
491650259 76223941 498717896 88962198
498717896 88962198 513419406 108558370
513419406 108558370 513419406 148709364
513419406 148709364 513419406 158719688
513419406 158719688 520585712 161598576
513419406 148709364 540490646 148709364
540490646 148709364 563702906 151791675
563702906 151791675 567793102 151791675
563702906 151791675 563702906 161598576
520585712 161598576 520585712 196451543
22275990 196686743 60082311 202794627
60082311 202794627 60082311 206250421
60082311 202794627 65538914 202794627
65538914 202794627 69505212 217197965
69505212 217197965 80995765 217197965
69505212 217197965 69505212 239184232
46264141 0 46264141 44126180
46264141 44126180 55641704 72067323
55641704 72067323 60118711 73488950
60118711 73488950 61870103 108972960
61870103 108972960 62466169 125750405
62466169 125750405 62466169 126479757
62466169 125750405 70093757 125750405
70093757 125750405 71179308 135134664
71179308 135134664 71179308 142972063
71179308 142972063 71367536 151034706
71367536 151034706 79014994 151034706
79014994 151034706 84787751 156873863
84787751 156873863 84787751 172885260
84787751 172885260 88087228 183693491
88087228 183693491 90224242 187850931
90224242 187850931 90224242 193388463
71367536 151034706 71367536 174123779
71367536 174123779 72735085 186406356
90224242 193388463 112210376 195670256
84787751 156873863 109346827 156873863
112210376 195670256 118114479 216488417
71179308 135134664 100449761 135134664
100449761 135134664 102535360 140339870
563702906 161598576 607284079 164210764
607284079 164210764 615609709 164210764
615609709 164210764 636290065 166874865
636290065 166874865 636290065 175938951
636290065 175938951 640074172 177895392
640074172 177895392 651371294 177895392
651371294 177895392 655571378 177895392
651371294 177895392 651371294 188168567
640074172 177895392 640074172 197651393
640074172 197651393 650265630 197651393
640074172 197651393 640074172 211028466
640074172 211028466 640209681 228153711
636290065 166874865 663846496 166874865
650265630 197651393 678438412 202882465
678438412 202882465 680930737 208586339
680930737 208586339 680930737 209027537
680930737 209027537 680930737 222051616
680930737 222051616 682179268 222051616
682179268 222051616 682179268 228992043
682179268 228992043 689008667 231736570
682179268 222051616 692712008 222051616
692712008 222051616 694920398 222729855
689008667 231736570 689926026 243157585
689926026 243157585 689926026 257674321
689926026 257674321 697932860 257674321
689926026 257674321 689926026 266127076
680930737 209027537 703391820 209027537
689926026 266127076 694645264 284354350
694645264 284354350 727786702 284861083
727786702 284861083 737131784 284861083
689926026 243157585 724319916 243157585
724319916 243157585 730764377 243157585
730764377 243157585 734503097 243157585
730764377 243157585 730764377 249179275
724319916 243157585 724319916 250977504
737131784 284861083 771327023 287761500
771327023 287761500 771327023 312673034
771327023 312673034 771327023 327900413
771327023 312673034 792536256 312673034
771327023 287761500 804624456 287761500
804624456 287761500 804624456 292899021
804624456 292899021 806710151 292899021
804624456 292899021 804624456 303801953
804624456 303801953 805685298 310853177
804624456 287761500 823699050 287761500
823699050 287761500 832206491 290975563
832206491 290975563 849654536 290975563
832206491 290975563 832206491 310255071
832206491 310255071 833386589 313770236
833386589 313770236 853889853 313770236
853889853 313770236 861695823 321564198
861695823 321564198 861695823 328052895
861695823 321564198 876625152 321564198
833386589 313770236 833386589 335472557
833386589 335472557 835177623 335551310
835177623 335551310 841297527 339156718
841297527 339156718 841297527 347111428
841297527 339156718 850144844 339156718
876625152 321564198 878286769 343213588
849654536 290975563 874894519 294653732
841297527 347111428 843913535 374323656
874894519 294653732 894721348 306970992
843913535 374323656 862752533 388488647
862752533 388488647 880295030 388488647
880295030 388488647 880295030 389796956
880295030 388488647 890488815 388488647
890488815 388488647 891293637 393287358
891293637 393287358 891293637 407247561
891293637 393287358 912018316 393287358
862752533 388488647 862752533 410797054
912018316 393287358 936127215 399905386
727786702 284861083 727786702 323896851
727786702 323896851 734918343 327900413
607284079 164210764 607284079 203428658
607284079 203428658 610705337 213619666
610705337 213619666 624774580 222232881
624774580 222232881 624774580 222503768
624774580 222232881 628977171 222232881
628977171 222232881 635991966 238931558
635991966 238931558 637411831 238931558
635991966 238931558 635991966 257687641
635991966 257687641 639916340 262899800
639916340 262899800 639916340 277793095
639916340 277793095 642627962 278954455
642627962 278954455 670972805 278954455
670972805 278954455 672481036 278954455
670972805 278954455 670972805 284116217
680930737 222051616 680930737 262899800
792536256 312673034 802810134 343391194
734503097 243157585 773740136 246206444
734918343 327900413 734918343 372642960
734918343 372642960 734918343 378608382
734918343 378608382 736089855 378608382
734918343 372642960 745935265 372642960
734918343 378608382 734918343 394807713
734918343 394807713 752478330 396722813
752478330 396722813 781989033 396722813
781989033 396722813 792757536 396722813
792757536 396722813 803309698 408288209
781989033 396722813 781989033 421821920
803309698 408288209 803309698 433683880
803309698 433683880 806926028 453225656
806926028 453225656 806926028 463121953
803309698 408288209 838777946 408288209
838777946 408288209 840262153 426213861
840262153 426213861 845642394 444991329
845642394 444991329 861228337 453225656
861228337 453225656 861256349 453225656
861256349 453225656 861383171 467012347
861383171 467012347 876350984 467012347
861383171 467012347 861383171 501772014
861383171 501772014 861383171 512744456
861228337 453225656 861228337 493023268
781989033 421821920 798111394 446353100
798111394 446353100 799725939 446353100
798111394 446353100 798111394 462608070
752478330 396722813 752478330 440407478
752478330 440407478 753279633 440407478
752478330 440407478 752478330 478983353
0 154124058 46978506 154124058
46978506 154124058 55188591 164527666
55188591 164527666 59910257 189205915
0 235050485 48058598 235050485
326721434 90509352 326721434 139421775
326721434 139421775 347253076 153597833
347253076 153597833 355881935 184573546
355881935 184573546 375010393 209948895
375010393 209948895 386627674 226900172
386627674 226900172 386627674 241933604
386627674 241933604 401752855 244020315
401752855 244020315 417527640 244020315
417527640 244020315 438994482 244529948
438994482 244529948 441201431 250309678
441201431 250309678 442784711 250309678
442784711 250309678 450104793 252967213
441201431 250309678 441201431 261324852
386627674 226900172 412537153 226900172
412537153 226900172 412537153 237612443
412537153 226900172 428274953 226900172
401752855 244020315 401752855 277765714
450104793 252967213 450507423 295524728
450507423 295524728 452728021 298322742
452728021 298322742 452728021 303812990
452728021 298322742 469419420 298322742
469419420 298322742 484657614 300439555
484657614 300439555 484657614 320942258
484657614 300439555 509753810 300439555
484657614 320942258 496897073 337538806
496897073 337538806 496897073 337768825
496897073 337538806 505726417 337538806
509753810 300439555 528451014 311890915
528451014 311890915 538262008 311890915
538262008 311890915 538262008 317873668
538262008 311890915 548040869 311890915
548040869 311890915 558279908 312807295
558279908 312807295 558279908 331417323
558279908 331417323 568006911 331417323
558279908 331417323 558279908 341375866
528451014 311890915 528451014 337036844
558279908 341375866 562603768 375813412
562603768 375813412 569902097 375813412
562603768 375813412 562603768 396663748
496897073 337768825 496973816 377998404
496973816 377998404 513937711 399299685
513937711 399299685 513937711 404939167
513937711 404939167 515927636 417812974
515927636 417812974 526293984 421601181
526293984 421601181 532958234 435232195
513937711 399299685 550222273 399299685
452728021 303812990 457984824 339635048
457984824 339635048 462427184 353122648
558279908 312807295 601073092 312807295
428274953 226900172 463311629 235818711
463311629 235818711 463311629 239952869
463311629 235818711 468443390 235818711
468443390 235818711 485500992 240029364
485500992 240029364 488668652 240029364
485500992 240029364 485500992 243348603
936127215 399905386 959439429 428560717
891293637 407247561 900389226 450478389
900389226 450478389 931030633 456070458
931030633 456070458 946055486 463757393
401752855 277765714 413654200 318311401
413654200 318311401 427297117 329788471
427297117 329788471 431203202 365169642
431203202 365169642 435266274 365169642
435266274 365169642 439174432 373502740
439174432 373502740 449863873 373502740
431203202 365169642 431203202 384613311
431203202 384613311 439174432 396154289
439174432 396154289 440981005 398756773
440981005 398756773 462121822 398756773
462121822 398756773 473616909 402018302
473616909 402018302 473616909 411275142
473616909 402018302 493742512 402018302
493742512 402018302 493975659 426887094
493975659 426887094 493975659 435881154
493975659 426887094 503518825 426887094
503518825 426887094 506225256 427486311
493975659 435881154 501131771 442410938
501131771 442410938 504756634 442410938
440981005 398756773 440981005 423908325
440981005 423908325 442365279 423908325
440981005 423908325 440981005 436278137
504756634 442410938 510807855 462623623
501131771 442410938 501131771 479427187
440981005 436278137 458622990 471880923
458622990 471880923 461791203 490047121
461791203 490047121 473176762 497305711
473176762 497305711 474749697 497305711
474749697 497305711 485418654 500635473
485418654 500635473 498066478 500635473
485418654 500635473 485418654 518691402
485418654 518691402 489861069 522887793
473176762 497305711 473176762 531900784
473176762 531900784 482143628 556422619
482143628 556422619 520613655 558805464
520613655 558805464 527992769 586485095
489861069 522887793 506991650 547515315
506991650 547515315 509110083 555106811
498066478 500635473 532899271 510797099
532899271 510797099 532899271 513237579
532899271 513237579 534960064 518017710
532899271 510797099 547545188 510797099
547545188 510797099 562261983 517669067
562261983 517669067 562261983 523610528
562261983 517669067 568622641 517669067
534960064 518017710 547516749 529347980
547516749 529347980 560937545 545816426
560937545 545816426 593560710 548300720
593560710 548300720 599345279 560693393
599345279 560693393 601811623 560693393
599345279 560693393 599345279 573592985
599345279 573592985 601026279 573592985
601026279 573592985 623565925 580798152
623565925 580798152 627908890 580798152
627908890 580798152 632415687 583955460
632415687 583955460 632415687 585395310
632415687 585395310 633011297 592016412
633011297 592016412 633580751 592170837
633580751 592170837 633580751 600636839
623565925 580798152 623565925 598636348
633580751 592170837 665761351 592170837
601811623 560693393 634991096 563468850
633580751 600636839 661804525 610986837
661804525 610986837 680639812 619814082
680639812 619814082 701920849 619814082
680639812 619814082 680639812 648774587
632415687 583955460 671984274 583955460
599345279 573592985 599345279 613656686
680639812 648774587 704351484 672237585
704351484 672237585 704351484 701699611
704351484 701699611 717727120 701699611
704351484 701699611 704351484 731974270
704351484 672237585 750510767 672237585
623565925 598636348 623720184 645837018
623720184 645837018 637382499 668382000
730764377 249179275 767525759 266066430
90224242 187850931 144870878 187850931
144870878 187850931 144870878 187880549
144870878 187850931 159618699 187850931
159618699 187850931 189075114 187968671
189075114 187968671 232385468 191053560
232385468 191053560 260577589 212272801
260577589 212272801 268354338 212272801
268354338 212272801 272787373 220224766
260577589 212272801 260577589 243414382
260577589 243414382 270726560 258917829
270726560 258917829 276042457 259593720
276042457 259593720 276042457 270090362
276042457 270090362 292687876 270090362
276042457 270090362 276042457 294326842
276042457 294326842 284558447 299600472
284558447 299600472 284558447 322023473
284558447 299600472 310993409 299600472
276042457 259593720 306136918 259593720
272787373 220224766 293141244 237262941
293141244 237262941 293141244 241521307
293141244 241521307 306136918 256743046
306136918 256743046 310208049 256743046
310993409 299600472 334096095 319796158
334096095 319796158 342608543 325092542
342608543 325092542 344066061 361196530
344066061 361196530 344163786 375857388
344163786 375857388 344163786 405604399
344163786 405604399 344163786 407566647
344163786 407566647 350667202 407729210
350667202 407729210 365897637 407729210
344163786 405604399 370436635 405604399
350667202 407729210 350667202 437820121
350667202 437820121 373228244 445835262
373228244 445835262 373228244 450933522
373228244 450933522 375898363 460930124
375898363 460930124 375898363 467008191
375898363 460930124 384601199 460930124
373228244 445835262 397694233 445835262
397694233 445835262 420103980 454229433
420103980 454229433 435945495 471350277
435945495 471350277 436689471 487004647
436689471 487004647 454787042 487004647
436689471 487004647 436689471 513753169
344163786 375857388 389766469 375857388
389766469 375857388 394244411 375857388
389766469 375857388 389766469 381757141
389766469 381757141 413812265 390700144
370436635 405604399 406929153 421754607
406929153 421754607 412583729 436795885
293141244 237262941 346705212 237262941
486819873 0 541612927 0
541612927 0 553697724 0
553697724 0 564165115 0
564165115 0 564165115 6549439
553697724 0 553697724 13286170
564165115 0 580621268 0
580621268 0 580621268 29478
580621268 0 589488640 0
541612927 0 541612927 24004507
589488640 0 630812208 0
630812208 0 632415631 0
632415631 0 632415631 25402622
632415631 25402622 634155567 58802036
630812208 0 630812208 37302864
634155567 58802036 665123809 66972793
589488640 0 589488640 45223030
589488640 45223030 591076847 70237458
591076847 70237458 591076847 81692363
591076847 70237458 624197939 70237458
632415631 0 684140477 0
684140477 0 697567366 0
684140477 0 684140477 18961281
697567366 0 720466406 0
720466406 0 723466376 0
720466406 0 720466406 3181633
723466376 0 729253114 0
720466406 3181633 723466376 17653669
729253114 0 757470551 0
757470551 0 776084550 0
684140477 18961281 697567366 34873628
776084550 0 776084550 30671760
757470551 0 757470551 39957550
757470551 39957550 760132074 88733830
35820259 285907033 60840651 315740564
60840651 315740564 62756212 347838009
62756212 347838009 66561695 347838009
66561695 347838009 97179432 348747102
97179432 348747102 112955661 348747102
112955661 348747102 129871111 348747102
129871111 348747102 141051511 350431349
141051511 350431349 143022054 350431349
143022054 350431349 143022054 353246416
143022054 350431349 149155743 350431349
141051511 350431349 141051511 376022625
141051511 376022625 143135382 391363307
143135382 391363307 154025859 395557279
154025859 395557279 174896412 395557279
149155743 350431349 165453117 359961105
112955661 348747102 112955661 388381875
154025859 395557279 154025859 437540632
154025859 437540632 154446944 443709151
154446944 443709151 154446944 445255224
97179432 348747102 97179432 392369334
112955661 388381875 123055670 425350599
123055670 425350599 125733198 464202965
125733198 464202965 125974220 464202965
125733198 464202965 125733198 481437956
125733198 481437956 127407287 484577571
127407287 484577571 127407287 511231112
127407287 511231112 141530075 517385945
141530075 517385945 141530075 531599840
141530075 531599840 147059605 534103721
141530075 517385945 167896111 517385945
167896111 517385945 167896111 517723780
167896111 517385945 176380694 517385945
176380694 517385945 182515217 522455823
182515217 522455823 182515217 522875566
182515217 522875566 184296214 553231743
184296214 553231743 189632145 553231743
184296214 553231743 184296214 562502300
184296214 562502300 212047272 563155911
147059605 534103721 161515573 553065235
161515573 553065235 164939931 553231743
164939931 553231743 164939931 568268631
164939931 568268631 173406728 568268631
173406728 568268631 175012014 568268631
173406728 568268631 173406728 572332605
173406728 572332605 180360091 581633848
164939931 568268631 164939931 587830509
164939931 587830509 167379345 592894170
180360091 581633848 180516539 626695780
182515217 522455823 227874180 522455823
212047272 563155911 234723509 588649112
234723509 588649112 234938256 590528255
234938256 590528255 234938256 604224551
234938256 590528255 265045967 590528255
62756212 347838009 62756212 397603707
62756212 397603707 75828468 421545603
75828468 421545603 81233550 421545603
81233550 421545603 88940471 431290173
88940471 431290173 91222670 431290173
88940471 431290173 88940471 441949556
88940471 441949556 95226389 456907883
95226389 456907883 96400849 456907883
75828468 421545603 75828468 444993992
154446944 445255224 202259857 447687589
202259857 447687589 205239274 447687589
205239274 447687589 205239274 450261753
205239274 447687589 215394130 447687589
215394130 447687589 226395751 449044937
226395751 449044937 242903153 454686246
242903153 454686246 255290730 470105193
255290730 470105193 255290730 487988724
255290730 487988724 259153958 487988724
255290730 487988724 255290730 501029597
202259857 447687589 202259857 476831500
255290730 470105193 289835560 470105193
289835560 470105193 292899959 470105193
289835560 470105193 289835560 486304774
255290730 501029597 262206236 538738638
262206236 538738638 289488964 547085175
289488964 547085175 289488964 562197470
289488964 562197470 299136076 578153413
299136076 578153413 309076963 579076708
309076963 579076708 324958198 579076708
324958198 579076708 347130451 584878451
347130451 584878451 353131934 584878451
347130451 584878451 347130451 600733923
309076963 579076708 309076963 612006404
309076963 612006404 317077818 615183466
317077818 615183466 317077818 631418788
317077818 615183466 333708797 615183466
333708797 615183466 333798926 618439039
333798926 618439039 333798926 660731975
333798926 660731975 336149879 692735638
336149879 692735638 336149879 698764173
336149879 692735638 354580726 692735638
289488964 547085175 332743453 547085175
332743453 547085175 364395334 557242900
333798926 618439039 377115083 618439039
377115083 618439039 386460839 625983898
386460839 625983898 398526812 644450574
398526812 644450574 409392014 653671580
409392014 653671580 421724276 653671580
421724276 653671580 426490614 660306555
426490614 660306555 426490614 676743279
409392014 653671580 409392014 673547173
426490614 660306555 474832637 660306555
474832637 660306555 475219971 664706653
475219971 664706653 476990692 664706653
476990692 664706653 483694104 667661060
483694104 667661060 483694104 681138336
475219971 664706653 475219971 690177406
483694104 667661060 510714993 667661060
510714993 667661060 543000698 668766590
543000698 668766590 543000698 671743592
543000698 668766590 559475171 668766590
475219971 690177406 484758362 714912046
559475171 668766590 603687021 672297359
603687021 672297359 604936653 706949500
484758362 714912046 485354937 764131220
485354937 764131220 485354937 771309944
485354937 771309944 485354937 775303947
485354937 771309944 490513017 771309944
485354937 764131220 518133696 764131220
518133696 764131220 518133696 767962517
518133696 767962517 518929341 770253259
518133696 764131220 530010222 764131220
518929341 770253259 528039984 786547775
528039984 786547775 544082220 786547775
544082220 786547775 553960511 787312470
528039984 786547775 528039984 809922347
553960511 787312470 561543417 804932203
528039984 809922347 540263572 830295812
292899959 470105193 339448254 474030510
339448254 474030510 363333445 491031637
363333445 491031637 363490386 522010807
363490386 522010807 386191092 522010807
363490386 522010807 363490386 546237681
289835560 486304774 334749762 492282602
227874180 522455823 241228537 561299887
336149879 698764173 338998676 749726582
338998676 749726582 362147134 753498557
362147134 753498557 375176896 760438625
375176896 760438625 381045987 760438625
381045987 760438625 383476930 760438625
381045987 760438625 381045987 767036737
375176896 760438625 375176896 780906101
375176896 780906101 414362791 785318243
414362791 785318243 421969654 785343502
421969654 785343502 444332436 785343502
444332436 785343502 444332436 806682767
444332436 806682767 444332436 808117532
444332436 806682767 462018253 806682767
444332436 785343502 465687106 785343502
462018253 806682767 471996172 822077301
471996172 822077301 481139654 822077301
471996172 822077301 471996172 832992756
481139654 822077301 488327719 830295812
488327719 830295812 488327719 840251525
488327719 840251525 498116843 860939961
498116843 860939961 499955376 860939961
498116843 860939961 498116843 872894419
498116843 872894419 506328734 875530840
506328734 875530840 506328734 880362908
506328734 880362908 521405921 881156659
521405921 881156659 521405921 884745335
421969654 785343502 421969654 833832391
421969654 833832391 423234475 836614549
423234475 836614549 430478122 836614549
430478122 836614549 434293068 841753759
434293068 841753759 436916691 855020762
436916691 855020762 436916691 868756491
436916691 868756491 455088469 870680862
455088469 870680862 462523536 870680862
455088469 870680862 455088469 891393858
462523536 870680862 472022239 882728825
472022239 882728825 477376711 889846235
477376711 889846235 477376711 904620918
477376711 904620918 484225653 904620918
477376711 889846235 495873538 889846235
477376711 904620918 477376711 926351835
436916691 855020762 460727945 855020762
423234475 836614549 423234475 870985503
423234475 870985503 428228656 902657218
477376711 926351835 488604215 953940421
488604215 953940421 488604215 959015853
488604215 959015853 496507504 961581771
496507504 961581771 503057350 961581771
503057350 961581771 505892149 967121766
505892149 967121766 505892149 974351713
488604215 953940421 503591401 953940421
505892149 967121766 531685111 967121766
531685111 967121766 549605520 973535675
549605520 973535675 555240284 973535675
549605520 973535675 549605520 982836579
496507504 961581771 496507504 995420723
409392014 673547173 421526529 715274387
421526529 715274387 457036542 735457514
118114479 216488417 136651635 253644434
136651635 253644434 157129905 256869830
157129905 256869830 157129905 271279450
157129905 256869830 179361911 256869830
179361911 256869830 179399939 260906464
179399939 260906464 179399939 276984158
179399939 276984158 181050282 276984158
181050282 276984158 189607468 286622191
189607468 286622191 200545666 286622191
200545666 286622191 206539162 290518685
206539162 290518685 206539162 296414090
206539162 290518685 216722210 290518685
189607468 286622191 189607468 310421542
189607468 310421542 199125174 318243269
216722210 290518685 220227596 316981776
220227596 316981776 226518372 332525870
226518372 332525870 226518372 343730637
226518372 343730637 242328486 343730637
226518372 343730637 226518372 362279377
226518372 362279377 235216229 362279377
226518372 362279377 226518372 372784835
235216229 362279377 244467510 367899375
244467510 367899375 267047036 375204661
267047036 375204661 269200445 392640502
179399939 276984158 179399939 309335681
226518372 332525870 263939248 332525870
179399939 260906464 221052730 260906464
269200445 392640502 302895954 402144746
221052730 260906464 259380636 267590478
127407287 484577571 183129246 484577571
680930737 208586339 736981337 208586339
736981337 208586339 775984882 212888609
775984882 212888609 784752381 224122259
784752381 224122259 800634233 236567338
419706988 105331802 419706988 162043148
419706988 162043148 425294869 162043148
419706988 162043148 419706988 180410705
419706988 180410705 444339246 206765698
444339246 206765698 444339246 209177912
444339246 206765698 476229693 206765698
476229693 206765698 489102055 212193530
489102055 212193530 499599413 225778638
364395334 557242900 408181145 570246169
408181145 570246169 419847384 571939531
419847384 571939531 422628023 571939531
419847384 571939531 419847384 610505510
419847384 610505510 440213474 624811233
499599413 225778638 547439386 235188233
547439386 235188233 584663096 251831422
584663096 251831422 593508162 251831422
593508162 251831422 599110736 257687641
584663096 251831422 584663096 275895964
584663096 275895964 587817833 279526708
587817833 279526708 599110736 284421040
426490614 676743279 462937233 697550941
946055486 463757393 965420464 501794192
965420464 501794192 972693223 501794192
965420464 501794192 965420464 510446389
776084550 0 833670488 0
833670488 0 833670488 33101704
833670488 0 869359356 0
869359356 0 869502817 0
869502817 0 876303369 0
876303369 0 876303369 8054957
876303369 0 885959413 0
885959413 0 889000677 0
889000677 0 906838751 0
889000677 0 889000677 23132999
906838751 0 935961216 0
935961216 0 943272226 0
935961216 0 935961216 35744807
935961216 35744807 939660644 43710195
939660644 43710195 943272226 43710195
943272226 43710195 952523231 54399929
889000677 23132999 906838751 42949029
869359356 0 869359356 40515523
869359356 40515523 869502817 47708721
869502817 47708721 885959413 49904072
833670488 33101704 859577621 53365071
859577621 53365071 867426268 53365071
859577621 53365071 859577621 73436599
859577621 73436599 861370918 92474601
861370918 92474601 891338250 109751692
939660644 43710195 939660644 91360087
939660644 91360087 957287461 112362497
957287461 112362497 957287461 123778992
957287461 112362497 972026710 112362497
957287461 123778992 963226820 133662667
963226820 133662667 977007067 156323605
943272226 0 979376046 12573288
979376046 12573288 988811782 28293968
952523231 54399929 985794643 75956741
985794643 75956741 989142985 101447455
891338250 109751692 897688085 158696281
897688085 158696281 897688085 163185311
897688085 163185311 901930083 163185311
897688085 163185311 897688085 177730128
901930083 163185311 904536987 176300463
897688085 158696281 921980060 158696281
897688085 177730128 898882900 216154770
898882900 216154770 908307392 224186688
908307392 224186688 919682592 235334088
919682592 235334088 929600661 235334088
929600661 235334088 938003482 248720729
919682592 235334088 919682592 265605154
919682592 265605154 923414769 287574405
923414769 287574405 928906713 296500625
928906713 296500625 955882251 296500625
955882251 296500625 960208230 296500625
955882251 296500625 955882251 328557470
960208230 296500625 989370975 303526556
955882251 328557470 960117563 365365512
960117563 365365512 974503357 372118590
928906713 296500625 928906713 341821265
928906713 341821265 936127215 346080310
936127215 346080310 947959694 346080310
947959694 346080310 952329687 354386866
952329687 354386866 952329687 359742496
936127215 346080310 936127215 378448331
936127215 378448331 940640317 378448331
952329687 359742496 996669685 360867121
938003482 248720729 951000921 281919211
952329687 354386866 998741579 354386866
904536987 176300463 938106618 189641017
938106618 189641017 940663958 189641017
938106618 189641017 938106618 195310166
265045967 590528255 265265571 647971034
265265571 647971034 275629243 652994639
275629243 652994639 275629243 676495407
275629243 676495407 275629243 684813190
275629243 676495407 286777451 676495407
275629243 652994639 299254734 652994639
286777451 676495407 307102281 693961813
307102281 693961813 323857654 719945769
323857654 719945769 324895170 729489504
324895170 729489504 334624298 734327975
334624298 734327975 334624298 745630830
334624298 745630830 338571387 762384180
338571387 762384180 342075254 806671389
342075254 806671389 342075254 816384676
342075254 806671389 353122511 806671389
353122511 806671389 360971884 827524891
360971884 827524891 374757123 829278688
374757123 829278688 374844925 829278688
374844925 829278688 374844925 837366335
374844925 829278688 394854739 829278688
374757123 829278688 374757123 881438963
334624298 734327975 387343453 734327975
387343453 734327975 407434351 743126823
407434351 743126823 407434351 743293620
407434351 743126823 409173685 743126823
354580726 692735638 399604703 705492736
399604703 705492736 400958941 728326036
428228656 902657218 439144471 950141096
439144471 950141096 449613352 954391389
449613352 954391389 449613352 957066281
449613352 954391389 462584569 954391389
462584569 954391389 469979176 966228798
513419406 108558370 571872436 108558370
571872436 108558370 572827055 108558370
571872436 108558370 571872436 115336876
95226389 456907883 95226389 515530686
95226389 515530686 98352868 520062788
98352868 520062788 115629403 534592677
115629403 534592677 122826207 552900136
122826207 552900136 131074639 552900136
122826207 552900136 122826207 578828803
180516539 626695780 231821619 634863256
310208049 256743046 338144971 288405067
338144971 288405067 364043965 293478518
364043965 293478518 366798031 319235831
745935265 372642960 789100039 389756455
155574715 65110639 215612935 65510296
69505212 239184232 88437627 280721163
88437627 280721163 111502644 293725034
111502644 293725034 130191620 296077886
501131771 479427187 546672668 494766820
546672668 494766820 566343441 496778296
566343441 496778296 566343441 508191584
566343441 496778296 602897196 496778296
602897196 496778296 616092560 508352758
616092560 508352758 616092560 508844250
616092560 508844250 628875758 510766886
628875758 510766886 629901873 510766886
628875758 510766886 628875758 515649071
628875758 515649071 629040290 515649071
628875758 515649071 628875758 520795009
616092560 508352758 632344289 508352758
629040290 515649071 650509940 520347980
650509940 520347980 655764736 526745514
655764736 526745514 655764736 543580963
655764736 526745514 691064913 526745514
691064913 526745514 693125495 539164900
693125495 539164900 693125495 562970852
693125495 539164900 726705422 539164900
726705422 539164900 752938737 561789949
752938737 561789949 752938737 577566187
752938737 577566187 755862346 577566187
752938737 577566187 752938737 589219308
752938737 589219308 771442655 590159007
771442655 590159007 790100644 590159007
790100644 590159007 790100644 597827826
790100644 597827826 792110940 608966828
792110940 608966828 792110940 610843974
792110940 608966828 798144382 608966828
755862346 577566187 769148736 584403418
769148736 584403418 770607145 589017853
790100644 590159007 815418502 590159007
815418502 590159007 815418502 593846557
815418502 590159007 821228263 590159007
752938737 561789949 780847541 561789949
821228263 590159007 847013669 606316361
847013669 606316361 860872368 606316361
860872368 606316361 861968832 606316361
860872368 606316361 860872368 610146581
860872368 610146581 883242526 611923874
883242526 611923874 898121713 611923874
898121713 611923874 899013419 618661825
899013419 618661825 899013419 633497448
899013419 633497448 900163836 634933406
900163836 634933406 917758744 634933406
899013419 618661825 919707727 618661825
919707727 618661825 919707727 624151987
919707727 618661825 929288712 618661825
929288712 618661825 931827173 628558734
931827173 628558734 931827173 630235734
931827173 628558734 941912705 628558734
883242526 611923874 883242526 634106013
883242526 634106013 893688758 634106013
883242526 634106013 883242526 651363529
941912705 628558734 948001093 647401219
847013669 606316361 847013669 631957795
883242526 651363529 896429720 670527535
896429720 670527535 900163836 673732506
900163836 673732506 910282394 689112732
910282394 689112732 915466705 705318060
915466705 705318060 915466705 708720178
915466705 705318060 930582321 705318060
930582321 705318060 947636389 708638703
947636389 708638703 947783784 722903445
947783784 722903445 957615726 722903445
917758744 634933406 931189538 658090125
957615726 722903445 973354143 743804378
973354143 743804378 977901623 743804378
973354143 743804378 973354143 751849190
973354143 751849190 975757461 757256588
947783784 722903445 947783784 759605962
947783784 759605962 960472780 779020750
798144382 608966828 813377143 637194095
813377143 637194095 814675936 665222525
814675936 665222525 815307588 665222525
814675936 665222525 814675936 677940774
948001093 647401219 993484187 651709798
771442655 590159007 771442655 640653243
771442655 640653243 774404842 646703226
774404842 646703226 783322339 646703226
774404842 646703226 774404842 656435018
960472780 779020750 975713615 814636017
975713615 814636017 997045768 824910816
774404842 656435018 795300797 696370860
795300797 696370860 812121449 696370860
795300797 696370860 795300797 733212304
795300797 733212304 806861730 746584871
806861730 746584871 838115730 746584871
838115730 746584871 851131361 768056833
851131361 768056833 890003478 768056833
890003478 768056833 907387200 773611906
907387200 773611906 910995677 788854363
910995677 788854363 913560771 792466776
913560771 792466776 931494794 792466776
931494794 792466776 936541867 793211460
913560771 792466776 913560771 811303462
913560771 811303462 923381779 829826533
923381779 829826533 927478205 831072310
927478205 831072310 929989385 847956785
929989385 847956785 938305315 847956785
938305315 847956785 943408467 858231677
943408467 858231677 943408467 863978236
943408467 858231677 953244163 858231677
953244163 858231677 955204903 867913568
955204903 867913568 967821882 884216036
967821882 884216036 967821882 898767532
967821882 884216036 993604446 884216036
993604446 884216036 997188095 901692686
929989385 847956785 929989385 890537138
929989385 890537138 929989385 890782656
929989385 890537138 937668420 890537138
937668420 890537138 940147576 900084326
806861730 746584871 806861730 790542581
806861730 790542581 806861730 804000466
806861730 790542581 829045937 790542581
829045937 790542581 830084546 793462044
830084546 793462044 836065055 793462044
830084546 793462044 830084546 834720589
830084546 834720589 832625386 846364776
832625386 846364776 832625386 859023339
832625386 859023339 833743284 862404692
832625386 846364776 851765362 846364776
833743284 862404692 839144314 885119257
839144314 885119257 849276998 885119257
839144314 885119257 839144314 901070951
851765362 846364776 851765362 878313562
851765362 878313562 881165231 884936174
881165231 884936174 881165231 898487540
881165231 884936174 899739237 884936174
899739237 884936174 903272858 901942144
851765362 846364776 888416428 846364776
839144314 901070951 846805954 933365315
846805954 933365315 846805954 953863927
846805954 953863927 853322550 955150992
846805954 933365315 869044783 933365315
869044783 933365315 900607017 937256959
900607017 937256959 901770164 949365237
901770164 949365237 901770164 963106008
901770164 949365237 920713278 949365237
920713278 949365237 927005140 949365237
927005140 949365237 937703525 951890560
937703525 951890560 946492408 951890560
937703525 951890560 937703525 975958448
937703525 975958448 954330583 985846294
920713278 949365237 920713278 975958448
920713278 975958448 920713278 987888882
903272858 901942144 915251472 933011684
997188095 901692686 999230014 944676618
853322550 955150992 893824968 959954038
836065055 793462044 851131361 824347161
940147576 900084326 966853434 922414039
812121449 696370860 838115730 727068146
838115730 727068146 844885286 727068146
814675936 677940774 863589112 690867326
863589112 690867326 874210217 694068145
374757123 881438963 396532603 921549716
396532603 921549716 396532603 925200815
396532603 921549716 414321011 921549716
396532603 925200815 408732049 945834835
408732049 945834835 437117019 967708927
569902097 375813412 619805650 387874468
619805650 387874468 620417243 405516454
620417243 405516454 643205871 409638935
137608224 88422438 184919110 103350827
184919110 103350827 201541399 103350827
184919110 103350827 184919110 121925524
184919110 121925524 191003388 133245944
191003388 133245944 212238247 137576408
212238247 137576408 212238247 144227999
212238247 137576408 224601207 137576408
224601207 137576408 227745128 139279029
227745128 139279029 227745128 146931742
212238247 144227999 222548002 160531027
227745128 139279029 282640921 139279029
282640921 139279029 282640921 143236406
282640921 143236406 284824530 150978820
284824530 150978820 284824530 151026796
284824530 150978820 298664210 150978820
298664210 150978820 319552188 153705915
282640921 139279029 309292601 139279029
601073092 312807295 617648759 360227346
617648759 360227346 661362141 377934315
661362141 377934315 688329220 406562585
800634233 236567338 841017570 260562561
841017570 260562561 849654536 264406568
849654536 264406568 862682449 264406568
862682449 264406568 866956750 265167803
866956750 265167803 883012730 267264669
883012730 267264669 883164464 267264669
883012730 267264669 883012730 275759452
883164464 267264669 895132626 269624574
895132626 269624574 907949610 286545101
457036542 735457514 484044088 773205801
643205871 409638935 672833286 444817804
672833286 444817804 674803930 471043188
674803930 471043188 674803930 490245963
674803930 490245963 674803930 504885542
674803930 490245963 690018021 490245963
690018021 490245963 690018021 493093608
690018021 490245963 700885579 490245963
690018021 493093608 693309048 504935905
693309048 504935905 730598789 511274242
730598789 511274242 731016078 511274242
730598789 511274242 730598789 515512957
674803930 471043188 725874408 471043188
122826207 578828803 124880522 642125997
124880522 642125997 141867522 661705951
141867522 661705951 141867522 665267579
141867522 665267579 162778964 665267579
141867522 661705951 177351756 661705951
162778964 665267579 163317822 700883690
163317822 700883690 164448663 718233315
164448663 718233315 164448663 739198337
164448663 739198337 175602736 741269168
175602736 741269168 198152462 741269168
198152462 741269168 207283235 745897246
207283235 745897246 207283235 757790607
207283235 745897246 249925837 745897246
175602736 741269168 175602736 784017605
175602736 784017605 177146137 798408438
177146137 798408438 194815347 803555397
194815347 803555397 196845764 814333056
196845764 814333056 196845764 832476138
141867522 665267579 141867522 708903495
164448663 718233315 210683727 718233315
210683727 718233315 251513171 723328991
249925837 745897246 304345444 750383457
196845764 832476138 203253095 889476800
203253095 889476800 203253095 898537309
203253095 889476800 219788387 889476800
203253095 898537309 213735506 918626380
213735506 918626380 222504386 918626380
213735506 918626380 213735506 939407911
213735506 939407911 226702917 961764410
226702917 961764410 242282805 965576910
219788387 889476800 243975817 903219739
242282805 965576910 286678081 982732700
286678081 982732700 286678081 995629747
286678081 982732700 304714046 982732700
243975817 903219739 278866210 933403705
278866210 933403705 285830275 938306955
285830275 938306955 285830275 953765106
285830275 938306955 334917119 938306955
334917119 938306955 336317813 938306955
336317813 938306955 336317813 943135268
336317813 943135268 343980797 943206377
334917119 938306955 334917119 956877398
343980797 943206377 366314025 945834835
366314025 945834835 366314025 955325895
366314025 955325895 370988822 955325895
370988822 955325895 387368144 955814014
366314025 945834835 389232107 945834835
389232107 945834835 389232107 950195999
336317813 938306955 364604035 938306955
366314025 955325895 366314025 998169960
387368144 955814014 389261031 997187066
389261031 997187066 389261031 997708774
389261031 997187066 406712052 997187066
304345444 750383457 320787073 799188945
320787073 799188945 330488711 799188945
320787073 799188945 320787073 812902212
320787073 812902212 333812211 854432911
333812211 854432911 334251914 887972710
109346827 156873863 174203315 157925142
174203315 157925142 174203315 163964889
174203315 157925142 181235302 157925142
154446944 443709151 220791160 443709151
543000698 671743592 549589863 732199906
549589863 732199906 552259663 741036791
552259663 741036791 553960511 744789984
553960511 744789984 579850024 744789984
579850024 744789984 592518573 749269722
592518573 749269722 592518573 752011293
624197939 70237458 632411990 129302220
632411990 129302220 633553392 129302220
632411990 129302220 632411990 131944144
632411990 131944144 636290065 143031190
636290065 143031190 664007312 143031190
664007312 143031190 704883276 164509082
704883276 164509082 733787160 167254400
733787160 167254400 736981337 172136380
736981337 172136380 788751964 172136380
788751964 172136380 792459451 172136380
792459451 172136380 805151080 191435104
805151080 191435104 805151080 211557645
788751964 172136380 788751964 207397282
805151080 211557645 839198008 222056756
839198008 222056756 841017570 224863102
841017570 224863102 857216492 224863102
805151080 191435104 852060851 191435104
852060851 191435104 872409199 201953717
872409199 201953717 885456153 202911486
885456153 202911486 897508354 240350406
974503357 372118590 991903485 422064603
592518573 752011293 659243635 753254713
659243635 753254713 661971656 753254713
659243635 753254713 659243635 759864211
659243635 759864211 670788356 766926083
670788356 766926083 684984902 766926083
684984902 766926083 692577130 766926083
684984902 766926083 684984902 790512541
670788356 766926083 670788356 806166059
670788356 806166059 680699918 830369067
680699918 830369067 702285320 830369067
702285320 830369067 706896184 841476033
706896184 841476033 706896184 850916880
680699918 830369067 680699918 859888049
680699918 859888049 680699918 865371127
680699918 859888049 690578884 859888049
706896184 841476033 736940489 841476033
736940489 841476033 739171495 855758034
739171495 855758034 739171495 883008789
739171495 883008789 751949128 896138882
751949128 896138882 758527468 914152025
758527468 914152025 766150066 914152025
766150066 914152025 783274904 927628907
783274904 927628907 798379266 927628907
798379266 927628907 798379266 939378954
783274904 927628907 783274904 947358084
798379266 927628907 820121347 927628907
820121347 927628907 820729911 931015601
758527468 914152025 758527468 953872521
798379266 939378954 805668767 975580292
805668767 975580292 828933819 999419170
739171495 855758034 801270708 855758034
801270708 855758034 803120292 859023339
803120292 859023339 803120292 882060848
906838751 42949029 926865653 91084689
630812208 37302864 682956819 53490302
861383171 501772014 930806894 501772014
930806894 501772014 940773391 524722724
940773391 524722724 945454204 524722724
940773391 524722724 940773391 540773840
940773391 540773840 949993914 571915217
949993914 571915217 949993914 588810577
949993914 588810577 953116507 588810577
949993914 588810577 949993914 600811591
949993914 571915217 991428000 571915217
483492794 97829449 489363304 161990310
489363304 161990310 493531881 197401528
493531881 197401528 499970004 203338135
499970004 203338135 499970004 206122907
499970004 203338135 506326041 203338135
422628023 571939531 470812144 595086972
470812144 595086972 472303904 596513306
472303904 596513306 502054555 618019185
502054555 618019185 524724049 645942115
690578884 859888049 693199494 928826738
693199494 928826738 694979348 932811381
694979348 932811381 697817935 948993466
697817935 948993466 700029633 948993466
697817935 948993466 697817935 952125287
697817935 952125287 700273861 958808310
700273861 958808310 700273861 973107010
700273861 958808310 724817611 958808310
724817611 958808310 724817611 962559194
724817611 958808310 733206567 958808310
571872436 115336876 613600655 145333575
196845764 814333056 268788645 814333056
268788645 814333056 270711698 833825211
270711698 833825211 302356376 840738424
302356376 840738424 302356376 841954492
302356376 840738424 311862166 840738424
311862166 840738424 313363587 840926791
313363587 840926791 320434961 840926791
313363587 840926791 313363587 858875613
313363587 858875613 327130036 866953477
688329220 406562585 727879282 439322783
642627962 278954455 642627962 352672974
642627962 352672974 679212894 353854054
251513171 723328991 306739698 742768682
177351756 661705951 223814456 690661773
223814456 690661773 229380084 693558465
229380084 693558465 248875138 693558465
229380084 693558465 229380084 716884958
510807855 462623623 582053061 467127626
582053061 467127626 611214608 475916621
611214608 475916621 622156497 482076202
622156497 482076202 622156497 483157177
622156497 483157177 631027690 485486873
622156497 482076202 637918423 482076202
637918423 482076202 668124043 504402166
268256846 67448216 277249859 134766335
730598789 515512957 790902461 531971508
524724049 645942115 589418972 658187520
521405921 881156659 598924700 881156659
598924700 881156659 604270115 910814032
604270115 910814032 617298897 910814032
617298897 910814032 618577601 910814032
617298897 910814032 617298897 918746605
617298897 918746605 622423917 925014853
622423917 925014853 648725157 930157156
648725157 930157156 654911697 930157156
648725157 930157156 648725157 942783423
648725157 942783423 652789675 942784966
652789675 942784966 667167153 942784966
604270115 910814032 604270115 947445803
667167153 942784966 675710480 971646706
652789675 942784966 652789675 988301698
485500992 243348603 531044563 275626840
531044563 275626840 531044563 283757660
531044563 275626840 543158603 275626840
532958234 435232195 585197976 461798876
723466376 17653669 742700598 77632965
742700598 77632965 748754560 79191425
748754560 79191425 753152214 79191425
753152214 79191425 753152214 79282409
748754560 79191425 748754560 120194029
748754560 120194029 750303221 127096929
750303221 127096929 750303221 135280007
750303221 135280007 751626738 135280007
750303221 135280007 750303221 137113166
750303221 127096929 801020759 127096929
801020759 127096929 814937472 129579404
814937472 129579404 820634445 129579404
814937472 129579404 814937472 148547342
814937472 148547342 814937472 154836874
814937472 148547342 830051326 148547342
750303221 137113166 795537035 148225798
753152214 79191425 819835732 79191425
819835732 79191425 823111491 83951200
592518573 749269722 672298093 749269722
682956819 53490302 709873031 108629926
709873031 108629926 714903827 111494946
561543417 804932203 630247777 823859004
630247777 823859004 632927139 833728814
632927139 833728814 632927139 848218302
632927139 848218302 645555045 848509395
645555045 848509395 653116384 848509395
632927139 833728814 651723042 833728814
651723042 833728814 652491802 833728814
651723042 833728814 651723042 844323847
645555045 848509395 645555045 867545698
0 289194271 0 376939203
0 376939203 0 396094513
0 376939203 24436577 376939203
24436577 376939203 32312642 396094513
0 396094513 0 423939756
0 423939756 17384019 423939756
0 423939756 0 449643980
0 449643980 0 461653463
0 461653463 0 466932528
0 449643980 13360758 449643980
0 466932528 18811173 466932528
13360758 449643980 22321680 461653463
0 466932528 0 493826275
0 493826275 0 495124771
0 493826275 19411977 493826275
19411977 493826275 46292862 495124771
46292862 495124771 60747498 503744083
0 495124771 0 532452649
0 532452649 93066 532452649
0 532452649 0 534483415
0 534483415 5721909 534483415
60747498 503744083 63556431 546053417
63556431 546053417 63556431 548908150
63556431 546053417 84319156 546053417
84319156 546053417 89838331 548373143
89838331 548373143 97859011 571587581
63556431 548908150 76301768 571587581
76301768 571587581 76301768 575600207
0 534483415 0 581592129
0 581592129 0 586059563
0 586059563 0 590601573
0 590601573 12044106 590601573
0 581592129 14556438 581592129
14556438 581592129 33130963 586059563
0 590601573 0 629507840
0 629507840 0 645135544
0 645135544 144503 645135544
0 645135544 0 659459253
0 659459253 0 669771250
0 669771250 0 691226760
0 691226760 1746027 691226760
0 691226760 0 714057968
0 714057968 0 726654543
0 726654543 30028635 726654543
0 726654543 0 760159059
0 760159059 32759067 760159059
32759067 760159059 60714591 763796932
60714591 763796932 60714591 781671756
60714591 763796932 82812980 763796932
82812980 763796932 82812980 765798515
82812980 763796932 100932102 763796932
100932102 763796932 109703637 771489854
109703637 771489854 120756332 771489854
120756332 771489854 123058212 779389700
123058212 779389700 123058212 780626873
123058212 779389700 130499401 779389700
109703637 771489854 109703637 787958577
0 629507840 33620074 629507840
0 669771250 34536442 669771250
0 760159059 0 797045215
0 797045215 0 820919296
0 820919296 0 829796817
0 829796817 0 834995906
0 834995906 2313467 834995906
0 834995906 0 841469035
0 841469035 0 842754498
0 842754498 0 843925976
0 843925976 0 845634267
0 845634267 6626883 845634267
0 845634267 0 856700128
0 829796817 12876958 829796817
0 856700128 0 876217241
0 876217241 15680987 876217241
0 856700128 26846250 856700128
12876958 829796817 28413071 841469035
28413071 841469035 44437477 843925976
0 842754498 27267096 842754498
0 797045215 37146935 797045215
37146935 797045215 49236251 820919296
49236251 820919296 60774378 828131392
30028635 726654543 52887939 741906185
0 714057968 39489204 714057968
34536442 669771250 59420756 686453162
59420756 686453162 61847477 696821874
33620074 629507840 45709370 659459253
76301768 575600207 87831968 620845643
15680987 876217241 58322806 895834858
58322806 895834858 77041274 911214489
77041274 911214489 84923062 913719060
84923062 913719060 84923062 917898578
84923062 917898578 87972042 933850182
87972042 933850182 110283406 933850182
87972042 933850182 87972042 971634447
84923062 913719060 123079037 913719060
123079037 913719060 124202410 919684791
124202410 919684791 124202410 931927434
124202410 931927434 149975531 932898345
149975531 932898345 168822144 932898345
168822144 932898345 169323709 956339813
169323709 956339813 176941067 965058767
176941067 965058767 189477085 973095146
149975531 932898345 149975531 964561970
149975531 964561970 163957014 995433509
163957014 995433509 166882503 995931120
124202410 919684791 178780899 919684791
178780899 919684791 180867819 919684791
178780899 919684791 178780899 922151054
61847477 696821874 109190622 713765630
109190622 713765630 119484446 757807637
0 876217241 0 942337474
0 942337474 0 944216777
0 944216777 13932005 944216777
13932005 944216777 23824891 944216777
13932005 944216777 13932005 970858611
13932005 970858611 30678083 994442885
0 942337474 47154860 942337474
130499401 779389700 158104691 818179324
158104691 818179324 161388145 854124007
161388145 854124007 167622172 854124007
161388145 854124007 161388145 866937007
161388145 866937007 165822433 866937007
165822433 866937007 174797456 867844959
161388145 866937007 161388145 897909712
161388145 897909712 174797456 912270817
174797456 867844959 243258718 867844959
87831968 620845643 101997934 676276011
861383171 512744456 911441198 553752079
911441198 553752079 914067991 570692190
914067991 570692190 924300095 599043623
174896412 395557279 225746373 436156494
704351484 731974270 763367739 766016075
763367739 766016075 786425457 785003456
786425457 785003456 790682656 826632432
706896184 850916880 727855656 923745748
506328734 875530840 602736317 875530840
540263572 830295812 624768247 845997540
521405921 884745335 582592033 953349514
