1463
0 0 10180605 0
10180605 0 11893335 0
11893335 0 46849732 0
0 0 0 45050071
0 45050071 0 46713395
0 46713395 0 47994678
0 47994678 10180605 47994678
0 45050071 11893335 45050071
11893335 45050071 46849732 46713395
0 47994678 0 85738885
0 85738885 0 97351245
0 85738885 21651610 85738885
0 97351245 0 120501945
0 120501945 0 129068574
0 129068574 6531123 129068574
21651610 85738885 35451244 97060603
35451244 97060603 35451244 97351245
35451244 97060603 63450777 97060603
63450777 97060603 63813185 120558243
63813185 120558243 71498865 123192638
71498865 123192638 71498865 143271173
71498865 143271173 72403830 143271173
72403830 143271173 84694538 157806589
84694538 157806589 98393466 157806589
71498865 123192638 98997560 123192638
35451244 97351245 42360872 120501945
84694538 157806589 84694538 198426477
84694538 198426477 87723727 202984187
87723727 202984187 111225635 202984187
87723727 202984187 87723727 233380423
87723727 233380423 101614886 233380423
87723727 233380423 87723727 247335563
71498865 143271173 71498865 188759393
46849732 46713395 79148120 60790547
79148120 60790547 81882263 60790547
81882263 60790547 92854322 60790547
81882263 60790547 81882263 81287643
79148120 60790547 79148120 84279094
98997560 123192638 157603059 125911702
157603059 125911702 185425648 150270109
185425648 150270109 185425648 166778261
185425648 166778261 187216838 166778261
187216838 166778261 188942790 176723395
188942790 176723395 199262220 183525517
199262220 183525517 199262220 189709188
199262220 189709188 201916292 189709188
199262220 183525517 205581625 183525517
199262220 189709188 199262220 212365685
199262220 212365685 210983417 214776996
210983417 214776996 210983417 234469021
210983417 214776996 237399803 214776996
237399803 214776996 240612232 223788341
240612232 223788341 240612232 244791944
240612232 244791944 248439610 244791944
248439610 244791944 258383773 247109935
240612232 244791944 240612232 257900015
185425648 166778261 185425648 201560956
185425648 150270109 227744907 150270109
240612232 223788341 287328266 223788341
287328266 223788341 289623062 223788341
287328266 223788341 287328266 238809000
287328266 238809000 288302033 243311490
288302033 243311490 310285392 243311490
310285392 243311490 316309270 246127415
316309270 246127415 334866685 247843364
334866685 247843364 335390246 247843364
334866685 247843364 334866685 273616683
334866685 273616683 357810125 276771473
357810125 276771473 375485613 276771473
357810125 276771473 357810125 300666505
205581625 183525517 248960205 187852914
375485613 276771473 406463639 293730103
406463639 293730103 413965181 296592407
413965181 296592407 423986808 296592407
413965181 296592407 413965181 308173263
413965181 308173263 417417550 308173263
417417550 308173263 421817364 313258691
421817364 313258691 421817364 331156427
421817364 331156427 424381914 336242867
424381914 336242867 433060303 336242867
421817364 313258691 442342467 313258691
442342467 313258691 471031774 314773837
471031774 314773837 472478571 327733808
424381914 336242867 424381914 371847439
424381914 371847439 424436411 388043090
424436411 388043090 424436411 403820929
424436411 388043090 444817698 388043090
444817698 388043090 445943523 404121648
445943523 404121648 445943523 410100138
445943523 410100138 447550424 410100138
445943523 404121648 464637394 404121648
464637394 404121648 486321480 406831064
486321480 406831064 489760372 418468184
489760372 418468184 489760372 447166183
445943523 410100138 445943523 438977390
489760372 418468184 529394223 418468184
529394223 418468184 551987145 430877373
551987145 430877373 552218517 430877373
551987145 430877373 551987145 444487177
551987145 444487177 582296150 445859771
582296150 445859771 592093817 463573344
592093817 463573344 594821973 463573344
592093817 463573344 592093817 471173289
592093817 471173289 603862868 483546441
603862868 483546441 619578069 483546441
619578069 483546441 653713571 486565446
653713571 486565446 661575937 508308642
661575937 508308642 661575937 514592865
661575937 514592865 661575937 515406119
661575937 514592865 668429480 514592865
668429480 514592865 673906788 517262201
661575937 508308642 689563934 508308642
689563934 508308642 709248674 512479698
709248674 512479698 709248674 538064129
709248674 538064129 720471859 555849807
720471859 555849807 720471859 555964527
720471859 555964527 736022198 563444680
736022198 563444680 739460988 563444680
739460988 563444680 743830445 569717690
743830445 569717690 749115562 570118460
720471859 555849807 748003809 555849807
749115562 570118460 776376607 572835171
776376607 572835171 776376607 591464968
776376607 591464968 776787229 594348192
776787229 594348192 783058858 594348192
776787229 594348192 776787229 613692681
776376607 572835171 798748740 572835171
776787229 613692681 795032144 622363102
795032144 622363102 795032144 626588464
795032144 622363102 823037730 622363102
823037730 622363102 825501941 641034920
825501941 641034920 825501941 667186224
825501941 667186224 825501941 673715210
709248674 512479698 741563207 512479698
741563207 512479698 757097123 513286667
757097123 513286667 759597199 513286667
552218517 430877373 582296150 440923560
582296150 440923560 607098879 440923560
607098879 440923560 628287414 445781477
628287414 445781477 628287414 446626535
628287414 445781477 645761287 445781477
628287414 446626535 640424614 452084226
825501941 667186224 865808121 667186224
865808121 667186224 867206713 667186224
865808121 667186224 865808121 670655965
472478571 327733808 509023634 331841593
509023634 331841593 520829658 351413386
736022198 563444680 736022198 604319044
413965181 308173263 413965181 350092328
413965181 350092328 419898835 364726597
757097123 513286667 757097123 555623815
603862868 483546441 603862868 525884617
603862868 525884617 605328355 540013254
605328355 540013254 614371832 540013254
614371832 540013254 615626259 544502375
615626259 544502375 615626259 561193613
615626259 561193613 617068731 574717725
617068731 574717725 642622467 574717725
642622467 574717725 646947895 585951950
646947895 585951950 646947895 600289363
646947895 585951950 661423490 585951950
661423490 585951950 662403207 587470699
662403207 587470699 662475469 587470699
662403207 587470699 662403207 592336046
617068731 574717725 617068731 602429215
605328355 540013254 605328355 568890847
605328355 568890847 608789459 597619197
608789459 597619197 612578812 602429215
612578812 602429215 612578812 619754936
615626259 544502375 647972401 544502375
662403207 592336046 667729068 623324905
667729068 623324905 667729068 634927393
667729068 634927393 675699263 638532052
667729068 623324905 699898763 623324905
699898763 623324905 720158673 631489100
720158673 631489100 724923530 631489100
720158673 631489100 720158673 639748089
720158673 639748089 724316179 653263967
724316179 653263967 732544631 656719978
865808121 670655965 903110025 678446438
903110025 678446438 903110025 686593824
903110025 686593824 908550052 706819368
908550052 706819368 920445344 706819368
920445344 706819368 922527374 736589410
922527374 736589410 923575239 740071221
923575239 740071221 941085767 740071221
923575239 740071221 923575239 763724930
923575239 763724930 939013291 766990862
939013291 766990862 939013291 770275526
939013291 766990862 963820195 766990862
908550052 706819368 908550052 740058465
963820195 766990862 986790368 790128328
825501941 641034920 874265152 641034920
874265152 641034920 875047868 654559087
875047868 654559087 883222140 654559087
875047868 654559087 875047868 666777829
883222140 654559087 896069427 659176490
903110025 678446438 951975827 678446438
732544631 656719978 766624970 672560242
645761287 445781477 695662360 447345147
647972401 544502375 672373134 571705441
433060303 336242867 460484004 361126249
766624970 672560242 766736865 727302806
766736865 727302806 766736865 733534438
766736865 733534438 768512208 761875828
768512208 761875828 768512208 767516530
768512208 761875828 788680839 761875828
768512208 767516530 777077035 800766547
788680839 761875828 819859263 775855428
819859263 775855428 819859263 791494748
819859263 791494748 826752007 801972629
819859263 775855428 847426316 775855428
766736865 727302806 818652593 727302806
818652593 727302806 842915294 743095836
842915294 743095836 861823778 745659308
861823778 745659308 882573493 758291951
882573493 758291951 884256900 761548345
884256900 761548345 890828558 761548345
890828558 761548345 894130608 761548345
890828558 761548345 890828558 770968994
890828558 770968994 892676703 772268445
892676703 772268445 899538798 789251049
884256900 761548345 884256900 796071213
899538798 789251049 911261762 814892455
911261762 814892455 920150896 814892455
920150896 814892455 921545773 814892455
920150896 814892455 920150896 824917459
920150896 824917459 921461526 824917459
920150896 824917459 920150896 827045113
911261762 814892455 911261762 836251944
911261762 836251944 925471106 844603157
925471106 844603157 932970469 844603157
932970469 844603157 939229902 845883260
925471106 844603157 925471106 858501825
925471106 858501825 927888130 858501825
927888130 858501825 939229902 863107775
939229902 863107775 939229902 869784381
939229902 863107775 959835258 863107775
939229902 845883260 961510292 845883260
925471106 858501825 925471106 884279803
961510292 845883260 998968041 847860031
445943523 438977390 467325813 472843871
467325813 472843871 470629730 476979267
470629730 476979267 470629730 478848937
470629730 478848937 470732648 478848937
470629730 476979267 521558883 476979267
521558883 476979267 538279288 499824921
538279288 499824921 544744473 530952749
544744473 530952749 544744473 532606933
544744473 532606933 567899646 533960579
567899646 533960579 578607428 538558783
578607428 538558783 579281075 538558783
579281075 538558783 579455484 550537845
579455484 550537845 583040397 550537845
579455484 550537845 579455484 595294111
579455484 595294111 586927072 621608381
544744473 530952749 590161558 530952749
586927072 621608381 598379431 661550239
598379431 661550239 598379431 663271423
598379431 661550239 609975252 661550239
598379431 663271423 606194450 673542568
606194450 673542568 626592365 673542568
606194450 673542568 606194450 696217108
606194450 696217108 608574247 709624506
626592365 673542568 638348253 686077662
608574247 709624506 617284085 735904723
638348253 686077662 666482292 699118658
666482292 699118658 669298092 726162754
609975252 661550239 650003855 667633291
669298092 726162754 680418668 766235531
680418668 766235531 684996851 778922568
684996851 778922568 684996851 817305769
684996851 817305769 684996851 829031477
684996851 829031477 695389196 832926055
684996851 817305769 703363167 817305769
703363167 817305769 703363167 825018048
703363167 817305769 720404079 817305769
684996851 778922568 736000160 778922568
736000160 778922568 744573355 795956298
744573355 795956298 748527731 795956298
744573355 795956298 744573355 812107901
470732648 478848937 497432621 504461383
497432621 504461383 516233108 504461383
497432621 504461383 497432621 525290367
497432621 525290367 511200157 525290367
511200157 525290367 522391649 537368702
522391649 537368702 522610713 540611190
497432621 525290367 497432621 550330934
497432621 550330934 500535785 551082083
500535785 551082083 505850491 551082083
500535785 551082083 500535785 592798546
500535785 592798546 506357986 617338655
506357986 617338655 506357986 644959191
506357986 644959191 530545662 645522683
530545662 645522683 543170604 645522683
543170604 645522683 543170604 653993095
543170604 653993095 551259713 666407526
551259713 666407526 555270900 669808641
555270900 669808641 559578830 687887078
559578830 687887078 559578830 710760657
559578830 710760657 561744712 730437489
561744712 730437489 573423932 730437489
561744712 730437489 561744712 752331732
559578830 687887078 584677486 687887078
584677486 687887078 592958496 691870123
543170604 645522683 577029733 645522683
592958496 691870123 605246627 713526686
530545662 645522683 530545662 686138620
530545662 686138620 531778500 698230973
531778500 698230973 538612440 717095140
506357986 617338655 557119632 617338655
557119632 617338655 571644211 636443702
617284085 735904723 646152723 759825765
646152723 759825765 646152723 776750599
646152723 776750599 646152723 778623533
646152723 778623533 646446177 778623533
646152723 776750599 648474900 776750599
646152723 778623533 646152723 785504273
646152723 759825765 664883811 759825765
460484004 361126249 496730289 380323255
496730289 380323255 496730289 385917075
496730289 380323255 506897154 380323255
506897154 380323255 541143051 394176457
541143051 394176457 543658469 394176457
543658469 394176457 543658469 395139273
541143051 394176457 541143051 400129396
543658469 394176457 552991768 394176457
552991768 394176457 555577570 396381608
646947895 600289363 654084254 648623225
520829658 351413386 565901447 363215449
565901447 363215449 582040024 381820151
582040024 381820151 582040024 391083656
582040024 381820151 616674536 381820151
616674536 381820151 632906591 397903097
632906591 397903097 651438017 397903097
632906591 397903097 632906591 431974919
632906591 431974919 651577948 443500763
288302033 243311490 288302033 301082327
288302033 301082327 302598175 301082327
288302033 301082327 288302033 319867590
288302033 319867590 302144162 328897334
302144162 328897334 311840642 328897334
311840642 328897334 311840642 332576003
311840642 328897334 325062114 328897334
302144162 328897334 302144162 353979418
302144162 353979418 305483064 361820338
305483064 361820338 305483064 384928851
305483064 361820338 331942844 361820338
331942844 361820338 331942844 374769108
331942844 374769108 345833398 382287936
345833398 382287936 353577400 382287936
331942844 361820338 354849428 361820338
353577400 382287936 372963658 395095219
372963658 395095219 372963658 408487321
372963658 408487321 377990584 419998312
377990584 419998312 397505834 421337354
397505834 421337354 397875454 438478946
397875454 438478946 412771594 438478946
372963658 395095219 398391336 395095219
398391336 395095219 402495203 395095219
398391336 395095219 398391336 406492254
398391336 406492254 408226873 414113637
408226873 414113637 412771594 415958539
412771594 415958539 417133938 415958539
412771594 438478946 422123829 474073280
422123829 474073280 436148714 474073280
422123829 474073280 422123829 498100147
345833398 382287936 345833398 435233282
345833398 435233282 347275560 444443790
347275560 444443790 351916823 444443790
347275560 444443790 347275560 450920224
759597199 513286667 796843952 535565927
796843952 535565927 796843952 545814980
796843952 535565927 830538615 535565927
830538615 535565927 830538615 536521622
830538615 535565927 853191060 535565927
695662360 447345147 721305926 482654388
721305926 482654388 743629533 500561972
743629533 500561972 778462065 512201389
612578812 619754936 641530222 653420013
305483064 384928851 309529253 443743809
309529253 443743809 329343684 469451934
826752007 801972629 845657678 849025284
845657678 849025284 845657678 855215225
845657678 849025284 862852603 849025284
862852603 849025284 872738359 885240119
872738359 885240119 883209705 898591752
883209705 898591752 890642286 898591752
890642286 898591752 893422492 937435474
893422492 937435474 914255582 956608806
914255582 956608806 936664745 956608806
936664745 956608806 945841449 982306027
914255582 956608806 914255582 993859774
883209705 898591752 883209705 949223707
248960205 187852914 297571075 205203072
297571075 205203072 311169665 218692025
651577948 443500763 679845302 483456718
578607428 538558783 578607428 606901377
744573355 812107901 771971159 854811224
771971159 854811224 776244510 854811224
771971159 854811224 771971159 873690143
771971159 873690143 773444347 913867013
773444347 913867013 773444347 916573780
773444347 913867013 807675247 913867013
807675247 913867013 839312565 936070225
773444347 916573780 779217235 981835727
779217235 981835727 812242881 986848185
357810125 300666505 396195188 333825552
470629730 478848937 470629730 551910702
470629730 551910702 489251185 587176107
489251185 587176107 490648622 592798546
959835258 863107775 966663980 931069284
966663980 931069284 966663980 935681191
966663980 931069284 980182100 931069284
853191060 535565927 884681907 579233030
884681907 579233030 895154410 579233030
884681907 579233030 884681907 592494861
895154410 579233030 904233535 589769994
904233535 589769994 904233535 590483362
904233535 590483362 923696643 612111556
923696643 612111556 952480136 621925400
952480136 621925400 972403288 625488270
972403288 625488270 989417800 625488270
989417800 625488270 990189799 625488270
990189799 625488270 999947091 645278851
989417800 625488270 989417800 656499326
972403288 625488270 972403288 670982912
904233535 589769994 952480136 589769994
952480136 589769994 975901311 589769994
975901311 589769994 986941094 614735271
397875454 438478946 397875454 514750965
111225635 202984187 169327686 221727923
169327686 221727923 170568523 243234132
170568523 243234132 180752401 243234132
170568523 243234132 170568523 264982716
703363167 825018048 715856248 890266232
715856248 890266232 731300358 916573780
731300358 916573780 731300358 951876738
731300358 951876738 742526824 971644353
742526824 971644353 742526824 981236532
742526824 971644353 755651680 971644353
755651680 971644353 824422734 977703648
824422734 977703648 826168493 980105231
826168493 980105231 838142172 985799211
0 129068574 0 207097547
0 207097547 12240455 207097547
0 207097547 0 231380038
0 231380038 23673785 231380038
23673785 231380038 60657726 245525443
0 231380038 0 284967233
0 284967233 1206027 284967233
0 284967233 0 299499364
0 299499364 0 304055112
0 304055112 0 308758276
0 299499364 7177903 299499364
0 308758276 23692919 308758276
0 308758276 0 336807549
0 336807549 0 337711343
0 337711343 0 340535565
0 340535565 21220230 340535565
7177903 299499364 34327800 301620839
34327800 301620839 34327800 304055112
34327800 304055112 39098954 336807549
39098954 336807549 39098954 337711343
39098954 336807549 42324677 336807549
34327800 301620839 76596076 301620839
76596076 301620839 81516610 314947207
81516610 314947207 101317053 316401055
101317053 316401055 125934639 318330707
125934639 318330707 128234631 318330707
128234631 318330707 135721078 318749143
135721078 318749143 145600041 318749143
145600041 318749143 158179113 318749143
145600041 318749143 145600041 333578123
135721078 318749143 135721078 336421628
135721078 336421628 143369899 348984321
143369899 348984321 144074976 356528507
144074976 356528507 144074976 385580742
144074976 385580742 144074976 407566331
144074976 385580742 174592131 385580742
144074976 356528507 179307795 356528507
179307795 356528507 204413210 374407400
204413210 374407400 222114780 390792067
222114780 390792067 238341253 402145577
238341253 402145577 238341253 408157741
238341253 402145577 274520666 402145577
125934639 318330707 125934639 363251799
125934639 363251799 128210375 391928972
128210375 391928972 137069778 391928972
128210375 391928972 128210375 410635853
128210375 410635853 134925193 446505860
134925193 446505860 134925193 447997710
134925193 446505860 136782470 446505860
136782470 446505860 138548346 446942325
138548346 446942325 139689244 461602225
139689244 461602225 139689244 492676866
139689244 492676866 153926744 493574765
153926744 493574765 171576003 493574765
153926744 493574765 153926744 514037511
153926744 514037511 172258928 522152099
139689244 461602225 171576003 461602225
171576003 461602225 192497676 461602225
192497676 461602225 203520018 461602225
192497676 461602225 192497676 472988364
192497676 472988364 222705577 482662267
222705577 482662267 235849350 482801430
235849350 482801430 236401074 509583613
236401074 509583613 239469978 521274705
239469978 521274705 239469978 534477362
239469978 521274705 282096121 521274705
282096121 521274705 287980835 521670475
287980835 521670475 287980835 536834034
172258928 522152099 192607767 547949901
192607767 547949901 204449668 570645246
204449668 570645246 209453926 570645246
204449668 570645246 204449668 591618189
204449668 591618189 206153224 591618189
204449668 591618189 204449668 600514556
204449668 600514556 215115848 602554166
215115848 602554166 220025704 602554166
215115848 602554166 215115848 612633968
215115848 612633968 223324006 626246513
223324006 626246513 223324006 632914768
223324006 632914768 223406418 632914768
223324006 632914768 223324006 649215786
209453926 570645246 220025704 589632632
223324006 626246513 253791424 626246513
253791424 626246513 256843697 644417846
256843697 644417846 263453761 676260388
263453761 676260388 277198715 695564324
277198715 695564324 277198715 703582877
277198715 703582877 282287520 711335494
282287520 711335494 290385987 715502433
290385987 715502433 290385987 733638913
290385987 715502433 322480573 715502433
277198715 695564324 312042748 695564324
312042748 695564324 314520804 695564324
312042748 695564324 312042748 702797492
312042748 702797492 317981250 702859586
220025704 589632632 264836574 589632632
264836574 589632632 276513138 597568945
276513138 597568945 291735045 607165028
291735045 607165028 291735045 617116393
291735045 617116393 291857907 619039719
291857907 619039719 291857907 624634799
291857907 619039719 299113654 619039719
291735045 607165028 313031267 607165028
274520666 402145577 281179901 441837107
281179901 441837107 304224029 456781968
287980835 536834034 305154829 570105317
305154829 570105317 305154829 582244167
305154829 582244167 313031267 583759703
313031267 583759703 330132794 583759703
330132794 583759703 339111474 587111974
339111474 587111974 339111474 595080945
339111474 587111974 349497480 587111974
349497480 587111974 368891045 590257244
368891045 590257244 370128178 593974864
370128178 593974864 377507267 593974864
370128178 593974864 370128178 624361462
377507267 593974864 417053352 598495448
417053352 598495448 425171078 599342560
425171078 599342560 425171078 608572237
425171078 599342560 470174580 599342560
305154829 570105317 350719382 570105317
313031267 607165028 334103155 636781474
334103155 636781474 347584008 638458065
347584008 638458065 360365585 650974099
360365585 650974099 364585824 651581753
364585824 651581753 364585824 680082830
364585824 680082830 367053525 690745568
367053525 690745568 372854908 713277423
372854908 713277423 372854908 740815533
372854908 740815533 377330007 756104533
377330007 756104533 394731451 758052537
394731451 758052537 409570960 758052537
409570960 758052537 410887810 758052537
410887810 758052537 410887810 758829891
409570960 758052537 409570960 776812352
394731451 758052537 394731451 778662026
394731451 778662026 400403161 778788645
400403161 778788645 409296964 778788645
410887810 758052537 431905907 758052537
410887810 758829891 423228487 773624166
409296964 778788645 418183833 801757325
418183833 801757325 432336285 814890171
432336285 814890171 432336285 829566631
432336285 829566631 432336285 835758901
432336285 835758901 434147354 837156762
432336285 829566631 446926628 829566631
432336285 814890171 453264833 814890171
364585824 651581753 405278564 651581753
400403161 778788645 400403161 821301926
400403161 821301926 411074805 853878924
431905907 758052537 467849417 765665936
467849417 765665936 487478265 792737298
487478265 792737298 490092984 807489165
490092984 807489165 490092984 825248163
490092984 825248163 508452530 825248163
490092984 825248163 490092984 851293443
490092984 807489165 520032578 807489165
520032578 807489165 531278832 807489165
531278832 807489165 531278832 813465446
520032578 807489165 520032578 820771822
531278832 807489165 545393413 807489165
545393413 807489165 547698609 807489165
545393413 807489165 545393413 810233704
547698609 807489165 588962984 808846551
588962984 808846551 601426464 810695876
601426464 810695876 601426464 825916636
601426464 825916636 604782592 833766027
604782592 833766027 615729354 838761998
601426464 810695876 625289308 810695876
411074805 853878924 429735127 884815140
429735127 884815140 430196212 888180098
430196212 888180098 434642858 888180098
434642858 888180098 434642858 894173453
434642858 888180098 441129450 888180098
430196212 888180098 430196212 909231096
430196212 909231096 448396013 913893624
448396013 913893624 461698863 913893624
461698863 913893624 461698863 920675199
461698863 913893624 475004096 913893624
448396013 913893624 448396013 928223986
448396013 928223986 450923689 940193069
450923689 940193069 467764733 943894001
467764733 943894001 467764733 973913790
467764733 973913790 469199026 988814798
469199026 988814798 502032760 988989404
441129450 888180098 476177124 895433717
476177124 895433717 479710812 901005702
545393413 810233704 576652367 830837277
290385987 733638913 296879945 779795364
296879945 779795364 303041625 787241298
303041625 787241298 303041625 816700701
303041625 816700701 313197080 831649237
313197080 831649237 313197080 832798512
313197080 831649237 318719006 831649237
303041625 787241298 337980535 787241298
318719006 831649237 347386615 839653638
347386615 839653638 361320136 840957042
361320136 840957042 362479983 840957042
362479983 840957042 362479983 843484501
362479983 840957042 377113261 840957042
377113261 840957042 378372695 860710340
378372695 860710340 378372695 874058428
378372695 860710340 396802955 860710340
396802955 860710340 402450850 869958604
361320136 840957042 361320136 864779702
361320136 864779702 367570112 882162610
378372695 874058428 387325289 890348075
387325289 890348075 391986618 895914638
391986618 895914638 394225879 895914638
394225879 895914638 408940753 900659700
408940753 900659700 409873010 900659700
408940753 900659700 408940753 922357562
391986618 895914638 391986618 929589354
467764733 943894001 520907495 943894001
520907495 943894001 535330393 945490446
535330393 945490446 551264588 965119226
551264588 965119226 563929876 980204853
158179113 318749143 199705344 330425784
372854908 713277423 426142980 713277423
426142980 713277423 448482091 724756669
448482091 724756669 448482091 730185621
448482091 724756669 465528536 724756669
465528536 724756669 467120492 734102595
467120492 734102595 503310163 748259881
503310163 748259881 517126450 752331732
517126450 752331732 517126450 753913636
563929876 980204853 609329381 989031088
609329381 989031088 635336374 990052725
199705344 330425784 241323204 344347515
241323204 344347515 284709764 352718331
174592131 385580742 179340645 436655118
238341253 408157741 251469786 450861709
251469786 450861709 255753491 456781968
255753491 456781968 255753491 467965611
144074976 407566331 170996864 436655118
170996864 436655118 170996864 439164977
223324006 649215786 251525905 678953723
251525905 678953723 260574137 715828205
260574137 715828205 268631847 755936556
268631847 755936556 269824610 769643963
615729354 838761998 656744647 857046105
656744647 857046105 669985037 857046105
669985037 857046105 671032355 877075784
656744647 857046105 656744647 906676564
269824610 769643963 323072627 777995729
323072627 777995729 373916160 784941627
60657726 245525443 80597172 289044890
475004096 913893624 525170744 927188883
525170744 927188883 535330393 936712319
535330393 936712319 535330393 941983820
535330393 941983820 536420398 941983820
535330393 936712319 562151335 936712319
635336374 990052725 694530988 995124387
446926628 829566631 479246744 864142451
479246744 864142451 483746826 864142451
479246744 864142451 479246744 883540079
0 340535565 0 408437629
0 408437629 8833914 408437629
0 408437629 0 419225314
0 419225314 0 424914895
0 419225314 13297751 419225314
0 424914895 0 460732019
0 460732019 0 493987417
0 493987417 0 514702435
0 514702435 0 529950891
0 529950891 0 535914684
0 535914684 0 540393138
0 540393138 0 554649637
0 554649637 0 569749700
0 569749700 0 573298621
0 573298621 0 573652171
0 573298621 22005271 573298621
22005271 573298621 35664799 573652171
0 493987417 27404207 493987417
27404207 493987417 36024202 509274599
36024202 509274599 36024202 514702435
36024202 509274599 51668289 509274599
51668289 509274599 66146210 511779502
66146210 511779502 66146210 514580548
36024202 514702435 40583166 529950891
40583166 529950891 40835698 529950891
40583166 529950891 40583166 540393138
40583166 540393138 47513504 551549634
47513504 551549634 47513504 554649637
47513504 554649637 49680355 555882351
49680355 555882351 49680355 569749700
49680355 555882351 68707091 555882351
68707091 555882351 68707091 555947539
68707091 555882351 82097848 555882351
82097848 555882351 96369340 563174941
66146210 511779502 94277328 511779502
94277328 511779502 105703146 519552419
105703146 519552419 105703146 529835674
105703146 519552419 118443963 519552419
105703146 529835674 108793142 543003388
118443963 519552419 129885158 526982197
129885158 526982197 129885158 541813850
129885158 526982197 148251488 526982197
47513504 551549634 77767139 551549634
0 535914684 33262969 535914684
0 460732019 36751272 460732019
96369340 563174941 110068424 589677804
110068424 589677804 112469882 589677804
112469882 589677804 113243688 596301798
113243688 596301798 113243688 603471386
113243688 596301798 125667997 596301798
125667997 596301798 135850678 597418862
135850678 597418862 138115964 597418862
135850678 597418862 135850678 623189261
110068424 589677804 110068424 616286831
36751272 460732019 76984739 463395784
76984739 463395784 85559399 470510738
85559399 470510738 96237831 475617035
96237831 475617035 97492721 492676866
97492721 492676866 97492721 506038500
97492721 492676866 126710383 492676866
126710383 492676866 126710383 500405533
126710383 500405533 138653711 516631480
135850678 623189261 150148020 654530809
0 573652171 0 620374060
0 620374060 0 650072141
0 650072141 0 653082678
0 653082678 0 668031862
0 653082678 34961132 653082678
34961132 653082678 49814978 668031862
0 668031862 0 708463127
0 708463127 12832419 708463127
0 708463127 0 736195874
0 736195874 0 740276514
0 740276514 0 745924621
0 745924621 0 752981498
0 752981498 0 763438557
0 763438557 0 768020630
0 768020630 0 768969318
0 768969318 0 780874530
0 780874530 0 792991599
0 792991599 16892679 792991599
0 763438557 17115208 763438557
17115208 763438557 34736996 768020630
34736996 768020630 34736996 768969318
34736996 768020630 36769528 768020630
0 780874530 23676810 780874530
0 792991599 0 823829449
0 823829449 0 825917023
0 825917023 10641098 825917023
0 823829449 12600364 823829449
0 825917023 0 841545068
0 841545068 0 844841816
0 841545068 7159239 841545068
7159239 841545068 9832088 844841816
0 844841816 0 866240034
0 866240034 0 870812374
0 870812374 3612843 870812374
0 870812374 0 884492860
0 884492860 0 894226784
0 894226784 15953865 894226784
0 894226784 0 917373612
0 917373612 0 925322184
0 925322184 0 940785750
0 940785750 0 940829929
0 917373612 26480802 917373612
26480802 917373612 27901014 925322184
27901014 925322184 39772862 925322184
27901014 925322184 27901014 940829929
27901014 940829929 37162697 940829929
39772862 925322184 49946084 940785750
0 866240034 31927402 866240034
31927402 866240034 43568867 870419629
43568867 870419629 43568867 884492860
43568867 870419629 72022538 870419629
72022538 870419629 72022538 873109662
72022538 870419629 80389318 870419629
80389318 870419629 88176067 880744514
88176067 880744514 98822733 885525339
98822733 885525339 105354638 885525339
105354638 885525339 105354638 894486468
105354638 894486468 105354638 895492875
105354638 894486468 110070020 894486468
98822733 885525339 98822733 911352802
98822733 911352802 123206449 913986347
123206449 913986347 133729301 913986347
123206449 913986347 123206449 929161740
123206449 929161740 130704802 931070926
105354638 885525339 132495435 885525339
132495435 885525339 133729301 899460780
130704802 931070926 139896799 951511528
139896799 951511528 155580986 954473838
155580986 954473838 156560941 954473838
156560941 954473838 159450622 954473838
156560941 954473838 156560941 964250232
155580986 954473838 155580986 975655938
133729301 899460780 166273305 899460780
166273305 899460780 180286989 911669860
180286989 911669860 180286989 917196298
180286989 911669860 199273559 911669860
199273559 911669860 223948739 916443856
223948739 916443856 223948739 940237854
223948739 940237854 228642921 947960923
228642921 947960923 244538897 947960923
244538897 947960923 256723931 954869628
256723931 954869628 258054833 954869628
256723931 954869628 256723931 968201770
258054833 954869628 280400266 958544763
280400266 958544763 304704752 961148653
304704752 961148653 305322173 966357495
305322173 966357495 323884193 966357495
323884193 966357495 324473237 969633890
324473237 969633890 324473237 977905415
324473237 977905415 340931623 978084700
305322173 966357495 305322173 990956736
305322173 990956736 305322173 991722563
305322173 990956736 322200466 990956736
223948739 916443856 254626219 916443856
254626219 916443856 278050920 917197299
278050920 917197299 284923831 919043284
284923831 919043284 295665574 919043284
295665574 919043284 295665574 924475133
295665574 919043284 306608203 919043284
284923831 919043284 284923831 941225537
306608203 919043284 327515759 923030176
327515759 923030176 327515759 938972394
327515759 923030176 346976074 923030176
228642921 947960923 228642921 979743491
0 740276514 33054368 740276514
33054368 740276514 41042114 745924621
41042114 745924621 47039524 752981498
47039524 752981498 76403860 755802143
76403860 755802143 91219327 763585154
91219327 763585154 104449335 774593251
104449335 774593251 133574205 774593251
133574205 774593251 133574205 782042146
133574205 774593251 148322741 774593251
148322741 774593251 169377032 775478620
169377032 775478620 187609561 775478620
187609561 775478620 189744397 776533058
189744397 776533058 191576356 776533058
189744397 776533058 189744397 792859812
189744397 792859812 193004737 794840627
193004737 794840627 201435922 794840627
201435922 794840627 201435922 803418516
201435922 794840627 228650371 794840627
104449335 774593251 104449335 807083623
27901014 940829929 27901014 974795773
27901014 974795773 39716388 977635577
39716388 977635577 45187162 983006892
45187162 983006892 45513225 983006892
45187162 983006892 45187162 995116777
0 736195874 35768907 736195874
159450622 954473838 189871281 961888344
49946084 940785750 83710703 945160612
83710703 945160612 102082394 956325125
102082394 956325125 110658347 956325125
102082394 956325125 102082394 969565098
102082394 969565098 102737043 975397044
102737043 975397044 114998566 975397044
114998566 975397044 115096333 975655938
102737043 975397044 102737043 992748008
102737043 992748008 115096333 995361832
324473237 969633890 364887959 969633890
364887959 969633890 373400332 989795600
373400332 989795600 382933101 991472764
0 620374060 40779408 620374060
40779408 620374060 47699929 625108909
47699929 625108909 47699929 650072141
47699929 650072141 81046632 651360954
81046632 651360954 88486634 655765749
88486634 655765749 90317304 655765749
90317304 655765749 90317304 659404104
90317304 659404104 94861055 659719985
90317304 655765749 100727704 655765749
100727704 655765749 106652356 659719985
106652356 659719985 108338468 678387057
108338468 678387057 119247444 685896559
119247444 685896559 119247444 698453960
119247444 685896559 140209862 685896559
47699929 625108909 88475725 625108909
88475725 625108909 94135421 625108909
88475725 625108909 88475725 634610702
228650371 794840627 236609344 828837944
236609344 828837944 236609344 833711918
236609344 828837944 243448127 828837944
243448127 828837944 243857680 844372746
243857680 844372746 243857680 861199564
243857680 861199564 250816802 861199564
250816802 861199564 266259291 864512212
266259291 864512212 266259291 889055128
266259291 889055128 270157211 895430070
270157211 895430070 270157211 901266469
270157211 895430070 290818898 895430070
290818898 895430070 312453076 899756605
312453076 899756605 312453076 902039412
312453076 899756605 334626805 899756605
266259291 864512212 309341134 864512212
0 940829929 429733 983707056
429733 983707056 19981459 992684478
36769528 768020630 65178206 783595679
243857680 861199564 243857680 906368665
193004737 794840627 193004737 841462575
193004737 841462575 197591251 847458780
43568867 884492860 64710544 910137996
189871281 961888344 205001510 993926672
140209862 685896559 163767619 709817051
163767619 709817051 163767619 713575564
163767619 713575564 172709693 714016242
172709693 714016242 181266699 714016242
163767619 709817051 180131570 709817051
181266699 714016242 205743007 714016242
205743007 714016242 206890961 714016242
205743007 714016242 205743007 715891048
206890961 714016242 213610767 714919372
213610767 714919372 225491577 714919372
213610767 714919372 213610767 734241994
181266699 714016242 181266699 757029421
181266699 757029421 181266699 761991030
181266699 757029421 194859236 757029421
194859236 757029421 207257655 760063735
207257655 760063735 210086631 760063735
207257655 760063735 207257655 772970644
104449335 807083623 116614241 842856210
116614241 842856210 116614241 848395187
116614241 842856210 132049886 842856210
116614241 848395187 126674505 866974265
126674505 866974265 126674505 867848025
126674505 866974265 129429536 866974265
169377032 775478620 169377032 823904425
169377032 823904425 192675401 850015399
309341134 864512212 337096139 886793802
129885158 541813850 134059505 588018053
243857680 844372746 296050611 844372746
172709693 714016242 172709693 766379432
10641098 825917023 53698417 839698510
94861055 659719985 94861055 716695157
138115964 597418862 184177243 612679379
184177243 612679379 196568534 642397359
196568534 642397359 211102882 675719023
65178206 783595679 77084012 834140944
346976074 923030176 376370155 956675840
376370155 956675840 377488459 956675840
376370155 956675840 376370155 963133160
483746826 864142451 534249984 882687119
13297751 419225314 74850553 426849206
74850553 426849206 87982084 432718076
87982084 432718076 95953111 447997710
95953111 447997710 95953111 449068078
8833914 408437629 80569296 410856785
80569296 410856785 91680376 419652167
91680376 419652167 91680376 421175847
91680376 419652167 107449416 419652167
107449416 419652167 109867566 428553086
88486634 655765749 88486634 731189437
605246627 713526686 610190043 786760249
534249984 882687119 586924707 909113898
586924707 909113898 622398388 920304005
322480573 715502433 362421622 754699927
87723727 247335563 133800951 284345471
133800951 284345471 134614036 287984415
134614036 287984415 154670840 291889813
154670840 291889813 159534913 297142108
159534913 297142108 160371522 299932530
160371522 299932530 167994390 312390119
167994390 312390119 214308840 326281003
214308840 326281003 274348923 330559800
258383773 247109935 267459395 321821637
92854322 60790547 159674003 78288341
159674003 78288341 183112869 85300307
183112869 85300307 183112869 120436159
183112869 120436159 183112869 120768085
183112869 120436159 205596539 120436159
183112869 85300307 234341764 85300307
234341764 85300307 235619722 85300307
234341764 85300307 234341764 99827196
234341764 99827196 256215675 105746370
256215675 105746370 256497919 114813909
256497919 114813909 256497919 131875558
256497919 131875558 256497919 136096473
256497919 131875558 266890820 131875558
256497919 136096473 265843395 149985783
256497919 114813909 286473130 114813909
235619722 85300307 256215675 97573277
256215675 97573277 289836177 97573277
289836177 97573277 343710426 103465886
343710426 103465886 346889917 137536112
346889917 137536112 346889917 140957449
346889917 140957449 366993930 140957449
366993930 140957449 367467154 145029123
367467154 145029123 367467154 146811789
367467154 146811789 380234250 163766044
380234250 163766044 390358935 168040869
390358935 168040869 412551556 175654906
346889917 140957449 346889917 173079356
346889917 173079356 346889917 176146052
346889917 173079356 363002123 173079356
346889917 176146052 356738219 189844668
412551556 175654906 448888722 175654906
346889917 137536112 386501198 137536112
386501198 137536112 409888591 139365709
409888591 139365709 409888591 145029123
409888591 139365709 418622030 139365709
418622030 139365709 452133004 145089575
452133004 145089575 452133004 148375716
452133004 145089575 457583494 145089575
457583494 145089575 474955607 156613845
474955607 156613845 474955607 172454387
412551556 175654906 412551556 219889914
412551556 219889914 412551556 227420906
412551556 219889914 428649189 219889914
428649189 219889914 452382031 224330431
452382031 224330431 465200456 224330431
465200456 224330431 470513899 252734237
470513899 252734237 483180518 252734237
470513899 252734237 470513899 279066420
470513899 279066420 473450229 280951861
473450229 280951861 473450229 284232902
473450229 284232902 473925058 284232902
473925058 284232902 476658715 290478222
473450229 284232902 473450229 295047059
473450229 295047059 505472456 295624128
505472456 295624128 519612329 295624128
519612329 295624128 519612329 301700641
519612329 295624128 533760870 295624128
505472456 295624128 505472456 313873574
505472456 313873574 505875110 313886887
452382031 224330431 452382031 264072104
474955607 156613845 519896348 156613845
519896348 156613845 522447612 159490962
522447612 159490962 537585288 159490962
537585288 159490962 540171934 168155260
540171934 168155260 540171934 171236815
540171934 171236815 549230002 188492535
549230002 188492535 549230002 207094898
549230002 207094898 550512082 216579210
549230002 188492535 574212523 188492535
574212523 188492535 581509606 202379928
581509606 202379928 588451006 222684298
588451006 222684298 588451006 223071335
588451006 223071335 610736541 226423091
610736541 226423091 613414349 247390238
613414349 247390238 622655563 247390238
613414349 247390238 613414349 275272164
613414349 275272164 617894321 294047943
522447612 159490962 522447612 201221769
448888722 175654906 459357318 211685889
533760870 295624128 572559130 303335903
572559130 303335903 572559130 329361126
572559130 329361126 572559130 330587048
572559130 329361126 585441644 329361126
572559130 303335903 599778679 303335903
522447612 201221769 540408950 230100137
622655563 247390238 664544296 257804637
664544296 257804637 669593335 257804637
664544296 257804637 664544296 267946307
669593335 257804637 691324011 265631511
691324011 265631511 696744636 287574957
696744636 287574957 696744636 296768618
696744636 287574957 721291019 287574957
696744636 296768618 712232102 307358059
712232102 307358059 713434599 307358059
713434599 307358059 720953580 311218201
720953580 311218201 731436091 311218201
664544296 267946307 666750039 305232813
720953580 311218201 720953580 353494698
720953580 353494698 746089934 356303785
746089934 356303785 750513796 378993361
750513796 378993361 757264667 378993361
750513796 378993361 750513796 392391343
750513796 392391343 751980088 392391343
751980088 392391343 754506002 399585087
754506002 399585087 757878415 410494774
750513796 392391343 750513796 408130081
757878415 410494774 770982554 416067803
757264667 378993361 780894281 388569031
780894281 388569031 780894281 391348869
780894281 388569031 809088761 388569031
809088761 388569031 824315433 394781722
824315433 394781722 827535799 417474308
827535799 417474308 827535799 418680989
827535799 417474308 829854182 417474308
829854182 417474308 857564562 422706082
857564562 422706082 857564562 444538467
857564562 422706082 879916043 422706082
879916043 422706082 883301885 437841858
883301885 437841858 896699019 442905403
896699019 442905403 922501432 442905403
922501432 442905403 928751110 442905403
922501432 442905403 922501432 467463866
922501432 467463866 929845839 469579833
929845839 469579833 930917588 469579833
930917588 469579833 942750793 472230938
942750793 472230938 947663612 472230938
942750793 472230938 942750793 479454874
929845839 469579833 929845839 489417109
942750793 479454874 970638435 490326834
970638435 490326834 985009866 490326834
985009866 490326834 989297928 490326834
985009866 490326834 985009866 501551253
985009866 501551253 988475840 501551253
985009866 501551253 985009866 506216213
970638435 490326834 970638435 527239897
970638435 527239897 973035117 527239897
973035117 527239897 984092278 549710218
970638435 527239897 970638435 561291698
770982554 416067803 803469237 427171701
803469237 427171701 808875749 427171701
803469237 427171701 803469237 443797734
803469237 443797734 818619341 458998441
731436091 311218201 776294814 311679873
776294814 311679873 779267816 311679873
776294814 311679873 776294814 337011069
779267816 311679873 811167186 327665320
811167186 327665320 811167186 334439831
811167186 334439831 823115736 345995383
823115736 345995383 823115736 351824584
823115736 345995383 838808143 345995383
811167186 327665320 842897503 327665320
721291019 287574957 768905179 288187115
768905179 288187115 768905179 300856798
768905179 300856798 780485367 308015006
768905179 288187115 791425224 288187115
896699019 442905403 896699019 491977256
896699019 491977256 905125497 516325471
712232102 307358059 712232102 359085346
712232102 359085346 713213956 371759391
713213956 371759391 714449746 371759391
713213956 371759391 713213956 376484778
713213956 376484778 713740037 376484778
838808143 345995383 859128765 381572373
859128765 381572373 859128765 383934582
859128765 381572373 867423007 381572373
859128765 383934582 864852672 388121815
864852672 388121815 895549292 402191554
895549292 402191554 895549292 403390192
895549292 402191554 910539454 402191554
895549292 403390192 907152036 408239270
907152036 408239270 941652731 413445736
941652731 413445736 969820034 418530571
969820034 418530571 969820034 428997497
969820034 418530571 989428205 418530571
989428205 418530571 994710561 419201188
994710561 419201188 998249175 433087390
969820034 428997497 988735591 433087390
988735591 433087390 988735591 442564819
867423007 381572373 911974379 384882050
911974379 384882050 928150909 401870619
473450229 280951861 532212877 280951861
842897503 327665320 887765668 344048073
887765668 344048073 927198730 346235332
927198730 346235332 928026712 350571414
928026712 350571414 952373665 355001647
952373665 355001647 952373665 375954941
952373665 355001647 975395164 355001647
975395164 355001647 997194491 365365174
997194491 365365174 998094842 365365174
997194491 365365174 997194491 379509713
713213956 376484778 713213956 440232842
540171934 168155260 604476723 168155260
604476723 168155260 662747802 174337368
662747802 174337368 683416521 193585861
683416521 193585861 684941984 213346261
684941984 213346261 686504672 213346261
686504672 213346261 686504672 218855560
684941984 213346261 684941984 226913165
686504672 213346261 713503211 213346261
713503211 213346261 739276632 217037049
739276632 217037049 750940489 217037049
750940489 217037049 750940489 237344182
739276632 217037049 739276632 240167416
750940489 217037049 776322893 217037049
750940489 237344182 770506653 261762948
770506653 261762948 794414720 264794744
794414720 264794744 804897339 264794744
794414720 264794744 794414720 279995620
540408950 230100137 581062334 257618283
588451006 222684298 658069278 222684298
905125497 516325471 925987079 567162984
750513796 408130081 752618199 482039617
752618199 482039617 788622197 485008543
788622197 485008543 788622197 491985670
788622197 485008543 799940059 485008543
804897339 264794744 881172678 268856345
881172678 268856345 882022535 277120051
882022535 277120051 920123127 277120051
920123127 277120051 920123127 284637392
920123127 277120051 959398422 277120051
882022535 277120051 882022535 327484235
920123127 284637392 945198034 311143604
945198034 311143604 982870898 313563949
959398422 277120051 997672137 308184413
287980835 521670475 374420203 521670475
374420203 521670475 387014952 557538425
335390246 247843364 404740533 265452255
404740533 265452255 451586949 286673095
42324677 336807549 65701334 400663160
65701334 400663160 85393327 400888664
85393327 400888664 85701720 402947927
376370155 963133160 442386340 985542815
442386340 985542815 442386340 985900647
442386340 985542815 444513367 985542815
656744647 906676564 696084292 957643796
585441644 329361126 647843334 361689728
46849732 0 143488689 0
143488689 0 159029501 0
159029501 0 159711507 0
159711507 0 160762983 0
160762983 0 160762983 12967958
159029501 0 159029501 19239219
159029501 19239219 159711507 21281099
160762983 0 189654613 0
189654613 0 189654613 8313139
189654613 0 201755530 0
201755530 0 219002953 0
219002953 0 245387271 0
245387271 0 257114034 0
257114034 0 257114034 5558843
245387271 0 245387271 20484898
257114034 0 286147216 0
286147216 0 286147216 8227128
201755530 0 201755530 35901963
201755530 35901963 211508549 44509101
211508549 44509101 219002953 44509101
211508549 44509101 211508549 60066301
211508549 60066301 216413718 65657212
216413718 65657212 218004522 65657212
216413718 65657212 216413718 76599180
218004522 65657212 228938418 70716811
228938418 70716811 228938418 73456627
228938418 70716811 237801898 70716811
143488689 0 143488689 39076065
286147216 8227128 289762974 59184590
289762974 59184590 289762974 62122072
289762974 59184590 313488447 59184590
289762974 62122072 309576446 80541331
309576446 80541331 328630941 87292864
286147216 0 342380158 0
342380158 0 360565248 0
360565248 0 360565248 13774496
360565248 0 380638590 0
380638590 0 381822711 0
381822711 0 396797029 0
396797029 0 409834891 0
396797029 0 396797029 13131782
396797029 13131782 409834891 17293759
381822711 0 381822711 26245097
342380158 0 342380158 32842054
342380158 32842054 347223179 57445716
347223179 57445716 365485776 81422920
409834891 17293759 421997883 52319981
421997883 52319981 439019810 52319981
421997883 52319981 421997883 70285452
439019810 52319981 456507057 57465241
456507057 57465241 483256142 63241052
483256142 63241052 496987869 64333982
496987869 64333982 499059952 64333982
499059952 64333982 499059952 64810401
496987869 64333982 496987869 77024112
499059952 64810401 518951326 66076546
518951326 66076546 526320856 73631358
526320856 73631358 537315207 78318575
537315207 78318575 537315207 99329311
537315207 99329311 540882643 99329311
537315207 99329311 537315207 106138536
499059952 64333982 527700907 64333982
496987869 77024112 497622023 109840332
497622023 109840332 506857859 115403884
506857859 115403884 506857859 118331927
506857859 115403884 514590159 115403884
514590159 115403884 523684692 120614877
523684692 120614877 523684692 126580937
523684692 126580937 524430093 131988150
524430093 131988150 529724304 131988150
524430093 131988150 524430093 139572269
523684692 120614877 536239522 120614877
536239522 120614877 536239522 120654775
536239522 120614877 536787730 120614877
537315207 78318575 579335879 78318575
579335879 78318575 595032024 98458096
595032024 98458096 599182619 99135236
599182619 99135236 599182619 108562046
599182619 99135236 615753193 99135236
615753193 99135236 632049720 103763594
632049720 103763594 632431252 103763594
632049720 103763594 632049720 135052091
632049720 135052091 669441852 137623748
529724304 131988150 573008876 134377658
380638590 0 380638590 49279637
409834891 0 463460944 0
463460944 0 473560615 0
473560615 0 473560615 20256022
473560615 0 508866771 0
508866771 0 508866771 31925055
463460944 0 463460944 40115814
508866771 31925055 530844684 54594151
530844684 54594151 535768919 54594151
530844684 54594151 530844684 61113845
421997883 70285452 424256311 126237715
508866771 0 578201229 0
578201229 0 586491136 0
586491136 0 586491136 13254937
586491136 0 604592163 0
604592163 0 614284158 0
614284158 0 618140136 0
618140136 0 624134843 0
624134843 0 634902936 0
634902936 0 634902936 17571749
604592163 0 604592163 26941390
604592163 26941390 618140136 31520023
618140136 31520023 622582879 45458558
622582879 45458558 624134843 45458558
622582879 45458558 622582879 57723632
622582879 57723632 623450175 59240189
623450175 59240189 623450175 72800460
623450175 59240189 654237201 59240189
654237201 59240189 678477622 61612208
624134843 45458558 649628880 54642607
623450175 72800460 648600544 85151585
578201229 0 578201229 40564330
634902936 0 684208851 0
684208851 0 684208851 4275487
684208851 0 699546088 0
699546088 0 712219226 0
712219226 0 712219226 7773088
699546088 0 699546088 20063911
712219226 0 744675094 0
744675094 0 765788188 0
744675094 0 744675094 28245028
744675094 28245028 747794950 47906734
747794950 47906734 747794950 57635614
747794950 57635614 747794950 59313086
747794950 57635614 752399917 57635614
752399917 57635614 753541637 65204068
753541637 65204068 759188203 65204068
747794950 47906734 765788188 47906734
759188203 65204068 765802490 83014279
765802490 83014279 765802490 85759530
765802490 85759530 772570031 85759530
772570031 85759530 777895014 108216286
777895014 108216286 783656298 108216286
783656298 108216286 783656298 111557970
783656298 108216286 794532821 108216286
777895014 108216286 777895014 125234250
777895014 125234250 782374087 146221437
782374087 146221437 793283956 146221437
782374087 146221437 782374087 171721105
782374087 171721105 782695250 181644142
782695250 181644142 782695250 193111653
782695250 193111653 786752188 196509349
786752188 196509349 786752188 198655125
765802490 83014279 801029653 83014279
801029653 83014279 825704481 83608529
825704481 83608529 829676236 98550148
829676236 98550148 829676236 102154088
829676236 98550148 836223234 98550148
765802490 85759530 765802490 126133096
765788188 47906734 804807577 64601397
765788188 0 821940760 0
821940760 0 821940760 11843664
821940760 0 845039141 0
845039141 0 845039141 17591252
845039141 0 865459742 0
865459742 0 865459742 46489206
865459742 46489206 882492088 51889639
882492088 51889639 905532355 64617986
905532355 64617986 924896166 64617986
905532355 64617986 905532355 84209996
905532355 84209996 906727068 84209996
905532355 84209996 905532355 89145907
924896166 64617986 927994981 83395793
927994981 83395793 927994981 104058340
927994981 83395793 954806451 83395793
954806451 83395793 973465426 115645088
973465426 115645088 977229899 130141036
977229899 130141036 998424317 131900128
786752188 198655125 828739892 212857333
828739892 212857333 841388610 253988534
865459742 0 921965264 0
921965264 0 931904488 0
931904488 0 935051879 0
935051879 0 935655014 0
935655014 0 936103325 0
936103325 0 945757481 0
936103325 0 936103325 10015035
921965264 0 921965264 17495894
921965264 17495894 931904488 19290613
931904488 19290613 935051879 19290613
935051879 19290613 935655014 20360965
935655014 20360965 935655014 25424846
935655014 20360965 945757481 20360965
945757481 20360965 956319595 22847835
931904488 19290613 931904488 44624898
945757481 0 990483969 6784759
927994981 104058340 948790817 140260949
948790817 140260949 952962538 140260949
952962538 140260949 953824313 150803035
953824313 150803035 953824313 156750494
953824313 150803035 972890384 150803035
948790817 140260949 948790817 173094756
948790817 173094756 950363382 173094756
948790817 173094756 948790817 175088767
948790817 175088767 993903973 175532317
993903973 175532317 996351556 200864111
996351556 200864111 997742717 200864111
996351556 200864111 996351556 214009777
836223234 98550148 874618628 119456845
874618628 119456845 874618628 131108291
874618628 119456845 888657034 119456845
874618628 131108291 886193068 179053519
753541637 65204068 753541637 127231243
753541637 127231243 756280587 129889547
786752188 196509349 851423350 196509349
678477622 61612208 690533793 122711439
690533793 122711439 690533793 132515379
690533793 122711439 701870803 122711439
701870803 122711439 735413522 132354096
735413522 132354096 749576181 161219284
886193068 179053519 913868879 230738534
143488689 39076065 150497957 112015127
782695250 181644142 870497647 181644142
870497647 181644142 875341362 189977885
329343684 469451934 385434555 511389686
490648622 592798546 490648622 695997363
