1464
0 0 0 2646457
0 2646457 0 3021623
0 0 14634393 0
14634393 0 14634393 2646457
14634393 0 23591897 0
23591897 0 23591897 3021623
23591897 0 27379828 0
27379828 0 54489653 0
54489653 0 54489653 16289960
54489653 0 76543381 0
76543381 0 97544008 0
97544008 0 104634586 0
104634586 0 105643594 0
97544008 0 97544008 7239335
0 3021623 0 34588306
0 34588306 27379828 34588306
97544008 7239335 104634586 32356356
104634586 32356356 105643594 33732482
105643594 33732482 114094864 51624144
114094864 51624144 122549535 63836079
122549535 63836079 122549535 75533850
122549535 75533850 127141240 75533850
127141240 75533850 127603174 82533202
122549535 75533850 122549535 106100188
122549535 106100188 127218533 116135296
127218533 116135296 134976143 120514391
134976143 120514391 144585881 120514391
105643594 0 145764368 0
145764368 0 145764368 18399070
76543381 0 76543381 48132166
54489653 16289960 63844623 60892054
63844623 60892054 66696590 122813432
66696590 122813432 82335414 137464672
127603174 82533202 178495429 96569180
178495429 96569180 178495429 105649664
178495429 105649664 192640026 105807261
192640026 105807261 209873729 105807261
209873729 105807261 234676198 105807261
234676198 105807261 242890428 106268650
242890428 106268650 262861041 106268650
178495429 96569180 204236427 96569180
242890428 106268650 242890428 137458100
242890428 137458100 250551880 137458100
242890428 137458100 242890428 177732896
242890428 177732896 257330470 195516012
257330470 195516012 261528097 196046161
261528097 196046161 261590895 196046161
261590895 196046161 266279800 205875025
261528097 196046161 261528097 227948502
261528097 227948502 264156687 241103550
264156687 241103550 264156687 245877049
264156687 245877049 265262352 258174665
264156687 241103550 283695245 241103550
283695245 241103550 309188778 241586960
309188778 241586960 324719494 260860666
250551880 137458100 261590895 166949756
261590895 166949756 263763370 166949756
263763370 166949756 263763370 174441116
263763370 166949756 278801864 166949756
262861041 106268650 305533774 116885842
305533774 116885842 306716679 120871643
306716679 120871643 330073770 120871643
330073770 120871643 349422602 121176998
349422602 121176998 349422602 129840347
306716679 120871643 306716679 146982222
349422602 121176998 381102527 121176998
381102527 121176998 390395094 124381266
390395094 124381266 397619972 124381266
397619972 124381266 397619972 125046658
390395094 124381266 390395094 146307642
397619972 124381266 423580863 124381266
423580863 124381266 428121095 139119856
428121095 139119856 428121095 145994513
428121095 145994513 436847323 145994513
428121095 145994513 428121095 156843421
436847323 145994513 446117477 155736163
446117477 155736163 446117477 162550768
446117477 162550768 463265833 170727444
463265833 170727444 463265833 170944602
463265833 170727444 468959624 170727444
468959624 170727444 472119571 180616983
428121095 156843421 437415851 175070853
472119571 180616983 488539311 194391059
488539311 194391059 488727473 198387350
488727473 198387350 488727473 215793366
488727473 215793366 488727473 231733938
488727473 215793366 506556217 215793366
437415851 175070853 444500888 201955747
349422602 129840347 354843387 158857264
354843387 158857264 378988700 158857264
378988700 158857264 381527443 180413539
381527443 180413539 381527443 181247124
381527443 181247124 386532200 181247124
386532200 181247124 393330054 187058774
393330054 187058774 403355478 187058774
403355478 187058774 405530996 196549946
405530996 196549946 415055546 196549946
415055546 196549946 425224654 201955747
425224654 201955747 425224654 203354357
381527443 180413539 398774574 180413539
393330054 187058774 393330054 206169812
405530996 196549946 405530996 219576364
405530996 219576364 412773873 220723776
381527443 181247124 381527443 221398205
306716679 146982222 348864417 148337023
488727473 198387350 533632424 198387350
533632424 198387350 535364616 213674854
535364616 213674854 535364616 245374468
535364616 213674854 568409286 213674854
568409286 213674854 579195895 227171156
579195895 227171156 579195895 228705704
579195895 228705704 585221828 232640618
585221828 232640618 604646699 232640618
585221828 232640618 585221828 256825284
585221828 256825284 600524664 256825284
585221828 256825284 585221828 276466348
579195895 227171156 619753939 227171156
585221828 276466348 604309908 298342308
604309908 298342308 604309908 303936307
604309908 303936307 607880727 315117671
607880727 315117671 607880727 344099364
607880727 315117671 647114732 315117671
647114732 315117671 647114732 320210225
647114732 315117671 657418956 315117671
657418956 315117671 670477211 334419193
604309908 298342308 643903600 298342308
446117477 155736163 491128564 155736163
354843387 158857264 354843387 203905087
354843387 203905087 362050591 203905087
354843387 203905087 354843387 223345178
619753939 227171156 649817478 248366180
649817478 248366180 660149014 282441361
660149014 282441361 663598584 288783997
663598584 288783997 670477211 298165318
670477211 298165318 689338928 298165318
428121095 139119856 479462171 139119856
488727473 231733938 493395154 280315670
324719494 260860666 348781192 290365112
265262352 258174665 269075834 310587953
269075834 310587953 293898427 330092631
293898427 330092631 295458393 336951179
535364616 245374468 544625202 293619687
544625202 293619687 572267930 316437748
607880727 344099364 642581736 368914486
642581736 368914486 657408936 385452451
657408936 385452451 657408936 392183190
657408936 392183190 681125146 394410100
681125146 394410100 683074606 394410100
681125146 394410100 681125146 407566222
681125146 407566222 685558913 422817506
685558913 422817506 699858040 422817506
685558913 422817506 685558913 439134523
685558913 439134523 695926650 439134523
695926650 439134523 711916293 439749722
711916293 439749722 724759322 443265914
724759322 443265914 724759322 443461591
699858040 422817506 711916293 429502787
724759322 443265914 747307745 443265914
685558913 439134523 685558913 464745559
747307745 443265914 756758585 461838275
756758585 461838275 756758585 469986357
756758585 469986357 758906952 469986357
756758585 469986357 756758585 487888813
756758585 461838275 778162510 461838275
685558913 464745559 704110643 480015442
704110643 480015442 716789780 491433525
716789780 491433525 734426988 496226488
778162510 461838275 794302975 479747471
794302975 479747471 805928940 500824473
805928940 500824473 808843717 500824473
805928940 500824473 805928940 505915832
805928940 505915832 828951288 507924759
828951288 507924759 838283458 507924759
838283458 507924759 841402460 514966330
841402460 514966330 842781009 519570163
828951288 507924759 828951288 525313719
842781009 519570163 880669661 519570163
880669661 519570163 880669661 541029339
880669661 519570163 917924574 519570163
917924574 519570163 919974206 519570163
917924574 519570163 917924574 528204438
917924574 528204438 937395179 528678469
937395179 528678469 941636102 532889623
941636102 532889623 941636102 546250209
941636102 546250209 941852148 548952507
941852148 548952507 952850861 548952507
952850861 548952507 953200086 555713070
953200086 555713070 954365342 561069322
954365342 561069322 954485634 561069322
941636102 532889623 957243553 532889623
957243553 532889623 963841885 532889623
957243553 532889623 957243553 542237622
954365342 561069322 954365342 582994894
954365342 582994894 965042794 602529894
965042794 602529894 965470024 617227679
965470024 617227679 965470024 635161982
965470024 617227679 991591367 617227679
954485634 561069322 973657919 572930506
973657919 572930506 973657919 575927808
973657919 572930506 979542214 572930506
842781009 519570163 842781009 559520506
842781009 559520506 842781009 567420642
842781009 567420642 847662590 567420642
842781009 559520506 851442055 559520506
842781009 567420642 842781009 585213995
842781009 585213995 845444983 587769501
711916293 429502787 752348763 429502787
752348763 429502787 755033704 429502787
752348763 429502787 752348763 435361971
752348763 435361971 764393064 437516321
764393064 437516321 764393064 441024562
764393064 437516321 785586237 437516321
764393064 441024562 784586472 459781087
957243553 542237622 994566894 545741197
965470024 635161982 979860516 662668608
979860516 662668608 986397047 673839426
845444983 587769501 845444983 633162812
845444983 633162812 845444983 653644954
845444983 653644954 848987879 656756323
848987879 656756323 855923435 656756323
848987879 656756323 848987879 674903716
848987879 674903716 851125603 700189284
851125603 700189284 851225829 711464134
851225829 711464134 851225829 714994878
851225829 711464134 862930442 711464134
862930442 711464134 873602642 717304357
873602642 717304357 873602642 739006295
873602642 717304357 898057958 717304357
898057958 717304357 909370203 726352571
909370203 726352571 911101304 726352571
909370203 726352571 909370203 733347835
909370203 733347835 911865708 733569813
911865708 733569813 922325156 753648902
922325156 753648902 931609528 753648902
922325156 753648902 922325156 779498725
922325156 779498725 938519569 792160542
938519569 792160542 947964962 806918476
947964962 806918476 953700069 818805686
953700069 818805686 954556152 818805686
954556152 818805686 954618067 823069221
953700069 818805686 953700069 842353783
851225829 714994878 857580663 741329373
857580663 741329373 862693723 743207098
862693723 743207098 866001918 743207098
862693723 743207098 862693723 747996977
862693723 747996977 869472815 753818221
931609528 753648902 957098872 769470076
845444983 633162812 891345859 633162812
891345859 633162812 919630611 643828338
919630611 643828338 919630611 647504767
919630611 643828338 944688119 643828338
944688119 643828338 945070552 651827645
945070552 651827645 945070552 661578080
945070552 661578080 950689627 662668608
945070552 651827645 959819934 651827645
919630611 647504767 932297395 661578080
932297395 661578080 932297395 669060857
950689627 662668608 950689627 696309468
950689627 696309468 955274138 697926190
955274138 697926190 955274138 699449054
955274138 697926190 965730349 697926190
953700069 842353783 955137754 886915596
955137754 886915596 956076025 890431386
657408936 385452451 704344188 385452451
704344188 385452451 706513451 385452451
704344188 385452451 704344188 390092283
965730349 697926190 993889026 717956845
957098872 769470076 994110817 785420077
734426988 496226488 752825589 531161853
752825589 531161853 755920398 553320606
755920398 553320606 777466933 553320606
755920398 553320606 755920398 600855553
755920398 600855553 776155853 611542644
776155853 611542644 776155853 629672332
776155853 629672332 782764984 633572346
782764984 633572346 784997890 643180564
784997890 643180564 790319275 643180564
776155853 611542644 796688984 611542644
784997890 643180564 784997890 671356869
784997890 671356869 787414869 671356869
784997890 671356869 784997890 692482282
787414869 671356869 816070090 674903716
816070090 674903716 816070090 675258013
816070090 675258013 826856763 700189284
826856763 700189284 826856763 710755562
826856763 710755562 833148275 741329373
833148275 741329373 833148275 771468799
833148275 771468799 845383956 783811699
845383956 783811699 847268785 783811699
847268785 783811699 847268785 785274770
847268785 783811699 852863158 783811699
845383956 783811699 845383956 812345907
845383956 812345907 864411530 822625097
864411530 822625097 870507097 822625097
864411530 822625097 864411530 849717618
864411530 849717618 864673404 860239165
864673404 860239165 864673404 886731967
864673404 886731967 864673404 891559981
864673404 886731967 869604491 886731967
869604491 886731967 886229498 903268719
886229498 903268719 886383236 903268719
886229498 903268719 886229498 913035610
886229498 913035610 892964012 918315154
892964012 918315154 909462544 918315154
909462544 918315154 909462544 927225460
892964012 918315154 892964012 935555927
892964012 935555927 903854802 935555927
892964012 935555927 892964012 953546540
892964012 953546540 896626567 964934324
896626567 964934324 912433737 964934324
912433737 964934324 926318604 966522684
909462544 918315154 927707081 918315154
896626567 964934324 896626567 986096385
864673404 860239165 899528520 860239165
790319275 643180564 826293267 649902200
899528520 860239165 944347974 861199191
870507097 822625097 920524745 824006186
926318604 966522684 955261866 990827446
955261866 990827446 971306323 995991051
869472815 753818221 896839481 780032100
896839481 780032100 900632218 781944165
900632218 781944165 902210296 781944165
900632218 781944165 900632218 790752279
900632218 790752279 903080767 792160542
903080767 792160542 903080767 810393087
903080767 810393087 920524745 810533586
920524745 810533586 922240429 810533586
784997890 692482282 785630996 749653349
785630996 749653349 790031998 749653349
785630996 749653349 785630996 778740899
785630996 778740899 791418775 787804076
791418775 787804076 796154653 787804076
791418775 787804076 791418775 825759433
791418775 825759433 798720749 873946520
798720749 873946520 834815532 874902201
834815532 874902201 850162724 874902201
834815532 874902201 834815532 893233506
834815532 893233506 843902253 926446447
956076025 890431386 967055831 937501484
967055831 937501484 992245333 958681308
992245333 958681308 996892388 958681308
992245333 958681308 992245333 985568081
796688984 611542644 838628776 628769393
843902253 926446447 860512362 970082897
777466933 553320606 801571319 589993003
801571319 589993003 801571319 594336846
801571319 589993003 806205246 589993003
806205246 589993003 826790975 598471852
381527443 221398205 402663615 262681294
845444983 587769501 908389105 587769501
908389105 587769501 925255052 611932392
925255052 611932392 937343769 614264074
937343769 614264074 941852148 614264074
937343769 614264074 937343769 622393169
491128564 155736163 552878058 157054577
552878058 157054577 552878058 163352759
552878058 163352759 567400332 177111970
567400332 177111970 567400332 193418074
552878058 157054577 582746141 157054577
567400332 177111970 597485355 177111970
582746141 157054577 639771919 163106512
639771919 163106512 666536517 163533734
666536517 163533734 689289399 182133386
689289399 182133386 693773984 182133386
693773984 182133386 698286308 185587532
689289399 182133386 689289399 190928324
689289399 190928324 689773867 190928324
689289399 190928324 689289399 199805586
698286308 185587532 709670737 198639942
709670737 198639942 709670737 205270875
709670737 205270875 711404298 210382160
711404298 210382160 718788869 215725056
718788869 215725056 724996203 228117394
724996203 228117394 724996203 230459660
724996203 228117394 731179008 228117394
731179008 228117394 731179008 228452555
731179008 228117394 748713970 228117394
748713970 228117394 754905944 240000158
754905944 240000158 754905944 247840921
731179008 228452555 732795320 247840921
732795320 247840921 746489585 247840921
746489585 247840921 746489585 258437479
746489585 258437479 748781401 271954494
748781401 271954494 749657907 271954494
748781401 271954494 748781401 279239987
709670737 198639942 736242529 198639942
736242529 198639942 736242529 201835522
736242529 198639942 739742597 198639942
732795320 247840921 732795320 276765427
749657907 271954494 781347652 277704338
781347652 277704338 785037320 280431041
785037320 280431041 809553324 280431041
809553324 280431041 809553324 299950916
809553324 299950916 822526994 306323346
822526994 306323346 822526994 306629225
822526994 306629225 824019428 311861400
824019428 311861400 824019428 342152924
824019428 342152924 824019428 345096982
824019428 345096982 826455989 345096982
824019428 345096982 824019428 348434444
824019428 342152924 849901347 342152924
824019428 311861400 856727872 311861400
856727872 311861400 867485375 311861400
867485375 311861400 872666886 316388893
872666886 316388893 888677655 323380004
888677655 323380004 892908527 323380004
856727872 311861400 856727872 337886576
888677655 323380004 888677655 355650428
888677655 355650428 888677655 355866037
888677655 355650428 892528994 355650428
892528994 355650428 892645173 367449704
892645173 367449704 892645173 374012299
892645173 374012299 895636401 377100612
892645173 367449704 916116037 367449704
895636401 377100612 897477717 401345304
785037320 280431041 785037320 315876996
785037320 315876996 796042157 315876996
785037320 315876996 785037320 327890169
754905944 240000158 794531262 240000158
897477717 401345304 916796656 421750145
916796656 421750145 920326398 431804598
920326398 431804598 921987860 439642842
921987860 439642842 932987651 451615056
932987651 451615056 937395179 482142636
937395179 482142636 937395179 488076060
937395179 488076060 951041905 488076060
951041905 488076060 951041905 497345120
951041905 488076060 968382288 488076060
968382288 488076060 969314230 501662247
969314230 501662247 969314230 509784763
969314230 509784763 982620659 516945660
969314230 501662247 996230914 501662247
785037320 327890169 788802448 365273385
788802448 365273385 790626775 371175717
790626775 371175717 809052995 371175717
809052995 371175717 818795873 371175717
809052995 371175717 809052995 384865875
790626775 371175717 790626775 392378996
790626775 392378996 793793300 394679870
793793300 394679870 801501570 394679870
801501570 394679870 801501570 396288589
801501570 394679870 804473831 394679870
793793300 394679870 793793300 410701399
937395179 482142636 980066584 482142636
980066584 482142636 980066584 487244869
980066584 482142636 985770181 482142636
985770181 482142636 985770181 483275011
985770181 482142636 996794664 482142636
793793300 410701399 826847837 427556104
748781401 279239987 751493370 330861736
751493370 330861736 764389553 330861736
764389553 330861736 766991580 359905322
766991580 359905322 771884359 380779495
771884359 380779495 774417278 380779495
771884359 380779495 771884359 391683478
751493370 330861736 751493370 366858084
751493370 366858084 753987961 412476483
809553324 280431041 864106676 280431041
864106676 280431041 884533655 306323346
884533655 306323346 898192605 306659662
898192605 306659662 903377797 307830735
916116037 367449704 948401969 399913302
0 34588306 0 99741221
0 99741221 15243860 99741221
0 99741221 0 118126232
0 118126232 0 126796978
0 126796978 3230945 126796978
0 126796978 0 145404374
0 145404374 0 152084278
0 152084278 0 154625813
0 152084278 6837786 152084278
0 154625813 0 168423950
0 168423950 0 178386094
0 178386094 0 188920098
0 188920098 0 210279548
0 210279548 9617962 210279548
0 168423950 21889566 168423950
21889566 168423950 32165562 178386094
32165562 178386094 44770709 188920098
0 145404374 30517822 145404374
30517822 145404374 37868836 151738125
37868836 151738125 37868836 154625813
37868836 151738125 50135247 151738125
50135247 151738125 59743258 174734932
0 118126232 34438608 118126232
0 210279548 0 252305985
0 252305985 0 272098752
0 272098752 0 272723621
0 272723621 16531222 272723621
0 272723621 0 290794843
0 290794843 9248087 290794843
0 272098752 28259754 272098752
0 252305985 43323422 252305985
43323422 252305985 80164325 252575365
80164325 252575365 97084570 252575365
80164325 252575365 80164325 270867738
80164325 270867738 84379261 281410211
84379261 281410211 87969383 284475787
97084570 252575365 115647462 253130994
115647462 253130994 129421248 253130994
115647462 253130994 115647462 270505708
115647462 270505708 127689699 280230252
127689699 280230252 127689699 302365812
127689699 302365812 130154096 307566930
130154096 307566930 151099632 307566930
151099632 307566930 162171518 313316470
162171518 313316470 162323130 313316470
162323130 313316470 168248464 316226579
168248464 316226579 171250034 323446284
162171518 313316470 162171518 341026749
162171518 341026749 171250034 352899394
127689699 280230252 165632248 280230252
87969383 284475787 97869308 312965350
97869308 312965350 102340759 314707363
102340759 314707363 105395114 350573674
105395114 350573674 105518709 371874230
105518709 371874230 105518709 372319753
105518709 372319753 105633950 376080292
105518709 371874230 116710982 371874230
116710982 371874230 125931396 375963774
125931396 375963774 146425292 375963774
146425292 375963774 149097233 376705796
149097233 376705796 149761219 376705796
149097233 376705796 149097233 381841757
149097233 381841757 158615817 388769322
130154096 307566930 130154096 347836524
171250034 323446284 212691291 323446284
212691291 323446284 213843097 362416932
213843097 362416932 235191572 374444740
235191572 374444740 235191572 386437553
235191572 386437553 241398699 390031074
235191572 374444740 256498901 374444740
256498901 374444740 256498901 380547766
256498901 374444740 274172540 374444740
256498901 380547766 265669677 401193755
265669677 401193755 271203286 438555354
28259754 272098752 60082284 286356508
60082284 286356508 62076242 286356508
60082284 286356508 60082284 321719665
60082284 321719665 61108745 321719665
60082284 321719665 60082284 344547678
60082284 344547678 64099862 359264651
64099862 359264651 70534378 359264651
64099862 359264651 64099862 376078041
64099862 376078041 65930147 376078041
65930147 376078041 66095150 391712226
66095150 391712226 66095150 404496449
66095150 404496449 70014784 406959462
64099862 376078041 64099862 404496449
64099862 404496449 65467182 404496449
65467182 404496449 65467182 404799839
64099862 404496449 64099862 414817702
66095150 391712226 99034827 391712226
125931396 375963774 125931396 425705115
125931396 425705115 126561819 427727784
126561819 427727784 135842028 460796441
135842028 460796441 160601362 460796441
135842028 460796441 135842028 489975128
135842028 489975128 136579066 523368507
136579066 523368507 136579066 542407033
136579066 523368507 168448034 523368507
168448034 523368507 172461449 526752157
172461449 526752157 188033039 526752157
188033039 526752157 192377791 534500000
192377791 534500000 206854990 534500000
192377791 534500000 192377791 549152156
172461449 526752157 172461449 549152156
172461449 549152156 172461449 571380242
172461449 571380242 172461449 572938324
172461449 571380242 186421798 571380242
186421798 571380242 205606208 573268345
205606208 573268345 218477926 573268345
218477926 573268345 219400108 573268345
218477926 573268345 218477926 585598155
218477926 585598155 225673133 593977902
225673133 593977902 226660673 605495095
205606208 573268345 205606208 601479137
205606208 601479137 206944719 605495095
206944719 605495095 206944719 618827028
206944719 618827028 209358583 618827028
206944719 618827028 206944719 628448989
206944719 628448989 209482634 654020557
209482634 654020557 211873189 680899888
211873189 680899888 211873189 683400775
192377791 549152156 217043824 559064921
217043824 559064921 218477926 561235111
218477926 561235111 222219915 561235111
222219915 561235111 222219915 561398542
222219915 561235111 249692468 561235111
249692468 561235111 256911193 572208575
256911193 572208575 257210824 572660834
257210824 572660834 257210824 593870074
257210824 593870074 263154401 602454459
263154401 602454459 263154401 630859723
263154401 630859723 263154401 639939557
263154401 630859723 291259576 630859723
291259576 630859723 294229395 634335146
211873189 680899888 248245312 680899888
248245312 680899888 252189514 692570368
252189514 692570368 254097979 692570368
252189514 692570368 252189514 711210970
254097979 692570368 263362383 703544279
263362383 703544279 278909528 703544279
263362383 703544279 263362383 735033931
263362383 735033931 267487170 739197697
267487170 739197697 289625681 739197697
289625681 739197697 310776057 741234193
310776057 741234193 310776057 744722069
310776057 741234193 339523015 741234193
310776057 744722069 322259270 766842664
322259270 766842664 328763025 771872280
328763025 771872280 353237203 771872280
353237203 771872280 354031938 772333696
354031938 772333696 365206791 783731068
365206791 783731068 379085144 783731068
379085144 783731068 383263518 783731068
379085144 783731068 379085144 790578119
365206791 783731068 365206791 806934854
365206791 806934854 379274658 824045348
379274658 824045348 379274658 828372755
379274658 828372755 383567646 828372755
379274658 828372755 379274658 839224629
379274658 839224629 379635149 839224629
379274658 839224629 379274658 864728171
383567646 828372755 406594763 834191261
379274658 824045348 414129684 824045348
414129684 824045348 427861145 830216750
294229395 634335146 294229395 672816068
294229395 672816068 294229395 679858840
294229395 672816068 328482564 672816068
328482564 672816068 337808602 677358167
337808602 677358167 339523015 677369717
339523015 677369717 355009003 677369717
355009003 677369717 363762747 677369717
355009003 677369717 355009003 688385621
363762747 677369717 374326401 678993726
374326401 678993726 380327982 706101968
380327982 706101968 384551101 710104782
384551101 710104782 384551101 719526928
384551101 719526928 395606412 719839882
395606412 719839882 399234709 723374030
399234709 723374030 414920170 723374030
414920170 723374030 414920170 737209038
384551101 710104782 411581480 710104782
411581480 710104782 413175521 710104782
411581480 710104782 411581480 712949415
399234709 723374030 399234709 751862424
399234709 751862424 399234709 760735361
399234709 751862424 410194846 751862424
414920170 723374030 446704853 723374030
446704853 723374030 449386561 739879157
449386561 739879157 449386561 739967566
449386561 739967566 452673124 739967566
449386561 739967566 449386561 747554025
449386561 739879157 482077024 739879157
355009003 688385621 369655288 708068105
328763025 771872280 328763025 811046302
328763025 811046302 338231931 811046302
328763025 811046302 328763025 828219870
449386561 747554025 459368304 778271873
294229395 634335146 337469581 634335146
482077024 739879157 513839742 754579673
513839742 754579673 516754917 763953592
516754917 763953592 516754917 782007158
516754917 763953592 554273914 763953592
554273914 763953592 554273914 766992723
554273914 763953592 573613253 763953592
263154401 602454459 309986799 602454459
459368304 778271873 466275770 818354673
466275770 818354673 472784333 818354673
466275770 818354673 466275770 826035521
472784333 818354673 477843166 821089265
477843166 821089265 490898976 821089265
490898976 821089265 495050525 825090741
477843166 821089265 477843166 847561602
477843166 847561602 478618042 855038860
478618042 855038860 478618042 898931958
478618042 898931958 478618042 901814307
478618042 898931958 483544669 898931958
483544669 898931958 489311782 921616073
489311782 921616073 500583824 924723286
500583824 924723286 510702958 924723286
510702958 924723286 523631258 944114973
523631258 944114973 523631258 958383883
523631258 944114973 550108219 944114973
523631258 958383883 547719707 966819840
547719707 966819840 556561289 971517818
500583824 924723286 500583824 961402941
500583824 961402941 503594702 965803698
503594702 965803698 504178671 968581206
556561289 971517818 580482505 984845609
580482505 984845609 580482505 998134888
580482505 984845609 599355099 984845609
267487170 739197697 267487170 790206820
274172540 374444740 325606277 375394024
325606277 375394024 349653517 376040188
349653517 376040188 359671217 376040188
359671217 376040188 359671217 379199375
359671217 376040188 364257359 376040188
359671217 379199375 361498894 382894322
361498894 382894322 361744183 385888560
361744183 385888560 372131822 385888560
349653517 376040188 349653517 388312941
361744183 385888560 361744183 408604140
361744183 408604140 380402057 422147676
380402057 422147676 382080252 422147676
380402057 422147676 380402057 426070864
372131822 385888560 411107905 387890757
411107905 387890757 426548214 393387335
426548214 393387335 426548214 394224035
426548214 394224035 431301417 405425168
431301417 405425168 437081959 419962574
437081959 419962574 445773329 425972789
445773329 425972789 445773329 426340330
445773329 425972789 450208527 425972789
426548214 393387335 447092255 393387335
450208527 425972789 489544237 428721567
489544237 428721567 491835649 441687040
491835649 441687040 495987034 441687040
491835649 441687040 491835649 452458767
491835649 452458767 508021651 467263988
508021651 467263988 511198953 474720257
511198953 474720257 511198953 496822679
511198953 496822679 513935427 503122553
513935427 503122553 524563373 503122553
513935427 503122553 513935427 540376774
513935427 540376774 514246498 555683774
514246498 555683774 514246498 580102196
514246498 580102196 514246498 588007173
514246498 588007173 520710568 589268238
520710568 589268238 521458362 589268238
514246498 580102196 525960476 580102196
520710568 589268238 520710568 605847745
520710568 605847745 523942298 615530230
523942298 615530230 526708566 616697889
526708566 616697889 526708566 622761011
526708566 622761011 531285835 622761011
526708566 622761011 526708566 636621775
526708566 636621775 530197334 639649732
525960476 580102196 542715543 582235915
521458362 589268238 529474861 602717994
529474861 602717994 531285835 604768968
531285835 604768968 557692362 604768968
530197334 639649732 548983051 647873939
526708566 616697889 554465298 616697889
554465298 616697889 570170872 625308009
570170872 625308009 570170872 632873018
570170872 625308009 578878048 625308009
578878048 625308009 590978860 639284064
590978860 639284064 610158759 639284064
610158759 639284064 610158759 647343970
590978860 639284064 590978860 674221882
590978860 674221882 596146469 693471804
610158759 639284064 649149778 639284064
649149778 639284064 666695292 645046005
666695292 645046005 666695292 666597036
666695292 666597036 678091150 668155328
678091150 668155328 692871662 668155328
678091150 668155328 678091150 687542371
666695292 645046005 692871662 645046005
692871662 645046005 708789726 645046005
708789726 645046005 711037557 654228283
711037557 654228283 739099211 654228283
739099211 654228283 756878870 654228283
756878870 654228283 763276554 666476995
739099211 654228283 739099211 674102235
711037557 654228283 711037557 683722041
711037557 683722041 724911835 705674054
724911835 705674054 728373329 721921960
728373329 721921960 728373329 723568679
728373329 723568679 730214875 740767506
730214875 740767506 730214875 749248811
730214875 749248811 739212984 752379529
730214875 740767506 744762753 740767506
728373329 721921960 756030737 721921960
744762753 740767506 783969185 741167486
783969185 741167486 783969185 747223348
783969185 741167486 807936615 741167486
511198953 474720257 553417356 474720257
553417356 474720257 553417356 476724248
553417356 476724248 573692247 477562582
573692247 477562582 578036853 477562582
578036853 477562582 582202622 483808083
573692247 477562582 573692247 497139103
573692247 497139103 588307451 500120971
588307451 500120971 591708921 507329926
553417356 474720257 574785755 474720257
582202622 483808083 609541278 485366257
609541278 485366257 609541278 487638463
609541278 485366257 646133340 485366257
609541278 487638463 634306719 502709721
634306719 502709721 637162662 524226416
637162662 524226416 637162662 525036890
637162662 525036890 638877122 526861437
638877122 526861437 638877122 533393208
638877122 526861437 653152405 526861437
653152405 526861437 653152405 528512048
653152405 528512048 666254931 536191462
666254931 536191462 669737310 551805807
669737310 551805807 669737310 557614851
669737310 557614851 671785531 557614851
669737310 557614851 669737310 562889513
669737310 551805807 678897661 551805807
669737310 562889513 672799269 579384031
638877122 533393208 651708371 543753277
651708371 543753277 657387650 551805807
653152405 526861437 677049176 526861437
637162662 524226416 675959011 524226416
675959011 524226416 675959011 524787179
675959011 524226416 682776393 524226416
672799269 579384031 685579048 606332883
447092255 393387335 467246602 416069432
542715543 582235915 580877791 587161135
514246498 555683774 558965081 555683774
380402057 426070864 406535411 445141763
406535411 445141763 415998166 445141763
406535411 445141763 406535411 468296349
415998166 445141763 443882036 460172908
443882036 460172908 445158603 485732125
678091150 687542371 687804967 723568679
687804967 723568679 687804967 726524047
596146469 693471804 622301188 714742886
622301188 714742886 640140000 714742886
640140000 714742886 645205754 720801075
645205754 720801075 661878898 720801075
622301188 714742886 622301188 750693940
622301188 750693940 645205754 773970838
657387650 551805807 657387650 603452165
59743258 174734932 77372481 211225359
77372481 211225359 77372481 226082842
77372481 226082842 81016033 226082842
77372481 226082842 77372481 230482145
81016033 226082842 93856329 227003202
77372481 211225359 103314458 211225359
103314458 211225359 105472556 211225359
103314458 211225359 103314458 216724332
339523015 677369717 339523015 731601534
339523015 731601534 352904981 731601534
257210824 572660834 311682219 572660834
311682219 572660834 340293837 588313457
340293837 588313457 340293837 593807308
340293837 588313457 376158248 588313457
376158248 588313457 384460665 615269435
384460665 615269435 424154513 615269435
424154513 615269435 437490995 615269435
424154513 615269435 424154513 638321341
424154513 638321341 426021111 670415885
426021111 670415885 455876817 674302612
455876817 674302612 472139786 675511097
472139786 675511097 472139786 707889204
472139786 675511097 504919625 675511097
504919625 675511097 515329253 695837745
515329253 695837745 515329253 719131556
515329253 719131556 538516736 720324328
538516736 720324328 538516736 728015472
538516736 720324328 546551668 720324328
515329253 695837745 547447743 695837745
340293837 593807308 372074406 604605298
384460665 615269435 384460665 659464753
384460665 659464753 384551101 670415885
645205754 773970838 693926183 779797860
693926183 779797860 693926183 791347209
693926183 779797860 709895473 779797860
709895473 779797860 712757107 780844309
712757107 780844309 726814253 780844309
693926183 791347209 694899120 826221247
694899120 826221247 706834917 826221247
706834917 826221247 721548419 827797253
721548419 827797253 739683977 831736828
739683977 831736828 739683977 832866980
739683977 831736828 759644357 831736828
694899120 826221247 694899120 866937619
694899120 866937619 696922105 866937619
694899120 866937619 694899120 892356622
696922105 866937619 730575308 870111388
712757107 780844309 712757107 824208243
730575308 870111388 748471322 895946767
748471322 895946767 777690087 895946767
748471322 895946767 748471322 925848716
748471322 925848716 770914782 930238001
777690087 895946767 790534532 916351097
790534532 916351097 801748151 939159920
801748151 939159920 811028684 958410482
726814253 780844309 773319889 783089814
773319889 783089814 781137313 792653686
781137313 792653686 782601191 792653686
781137313 792653686 781137313 799105435
136579066 542407033 142191093 592867656
142191093 592867656 142191093 592934007
142191093 592867656 158155436 592867656
158155436 592867656 160668830 601479137
160668830 601479137 160668830 607614708
160668830 607614708 181928401 638101688
181928401 638101688 198856009 654020557
198856009 654020557 198856009 657418479
550108219 944114973 600738453 951627097
600738453 951627097 626495198 978964947
427861145 830216750 443129369 873274749
443129369 873274749 445462808 873274749
443129369 873274749 443129369 879898742
443129369 879898742 443292916 879898742
443292916 879898742 460912259 880138450
443129369 879898742 443129369 908211048
443129369 908211048 461524771 919408420
461524771 919408420 472935808 932796675
271203286 438555354 309647065 459008615
309647065 459008615 314682962 460437724
314682962 460437724 331733519 460437724
314682962 460437724 314682962 479851638
314682962 479851638 320045137 489991834
320045137 489991834 320045137 502760807
320045137 502760807 321260165 511114775
321260165 511114775 321260165 517809398
321260165 511114775 339997038 511114775
339997038 511114775 340212578 511840402
340212578 511840402 340212578 528759151
340212578 528759151 340293837 548265865
320045137 489991834 347660143 489991834
340293837 548265865 379224116 548265865
340212578 511840402 383326981 511840402
383326981 511840402 406202049 518274976
406202049 518274976 406202049 547804475
406202049 518274976 437598171 518274976
331733519 460437724 363592274 478471427
363592274 478471427 370838969 485375865
370838969 485375865 402397603 492716473
437598171 518274976 467047683 538730867
467047683 538730867 468971225 544583237
468971225 544583237 490157097 544583237
468971225 544583237 468971225 568801448
468971225 568801448 474056250 579808693
474056250 579808693 498218288 580102196
498218288 580102196 511671210 580102196
511671210 580102196 511671210 591415545
498218288 580102196 498218288 608723234
498218288 608723234 498241060 621367162
498241060 621367162 502583945 621367162
502583945 621367162 504919625 647033578
504919625 647033578 509560125 647033578
509560125 647033578 516615970 659158700
498241060 621367162 498241060 671487008
379274658 864728171 383606776 919961221
383606776 919961221 384894652 944968147
384894652 944968147 384894652 958354578
384894652 958354578 384894652 976089997
384894652 958354578 404855596 958354578
384894652 944968147 441440644 944968147
441440644 944968147 450149512 980355094
450149512 980355094 456300749 980355094
450149512 980355094 450149512 994832369
478618042 855038860 538596607 855038860
538596607 855038860 554586086 882084829
554586086 882084829 569384183 882084829
554586086 882084829 554586086 896930776
554586086 896930776 556721687 896930776
554586086 896930776 554586086 914721356
554586086 914721356 555337879 914721356
554586086 914721356 554586086 917257689
569384183 882084829 575619240 894376216
575619240 894376216 597135155 901148394
597135155 901148394 605790415 901148394
597135155 901148394 597135155 919918911
605790415 901148394 629211394 908525765
629211394 908525765 629819837 908525765
629819837 908525765 635620608 910962012
635620608 910962012 635620608 917222415
629211394 908525765 629211394 916927489
635620608 910962012 654490330 910962012
635620608 917222415 647003181 942566782
211873189 683400775 232958017 726458567
232958017 726458567 244907465 726458567
232958017 726458567 232958017 749750267
232958017 749750267 248916156 767618020
244907465 726458567 259309600 748949740
574785755 474720257 641551435 475495361
493395154 280315670 521838136 319735821
402663615 262681294 421564726 313217575
421564726 313217575 421564726 328167202
421564726 328167202 433256229 336414594
421564726 313217575 442449055 313217575
433256229 336414594 457663550 357275359
457663550 357275359 472179155 387209371
472179155 387209371 507420876 403549299
507420876 403549299 507420876 414456625
507420876 403549299 522749515 403549299
445158603 485732125 483495154 516926799
483495154 516926799 498855304 528243557
498855304 528243557 501878959 531510027
597485355 177111970 631957737 212963571
631957737 212963571 659227573 217390065
103314458 216724332 168551064 221850804
168551064 221850804 170080765 224951851
170080765 224951851 202736860 241389833
202736860 241389833 219209634 278188901
219209634 278188901 241383440 282249462
241383440 282249462 260206940 294598613
158615817 388769322 195197957 422716284
195197957 422716284 208611739 436344013
804473831 394679870 867785709 402249035
328763025 828219870 362382333 866940265
739742597 198639942 782844910 227906210
34438608 118126232 102907000 122092569
554273914 766992723 561479675 832263264
561479675 832263264 561479675 834084915
561479675 832263264 568358437 832263264
444500888 201955747 470443433 248558543
470443433 248558543 475390693 285225984
685579048 606332883 742554396 624423455
267487170 790206820 276512392 857026049
276512392 857026049 284601319 857026049
284601319 857026049 284601319 879947385
284601319 879947385 296642252 892689396
296642252 892689396 301117782 896030705
301117782 896030705 312078438 896030705
284601319 857026049 320894770 857026049
320894770 857026049 322378953 866373514
276512392 857026049 276512392 901883778
301117782 896030705 301117782 942856850
301117782 942856850 318145684 967660589
318145684 967660589 318145684 988016763
318145684 967660589 344505807 967660589
276512392 901883778 280345312 950715485
280345312 950715485 287625968 992316172
312078438 896030705 351239197 917101723
351239197 917101723 358078480 948131719
208611739 436344013 228544850 492644970
228544850 492644970 228544850 495815574
228544850 495815574 245225723 497046635
228544850 492644970 256376142 492644970
256376142 492644970 259390521 520697904
259390521 520697904 272496371 527576974
348781192 290365112 365769887 349726982
365769887 349726982 365769887 356277772
365769887 356277772 371400098 356388212
371400098 356388212 371400098 367248678
365769887 349726982 383087687 349726982
383087687 349726982 395013583 356388212
395013583 356388212 416848783 357340282
572267930 316437748 580232640 385103832
580232640 385103832 591674208 414188256
591674208 414188256 595729681 436266806
595729681 436266806 596508740 436643863
596508740 436643863 596508740 446345456
596508740 436643863 612361333 436643863
612361333 436643863 613335015 436992647
613335015 436992647 636103060 447488315
636103060 447488315 636553671 457468400
636553671 457468400 639829555 458868377
639829555 458868377 644416540 460348131
573613253 763953592 610293113 804874390
610293113 804874390 619591471 810828974
619591471 810828974 627000235 830368174
209873729 105807261 209873729 184264382
209873729 184264382 227103890 187567203
227103890 187567203 230013634 205559926
230013634 205559926 235218065 221836223
192640026 105807261 192640026 184523612
192640026 184523612 202736860 187567203
202736860 187567203 203758978 187567203
203758978 187567203 203758978 199224031
134976143 120514391 134976143 199967542
64099862 414817702 66571783 492469053
66571783 492469053 71117061 519727513
71117061 519727513 71117061 546530500
71117061 519727513 111619099 519727513
111619099 519727513 113901006 519727513
111619099 519727513 111619099 543083859
111619099 543083859 125243870 590080185
125243870 590080185 128250037 590080185
125243870 590080185 125243870 597251569
125243870 597251569 126180440 612192804
126180440 612192804 139059077 657332539
139059077 657332539 159104508 686946205
159104508 686946205 166829174 719476343
166829174 719476343 166829174 727512985
166829174 719476343 177171744 719476343
177171744 719476343 190424540 728595841
190424540 728595841 193483778 738192898
193483778 738192898 205932483 738192898
193483778 738192898 193483778 763517156
193483778 763517156 194487242 763517156
193483778 763517156 193483778 781774190
194487242 763517156 230337287 769224984
193483778 781774190 215579487 820313521
215579487 820313521 227773412 820313521
215579487 820313521 215579487 839343870
227773412 820313521 237407848 834141720
237407848 834141720 239326174 851783337
71117061 546530500 98025070 590080185
98025070 590080185 98025070 598918724
98025070 598918724 98967493 612192804
98967493 612192804 98967493 628170677
98967493 628170677 103973826 628892741
103973826 628892741 106520336 643952961
106520336 643952961 124058667 643952961
106520336 643952961 106520336 677611177
106520336 677611177 113154443 719609243
113154443 719609243 113154443 725692290
113154443 725692290 114249314 733362125
113154443 719609243 124598963 719609243
114249314 733362125 127871773 733362125
114249314 733362125 114249314 761364771
127871773 733362125 154229200 739992118
114249314 761364771 124012618 796117070
124012618 796117070 125591902 798351780
125591902 798351780 139719428 798351780
139719428 798351780 139719428 811800501
139719428 811800501 144792640 813317085
144792640 813317085 144792640 813467341
144792640 813317085 155098905 813317085
139719428 798351780 184601882 798351780
155098905 813317085 162381191 877635338
125591902 798351780 125591902 870459163
125591902 870459163 130295899 892327925
130295899 892327925 139193198 892327925
130295899 892327925 130295899 905064233
782844910 227906210 863517893 228681967
863517893 228681967 863652738 229255047
863652738 229255047 888023075 229255047
888023075 229255047 905314937 244191825
905314937 244191825 936566919 250863047
936566919 250863047 954306541 250863047
954306541 250863047 955179109 250863047
955179109 250863047 978558881 255242003
978558881 255242003 991595549 255242003
954306541 250863047 954306541 281392774
863652738 229255047 863652738 272263614
954306541 281392774 978558881 305679688
978558881 305679688 987063757 332971979
987063757 332971979 994804094 332971979
987063757 332971979 987063757 343875662
987063757 343875662 996947616 350227438
996947616 350227438 997035510 352634471
936566919 250863047 936566919 300927943
162381191 877635338 210681086 911056183
215579487 839343870 227025152 909913374
227025152 909913374 231556212 989799177
826847837 427556104 864926856 474191506
122549535 63836079 210504863 63836079
210504863 63836079 210504863 66180788
210504863 66180788 217998473 74684959
210504863 63836079 227444247 63836079
217998473 74684959 239304032 89041406
227444247 63836079 286842766 74522796
286842766 74522796 301931244 85780677
301931244 85780677 335427055 90265673
335427055 90265673 335427055 115088256
335427055 90265673 392007675 90265673
392007675 90265673 466449631 91458497
466449631 91458497 466449631 114548609
466449631 91458497 492839461 91458497
492839461 91458497 495639839 91458497
492839461 91458497 492839461 104431926
495639839 91458497 510822463 92461429
510822463 92461429 569398520 108166770
569398520 108166770 589287181 108166770
589287181 108166770 600754177 112486540
600754177 112486540 609119216 122528522
609119216 122528522 619627980 122528522
619627980 122528522 619627980 127711625
609119216 122528522 609119216 135052882
609119216 135052882 612876292 135715979
569398520 108166770 569398520 129105749
619627980 122528522 646223502 122528522
522749515 403549299 578317640 437221321
210681086 911056183 220577779 990578505
0 290794843 0 380657236
0 380657236 0 381710192
0 381710192 5883563 381710192
0 381710192 0 394791883
0 394791883 1268 394791883
0 394791883 0 407280783
0 407280783 0 412263700
0 412263700 0 424347033
0 424347033 6943536 424347033
0 380657236 28361880 380657236
0 412263700 34515653 412263700
34515653 412263700 55743821 414817702
55743821 414817702 55743821 438448659
55743821 438448659 60204838 462496623
60204838 462496623 61086488 483518741
0 424347033 0 481515782
0 481515782 6989046 481515782
0 481515782 0 511160336
0 511160336 0 523566528
0 523566528 0 539404593
0 539404593 12990216 539404593
0 539404593 0 564457977
0 564457977 13243859 564457977
0 564457977 0 591836119
0 591836119 17271212 591836119
0 523566528 27924930 523566528
0 511160336 39935360 511160336
13243859 564457977 65014993 576313946
6989046 481515782 53266876 507495052
65014993 576313946 89180393 641026631
89180393 641026631 90470810 641026631
89180393 641026631 89180393 652345172
646223502 122528522 707320256 151916251
707320256 151916251 725203740 159270646
725203740 159270646 725369422 160185736
725369422 160185736 725369422 165549662
725369422 160185736 760736930 160185736
760736930 160185736 788739239 165516071
788739239 165516071 795216401 168374179
795216401 168374179 798274245 184506412
798274245 184506412 851614779 188151645
851614779 188151645 901249697 206840998
901249697 206840998 906693147 206840998
906693147 206840998 914980003 216693613
914980003 216693613 914980003 217027241
914980003 217027241 927473788 218259352
901249697 206840998 901249697 225404203
914980003 216693613 936277298 216693613
936277298 216693613 941225961 227733563
941225961 227733563 941225961 229478608
941225961 227733563 967371804 227733563
967371804 227733563 975570756 235858344
941225961 229478608 961395116 237329574
961395116 237329574 962996139 237329574
961395116 237329574 961395116 241256868
0 591836119 0 686661094
0 686661094 0 694292303
0 694292303 0 696949003
0 686661094 13481652 686661094
0 696949003 0 712581208
0 712581208 0 730226136
0 730226136 0 732018878
0 732018878 0 735185587
0 735185587 0 737804630
0 737804630 0 739802643
0 739802643 0 749205905
0 749205905 0 758724262
0 758724262 13514181 758724262
0 739802643 18610293 739802643
13481652 686661094 24620577 694292303
24620577 694292303 24620577 696949003
24620577 694292303 34529973 694292303
18610293 739802643 32092896 749205905
0 712581208 23610076 712581208
23610076 712581208 30428188 730226136
30428188 730226136 30428188 732018878
30428188 732018878 31507476 732018878
30428188 732018878 30428188 735185587
30428188 735185587 40681786 737804630
30428188 730226136 48873839 730226136
34529973 694292303 68245636 699705031
0 758724262 0 802652179
0 802652179 0 803661051
0 802652179 36460808 802652179
36460808 802652179 38938389 803259169
38938389 803259169 38938389 803661051
38938389 803259169 54790376 803259169
38938389 803661051 53767176 816128869
53767176 816128869 75278718 822467561
75278718 822467561 79431667 839148277
79431667 839148277 79431667 856727221
79431667 839148277 106858105 839148277
106858105 839148277 107815528 863675779
107815528 863675779 107815528 872999386
107815528 872999386 108773306 872999386
107815528 863675779 121387181 863675779
107815528 872999386 107815528 893922913
107815528 893922913 109159391 902585953
109159391 902585953 120819856 902585953
109159391 902585953 109159391 931170605
109159391 931170605 125700533 946485923
0 803661051 0 850265420
0 850265420 0 853451727
0 853451727 0 855840182
0 855840182 0 861662458
0 861662458 0 863485701
0 855840182 14867846 855840182
14867846 855840182 15550367 861662458
15550367 861662458 15550367 863485701
15550367 861662458 19016815 861662458
0 863485701 0 882602152
0 882602152 10998316 882602152
0 882602152 0 902801037
0 902801037 18204592 902801037
0 853451727 30447759 853451727
0 902801037 0 941779007
0 941779007 3061674 941779007
3061674 941779007 11420332 941779007
11420332 941779007 11420332 951123707
3061674 941779007 3061674 951146317
3061674 951146317 8423341 951146317
11420332 951123707 14415384 966150161
3061674 951146317 3061674 973724820
11420332 941779007 45437632 941779007
45437632 941779007 54178199 953966748
54178199 953966748 60109072 969636577
60109072 969636577 60109072 971088091
60109072 969636577 76305673 969636577
76305673 969636577 88156315 981473181
60109072 971088091 63478567 991719624
63478567 991719624 78122775 992479531
0 850265420 45620611 850265420
45620611 850265420 53809809 888536688
53809809 888536688 61059265 896963517
61059265 896963517 67139734 898144386
67139734 898144386 67139734 910340938
67139734 910340938 68936375 910340938
67139734 910340938 67139734 913776067
67139734 898144386 87251436 898144386
67139734 913776067 80758265 928294734
80758265 928294734 106981041 931170605
106981041 931170605 106981041 955891622
87251436 898144386 105826662 909055933
105826662 909055933 105916902 914369779
18204592 902801037 50403901 941737579
48873839 730226136 106392779 746220020
32092896 749205905 65225079 790658431
65225079 790658431 65225079 797449220
65225079 790658431 95899049 790658431
95899049 790658431 111288073 808438114
121387181 863675779 215157882 868755620
215157882 868755620 236803973 908601335
236803973 908601335 253300916 969834928
253300916 969834928 258384858 985986264
145764368 0 246283358 0
246283358 0 264699329 0
264699329 0 264699329 20943347
246283358 0 246283358 22637260
264699329 20943347 286842766 54117725
286842766 54117725 286946893 54117725
264699329 0 323697424 0
323697424 0 331847536 0
331847536 0 337320904 0
337320904 0 341362044 0
341362044 0 341362044 2086440
337320904 0 337320904 9929392
323697424 0 323697424 13970780
323697424 13970780 331847536 27313457
341362044 0 403815798 0
403815798 0 408874763 0
408874763 0 408874763 13234412
408874763 0 423243346 0
423243346 0 432797657 0
432797657 0 438361381 0
432797657 0 432797657 7986851
432797657 7986851 438361381 10483213
438361381 0 447670599 0
447670599 0 460346469 0
438361381 10483213 447670599 23252488
403815798 0 403815798 27468234
460346469 0 488547072 0
488547072 0 491004501 0
488547072 0 488547072 4174518
491004501 0 505029203 0
505029203 0 505029203 1591208
505029203 0 514547377 0
514547377 0 521548110 0
521548110 0 521548110 20666279
488547072 4174518 491004501 27522564
403815798 27468234 423243346 43708504
447670599 23252488 457876140 49212051
457876140 49212051 460346469 49212051
457876140 49212051 457876140 54831258
457876140 54831258 461708697 87110986
491004501 27522564 514547377 43790870
521548110 0 570575381 0
570575381 0 578117457 0
578117457 0 586092473 0
586092473 0 586092473 6885956
586092473 0 596336690 0
570575381 0 570575381 33343455
570575381 33343455 578117457 41437801
578117457 41437801 584136812 43043537
584136812 43043537 596336690 43043537
584136812 43043537 584136812 73208166
584136812 73208166 589287181 79314116
589287181 79314116 615805845 79314116
615805845 79314116 652967483 87255997
652967483 87255997 660697030 93172108
596336690 0 655722513 0
655722513 0 658221180 0
658221180 0 668380520 0
658221180 0 658221180 23049317
658221180 23049317 668380520 30116623
668380520 30116623 670876298 58674706
670876298 58674706 682871827 72787119
682871827 72787119 701132171 81487636
701132171 81487636 708412957 81487636
708412957 81487636 711586745 116267904
711586745 116267904 745804103 117600623
745804103 117600623 745804103 123351905
745804103 117600623 752909623 117600623
752909623 117600623 768993488 126026300
768993488 126026300 769263699 126785205
769263699 126785205 769263699 126797472
769263699 126797472 779418499 128291300
779418499 128291300 814773344 131831379
814773344 131831379 814773344 138267593
814773344 131831379 852222771 131831379
852222771 131831379 852222771 137240413
852222771 131831379 873233758 131831379
873233758 131831379 880881588 133954461
701132171 81487636 701132171 120666541
769263699 126785205 811807987 126785205
814773344 138267593 842205011 161276212
668380520 0 727225459 0
727225459 0 745495955 0
745495955 0 745495955 3365401
745495955 0 763110221 0
763110221 0 769788188 0
763110221 0 763110221 30404987
763110221 30404987 769788188 47013302
769788188 47013302 772479990 83929372
772479990 83929372 787083204 83929372
772479990 83929372 772479990 109827440
772479990 109827440 772479990 116071753
772479990 109827440 785002331 109827440
785002331 109827440 807679798 115040215
807679798 115040215 811461420 115040215
807679798 115040215 807679798 119005572
787083204 83929372 816689571 98651379
727225459 0 727225459 48887137
769788188 0 819150870 0
819150870 0 819150870 19365527
819150870 19365527 842954818 62086472
842954818 62086472 842954818 68282116
842954818 68282116 862168171 80084568
862168171 80084568 862168171 97143126
862168171 80084568 895243444 80084568
842954818 62086472 893128500 62086472
893128500 62086472 929450047 71158871
929450047 71158871 929450047 75472050
929450047 75472050 945542369 76757275
929450047 71158871 972058374 71158871
972058374 71158871 997150858 84149494
514547377 43790870 554268143 71445556
554268143 71445556 557356698 71445556
554268143 71445556 554268143 84100213
557356698 71445556 569347296 82170030
331847536 27313457 371417649 59169135
371417649 59169135 372159467 59169135
371417649 59169135 371417649 60853624
895243444 80084568 922996465 128641683
922996465 128641683 946584038 152391414
946584038 152391414 949698290 152391414
949698290 152391414 967488119 167317802
967488119 167317802 993821592 167317802
967488119 167317802 967488119 194476592
967488119 194476592 975498115 199876112
975498115 199876112 975498115 205423055
975498115 199876112 986698980 199876112
986698980 199876112 986698980 201329408
986698980 199876112 989014622 199876112
946584038 152391414 946584038 185553624
819150870 0 911448146 0
911448146 0 911448146 8417513
911448146 0 939136623 0
939136623 0 939136623 5330258
939136623 0 946182282 0
946182282 0 946182282 32397457
946182282 32397457 946182282 37073431
946182282 37073431 954826204 41526916
946182282 32397457 964327807 32397457
964327807 32397457 967790534 35670500
967790534 35670500 967790534 51813142
967790534 35670500 997128388 35670500
125700533 946485923 196339957 983680596
196339957 983680596 197122719 998599665
