1460
0 0 53125639 0
53125639 0 53756127 0
53756127 0 61152991 0
61152991 0 78727342 0
78727342 0 78727342 2449402
78727342 0 81843130 0
81843130 0 81843130 12476755
61152991 0 61152991 25679826
61152991 25679826 68989694 51142313
68989694 51142313 70815358 76925550
70815358 76925550 70815358 81607462
70815358 81607462 72540079 81607462
70815358 76925550 77156110 76925550
70815358 81607462 70815358 92628640
70815358 92628640 77807773 95933789
77807773 95933789 85548200 95933789
85548200 95933789 89157964 102782452
89157964 102782452 106832458 105726372
106832458 105726372 106832458 113690068
106832458 113690068 108219959 131817236
108219959 131817236 128880424 131817236
128880424 131817236 133937342 135688397
133937342 135688397 135387433 138156958
135387433 138156958 153340630 138156958
153340630 138156958 156765509 138497906
156765509 138497906 167770744 149719320
167770744 149719320 174162325 154264402
108219959 131817236 108219959 160767181
135387433 138156958 135387433 174016696
106832458 105726372 150461118 105726372
150461118 105726372 178885991 114683125
53125639 0 53125639 44718471
53125639 44718471 53756127 48579907
174162325 154264402 181018870 192345620
181018870 192345620 181180150 197396291
181180150 197396291 205344141 217082918
205344141 217082918 211640466 231869794
211640466 231869794 231493531 231869794
231493531 231869794 232545131 254250731
232545131 254250731 234766491 254250731
232545131 254250731 232545131 264964779
234766491 254250731 244569302 259593202
244569302 259593202 263932903 276305660
263932903 276305660 264263032 276305660
264263032 276305660 267456698 280528542
267456698 280528542 271566629 280528542
267456698 280528542 267456698 292662483
267456698 292662483 271782492 294533448
271782492 294533448 281938501 295716023
263932903 276305660 263932903 289104226
281938501 295716023 292406479 317526609
292406479 317526609 292406479 327104054
292406479 327104054 295558066 341622682
292406479 317526609 314245124 317526609
295558066 341622682 295558066 368520657
295558066 368520657 297209573 373151795
297209573 373151795 297209573 374195874
295558066 341622682 328093760 341622682
211640466 231869794 211640466 274012601
297209573 373151795 339454312 373151795
77807773 95933789 77807773 145818320
108219959 160767181 116333987 202839858
116333987 202839858 116822651 234677654
116822651 234677654 119882229 271130509
119882229 271130509 119882229 293087967
119882229 293087967 127153265 297083437
127153265 297083437 127153265 317400580
127153265 297083437 156276164 297083437
156276164 297083437 163472136 297083437
156276164 297083437 156276164 309638785
119882229 271130509 150427059 271130509
150427059 271130509 160911673 271130509
160911673 271130509 161801930 271130509
160911673 271130509 160911673 275162058
150427059 271130509 150427059 289739017
163472136 297083437 190796647 305301329
127153265 317400580 143428334 338535542
143428334 338535542 155054537 352219304
190796647 305301329 210539654 329655680
210539654 329655680 218856550 330808081
218856550 330808081 235800341 361981378
235800341 361981378 260279119 361981378
260279119 361981378 265640748 369767633
265640748 369767633 265640748 373849438
265640748 369767633 270221583 369767633
265640748 373849438 266608426 379371750
270221583 369767633 278032528 372369722
266608426 379371750 277734908 379371750
235800341 361981378 235800341 389553647
235800341 389553647 237302913 394287101
237302913 394287101 240862357 394287101
240862357 394287101 254709814 408587408
254709814 408587408 266608426 411453154
266608426 411453154 266608426 412793512
266608426 412793512 267383011 429281604
266608426 411453154 284935237 411453154
237302913 394287101 237302913 429281604
237302913 429281604 237302913 441095516
237302913 441095516 237456186 445806776
237456186 445806776 239632912 445806776
237456186 445806776 237456186 460187373
237456186 460187373 244045124 468310119
244045124 468310119 269054515 468310119
269054515 468310119 279107052 468310119
269054515 468310119 269054515 481179167
269054515 481179167 277567619 488750440
277567619 488750440 277567619 498018376
277567619 498018376 277752284 503293628
277567619 488750440 298969542 488750440
277752284 503293628 281898516 528407237
281898516 528407237 289078190 528407237
281898516 528407237 281898516 543632269
244045124 468310119 244045124 498018376
244045124 498018376 244045124 522978276
281898516 543632269 289573643 579978726
298969542 488750440 309210493 524502263
178885991 114683125 220484321 123999766
220484321 123999766 221433148 139057335
221433148 139057335 234616912 152933030
234616912 152933030 243717163 152933030
243717163 152933030 245600193 180245806
234616912 152933030 234616912 190149610
245600193 180245806 269404588 195003863
269404588 195003863 275173596 208783752
275173596 208783752 275173596 241411583
275173596 208783752 319082761 208783752
319082761 208783752 345710695 224361008
345710695 224361008 357401293 230788415
357401293 230788415 377950734 230788415
377950734 230788415 377950734 246103569
377950734 230788415 400915716 230788415
357401293 230788415 357401293 263900529
357401293 263900529 367314073 263900529
357401293 263900529 357401293 274620636
275173596 241411583 297558407 267295747
81843130 0 132794600 0
132794600 0 163612012 0
163612012 0 201434667 0
201434667 0 210041757 0
210041757 0 210041757 14090532
201434667 0 201434667 19846565
210041757 14090532 214706578 53503698
214706578 53503698 216358021 58624281
216358021 58624281 216358021 82542752
216358021 82542752 216358021 103536169
216358021 82542752 240787568 82542752
240787568 82542752 247191425 99327116
247191425 99327116 247191425 103913818
216358021 58624281 244441298 58624281
244441298 58624281 247466016 61947154
247466016 61947154 255282997 61947154
255282997 61947154 255557094 64408536
247466016 61947154 247466016 73854907
247191425 99327116 288025026 99327116
288025026 99327116 301907240 116318403
301907240 116318403 301907240 133343136
301907240 116318403 333341530 116318403
333341530 116318403 335833114 116318403
333341530 116318403 333341530 128369349
335833114 116318403 372900732 122669566
372900732 122669566 372900732 124882660
372900732 122669566 377699524 122669566
377699524 122669566 382195634 127813241
382195634 127813241 389578059 127813241
389578059 127813241 389578059 158898419
389578059 158898419 391372806 188151414
391372806 188151414 391372806 189241647
391372806 189241647 392534914 193048929
392534914 193048929 401124013 193048929
392534914 193048929 392534914 203783284
382195634 127813241 382195634 162336334
391372806 188151414 432219408 188151414
432219408 188151414 442244796 191319362
442244796 191319362 442244796 197419565
442244796 191319362 465175011 191319362
465175011 191319362 465175011 195686803
465175011 191319362 483266372 191319362
465175011 195686803 470182930 224385831
470182930 224385831 480958569 238474123
480958569 238474123 487013812 238474123
480958569 238474123 480958569 264848826
132794600 0 132794600 44239019
132794600 44239019 163612012 45362888
163612012 45362888 167529746 68193385
167529746 68193385 177921471 68193385
167529746 68193385 167529746 96580690
167529746 96580690 202586178 102407966
442244796 197419565 465072549 224385831
480958569 264848826 496156706 301579415
496156706 301579415 496650278 301579415
496156706 301579415 496156706 308791453
496156706 308791453 506402923 332480189
506402923 332480189 506402923 340068871
506402923 332480189 537208750 332480189
537208750 332480189 540306659 334343990
540306659 334343990 541979769 334343990
540306659 334343990 540306659 362585353
506402923 340068871 519288343 362585353
519288343 362585353 519288343 388180120
519288343 388180120 519288343 392354431
519288343 388180120 525081772 388180120
519288343 392354431 520815926 431365648
520815926 431365648 523294274 431365648
520815926 431365648 520815926 443795711
520815926 443795711 535283467 448750397
535283467 448750397 535283467 462449502
535283467 462449502 553704693 465862286
553704693 465862286 558040530 468749225
535283467 448750397 559731028 448750397
558040530 468749225 584578743 468749225
558040530 468749225 558040530 508800918
540306659 362585353 576122602 368765159
576122602 368765159 583558425 379707393
583558425 379707393 583558425 396843350
583558425 396843350 583558425 410185007
583558425 396843350 602726083 396843350
583558425 410185007 584578743 433343019
584578743 433343019 586035403 433343019
586035403 433343019 586035403 436647420
586035403 433343019 596651208 433343019
583558425 379707393 608050988 379707393
608050988 379707393 611356613 379707393
608050988 379707393 608050988 384142449
596651208 433343019 607867808 456381906
607867808 456381906 607867808 457457101
607867808 456381906 635454476 456381906
635454476 456381906 648981279 462532147
648981279 462532147 653794728 462532147
653794728 462532147 660909943 476902751
660909943 476902751 660968240 491072853
660968240 491072853 664132509 491072853
664132509 491072853 664132509 492622045
664132509 491072853 666142937 491072853
607867808 457457101 630924775 462373479
660968240 491072853 660968240 528484754
660968240 528484754 673431254 528995211
602726083 396843350 638415051 400218614
638415051 400218614 640954746 400218614
638415051 400218614 638415051 407297345
608050988 384142449 640954746 395450527
640954746 395450527 675565246 395450527
675565246 395450527 684320553 403024228
684320553 403024228 684320553 420522696
684320553 420522696 684320553 421232355
684320553 420522696 692063902 420522696
684320553 403024228 710370035 403024228
710370035 403024228 727120714 406324165
727120714 406324165 730956457 408956456
730956457 408956456 732324489 422511430
732324489 422511430 734117837 427140793
734117837 427140793 734117837 430375795
734117837 430375795 735811363 430375795
734117837 430375795 734117837 475309397
735811363 430375795 750675274 460555215
750675274 460555215 750675274 464802729
750675274 460555215 773563201 460555215
773563201 460555215 782804670 471383221
782804670 471383221 782855944 471383221
782855944 471383221 790864987 475905071
790864987 475905071 798217736 475905071
790864987 475905071 790864987 489193367
790864987 489193367 798120330 489553084
798217736 475905071 813184054 477161016
813184054 477161016 813252164 477723779
782804670 471383221 782804670 491830024
782804670 491830024 787402012 509877609
813252164 477723779 813252164 502141719
813252164 502141719 813252164 504757373
813252164 502141719 818368819 502141719
813252164 477723779 849517236 477723779
734117837 427140793 779960434 427140793
779960434 427140793 793585920 443287243
793585920 443287243 793585920 443928413
793585920 443287243 832355954 443287243
832355954 443287243 854559132 459321550
793585920 443928413 823225105 453385823
666142937 491072853 703411401 501292049
703411401 501292049 703411401 516001679
703411401 501292049 720739804 501292049
720739804 501292049 723656512 520529211
723656512 520529211 748478635 520529211
748478635 520529211 748478635 527417625
748478635 520529211 773192692 520529211
773192692 520529211 777191015 533450775
777191015 533450775 783580665 541545289
723656512 520529211 723656512 566483953
723656512 566483953 723656512 573677041
723656512 566483953 731969810 566483953
731969810 566483953 736352153 572076100
736352153 572076100 746718960 572076100
736352153 572076100 736352153 590349763
736352153 590349763 751762144 601991874
751762144 601991874 762997944 604961158
762997944 604961158 796684546 604961158
796684546 604961158 805172466 604961158
805172466 604961158 805172466 608981484
796684546 604961158 796684546 620601214
805172466 608981484 823419830 617754169
823419830 617754169 830610482 617754169
823419830 617754169 823419830 646616495
805172466 604961158 834688457 604961158
830610482 617754169 854903737 638555023
854903737 638555023 888315880 647193874
888315880 647193874 901562268 649054873
901562268 649054873 905329257 649054873
901562268 649054873 901562268 670627301
901562268 670627301 902276224 691388016
902276224 691388016 902276224 694325296
902276224 694325296 904948261 725725820
904948261 725725820 909475807 741018892
909475807 741018892 927204142 741018892
927204142 741018892 927918519 741018892
927204142 741018892 927204142 746291350
927204142 746291350 929193882 765100794
909475807 741018892 909475807 762173182
909475807 762173182 909475807 762610973
909475807 762173182 926004396 762173182
902276224 691388016 941422055 691388016
929193882 765100794 929193882 808492161
762997944 604961158 762997944 650219250
762997944 650219250 769623973 671975455
769623973 671975455 776962740 671975455
776962740 671975455 778172912 672329018
778172912 672329018 788413045 672329018
778172912 672329018 778172912 691100659
788413045 672329018 817164597 675673105
769623973 671975455 769623973 704073993
769623973 704073993 778145630 713539020
778145630 713539020 795725789 713539020
778145630 713539020 778145630 734621807
778145630 734621807 783965273 734621807
778145630 734621807 778145630 752451935
778145630 752451935 778589451 752451935
778145630 752451935 778145630 754188132
778145630 754188132 785939194 756340380
785939194 756340380 795877375 765360617
795877375 765360617 804606830 767174271
804606830 767174271 805240559 767174271
805240559 767174271 815302856 779956053
815302856 779956053 815302856 782964620
815302856 782964620 818123997 783311490
815302856 779956053 819634543 779956053
818123997 783311490 832346419 799069036
832346419 799069036 832346419 810103585
832346419 810103585 834263855 812292269
834263855 812292269 834263855 838204226
834263855 838204226 838642084 846048549
832346419 799069036 859263169 799069036
859263169 799069036 881778844 812292269
881778844 812292269 891890505 825361638
891890505 825361638 898567771 828169810
898567771 828169810 922601903 828169810
898567771 828169810 898567771 853311492
898567771 853311492 900944610 853311492
898567771 853311492 898567771 866244224
898567771 866244224 901468489 895940268
901468489 895940268 905715926 895940268
901468489 895940268 901468489 909262816
905715926 895940268 922854878 897020051
922854878 897020051 946205278 906852420
838642084 846048549 850253869 871415361
804606830 767174271 804606830 808611975
804606830 808611975 805470470 835582498
805470470 835582498 806434897 849078526
806434897 849078526 828123543 871415361
828123543 871415361 828123543 874454866
817164597 675673105 842193554 694864383
842193554 694864383 855401336 716844581
946205278 906852420 951971408 946593218
951971408 946593218 953234745 949795447
953234745 949795447 969164979 949795447
969164979 949795447 980235048 969162887
980235048 969162887 980235048 973195648
980235048 969162887 995630238 969162887
995630238 969162887 997784557 970241446
953234745 949795447 953234745 997781260
922601903 828169810 961430822 837895680
961430822 837895680 970933357 848539820
970933357 848539820 982551673 849674656
982551673 849674656 988956000 849674656
982551673 849674656 982551673 877135821
929193882 765100794 980027993 765100794
980027993 765100794 991903129 765100794
991903129 765100794 994021452 769866575
994021452 769866575 994426454 774120380
980027993 765100794 980027993 801905618
980027993 801905618 982551673 817998281
982551673 817998281 986936680 817998281
823419830 646616495 850504857 670815800
339454312 373151795 339505400 425303150
339505400 425303150 350118426 448206487
350118426 448206487 357515718 462962884
357515718 462962884 357515718 464943457
357515718 464943457 366316966 464943457
357515718 462962884 375271383 462962884
375271383 462962884 394861584 466064412
357515718 464943457 357515718 487735574
394861584 466064412 420111225 484366116
420111225 484366116 421897116 484366116
420111225 484366116 420111225 487892217
420111225 487892217 428028224 502228285
428028224 502228285 458965773 508514434
458965773 508514434 458965773 509418836
458965773 508514434 467591686 508514434
458965773 509418836 463516707 521283398
463516707 521283398 465410475 525422984
465410475 525422984 469358518 548914376
469358518 548914376 474451049 577267883
474451049 577267883 477941278 577267883
477941278 577267883 487660776 584039335
487660776 584039335 491308244 592949359
474451049 577267883 474451049 594481132
474451049 594481132 483679554 605441368
483679554 605441368 500032025 634832023
500032025 634832023 508742466 652188892
508742466 652188892 508953936 655397330
508953936 655397330 508953936 656673614
508953936 655397330 537842197 655397330
357515718 487735574 358518097 535607252
358518097 535607252 365749624 535607252
365749624 535607252 370196051 539044158
370196051 539044158 370196051 549315607
370196051 539044158 408511714 539044158
358518097 535607252 358518097 573981977
358518097 573981977 359066602 585603403
359066602 585603403 365335914 585603403
359066602 585603403 359066602 593038380
370196051 549315607 394586269 563340308
394586269 563340308 412654955 578328214
412654955 578328214 424666900 597298997
424666900 597298997 426645045 597298997
424666900 597298997 424666900 642547794
424666900 642547794 439437898 652185072
439437898 652185072 457497671 667645445
457497671 667645445 470602267 667645445
470602267 667645445 470602267 673546767
470602267 667645445 479266767 667645445
457497671 667645445 457497671 698489176
457497671 698489176 457497671 699822578
457497671 698489176 464015748 698489176
850253869 871415361 886486535 887451794
508953936 656673614 522410052 696500950
522410052 696500950 522410052 702104122
522410052 702104122 528436949 702538607
522410052 696500950 530924010 696500950
528436949 702538607 528436949 718714156
528436949 702538607 550605868 702538607
550605868 702538607 559965824 711200102
559965824 711200102 573469669 711200102
559965824 711200102 559965824 728924475
559965824 728924475 566947051 743984232
566947051 743984232 566947051 776727375
566947051 743984232 617265588 743984232
566947051 776727375 614500217 780857018
614500217 780857018 614500217 787574109
614500217 780857018 634180779 780857018
634180779 780857018 646917295 807159501
646917295 807159501 664964936 822968839
664964936 822968839 691431214 824294928
691431214 824294928 719525683 824294928
719525683 824294928 744376313 838319349
744376313 838319349 752919533 838319349
752919533 838319349 753221975 838319349
752919533 838319349 752919533 848993235
753221975 838319349 767147621 839809674
767147621 839809674 769771874 848269603
769771874 848269603 780986877 848269603
780986877 848269603 797615977 849078526
797615977 849078526 797615977 858952641
744376313 838319349 744376313 866913262
769771874 848269603 769771874 885144992
769771874 885144992 770924419 885350227
770924419 885350227 786301626 885350227
770924419 885350227 770924419 915352687
770924419 915352687 773824875 935211158
773824875 935211158 791361523 946374891
791361523 946374891 795751485 946374891
791361523 946374891 791361523 963186246
791361523 963186246 816558170 963424050
795751485 946374891 816558170 956830272
816558170 956830272 835439420 956830272
835439420 956830272 835439420 957208366
835439420 956830272 835908075 956830272
835908075 956830272 865234806 960918749
865234806 960918749 865234806 974893462
865234806 974893462 867531039 974893462
865234806 974893462 865234806 978469013
865234806 960918749 896331248 960918749
896331248 960918749 901748312 988291001
691431214 824294928 691431214 867903429
691431214 867903429 707954089 882225710
707954089 882225710 713086996 904660891
713086996 904660891 713086996 915741973
713086996 904660891 742658818 904660891
713086996 915741973 720895553 958666103
720895553 958666103 738402334 976526276
738402334 976526276 743922755 976526276
743922755 976526276 744308665 981915662
738402334 976526276 738402334 983635403
744308665 981915662 752214553 981915662
744308665 981915662 744308665 992274020
752214553 981915662 762737977 990785625
389578059 127813241 443665619 127813241
443665619 127813241 449294217 127813241
443665619 127813241 443665619 149869318
449294217 127813241 467247358 137721926
467247358 137721926 468772759 143253063
468772759 143253063 491224994 143253063
491224994 143253063 497482888 143253063
491224994 143253063 491224994 151022720
491224994 151022720 492563385 151022720
491224994 151022720 491224994 158723729
491224994 158723729 503393766 164745619
468772759 143253063 468772759 167809012
503393766 164745619 528617442 169059130
528617442 169059130 528617442 172434625
528617442 172434625 529222915 172434625
528617442 172434625 528617442 187914599
528617442 187914599 533197754 190120299
533197754 190120299 533197754 190266312
533197754 190120299 533536949 190120299
533536949 190120299 548522958 196291546
548522958 196291546 548522958 201340904
528617442 169059130 550825396 169059130
548522958 196291546 581926277 196291546
550825396 169059130 595449222 176820503
595449222 176820503 603231890 179451537
603231890 179451537 603231890 187291789
603231890 179451537 642491684 179451537
642491684 179451537 666685979 195731532
666685979 195731532 670629445 195731532
666685979 195731532 666685979 205863132
666685979 205863132 696515181 229759043
696515181 229759043 728156501 238112479
728156501 238112479 745433216 238112479
745433216 238112479 753359452 241321520
753359452 241321520 753359452 263258732
753359452 263258732 757356922 282063078
753359452 241321520 779342179 241321520
728156501 238112479 728156501 266919455
757356922 282063078 761323659 307308138
761323659 307308138 765175740 307308138
765175740 307308138 765175740 309377473
765175740 309377473 768060553 311790158
765175740 307308138 772723102 307308138
772723102 307308138 778470194 322243992
778470194 322243992 783345937 329821116
783345937 329821116 783345937 352778852
783345937 352778852 795010499 352778852
795010499 352778852 797304254 354696056
779342179 241321520 799111338 252471298
799111338 252471298 819765494 252626984
819765494 252626984 827105661 252626984
827105661 252626984 827105661 260361932
827105661 260361932 833420272 260361932
827105661 260361932 827105661 268099113
833420272 260361932 845186602 266423089
845186602 266423089 848897554 273309776
848897554 273309776 866892462 276147312
819765494 252626984 819765494 280892014
728156501 266919455 730283992 296631249
730283992 296631249 730283992 298968685
730283992 296631249 742571971 296631249
797304254 354696056 828809803 355334109
828809803 355334109 830728513 373777129
830728513 373777129 856545950 373777129
866892462 276147312 899624881 276511696
899624881 276511696 918862363 276901248
918862363 276901248 921102325 276901248
921102325 276901248 921102325 278591987
921102325 278591987 926909139 278591987
921102325 278591987 921102325 296272282
921102325 296272282 935995532 309893849
935995532 309893849 939377750 312299066
939377750 312299066 942136749 327050361
942136749 327050361 942136749 341097375
942136749 327050361 960379555 327050361
960379555 327050361 981595256 340487679
981595256 340487679 981595256 346634028
981595256 340487679 989977869 340487679
989977869 340487679 992321466 346536938
827105661 252626984 862849251 252626984
921102325 276901248 963761213 276901248
830728513 373777129 830728513 423612014
783345937 352778852 783345937 403398677
862849251 252626984 910216561 259757626
910216561 259757626 917201947 267456476
917201947 267456476 917201947 271595619
917201947 267456476 959738618 267456476
783345937 329821116 838085007 329821116
838085007 329821116 844061922 329821116
844061922 329821116 846576109 334742149
846576109 334742149 847453306 334742149
846576109 334742149 846576109 339717661
838085007 329821116 838085007 343631354
838085007 343631354 838085007 345269965
838085007 343631354 842003261 343631354
537842197 655397330 563542143 685455407
309210493 524502263 312646059 577817588
918862363 276901248 918862363 334249130
901468489 909262816 907938249 960498572
744376313 866913262 765141576 904165127
786301626 885350227 823124343 908055319
823124343 908055319 848191175 924976798
232545131 264964779 234552250 322868098
856545950 373777129 878345042 412700516
878345042 412700516 895904684 417229606
895904684 417229606 906201675 433235208
906201675 433235208 906201675 448060597
906201675 433235208 922309603 433235208
906201675 448060597 921536760 476499407
921536760 476499407 949911583 499661424
949911583 499661424 967636634 499661424
967636634 499661424 977229352 499661424
967636634 499661424 967636634 517188175
949911583 499661424 949911583 518966322
949911583 518966322 950395713 518966322
950395713 518966322 954335484 522335985
977229352 499661424 986106357 510455824
967636634 517188175 971709132 532802218
954335484 522335985 967087362 532802218
949911583 518966322 949911583 549429039
949911583 549429039 949960123 575335123
967087362 532802218 967087362 568015853
967087362 568015853 973153984 575095742
973153984 575095742 976894364 575095742
976894364 575095742 984599943 587759614
973153984 575095742 973153984 626876676
973153984 626876676 998131483 627045409
284935237 411453154 332154125 425464508
332154125 425464508 335453480 429593739
335453480 429593739 394518849 431643879
394518849 431643879 394518849 446827626
394518849 431643879 431266158 431643879
431266158 431643879 458324564 437223265
458324564 437223265 474014230 441136535
474014230 441136535 474014230 442851739
474014230 441136535 482622055 441136535
482622055 441136535 483534499 479655262
483534499 479655262 483534499 494997745
483534499 494997745 503308452 496393229
483534499 479655262 516765422 479655262
503308452 496393229 522946457 520653672
522946457 520653672 529963307 545379008
529963307 545379008 537969711 566446229
537969711 566446229 540920351 566865465
540920351 566865465 559565557 572407738
559565557 572407738 568181416 572407738
559565557 572407738 559565557 592759111
559565557 592759111 564254766 592759111
559565557 592759111 559565557 615012681
568181416 572407738 580778901 582910151
580778901 582910151 580778901 592452150
580778901 592452150 594472498 602467710
594472498 602467710 604458945 618941236
604458945 618941236 620212400 624799428
620212400 624799428 626429890 624799428
626429890 624799428 626429890 629571132
626429890 629571132 637947554 635361688
637947554 635361688 646079677 635361688
637947554 635361688 637947554 656724733
637947554 656724733 642042047 684286081
642042047 684286081 664209448 688023496
664209448 688023496 680133545 688023496
680133545 688023496 690583939 688023496
690583939 688023496 690583939 693707451
690583939 688023496 706502372 688023496
680133545 688023496 680133545 715585045
680133545 715585045 693665983 722802301
693665983 722802301 693665983 730919967
693665983 730919967 714662854 734832244
714662854 734832244 733512829 734832244
733512829 734832244 747546054 734832244
664209448 688023496 664209448 718028824
664209448 718028824 672457679 730919967
672457679 730919967 672457679 738638342
672457679 738638342 675295826 738687512
675295826 738687512 676876442 740814321
693665983 722802301 724555996 722802301
724555996 722802301 728295786 722802301
724555996 722802301 724555996 730799437
646079677 635361688 664138167 649070428
664138167 649070428 664138167 652430136
664138167 649070428 668292378 649070428
564254766 592759111 579928823 610114345
733512829 734832244 733512829 768654988
733512829 768654988 756758880 784210607
756758880 784210607 756758880 799915235
756758880 784210607 772640790 784210607
580778901 582910151 626014212 582910151
620212400 624799428 620212400 675689832
714662854 734832244 714662854 787386319
714662854 787386319 717785316 787386319
714662854 787386319 714662854 794136095
714662854 794136095 732259521 818862544
732259521 818862544 741811908 820940290
668292378 649070428 710284471 667098948
710284471 667098948 738400474 670341442
738400474 670341442 738936395 671975455
738936395 671975455 738936395 678482814
982551673 877135821 999766067 921383511
328093760 341622682 368364028 363129976
638415051 407297345 661096804 446673045
464015748 698489176 484644196 740512318
484644196 740512318 489891442 745863886
489891442 745863886 505086280 745863886
489891442 745863886 489891442 793169249
489891442 793169249 490128601 801705958
490128601 801705958 490128601 822023173
490128601 822023173 496994416 831324354
496994416 831324354 496994416 845038476
496994416 845038476 498365972 855492795
498365972 855492795 507081814 861593856
496994416 831324354 514527307 831324354
507081814 861593856 507081814 885606669
507081814 885606669 507081814 889819903
507081814 889819903 510098355 889819903
507081814 889819903 507081814 894891098
507081814 885606669 521216828 885606669
490128601 801705958 518644989 801705958
518644989 801705958 546527338 803278125
521216828 885606669 528219595 912493831
528219595 912493831 528219595 912695904
528219595 912493831 550291188 912493831
0 0 0 62896469
0 62896469 38089869 62896469
0 62896469 0 107885264
0 107885264 3228253 107885264
0 107885264 0 161209365
0 161209365 6718812 161209365
0 161209365 0 211518033
0 211518033 0 213491635
0 213491635 0 215842394
0 215842394 0 225686498
0 211518033 12466904 211518033
12466904 211518033 15272191 213491635
15272191 213491635 15272191 215842394
15272191 215842394 29039444 225686498
15272191 213491635 47964593 213491635
47964593 213491635 62354779 216743172
62354779 216743172 62354779 221289404
62354779 216743172 84695004 216743172
0 225686498 0 271023358
0 271023358 0 275942523
0 275942523 10640214 275942523
0 275942523 0 298774700
0 298774700 35827794 298774700
35827794 298774700 57055226 300573422
57055226 300573422 57055226 305481491
57055226 300573422 90667381 300573422
0 271023358 45369249 271023358
57055226 305481491 61158180 349023497
61158180 349023497 61158180 360151953
61158180 349023497 74181917 349023497
74181917 349023497 94888341 370446448
94888341 370446448 109400995 370446448
94888341 370446448 94888341 389413933
94888341 389413933 96687293 403810969
96687293 403810969 96687293 412139043
96687293 412139043 96687293 422315721
96687293 412139043 107831792 412139043
107831792 412139043 113279040 440277538
113279040 440277538 128304681 440277538
113279040 440277538 113279040 456296653
113279040 456296653 120431824 456296653
120431824 456296653 124726986 462973867
113279040 456296653 113279040 479329068
96687293 403810969 137600441 403810969
137600441 403810969 146627777 410882633
146627777 410882633 173127715 419260957
173127715 419260957 184116524 426444370
184116524 426444370 198637951 426444370
198637951 426444370 198637951 426546873
198637951 426444370 217037311 426444370
217037311 426444370 225934675 427762163
225934675 427762163 234054983 427762163
225934675 427762163 225934675 450008395
225934675 450008395 229572909 463840996
229572909 463840996 232582877 463840996
229572909 463840996 229572909 483569160
229572909 483569160 234902036 494020509
198637951 426546873 201955740 457462955
201955740 457462955 208413178 457462955
208413178 457462955 217844312 461174249
201955740 457462955 201955740 484512501
184116524 426444370 184116524 473103093
61158180 360151953 62557262 408160228
62557262 408160228 67761406 408160228
62557262 408160228 62557262 414424015
62557262 414424015 66919996 415850065
184116524 473103093 188340636 519398789
188340636 519398789 192722446 549382255
192722446 549382255 212052523 551218992
212052523 551218992 218593123 579710501
218593123 579710501 218593123 582641946
218593123 582641946 227780540 584597536
227780540 584597536 242449286 587905494
242449286 587905494 242449286 597479627
242449286 597479627 253461081 597479627
242449286 597479627 242449286 611969416
218593123 579710501 238565232 579710501
238565232 579710501 280995809 587905494
38089869 62896469 51324293 107636083
51324293 107636083 55165361 115978296
55165361 115978296 63441682 115978296
55165361 115978296 55165361 143934386
55165361 143934386 59803249 152400675
59803249 152400675 62983402 152400675
59803249 152400675 59803249 166212237
280995809 587905494 281667327 645397495
281667327 645397495 290240952 679977079
290240952 679977079 290240952 699748912
290240952 699748912 290240952 707579511
290240952 707579511 306306516 709083970
306306516 709083970 306306516 738252000
306306516 738252000 320654097 755551886
320654097 755551886 329967670 757538093
329967670 757538093 329967670 771895293
329967670 771895293 338891245 792887401
338891245 792887401 338891245 811051250
338891245 811051250 338891245 814153747
338891245 811051250 345283806 811051250
338891245 792887401 357448961 792887401
290240952 699748912 328691917 699748912
328691917 699748912 357856491 709083970
357856491 709083970 358928246 709083970
358928246 709083970 365355525 713677399
365355525 713677399 367260314 713677399
367260314 713677399 370256129 717541971
370256129 717541971 377632992 718559185
377632992 718559185 380767625 718559185
380767625 718559185 381666887 729851047
381666887 729851047 381666887 735307505
381666887 735307505 382114661 735307505
381666887 735307505 381666887 739594107
381666887 729851047 398085125 729851047
398085125 729851047 403158678 735055355
357856491 709083970 357856491 728323049
403158678 735055355 403158678 756399600
403158678 756399600 411852497 757516824
411852497 757516824 415026195 758189566
357856491 728323049 365355525 751853410
365355525 751853410 377632992 754711637
377632992 754711637 378793262 757538093
378793262 757538093 395976809 758189566
395976809 758189566 395976809 782456302
395976809 782456302 402304629 789314358
402304629 789314358 406908308 789314358
402304629 789314358 402304629 805987420
403158678 735055355 441038314 735055355
441038314 735055355 442448973 740512318
442448973 740512318 442448973 741387812
357448961 792887401 384655196 804554051
384655196 804554051 391528767 805987420
391528767 805987420 391528767 806469728
391528767 806469728 398352856 842707520
398352856 842707520 399453085 842707520
398352856 842707520 398352856 846637809
398352856 846637809 400455187 847241016
400455187 847241016 417840458 847241016
417840458 847241016 424447561 847241016
424447561 847241016 426024556 848110938
417840458 847241016 417840458 862455741
400455187 847241016 400455187 871729827
400455187 871729827 410787226 871729827
400455187 871729827 400455187 907885020
400455187 907885020 402683865 911815360
402683865 911815360 402683865 918952237
402683865 918952237 409219274 918952237
409219274 918952237 409996037 918952237
409996037 918952237 415102612 920534299
402683865 911815360 410342181 911815360
415102612 920534299 448384354 920534299
409219274 918952237 409219274 952805762
409219274 952805762 415102612 964740469
415102612 964740469 426197746 974323614
402304629 805987420 436439226 817607369
436439226 817607369 445407787 818052250
445407787 818052250 445407787 835725545
445407787 835725545 447397033 835725545
445407787 835725545 445407787 839020790
445407787 818052250 468613927 818052250
468613927 818052250 468613927 821861593
468613927 818052250 479088973 818052250
468613927 821861593 478744444 844035322
290240952 679977079 336515581 679977079
448384354 920534299 479446662 942965580
479446662 942965580 479446662 950341538
479446662 942965580 487362414 942965580
487362414 942965580 487362414 945042703
487362414 942965580 492574226 942965580
479446662 950341538 486399713 966416238
486399713 966416238 486399713 991554359
486399713 991554359 488255526 996113162
488255526 996113162 506300834 998999309
486399713 966416238 519584197 966416238
519584197 966416238 523028625 966416238
519584197 966416238 519584197 978513089
519584197 978513089 529237786 989448792
529237786 989448792 582103229 992691414
345283806 811051250 382721018 831298529
382721018 831298529 384060574 844329482
45369249 271023358 100239815 276897462
59803249 166212237 100630771 187853579
66919996 415850065 73039214 472251152
73039214 472251152 73039214 483461358
73039214 472251152 91184570 472251152
91184570 472251152 96646716 481707646
96646716 481707646 112474003 506214838
112474003 506214838 139893516 524453977
139893516 524453977 156187713 524453977
139893516 524453977 139893516 541244821
139893516 541244821 144878095 548544313
144878095 548544313 157376645 578964390
157376645 578964390 167455478 578964390
157376645 578964390 157376645 589846953
157376645 589846953 162488659 608163683
162488659 608163683 173329159 622443006
173329159 622443006 178934328 641848015
178934328 641848015 183643086 653484918
183643086 653484918 188973941 653484918
188973941 653484918 202954880 658869516
202954880 658869516 212632725 658869516
202954880 658869516 202954880 674864935
202954880 674864935 206928800 674864935
202954880 674864935 202954880 681149322
202954880 681149322 203652237 682159056
203652237 682159056 215354800 682159056
215354800 682159056 215434232 700217670
215434232 700217670 215434232 702469395
215434232 700217670 227124218 700217670
227124218 700217670 238675027 703918504
238675027 703918504 238675027 717875651
238675027 717875651 250353877 729371506
250353877 729371506 267432372 729371506
250353877 729371506 250353877 754625607
250353877 754625607 254064430 773635111
254064430 773635111 269320637 773635111
254064430 773635111 254064430 792306879
238675027 703918504 269744493 703918504
269744493 703918504 282651400 707579511
282651400 707579511 282651400 723097300
183643086 653484918 183643086 688309027
183643086 688309027 184136351 688309027
184136351 688309027 184925604 693103918
183643086 688309027 183643086 699447318
203652237 682159056 203652237 725698232
254064430 792306879 295020620 801179187
295020620 801179187 295020620 819480218
295020620 801179187 319057936 801179187
295020620 819480218 303112641 840618290
303112641 840618290 307773816 840618290
303112641 840618290 303112641 859796134
203652237 725698232 212327598 767567155
212327598 767567155 212327598 773132790
212327598 767567155 234726023 767567155
212327598 773132790 221245496 811370620
221245496 811370620 241902938 827526438
241902938 827526438 242451748 829610967
242451748 829610967 282258938 832919949
282258938 832919949 283645658 832919949
283645658 832919949 290645194 832919949
283645658 832919949 283645658 868296319
283645658 868296319 285604488 874115987
285604488 874115987 290567612 909992419
290567612 909992419 299851548 909992419
299851548 909992419 301953305 910319997
290567612 909992419 290567612 923835391
282258938 832919949 282258938 880057256
183643086 699447318 198705227 735420050
198705227 735420050 202141030 767567155
202141030 767567155 202141030 790527772
290567612 923835391 325664822 944457978
325664822 944457978 350797524 964273365
350797524 964273365 374334980 964273365
350797524 964273365 350797524 992494672
374334980 964273365 402683865 983478927
402683865 983478927 402683865 984099360
402683865 983478927 403680418 983478927
626429890 624799428 690244740 624799428
3228253 107885264 50893605 124511608
507081814 861593856 572369092 861593856
572369092 861593856 594068294 866535347
594068294 866535347 594068294 874952924
594068294 866535347 627393774 866535347
627393774 866535347 627393774 869763939
627393774 866535347 638858986 866535347
594068294 874952924 604475820 900654502
604475820 900654502 604475820 908435824
604475820 908435824 604475820 909171987
604475820 908435824 618533818 908435824
618533818 908435824 624642230 908741711
604475820 900654502 619831365 900654502
619831365 900654502 632694819 906517006
632694819 906517006 682712787 921781547
682712787 921781547 689464755 921781547
682712787 921781547 682712787 955029115
426197746 974323614 472820644 993299951
546527338 803278125 599895237 815781936
599895237 815781936 599895237 818759504
599895237 815781936 604553022 815781936
905329257 649054873 970765493 650103585
333341530 128369349 353937409 174323698
353937409 174323698 358487007 174323698
353937409 174323698 353937409 181073597
603231890 187291789 603787106 253311576
603787106 253311576 610275314 253761870
796684546 620601214 821542077 662722383
846576109 339717661 910926627 342680626
648981279 462532147 648981279 532698771
648981279 532698771 660523974 554605563
368364028 363129976 386801803 415580629
386801803 415580629 388252593 416073633
388252593 416073633 388252593 417309829
388252593 416073633 450949726 416073633
0 298774700 0 370066378
0 370066378 0 399096761
0 399096761 0 401251546
0 401251546 0 408688268
0 399096761 18708926 399096761
18708926 399096761 24389282 401251546
24389282 401251546 31427566 408688268
0 408688268 0 441570705
0 441570705 13077865 441570705
0 441570705 0 459670746
0 459670746 11378963 459670746
0 459670746 0 484214801
0 484214801 0 498359902
0 498359902 10281361 498359902
0 484214801 20029836 484214801
0 498359902 0 530081427
0 530081427 2204808 530081427
0 530081427 0 554682090
0 554682090 0 563833631
0 563833631 0 573173285
0 573173285 435927 573173285
0 573173285 0 575534901
0 575534901 0 576849159
0 576849159 0 581799102
0 581799102 0 602842129
0 602842129 0 612372143
0 612372143 7399679 612372143
0 612372143 0 624660667
0 624660667 0 648094107
0 648094107 3624382 648094107
0 575534901 31440477 575534901
31440477 575534901 35192653 576849159
35192653 576849159 35192653 581799102
35192653 576849159 45292255 576849159
35192653 581799102 38614171 602842129
38614171 602842129 38742464 607291868
38742464 607291868 38742464 624660667
38742464 607291868 61360561 607291868
0 370066378 33993482 370066378
0 563833631 43619575 563833631
0 648094107 0 692040212
0 692040212 0 702707083
0 692040212 10789853 692040212
0 702707083 0 714143355
0 714143355 0 717134722
0 717134722 0 726168491
0 726168491 19480187 726168491
0 726168491 0 749702106
0 749702106 11315920 749702106
0 749702106 0 764766050
0 764766050 23939821 764766050
10789853 692040212 29069344 702707083
29069344 702707083 42485446 706152733
42485446 706152733 42485446 714143355
42485446 714143355 52602753 718081492
42485446 706152733 70530945 706152733
70530945 706152733 70530945 707291121
70530945 706152733 73582197 706152733
73582197 706152733 78987567 708733032
78987567 708733032 95362651 716210551
95362651 716210551 95362651 743914032
95362651 743914032 95362651 747786698
95362651 747786698 99735182 752630571
99735182 752630571 110417671 758285746
110417671 758285746 110417671 767470644
110417671 758285746 123310508 758285746
95362651 743914032 122264498 743914032
122264498 743914032 130888551 752407730
95362651 716210551 128202565 716210551
110417671 767470644 112972369 799872861
112972369 799872861 141696975 800701966
141696975 800701966 156542246 822263694
156542246 822263694 177798768 824200559
177798768 824200559 181785849 824200559
177798768 824200559 177798768 847825508
0 764766050 0 808118597
0 808118597 0 813639484
0 808118597 23247561 808118597
23247561 808118597 31633637 813639484
31633637 813639484 55760941 814904872
55760941 814904872 67330091 814904872
67330091 814904872 69344742 814904872
67330091 814904872 67330091 822892086
67330091 822892086 70179186 843873079
70179186 843873079 73569991 847845841
73569991 847845841 73569991 872537232
73569991 872537232 73569991 885839292
73569991 885839292 79662027 895804805
73569991 872537232 96075786 872537232
96075786 872537232 98354298 883699009
98354298 883699009 107685992 891606827
107685992 891606827 107685992 895804805
107685992 895804805 115347051 896899935
115347051 896899935 116122887 896899935
115347051 896899935 115347051 915889024
79662027 895804805 79662027 920465748
79662027 920465748 84483281 937160850
73569991 847845841 98442373 847845841
98442373 847845841 108059048 850334989
108059048 850334989 108059048 867667862
108059048 850334989 130288081 850334989
115347051 915889024 119319984 938006988
119319984 938006988 131184436 938006988
131184436 938006988 149396877 946750524
149396877 946750524 166749067 946750524
149396877 946750524 149396877 971953354
149396877 971953354 149396877 972765285
149396877 971953354 160246459 971953354
149396877 972765285 160200120 974305380
119319984 938006988 119319984 968209292
160200120 974305380 191437204 983829729
0 554682090 48758375 554682090
107685992 891606827 157598274 891606827
55760941 814904872 55760941 865557758
55760941 865557758 65295943 883482743
45292255 576849159 91836837 581782169
91836837 581782169 99496547 581782169
91836837 581782169 91836837 590566280
99496547 581782169 107597253 589846953
107597253 589846953 107597253 621780577
107597253 621780577 120072494 641387146
120072494 641387146 120072494 672638943
120072494 641387146 156266663 641387146
130288081 850334989 176437494 857975471
23939821 764766050 67078631 777152193
67078631 777152193 76541301 804499174
0 813639484 0 873133635
0 873133635 0 878551357
0 878551357 0 882218711
0 873133635 10015294 873133635
10015294 873133635 18384615 878551357
18384615 878551357 18384615 882218711
18384615 878551357 48583782 878551357
48583782 878551357 53582305 883482743
53582305 883482743 53582305 912078313
53582305 912078313 63390932 912078313
63390932 912078313 64157068 934615311
64157068 934615311 68071907 954954791
53582305 912078313 53582305 941949009
53582305 941949009 54018052 977329652
54018052 977329652 70788270 993840727
130888551 752407730 168116941 782618517
528219595 912695904 549646712 963099066
244045124 522978276 261937175 576987994
261937175 576987994 273736019 577822980
191437204 983829729 253828475 993771258
910926627 342680626 932084527 393900787
932084527 393900787 934786762 393900787
932084527 393900787 932084527 403876877
932084527 403876877 932341109 405731929
934786762 393900787 956049366 402198452
956049366 402198452 965443273 404796443
965443273 404796443 981528652 404796443
965443273 404796443 965443273 466155913
965443273 466155913 985629445 475054446
610275314 253761870 656793230 281056676
656793230 281056676 664296172 281056676
664296172 281056676 664296172 284928640
664296172 281056676 670112402 281056676
656793230 281056676 656793230 293432479
670112402 281056676 677638386 299086202
677638386 299086202 703569423 311495604
703569423 311495604 713620990 311495604
703569423 311495604 703569423 331932535
703569423 331932535 710370035 388633958
710370035 388633958 713756474 388633958
713756474 388633958 713756474 392000944
713756474 388633958 740988065 388633958
761323659 307308138 761323659 381662561
558040530 508800918 602770045 538448876
602770045 538448876 613850749 548129381
613850749 548129381 635494486 554605563
635494486 554605563 635494486 571080933
487013812 238474123 541328502 259147073
541328502 259147073 553765479 271526507
553765479 271526507 553765479 290846845
553765479 290846845 556673204 290846845
553765479 290846845 553765479 300040760
553765479 271526507 573649361 271526507
573649361 271526507 600292498 274567002
600292498 274567002 627170030 317674875
627170030 317674875 628325299 325964646
628325299 325964646 648961861 325964646
628325299 325964646 628325299 358619118
18384615 882218711 18462652 957221354
18462652 957221354 23455743 980130561
624642230 908741711 627051508 982923563
627051508 982923563 659191420 999131128
156266663 641387146 159981762 715419219
359066602 593038380 363438928 668092134
363438928 668092134 374129242 670699551
374129242 670699551 374129242 671634634
374129242 670699551 377158289 670699551
155054537 352219304 189427616 398876975
312646059 577817588 342936866 628636635
342936866 628636635 342936866 631654136
342936866 628636635 350656055 628636635
350656055 628636635 354928118 642921951
354928118 642921951 354928118 661610418
354928118 661610418 357856491 679178400
357856491 679178400 361081113 679178400
354928118 642921951 407357696 642921951
407357696 642921951 414073745 653705131
660523974 554605563 692788248 604547708
357401293 274620636 393971474 324047784
393971474 324047784 395354775 339676440
395354775 339676440 395354775 339775512
395354775 339676440 401928364 339676440
401928364 339676440 435510661 343757673
435510661 343757673 438026551 343757673
438026551 343757673 438026551 352026853
438026551 352026853 462823059 359487770
462823059 359487770 464787349 359487770
462823059 359487770 462823059 364507526
462823059 364507526 465780131 366406425
465780131 366406425 466979795 366406425
465780131 366406425 465780131 398534385
435510661 343757673 435510661 390584365
466979795 366406425 504502667 376189268
504502667 376189268 506208116 392036620
438026551 343757673 493730922 343757673
465072549 224385831 465072549 310410917
210041757 0 298167202 0
298167202 0 301362214 0
301362214 0 304750585 0
304750585 0 327250596 0
327250596 0 329309398 0
329309398 0 329309398 19283709
329309398 0 358288587 0
358288587 0 372644045 0
327250596 0 327250596 29466517
327250596 29466517 328715826 54668632
328715826 54668632 331072857 54668632
328715826 54668632 328715826 88765152
328715826 88765152 349309136 89303185
372644045 0 411728264 0
411728264 0 425322751 0
411728264 0 411728264 23535537
425322751 0 454707450 0
454707450 0 470280393 0
470280393 0 473901294 0
470280393 0 470280393 5622870
473901294 0 481495797 0
481495797 0 481595291 0
481595291 0 481595291 896175
481495797 0 481495797 10260676
470280393 5622870 473901294 19534398
454707450 0 454707450 17967472
411728264 23535537 425322751 44812586
425322751 44812586 438746884 52959588
301362214 0 301362214 39266648
301362214 39266648 304750585 41063526
298167202 0 298167202 40044329
349309136 89303185 387083935 91818197
387083935 91818197 387083935 92557859
387083935 91818197 401626534 91818197
438746884 52959588 443665619 89194227
443665619 89194227 477920158 89194227
477920158 89194227 480209797 90186814
480209797 90186814 480209797 110682204
480209797 110682204 482272001 119918990
480209797 90186814 512936555 90186814
372644045 0 372644045 43304222
481595291 0 525352989 0
525352989 0 525858347 0
525858347 0 528316011 0
528316011 0 528316011 22923391
525352989 0 525352989 27588704
525352989 27588704 532121775 55298276
532121775 55298276 549468709 55298276
532121775 55298276 532121775 72939589
532121775 72939589 540523205 75584990
540523205 75584990 540523205 82589667
540523205 75584990 580300571 75584990
580300571 75584990 581312821 84792402
581312821 84792402 581312821 94791024
581312821 94791024 581312821 102039310
581312821 94791024 591418646 94791024
581312821 84792402 599191250 84792402
581312821 102039310 589577392 119128969
589577392 119128969 610794397 125543738
610794397 125543738 623030114 145887779
599191250 84792402 629629032 89020494
629629032 89020494 642189489 120389057
642189489 120389057 642189489 121309745
642189489 120389057 677940808 120389057
677940808 120389057 703931270 124731978
703931270 124731978 709089125 124731978
709089125 124731978 709089125 128975462
703931270 124731978 703931270 133437806
703931270 133437806 704652086 137031448
709089125 128975462 721726256 129427503
721726256 129427503 723315760 131489670
723315760 131489670 723315760 139809802
723315760 139809802 741515150 139809802
723315760 139809802 723315760 160579532
723315760 160579532 737124857 166954608
737124857 166954608 737124857 173752747
737124857 173752747 741963246 173752747
737124857 173752747 737124857 193736433
723315760 131489670 746749259 131489670
737124857 166954608 764197807 166954608
709089125 124731978 740895326 124731978
740895326 124731978 753323944 127050136
764197807 166954608 791106918 179724113
791106918 179724113 791106918 209832891
791106918 179724113 829675637 179724113
829675637 179724113 831507086 204733781
831507086 204733781 831507086 216473044
831507086 204733781 870072843 204733781
831507086 216473044 856889575 230409556
856889575 230409556 867065296 243707867
358288587 0 358288587 44855126
358288587 44855126 363291065 80228192
363291065 80228192 381512371 84256019
372644045 43304222 401065577 63976709
401065577 63976709 401065577 67228694
401065577 63976709 406885617 63976709
406885617 63976709 422704075 77956575
867065296 243707867 913048017 251358430
304750585 41063526 319954722 98109261
623030114 145887779 670292684 172465137
528316011 0 607075756 0
607075756 0 607075756 5958621
607075756 0 652038273 0
652038273 0 652038273 19261255
652038273 0 701767744 0
701767744 0 701767744 29477734
701767744 0 757297477 0
757297477 0 757297477 10246537
757297477 0 802714166 0
802714166 0 803769356 0
803769356 0 803769356 5068313
802714166 0 802714166 5849159
803769356 0 809890506 0
809890506 0 809890506 12651830
809890506 0 837075712 0
837075712 0 839013047 0
839013047 0 842668115 0
842668115 0 842881674 0
842881674 0 851999620 0
842668115 0 842668115 9672822
837075712 0 837075712 10776823
851999620 0 864408791 0
864408791 0 865160518 0
865160518 0 876181656 0
876181656 0 876181656 12626100
837075712 10776823 839013047 26602861
839013047 26602861 842881674 30501795
842881674 30501795 851999620 38036606
851999620 38036606 851999620 45461122
851999620 38036606 864408791 38036606
864408791 38036606 865160518 39037222
865160518 39037222 874750932 54758677
874750932 54758677 874750932 70324910
874750932 70324910 880980194 70324910
880980194 70324910 880980194 75787147
880980194 70324910 895691860 70324910
880980194 75787147 886897585 85434881
886897585 85434881 886897585 94303724
886897585 94303724 888873430 97198332
888873430 97198332 890237723 97198332
888873430 97198332 888873430 114876984
886897585 85434881 907342048 85434881
907342048 85434881 908524276 89748595
908524276 89748595 908524276 90971911
908524276 90971911 915965885 94392872
908524276 89748595 925371437 89748595
874750932 70324910 874750932 92486078
874750932 54758677 902543543 54758677
925371437 89748595 945483319 98387512
945483319 98387512 947384182 108417110
947384182 108417110 954798153 108417110
876181656 0 906797416 0
906797416 0 906797416 13221031
906797416 0 926622877 0
926622877 0 926622877 3430224
926622877 0 945276057 0
945276057 0 949444430 0
949444430 0 949444430 4335689
945276057 0 945276057 35750551
945276057 35750551 950991533 42507783
950991533 42507783 953828007 48834156
953828007 48834156 969901390 48834156
969901390 48834156 974614657 58482633
974614657 58482633 974614657 66218346
974614657 58482633 983218037 58482633
983218037 58482633 999950381 70043858
953828007 48834156 953828007 81894262
902543543 54758677 929675628 66522105
947384182 108417110 947384182 151591152
949444430 4335689 985031398 15295337
985031398 15295337 986105734 15295337
985031398 15295337 985031398 25888814
954798153 108417110 988111171 123833879
988111171 123833879 994112176 123833879
988111171 123833879 988111171 139614512
988111171 139614512 991533089 165119884
888873430 114876984 894692829 162582446
894692829 162582446 912060359 162582446
894692829 162582446 894692829 199376050
912060359 162582446 931931034 195169742
931931034 195169742 935180800 220404410
935180800 220404410 935180800 236346035
935180800 220404410 976551480 220404410
976551480 220404410 984182876 220404410
976551480 220404410 976551480 232432514
976551480 232432514 977712403 239234924
977712403 239234924 989123653 239234924
989123653 239234924 994501646 253625283
977712403 239234924 977712403 264889730
757297477 10246537 761760100 70755183
761760100 70755183 771288774 76075605
771288774 76075605 790313916 76075605
790313916 76075605 790313916 79409759
790313916 76075605 807677642 76075605
771288774 76075605 771288774 96004862
807677642 76075605 818024907 90523283
818024907 90523283 818024907 95253332
818024907 90523283 830427742 90523283
818024907 95253332 829915191 121107863
829915191 121107863 839008656 121107863
829915191 121107863 829915191 162879944
829915191 162879944 833072060 177053194
839008656 121107863 859801946 152399890
830427742 90523283 861106544 113652055
652038273 19261255 686785267 54534441
686785267 54534441 697978398 54534441
686785267 54534441 686785267 84481601
686785267 84481601 726237317 98330729
726237317 98330729 739189284 114705228
739189284 114705228 739189284 118734050
739189284 114705228 759147702 114705228
741515150 139809802 804665050 159497717
157598274 891606827 238783732 903549889
238783732 903549889 261747574 946630252
703411401 516001679 718855436 597789466
718855436 597789466 719282945 597789466
718855436 597789466 718855436 603261051
473901294 19534398 523242917 73823211
523242917 73823211 524857385 74472700
849517236 477723779 898725034 552205456
898725034 552205456 920762562 563707324
920762562 563707324 928757380 590374600
928757380 590374600 947226269 635459244
