1453
0 0 2207009 0
0 0 0 27771618
0 27771618 2207009 27771618
0 27771618 0 52621546
0 52621546 10494397 52621546
0 52621546 0 68834752
0 68834752 0 76721675
0 76721675 0 105910791
0 105910791 3476295 105910791
0 105910791 0 110943507
0 110943507 0 113683797
0 113683797 0 135898305
0 113683797 28589694 113683797
28589694 113683797 36810419 135898305
0 68834752 30729392 68834752
30729392 68834752 48274631 76721675
0 110943507 33933891 110943507
33933891 110943507 51045275 112940366
51045275 112940366 64094756 112940366
51045275 112940366 51045275 126425376
64094756 112940366 86186008 114960489
86186008 114960489 88397288 114960489
86186008 114960489 86186008 120526710
86186008 120526710 88946136 124697774
88946136 124697774 117703240 130306372
117703240 130306372 117703240 142891564
117703240 130306372 136668423 130306372
0 135898305 0 177077712
0 177077712 0 185811224
0 185811224 0 192817837
0 185811224 8791097 185811224
8791097 185811224 9346726 192817837
0 177077712 9908047 177077712
0 192817837 0 228767031
0 228767031 12564221 228767031
117703240 142891564 124312887 180770238
124312887 180770238 134561527 180770238
134561527 180770238 139333413 207478048
139333413 207478048 139333413 224789292
139333413 207478048 171153924 207478048
171153924 207478048 188205374 216126919
188205374 216126919 194317259 216126919
194317259 216126919 194317259 219933335
194317259 216126919 204271205 216126919
124312887 180770238 124312887 215154128
204271205 216126919 205581278 261688816
205581278 261688816 242170393 261972768
242170393 261972768 248152782 280523983
248152782 280523983 248152782 303745195
248152782 280523983 275422516 280523983
275422516 280523983 275813260 286108575
10494397 52621546 54741225 57340712
54741225 57340712 86576650 62428000
86576650 62428000 90443548 75903182
90443548 75903182 99367923 75903182
99367923 75903182 106921594 78077633
106921594 78077633 106921594 81568750
90443548 75903182 90443548 91325789
106921594 78077633 128698997 78077633
128698997 78077633 142263230 104148910
142263230 104148910 157824579 114755509
157824579 114755509 176398578 121649156
176398578 121649156 179351025 121649156
179351025 121649156 179351025 122342878
179351025 121649156 203993743 121649156
203993743 121649156 204795732 135344977
204795732 135344977 204795732 166057869
176398578 121649156 176398578 152852759
176398578 152852759 179091567 152852759
176398578 152852759 176398578 173903227
176398578 173903227 186375491 193739684
204795732 166057869 230929860 175547056
230929860 175547056 237470926 175547056
237470926 175547056 240877029 176883632
240877029 176883632 240877029 182708342
230929860 175547056 230929860 185746768
240877029 176883632 261150364 176883632
240877029 182708342 241649403 205954506
204795732 135344977 245669336 135344977
245669336 135344977 262728692 136434258
262728692 136434258 273688047 136434258
273688047 136434258 273887413 136434258
273688047 136434258 273688047 141639282
262728692 136434258 262728692 161404089
262728692 161404089 287966662 172751531
287966662 172751531 293878831 174819239
293878831 174819239 317909446 174819239
317909446 174819239 355640315 177177565
293878831 174819239 293878831 218851827
293878831 218851827 306585918 233436019
306585918 233436019 306585918 233548833
306585918 233548833 315669346 237542542
315669346 237542542 331409057 237636322
306585918 233436019 336139193 233436019
355640315 177177565 369583691 208636617
369583691 208636617 376362186 213034130
376362186 213034130 376362186 242806396
376362186 242806396 377901897 242806396
377901897 242806396 377901897 244125853
377901897 242806396 385058366 242806396
376362186 242806396 376362186 253559770
376362186 213034130 410083261 213034130
410083261 213034130 410083261 215405746
410083261 213034130 415109825 213034130
336139193 233436019 343976141 271980348
343976141 271980348 343976141 284277241
343976141 271980348 357674428 271980348
357674428 271980348 358371751 276329950
358371751 276329950 373880696 276329950
373880696 276329950 374985220 285282222
374985220 285282222 374985220 314155875
374985220 314155875 374985220 328009990
374985220 314155875 389834305 314155875
389834305 314155875 389834305 322446262
389834305 322446262 392999745 332855174
389834305 314155875 404094310 314155875
392999745 332855174 392999745 363066194
392999745 363066194 395385962 363066194
392999745 363066194 392999745 366832290
392999745 366832290 413634424 369899787
413634424 369899787 424056411 385548201
392999745 332855174 431538337 332855174
431538337 332855174 436851385 332855174
436851385 332855174 457755702 335446936
457755702 335446936 457755702 347802218
457755702 347802218 463378407 354330183
431538337 332855174 431538337 359427023
431538337 359427023 434465530 369374955
463378407 354330183 469555752 383959053
457755702 335446936 502098214 335446936
502098214 335446936 508323340 337437906
508323340 337437906 520234155 337437906
508323340 337437906 508323340 359039033
508323340 359039033 522010388 375593553
522010388 375593553 531799027 411278839
531799027 411278839 534075835 418243539
534075835 418243539 534075835 427344338
534075835 418243539 547309277 418243539
547309277 418243539 555394417 421987181
534075835 427344338 539754880 441993841
539754880 441993841 545578483 444972065
545578483 444972065 545578483 456589555
545578483 444972065 578154359 444972065
424056411 385548201 459775830 396694098
469555752 383959053 507560764 393712345
507560764 393712345 516918819 411278839
516918819 411278839 516918819 412068512
516918819 412068512 518630813 431176684
518630813 431176684 518630813 435325340
518630813 431176684 528749911 431176684
518630813 435325340 525461643 441993841
525461643 441993841 525461643 450563304
241649403 205954506 242170393 253266261
242170393 253266261 252244268 253266261
0 228767031 0 279138456
0 279138456 40855655 279138456
40855655 279138456 52014923 286168572
52014923 286168572 56350152 287688682
56350152 287688682 57337449 292262627
57337449 292262627 63327471 297331250
63327471 297331250 67563200 297331250
63327471 297331250 63327471 326406749
63327471 326406749 74636740 340058857
74636740 340058857 74636740 343505348
74636740 340058857 78780611 340058857
78780611 340058857 89430926 350110603
89430926 350110603 89690736 365040034
89690736 365040034 119401851 382703557
119401851 382703557 125144645 382703557
125144645 382703557 125144645 385652847
125144645 382703557 130581526 382703557
130581526 382703557 133796357 398694588
119401851 382703557 119401851 404589091
133796357 398694588 142195005 421773584
142195005 421773584 142195005 436780436
142195005 436780436 150867901 436780436
150867901 436780436 167223004 439320241
142195005 436780436 142195005 460643899
142195005 421773584 166992937 421773584
166992937 421773584 166992937 425777553
166992937 421773584 195423402 421773584
545578483 456589555 550671688 502523055
550671688 502523055 574667170 507376672
574667170 507376672 586261188 509471112
586261188 509471112 617723436 509471112
617723436 509471112 621486025 509471112
621486025 509471112 622078260 516257418
622078260 516257418 631379349 517525247
631379349 517525247 631379349 523558346
631379349 523558346 631379349 524698835
631379349 523558346 633183755 523558346
617723436 509471112 617723436 531396893
617723436 531396893 618266350 531396893
617723436 531396893 617723436 538193137
631379349 524698835 632755196 545711636
586261188 509471112 586261188 557945667
586261188 557945667 591996725 557945667
586261188 557945667 586261188 572711867
586261188 572711867 627159837 584970242
627159837 584970242 633529555 614333934
633529555 614333934 652732570 614333934
633529555 614333934 633529555 649321182
633529555 649321182 642509023 649321182
633529555 649321182 633529555 661784906
652732570 614333934 681283606 630751385
681283606 630751385 695063271 640299580
695063271 640299580 695497094 640397175
695497094 640397175 702905783 640397175
702905783 640397175 719615084 652541713
719615084 652541713 719615084 657318621
719615084 652541713 730328499 652541713
730328499 652541713 734684181 653171195
734684181 653171195 765709533 653171195
765709533 653171195 776143195 673917029
776143195 673917029 776143195 676799714
776143195 676799714 787326903 676799714
787326903 676799714 788837334 683565279
776143195 676799714 776143195 701812376
776143195 673917029 805547005 673917029
805547005 673917029 813360849 675274518
813360849 675274518 819275883 678444052
819275883 678444052 819275883 686117338
819275883 678444052 830178012 678444052
830178012 678444052 830178012 684615951
695497094 640397175 695497094 673262584
830178012 678444052 866180296 678444052
734684181 653171195 734684181 692281035
734684181 692281035 744770262 692281035
744770262 692281035 746217180 704579755
734684181 692281035 734684181 717074307
819275883 686117338 820079074 725691810
820079074 725691810 839204056 725691810
820079074 725691810 820079074 766876452
820079074 766876452 826129822 766876452
820079074 766876452 820079074 802822347
695497094 673262584 698431667 720871231
698431667 720871231 698431667 732817769
698431667 720871231 715588743 720871231
820079074 802822347 856602554 819069080
856602554 819069080 893525109 819927646
893525109 819927646 900425016 819927646
893525109 819927646 893525109 832217981
893525109 832217981 894663210 842530996
894663210 842530996 894663210 866814753
894663210 866814753 895204427 888241117
895204427 888241117 897866532 888241117
895204427 888241117 895204427 903343628
895204427 903343628 914299278 908128087
914299278 908128087 926652503 908128087
914299278 908128087 914299278 929777086
894663210 842530996 927374398 842530996
927374398 842530996 937716881 842530996
927374398 842530996 927374398 865628562
914299278 929777086 923724468 953601029
923724468 953601029 947645900 959131017
947645900 959131017 957430358 959131017
947645900 959131017 947645900 989923547
927374398 865628562 956181805 874026192
956181805 874026192 959368401 874026192
959368401 874026192 959368401 881506189
959368401 881506189 961531319 881506189
961531319 881506189 961986269 886244473
959368401 881506189 959368401 894089098
959368401 874026192 974894488 874026192
974894488 874026192 976836951 889037087
956181805 874026192 956181805 899547587
897866532 888241117 922437229 902878631
976836951 889037087 983945432 931472037
983945432 931472037 985481926 935878417
985481926 935878417 985481926 943047071
985481926 935878417 996690651 935878417
839204056 725691810 877293468 740406555
877293468 740406555 877293468 745050924
877293468 740406555 885151841 740406555
877293468 745050924 883266603 784063022
883266603 784063022 887061216 798178698
887061216 798178698 887061216 813897104
887061216 798178698 922442715 798178698
866180296 678444052 902583781 695530980
902583781 695530980 902583781 702050262
902583781 695530980 911039094 695530980
911039094 695530980 913751411 709986044
913751411 709986044 932458552 712096291
932458552 712096291 950300266 712096291
932458552 712096291 932458552 737180432
950300266 712096291 963211282 734820083
963211282 734820083 968585642 765019495
968585642 765019495 968585642 768938962
968585642 768938962 968585642 777537583
968585642 768938962 980677653 768938962
980677653 768938962 980677653 769771728
980677653 768938962 984754439 768938962
968585642 765019495 999894332 765019495
195423402 421773584 219534108 451390938
219534108 451390938 229342762 457545085
229342762 457545085 246312179 461414163
246312179 461414163 275588922 461414163
246312179 461414163 246312179 513916912
246312179 513916912 275766099 532578161
275766099 532578161 275766099 541061743
275766099 532578161 286243897 532578161
286243897 532578161 313075547 533028783
313075547 533028783 313075547 541496553
313075547 533028783 324882325 533028783
324882325 533028783 325029552 550310199
325029552 550310199 325029552 561915635
325029552 550310199 348952301 550310199
348952301 550310199 350493314 555020871
350493314 555020871 350493314 558604311
350493314 555020871 357341515 555020871
325029552 561915635 346557652 565609845
357341515 555020871 380023619 568971425
380023619 568971425 386081926 600164855
386081926 600164855 386791542 600164855
386791542 600164855 386791542 600335719
386791542 600164855 394821497 600164855
386081926 600164855 386081926 614427113
386081926 614427113 395882105 617517986
395882105 617517986 395882105 628073429
395882105 628073429 399850123 647051431
399850123 647051431 399850123 661572594
399850123 661572594 399850123 674277199
399850123 661572594 418741563 661572594
399850123 647051431 419391544 647051431
419391544 647051431 427638880 655510696
427638880 655510696 432595920 655510696
432595920 655510696 432595920 657146567
427638880 655510696 427638880 673332835
427638880 673332835 436179474 678428408
436179474 678428408 437726404 678428408
436179474 678428408 436179474 708996379
436179474 708996379 449883696 714930241
449883696 714930241 456306179 714930241
456306179 714930241 463763945 716996472
449883696 714930241 449883696 743626149
449883696 743626149 463763945 746800727
463763945 746800727 465153467 763422836
465153467 763422836 465153467 774808234
463763945 716996472 495108375 716996472
495108375 716996472 495108375 735804387
495108375 735804387 502053731 739151181
495108375 716996472 516301091 716996472
516301091 716996472 527525370 735383059
527525370 735383059 543646544 736971907
543646544 736971907 551840960 736971907
551840960 736971907 551840960 740586196
551840960 736971907 570154858 736971907
570154858 736971907 570154858 737346462
570154858 737346462 570286937 737346462
570154858 737346462 570154858 738389418
570154858 736971907 571878003 736971907
543646544 736971907 543646544 761788499
543646544 761788499 548395103 771654668
571878003 736971907 587709727 749794760
587709727 749794760 593441827 772296921
593441827 772296921 608811124 772296921
593441827 772296921 593441827 803515601
593441827 803515601 601599705 803515601
593441827 803515601 593441827 829450480
593441827 829450480 599759629 847686498
599759629 847686498 628397046 848501908
628397046 848501908 649430536 850678033
502053731 739151181 511211690 763422836
649430536 850678033 660020348 875695835
660020348 875695835 660020348 880922477
660020348 880922477 660222223 886656505
660020348 875695835 669893341 875695835
660222223 886656505 661658476 895638645
661658476 895638645 661658476 904029128
661658476 904029128 662659867 904029128
669893341 875695835 684834820 879700237
661658476 895638645 683283881 895638645
661658476 904029128 661658476 926672178
683283881 895638645 711466369 907130010
711466369 907130010 718266732 907130010
718266732 907130010 718266732 913753476
718266732 907130010 731387365 907130010
711466369 907130010 711466369 926607896
711466369 926607896 730417867 944193181
730417867 944193181 738620775 956949246
738620775 956949246 738620775 986614635
738620775 986614635 738620775 988269645
738620775 986614635 747449073 986614635
747449073 986614635 747449073 987458867
747449073 987458867 754272064 995911338
747449073 986614635 763407554 986614635
432595920 655510696 472782831 655510696
472782831 655510696 491274845 656175242
491274845 656175242 494899869 656175242
491274845 656175242 491274845 677509964
494899869 656175242 523953532 664145908
523953532 664145908 523953532 670730343
523953532 670730343 538830439 685560578
523953532 664145908 554233172 664145908
554233172 664145908 583125883 668279597
738620775 956949246 779512513 956949246
779512513 956949246 785570402 956949246
785570402 956949246 792066189 960929306
779512513 956949246 779512513 968184607
792066189 960929306 816286802 972446114
816286802 972446114 844286693 981150450
844286693 981150450 870521996 981723598
870521996 981723598 876902395 981723598
870521996 981723598 870521996 999329421
876902395 981723598 879963754 999209153
437726404 678428408 456306179 701146324
456306179 701146324 458404826 701146324
458404826 701146324 477102598 708584833
608811124 772296921 640921663 781577832
640921663 781577832 640921663 783818716
640921663 781577832 657136444 781577832
601599705 803515601 632058674 817636421
632058674 817636421 635254134 817636421
635254134 817636421 638590278 827773978
638590278 827773978 638590278 836081458
638590278 827773978 649838583 827773978
649838583 827773978 649838583 832967906
632058674 817636421 632058674 842294465
649838583 827773978 688660403 827773978
688660403 827773978 714008388 851810671
395882105 617517986 446046985 617517986
446046985 617517986 482045993 627745404
2207009 0 56661955 0
56661955 0 60690300 0
60690300 0 65320333 0
65320333 0 65320333 6966824
65320333 0 79594501 0
79594501 0 91200922 0
91200922 0 105094988 0
105094988 0 105608468 0
79594501 0 79594501 21675124
79594501 21675124 91200922 23040214
91200922 23040214 102718629 38382558
102718629 38382558 105094988 38382558
105094988 38382558 105608468 47011687
102718629 38382558 102718629 50688211
56661955 0 56661955 30967133
56661955 30967133 60690300 33725973
374985220 285282222 429691240 285282222
429691240 285282222 462722589 290615538
462722589 290615538 473937664 294627637
186375491 193739684 226086729 209291235
226086729 209291235 230339338 243140594
230339338 243140594 234718139 284386603
234718139 284386603 234718139 286119227
234718139 284386603 237405998 284386603
237405998 284386603 246594314 329414605
246594314 329414605 251723936 356512440
251723936 356512440 251723936 364480805
251723936 364480805 251723936 367328519
251723936 364480805 273179992 364480805
273179992 364480805 273362755 371365216
273362755 371365216 308675436 371365216
273362755 371365216 273362755 411668672
273362755 411668672 293303172 411668672
273362755 411668672 273362755 438921690
273362755 438921690 299783919 445055999
299783919 445055999 331290599 446000701
331290599 446000701 331290599 446115495
331290599 446000701 344474530 446000701
344474530 446000701 345772872 452114116
345772872 452114116 345772872 466095049
345772872 466095049 346624474 492500403
346624474 492500403 346624474 494565019
346624474 492500403 348773990 492500403
348773990 492500403 348773990 492595194
348773990 492500403 369239921 492500403
331290599 446115495 340374963 469062436
345772872 452114116 379802302 452114116
308675436 371365216 349930324 371968072
349930324 371968072 349930324 376247174
349930324 371968072 364559145 371968072
379802302 452114116 409086013 467066564
409086013 467066564 415808330 467066564
415808330 467066564 415808330 467780396
415808330 467066564 416634929 467066564
409086013 467066564 409086013 476535460
416634929 467066564 430142511 468860925
430142511 468860925 441271112 468860925
430142511 468860925 430142511 494106772
430142511 494106772 434135821 501871004
434135821 501871004 462783008 512745362
462783008 512745362 462783008 520496775
462783008 512745362 498588219 512745362
498588219 512745362 498588219 516597619
498588219 512745362 504470028 512745362
498588219 516597619 502368609 523584308
502368609 523584308 517763808 545284286
517763808 545284286 519680153 552263133
519680153 552263133 520551065 580942784
520551065 580942784 535843824 580942784
535843824 580942784 538674360 582078390
520551065 580942784 520551065 601843549
520551065 601843549 533788271 613544044
409086013 476535460 423533994 507726048
423533994 507726048 423866152 514629714
251723936 356512440 300937908 356512440
369239921 492500403 398978166 515332375
398978166 515332375 407066540 516042799
473937664 294627637 519318508 304653424
519318508 304653424 520234155 309498149
520234155 309498149 520234155 328456698
520234155 328456698 525897218 328456698
525897218 328456698 565678602 328603597
565678602 328603597 570887496 353818390
570887496 353818390 570887496 363105555
570887496 363105555 575973396 363105555
570887496 363105555 570887496 371278300
570887496 353818390 601654796 353818390
520234155 309498149 562160887 309498149
465153467 774808234 472130500 825615071
472130500 825615071 480542960 833110542
480542960 833110542 480542960 834830233
480542960 833110542 492573738 833110542
492573738 833110542 507785985 842734163
507785985 842734163 507785985 845284744
507785985 842734163 511282706 842734163
511282706 842734163 511282706 843858998
511282706 842734163 529536082 842734163
529536082 842734163 536039539 846681317
536039539 846681317 536039539 847237305
511282706 843858998 522907778 851334653
522907778 851334653 524376755 851334653
536039539 846681317 558147100 846681317
522907778 851334653 522907778 876226722
522907778 876226722 544482177 898421622
544482177 898421622 555996185 906257408
555996185 906257408 559743169 906257408
559743169 906257408 566683591 912849152
566683591 912849152 583997189 912849152
583997189 912849152 596443422 931780373
596443422 931780373 609218258 931780373
609218258 931780373 611871986 940889952
611871986 940889952 619456029 940889952
596443422 931780373 596443422 950148523
611871986 940889952 611871986 968474294
611871986 968474294 614619998 968474294
611871986 968474294 611871986 971488107
611871986 971488107 613322710 992586378
613322710 992586378 613322710 995402730
555996185 906257408 555996185 938140834
555996185 938140834 555996185 938546500
555996185 938140834 557421190 938140834
557421190 938140834 566683591 950148523
566683591 950148523 566683591 951909635
566683591 951909635 570443303 951909635
570443303 951909635 579118693 960510941
579118693 960510941 593556579 960510941
579118693 960510941 579118693 979838725
613322710 992586378 647102590 992586378
619456029 940889952 648527364 947245202
566683591 951909635 566683591 987481082
647102590 992586378 681052850 995792568
480542960 834830233 481286731 889228860
481286731 889228860 488704744 930693847
488704744 930693847 500064917 933337545
500064917 933337545 513325938 933337545
513325938 933337545 531851779 933337545
513325938 933337545 513325938 956574320
500064917 933337545 500064917 976971077
632755196 545711636 686985646 549778354
686985646 549778354 701435652 550934758
701435652 550934758 711273669 550934758
701435652 550934758 701435652 568730537
701435652 568730537 705442883 577937473
705442883 577937473 705442883 581076085
705442883 577937473 709440843 577937473
711273669 550934758 723436457 561338200
723436457 561338200 723436457 566031915
723436457 561338200 743188366 561338200
743188366 561338200 743625596 562669004
743625596 562669004 743625596 563417832
743625596 563417832 745367756 570195500
743625596 562669004 776446244 562669004
776446244 562669004 791423035 569788056
791423035 569788056 797325287 571676460
797325287 571676460 797325287 583464370
797325287 571676460 821754363 571676460
821754363 571676460 835493433 578284739
797325287 583464370 804633734 604005780
835493433 578284739 842949331 605759632
745367756 570195500 753484955 608564036
753484955 608564036 753484955 613097779
753484955 608564036 762964072 608564036
762964072 608564036 762964072 611765752
762964072 608564036 775101831 608564036
842949331 605759632 846591808 651575387
846591808 651575387 866180296 652684885
866180296 652684885 867525279 652684885
867525279 652684885 867525279 667622566
867525279 652684885 886324157 652684885
886324157 652684885 901893676 661078847
901893676 661078847 910093774 661078847
901893676 661078847 901893676 671972041
901893676 671972041 922443235 677302244
922443235 677302244 922443235 683148065
922443235 677302244 933008260 677302244
933008260 677302244 933008260 683049649
933008260 677302244 959029243 677302244
959029243 677302244 970931216 679347077
970931216 679347077 972260704 679347077
970931216 679347077 970931216 703786802
970931216 703786802 984426982 709588156
142195005 460643899 146968207 515372899
146968207 515372899 151046158 516514439
151046158 516514439 151046158 531788600
151046158 531788600 151519365 531788600
151046158 531788600 151046158 534148122
151046158 516514439 193979701 516514439
151046158 534148122 186941176 543549468
186941176 543549468 190641331 566605305
190641331 566605305 190641331 588824318
190641331 566605305 230673735 566605305
230673735 566605305 234688028 572908626
234688028 572908626 262495834 572908626
262495834 572908626 265763889 586761052
234688028 572908626 234688028 602954342
234688028 602954342 248275899 602954342
248275899 602954342 254658213 608717806
234688028 602954342 234688028 630655600
234688028 630655600 246282944 641132640
246282944 641132640 263855084 641132640
254658213 608717806 282906827 609075221
282906827 609075221 292951372 609075221
292951372 609075221 292951372 618443176
282906827 609075221 282906827 623152240
282906827 623152240 286477804 635528620
286477804 635528620 309263376 635528620
309263376 635528620 312071837 637056027
292951372 609075221 318304736 609075221
286477804 635528620 286477804 666719171
286477804 666719171 299893072 668583086
299893072 668583086 299893072 676706849
299893072 668583086 312071837 668583086
299893072 676706849 299893072 695319314
246282944 641132640 246282944 672837517
246282944 672837517 262045636 674877784
262045636 674877784 276324950 674877784
276324950 674877784 283303545 674877784
276324950 674877784 276324950 709729266
276324950 709729266 282702708 720760047
282702708 720760047 288797764 727438758
288797764 727438758 288797764 735118295
288797764 727438758 306426833 727438758
306426833 727438758 325467749 739304530
325467749 739304530 334426614 739304530
334426614 739304530 334426614 740497224
334426614 739304530 361823934 739304530
325467749 739304530 325467749 774576997
325467749 774576997 332769337 789792835
312071837 668583086 345786329 672906132
345786329 672906132 349454274 672906132
345786329 672906132 345786329 676706849
332769337 789792835 368282200 793412758
368282200 793412758 371450904 793412758
368282200 793412758 368282200 812415168
368282200 812415168 406055936 815239032
406055936 815239032 423005011 824312283
423005011 824312283 436268864 824626628
436268864 824626628 436959571 835514865
436959571 835514865 436959571 837593192
436959571 837593192 440445529 837593192
436959571 835514865 461942727 835514865
436959571 837593192 436959571 867444272
436959571 867444272 437220049 889228860
437220049 889228860 437220049 901130766
437220049 901130766 453302304 901130766
437220049 901130766 437220049 919819795
453302304 901130766 472812057 902117968
437220049 919819795 451572150 932392303
451572150 932392303 453761069 961483684
472812057 902117968 475987835 930693847
475987835 930693847 475987835 954578919
475987835 954578919 477987504 976971077
477987504 976971077 477987504 996932981
263855084 641132640 273139240 672557263
334426614 740497224 360437873 759103711
262045636 674877784 262045636 720760047
262045636 720760047 262045636 726630913
345786329 676706849 365648528 713922196
365648528 713922196 381307769 724728746
381307769 724728746 405002341 738757194
405002341 738757194 426849649 743626149
426849649 743626149 426849649 791110920
426849649 791110920 435780195 803216703
435780195 803216703 437675153 803216703
437675153 803216703 441796318 805046135
435780195 803216703 435780195 810574886
441796318 805046135 455211516 823347763
312071837 637056027 369279512 637056027
533788271 613544044 558040092 649940713
558040092 649940713 583125883 663981116
583125883 663981116 617637492 663981116
617637492 663981116 617993414 704396312
617993414 704396312 626829881 708467273
626829881 708467273 626829881 715281598
626829881 715281598 631783123 722497329
626829881 708467273 648392693 708467273
648392693 708467273 660933447 714424801
660933447 714424801 660933447 730165760
660933447 714424801 689137844 714424801
358371751 276329950 358371751 337358798
358371751 337358798 365061110 368495139
0 279138456 0 341385356
0 341385356 0 348475124
0 341385356 8694741 341385356
0 348475124 0 367329930
0 367329930 0 369893020
0 369893020 0 383897617
0 369893020 14915566 369893020
0 383897617 0 411896102
0 411896102 0 418186649
0 418186649 4141280 418186649
0 411896102 23664866 411896102
8694741 341385356 35124735 348475124
35124735 348475124 38221203 367329930
14915566 369893020 36300465 383897617
0 418186649 0 457076400
0 457076400 0 458670351
0 458670351 0 465385092
0 465385092 0 490315162
0 490315162 29063268 490315162
0 465385092 29882776 465385092
0 458670351 30416088 458670351
0 457076400 30896720 457076400
29882776 465385092 78652020 472268644
78652020 472268644 81074182 474240638
81074182 474240638 81074182 497299443
81074182 497299443 92392035 501085179
92392035 501085179 120933582 504145353
120933582 504145353 127732381 519053634
127732381 519053634 130551870 519053634
127732381 519053634 127732381 522393362
81074182 474240638 113665331 474240638
113665331 474240638 130607540 478629799
23664866 411896102 64547014 429314424
64547014 429314424 99311817 432081737
127732381 522393362 144192913 567534448
99311817 432081737 132969253 461000549
633183755 523558346 679217901 540341221
679217901 540341221 680698632 541542885
657136444 781577832 704335568 797307929
704335568 797307929 714008388 808671695
714008388 808671695 730824406 808671695
730824406 808671695 761884101 821496924
761884101 821496924 761884101 822488609
761884101 822488609 768525066 843224581
768525066 843224581 768525066 843712146
768525066 843712146 771255862 843712146
768525066 843224581 787529340 843224581
768525066 843712146 768525066 885661236
768525066 885661236 795102356 892521514
795102356 892521514 827513601 892521514
827513601 892521514 856801985 897627965
856801985 897627965 856869416 919923465
795102356 892521514 795102356 927189760
761884101 821496924 816855682 821496924
816855682 821496924 836549060 859372226
188205374 216126919 188205374 280016181
660933447 730165760 678052051 777129136
0 490315162 0 554832908
0 554832908 1539511 554832908
0 554832908 0 565152724
0 565152724 0 590716108
0 590716108 7158799 590716108
0 565152724 49131375 565152724
49131375 565152724 65127188 566028908
65127188 566028908 65616549 566028908
65616549 566028908 77230613 566028908
65616549 566028908 65616549 578602124
65616549 578602124 76088919 597373147
76088919 597373147 78451708 603956770
78451708 603956770 128761969 606877768
128761969 606877768 134634821 620948590
134634821 620948590 134634821 622797753
134634821 622797753 137586341 622797753
137586341 622797753 143864371 625309350
134634821 622797753 134634821 644683097
134634821 644683097 142050433 661504541
142050433 661504541 155068636 661504541
134634821 620948590 160571378 620948590
155068636 661504541 170668163 683046574
170668163 683046574 175083629 683046574
170668163 683046574 170668163 709640779
175083629 683046574 179585526 705883895
179585526 705883895 184513570 708953245
184513570 708953245 192964899 708953245
184513570 708953245 184513570 726383170
184513570 726383170 184797735 726926379
142050433 661504541 142050433 699463127
142050433 699463127 142050433 704426255
142050433 704426255 143563294 704426255
142050433 699463127 148368780 699463127
142050433 704426255 142050433 714035554
184797735 726926379 220451527 730798989
220451527 730798989 222352873 736470079
222352873 736470079 243608169 736470079
243608169 736470079 251096250 757143508
251096250 757143508 258350385 789499346
258350385 789499346 261121886 796514992
261121886 796514992 261121886 821005973
261121886 821005973 275745802 821005973
275745802 821005973 286463966 823370504
286463966 823370504 289592490 839430094
289592490 839430094 289592490 861712833
289592490 839430094 312956021 839430094
289592490 861712833 307245526 870729918
307245526 870729918 315304132 874650999
315304132 874650999 338874559 874650999
338874559 874650999 338874559 885072630
338874559 874650999 359838869 874650999
338874559 885072630 351079543 909452321
351079543 909452321 351323286 928278856
351323286 928278856 361970454 928278856
351323286 928278856 351323286 943357549
351323286 943357549 353385483 965335885
261121886 821005973 261121886 857677623
160571378 620948590 182072127 640869242
182072127 640869242 221285664 644355418
221285664 644355418 228813387 644355418
221285664 644355418 221285664 654002630
221285664 654002630 221534442 661035421
315304132 874650999 315304132 921630041
192964899 708953245 239866471 709745242
239866471 709745242 245218280 715366657
261121886 796514992 309241098 796514992
309241098 796514992 315612025 813325715
312956021 839430094 361210598 842352618
0 590716108 0 645686784
0 645686784 10073934 645686784
0 645686784 0 683452274
0 683452274 4361049 683452274
0 683452274 0 718324730
0 718324730 0 727862023
0 727862023 27113824 727862023
0 727862023 0 756857402
0 756857402 0 764881624
0 764881624 0 766669141
0 766669141 8582657 766669141
0 766669141 0 776654223
0 776654223 197848 776654223
0 776654223 0 777522520
0 777522520 0 793377373
0 793377373 13447611 793377373
0 756857402 16447314 756857402
0 793377373 0 810235518
0 810235518 0 816928597
0 816928597 0 822943230
0 822943230 562092 822943230
0 822943230 0 829594180
0 810235518 22786675 810235518
22786675 810235518 24464365 816928597
24464365 816928597 25260455 816928597
24464365 816928597 24464365 829594180
16447314 756857402 44762796 764749206
44762796 764749206 44762796 764881624
44762796 764749206 53977229 764749206
0 829594180 0 867978860
0 867978860 0 873215854
0 873215854 10395989 873215854
0 873215854 0 885413595
0 885413595 0 898146715
0 867978860 17665683 867978860
17665683 867978860 25174361 878711228
25174361 878711228 25174361 885413595
0 898146715 0 917567154
25174361 885413595 43736348 894303823
43736348 894303823 43736348 898146715
0 917567154 28077920 917567154
43736348 894303823 77535457 894303823
77535457 894303823 78207649 905372038
0 917567154 0 952564447
0 952564447 0 953141845
0 952564447 20813359 952564447
28077920 917567154 54429191 926419577
54429191 926419577 54429191 934552651
54429191 926419577 74920736 926419577
0 953141845 7932797 981892066
7932797 981892066 19046600 999465537
20813359 952564447 37306026 974572561
53977229 764749206 71819792 786586202
71819792 786586202 77060025 792793471
77060025 792793471 77060025 817145475
77060025 817145475 77267583 817145475
77267583 817145475 78033393 830606408
77060025 817145475 77060025 847168754
77060025 792793471 110581045 792793471
0 777522520 41709035 777522520
0 718324730 45702012 718324730
45702012 718324730 63076244 724262311
63076244 724262311 67941563 724262311
67941563 724262311 75605844 727459358
75605844 727459358 78357491 729459632
78357491 729459632 78357491 750170594
63076244 724262311 63076244 746219375
25174361 878711228 75343730 878711228
78033393 830606408 122254360 837594266
122254360 837594266 126355385 837758440
126355385 837758440 143431094 837758440
126355385 837758440 126355385 860677671
126355385 860677671 136882690 873925154
261121886 857677623 274064983 900081577
274064983 900081577 278378605 931631210
278378605 931631210 286441018 934016200
286441018 934016200 286441018 948908344
286441018 934016200 305495911 934016200
305495911 934016200 312680721 934016200
305495911 934016200 305495911 946931120
286441018 948908344 299333609 972856731
299333609 972856731 312054599 979742197
312054599 979742197 326175198 980053947
305495911 946931120 338969642 954490398
222352873 736470079 222352873 793162540
222352873 793162540 236256276 802974115
361210598 842352618 399947054 861592856
399947054 861592856 422993391 884804367
422993391 884804367 427678282 884804367
422993391 884804367 422993391 894314542
422993391 894314542 425811680 919669883
359838869 874650999 394371814 899327808
78207649 905372038 129765674 914614504
129765674 914614504 133792424 918060199
133792424 918060199 163878337 918060199
163878337 918060199 166783952 918060199
163878337 918060199 163878337 936734547
163878337 936734547 170057346 944013153
170057346 944013153 170057346 965913970
133792424 918060199 133792424 949959260
133792424 949959260 133792424 958815864
133792424 949959260 161266510 949959260
133792424 958815864 160916273 965913970
160916273 965913970 160916273 991104590
160916273 991104590 169806193 993803996
169806193 993803996 196353040 994144032
196353040 994144032 196353040 999912981
196353040 994144032 214635945 994144032
170057346 944013153 220975716 944013153
220975716 944013153 261561109 951462933
78357491 729459632 139543572 729459632
170057346 965913970 210173021 987398612
315612025 813325715 365474582 825832685
365474582 825832685 365746849 825832685
365474582 825832685 365474582 827538636
425811680 919669883 436091521 972591524
436091521 972591524 448123757 993624533
110581045 792793471 154171658 812408474
154171658 812408474 188475082 812735830
188475082 812735830 198248368 858170990
198248368 858170990 199440773 879202209
199440773 879202209 199440773 890419484
199440773 879202209 229495415 879202209
229495415 879202209 231731072 882055003
65127188 566028908 65127188 629731308
709440843 577937473 722368973 629674261
364559145 371968072 386171716 415922785
386171716 415922785 389993237 443322244
376362186 253559770 422473986 273119747
422473986 273119747 424133012 311759415
715588743 720871231 729863406 772689748
77060025 847168754 120188131 870632537
139333413 224789292 147949274 283884525
147949274 283884525 162237444 283884525
162237444 283884525 165915271 283884525
162237444 283884525 162237444 294895304
147949274 283884525 147949274 305573635
147949274 305573635 149224435 321995635
149224435 321995635 166480518 334287091
166480518 334287091 183562877 340471987
183562877 340471987 183562877 341939590
183562877 340471987 211691241 340471987
211691241 340471987 212887898 352735744
183562877 341939590 209428783 352735744
209428783 352735744 209428783 378587328
212887898 352735744 242398648 369219071
209428783 378587328 226280834 413526542
226280834 413526542 251142294 418164134
251142294 418164134 258685874 441379729
459775830 396694098 487437961 436999894
487437961 436999894 487821027 447637576
487821027 447637576 507658967 464053356
4361049 683452274 63577754 692915478
63577754 692915478 63577754 715559699
63577754 692915478 110297214 692915478
110297214 692915478 114240608 695066270
349930324 376247174 357269725 438454521
357269725 438454521 380847702 445440508
394821497 600164855 458913004 606657793
29063268 490315162 63475427 526958825
105608468 0 177358966 0
177358966 0 177358966 39025143
177358966 39025143 198646228 61790903
198646228 61790903 198646228 67195707
198646228 67195707 215000095 70776986
215000095 70776986 234538198 70776986
234538198 70776986 253386112 71423124
253386112 71423124 258895385 71423124
253386112 71423124 253386112 92842265
198646228 61790903 222442148 61790903
215000095 70776986 215000095 97531418
253386112 92842265 282441700 93538909
282441700 93538909 293575500 93538909
282441700 93538909 282441700 112302070
282441700 112302070 326877638 118393553
326877638 118393553 326877638 119725636
326877638 118393553 351184032 118393553
351184032 118393553 363380749 127955225
363380749 127955225 369363938 127955225
363380749 127955225 363380749 155990766
363380749 155990766 411611013 160609986
326877638 119725636 346581605 158108600
411611013 160609986 446022465 186091509
446022465 186091509 471363952 187181661
471363952 187181661 471363952 190283085
471363952 190283085 481167252 193229887
481167252 193229887 488930526 193229887
488930526 193229887 499144536 194476684
499144536 194476684 514770810 194476684
514770810 194476684 514939327 195772552
471363952 187181661 488930526 187181661
481167252 193229887 481167252 212832133
481167252 212832133 488079528 224961206
488079528 224961206 499144536 224961206
499144536 224961206 506586886 225595557
506586886 225595557 528306473 225595557
506586886 225595557 506586886 249160200
506586886 249160200 506586886 259246406
506586886 249160200 520792155 249160200
520792155 249160200 528306473 256984435
528306473 256984435 533896216 261608169
533896216 261608169 533896216 274812537
533896216 261608169 555620269 261608169
514939327 195772552 524724140 216145201
488930526 187181661 519771747 187181661
519771747 187181661 545430144 191968371
545430144 191968371 568872324 192352544
568872324 192352544 568872324 195346698
568872324 192352544 582541695 192352544
582541695 192352544 595321066 193313758
528306473 225595557 560996351 225595557
560996351 225595557 573478627 233924142
573478627 233924142 582504756 234259480
582504756 234259480 588359563 234259480
588359563 234259480 588359563 240017403
582504756 234259480 582504756 255404132
488079528 224961206 488079528 259341576
582504756 255404132 614344269 259942726
614344269 259942726 626051154 259942726
626051154 259942726 630160754 259942726
630160754 259942726 643897953 275494754
643897953 275494754 650812694 275494754
650812694 275494754 651514593 281524540
651514593 281524540 651514593 283205617
651514593 283205617 656117297 289103678
656117297 289103678 662805671 289103678
656117297 289103678 656117297 301068442
643897953 275494754 643897953 291714096
651514593 281524540 682303655 281524540
643897953 291714096 652815710 318667073
652815710 318667073 658804664 340726787
658804664 340726787 665880221 343852550
665880221 343852550 665880221 345343849
665880221 343852550 683901654 343852550
626051154 259942726 626051154 295909171
626051154 295909171 630824191 324705945
682303655 281524540 699146561 301315517
699146561 301315517 699858736 301315517
699146561 301315517 699146561 311119755
699146561 311119755 700388196 311668891
700388196 311668891 708300794 331450780
708300794 331450780 708300794 338156450
708300794 331450780 738983259 331450780
738983259 331450780 757686714 343889087
757686714 343889087 769565306 345102669
769565306 345102669 769565306 362685410
769565306 362685410 769565306 365906677
769565306 362685410 775030837 362685410
775030837 362685410 778943654 379888493
778943654 379888493 787055588 379888493
665880221 345343849 670164485 387031503
670164485 387031503 706468693 397016246
706468693 397016246 716715455 416154269
716715455 416154269 723697187 449053456
723697187 449053456 733607308 449053456
733607308 449053456 733607308 452940537
733607308 449053456 741784070 449053456
741784070 449053456 742806930 457176191
742806930 457176191 743302111 464524018
743302111 464524018 743302111 471046980
743302111 471046980 748661479 471046980
743302111 471046980 743302111 493230010
723697187 449053456 723697187 482983098
723697187 482983098 723697187 484674036
723697187 482983098 729259040 482983098
723697187 484674036 729205190 503417504
729205190 503417504 730691537 510875437
730691537 510875437 742843141 524997413
742843141 524997413 742843141 526640161
742843141 524997413 757403795 524997413
757403795 524997413 757403795 538211968
757403795 524997413 774374218 524997413
774374218 524997413 790909483 530269343
790909483 530269343 790909483 554608963
790909483 554608963 802367236 555672537
790909483 530269343 817081888 530269343
743302111 464524018 782268712 464524018
782268712 464524018 808673998 470540191
817081888 530269343 854950576 532219531
808673998 470540191 851681907 470540191
851681907 470540191 860845896 470540191
851681907 470540191 851681907 488741927
851681907 488741927 862436929 489022750
862436929 489022750 882897646 489022750
860845896 470540191 879187833 483771229
882897646 489022750 882897646 522784511
882897646 522784511 899161359 529020249
899161359 529020249 917909086 529020249
917909086 529020249 929306431 534155798
929306431 534155798 929306431 545692655
929306431 534155798 942431761 534155798
942431761 534155798 946660412 534155798
942431761 534155798 942431761 544755442
862436929 489022750 862436929 523933904
862436929 523933904 862436929 528566612
862436929 523933904 868116630 523933904
942431761 544755442 969396107 555071494
946660412 534155798 979001290 540150029
979001290 540150029 988469839 541437375
899161359 529020249 899161359 568430654
899161359 568430654 908600361 597794631
908600361 597794631 910020306 597794631
910020306 597794631 911815868 604641269
911815868 604641269 932793935 604641269
908600361 597794631 908600361 620722668
908600361 620722668 911815868 627674815
932793935 604641269 959217313 613138587
959217313 613138587 959217313 624638538
959217313 624638538 970443516 639713151
970443516 639713151 989819677 639713151
989819677 639713151 992011834 658022484
970443516 639713151 970443516 674582720
959217313 613138587 995819418 613138587
911815868 627674815 932200113 644954184
614344269 259942726 614344269 307629557
778943654 379888493 778943654 429531972
808673998 470540191 808673998 520514645
588359563 240017403 644170096 240868504
644170096 240868504 644170096 251022705
644170096 240868504 658749458 240868504
658749458 240868504 674060284 250872778
674060284 250872778 674060284 265614446
674060284 250872778 704636336 250872778
704636336 250872778 742200245 265425602
258895385 71423124 316240790 74215815
316240790 74215815 316329453 77501300
177358966 0 237698642 0
237698642 0 261699481 0
261699481 0 268303876 0
268303876 0 271064349 0
268303876 0 268303876 16602636
261699481 0 261699481 16820902
237698642 0 237698642 25884833
271064349 0 298247918 0
298247918 0 298247918 9295301
298247918 0 311863273 0
311863273 0 311863273 363824
311863273 0 329728482 0
329728482 0 329728482 196063
329728482 0 339530705 0
339530705 0 344946585 0
344946585 0 357050542 0
357050542 0 363742270 0
357050542 0 357050542 28432529
357050542 28432529 363742270 33431953
363742270 0 392617701 0
392617701 0 392617701 2201036
268303876 16602636 271064349 48424451
339530705 0 339530705 44462516
339530705 44462516 344946585 48220026
344946585 48220026 359372060 72086611
261699481 16820902 267937165 58869285
882897646 489022750 944864584 489022750
769565306 345102669 832609967 345102669
832609967 345102669 861316223 360380340
861316223 360380340 868609110 360380340
861316223 360380340 861316223 367927308
861316223 367927308 873125998 385807899
873125998 385807899 873125998 413451776
873125998 385807899 921721936 385807899
921721936 385807899 923098084 408632011
923098084 408632011 925178166 408632011
925178166 408632011 930948788 433131241
930948788 433131241 938272751 433131241
930948788 433131241 930948788 453213814
930948788 453213814 941771923 456226700
941771923 456226700 955349483 456226700
923098084 408632011 923098084 455497299
941771923 456226700 941771923 508298939
369363938 127955225 434759310 127996663
434759310 127996663 452105442 130582883
452105442 130582883 452105442 139949467
452105442 130582883 479553448 130582883
479553448 130582883 483056478 148202749
483056478 148202749 485928911 172583240
787055588 379888493 828705542 404145624
828705542 404145624 831001946 404145624
828705542 404145624 828705542 414736592
392617701 0 460325306 0
460325306 0 460325306 33184283
460325306 0 495260066 0
495260066 0 495260066 8448082
495260066 0 549552960 0
549552960 0 549552960 15492086
549552960 0 610928935 0
610928935 0 610928935 14237534
610928935 0 643975645 0
643975645 0 643975645 28238774
610928935 14237534 622873851 51808229
622873851 51808229 641842932 51808229
622873851 51808229 622873851 75335819
622873851 75335819 634007498 80607003
634007498 80607003 634411257 80607003
634411257 80607003 634411257 88667755
634411257 88667755 640378563 107437730
634007498 80607003 634007498 120909037
634007498 120909037 666460220 127506708
666460220 127506708 673565821 172579719
673565821 172579719 673995748 174352381
673995748 174352381 673995748 181745903
673995748 174352381 691163259 174352381
634411257 80607003 686863647 80607003
686863647 80607003 712388218 82376220
712388218 82376220 723811705 82376220
712388218 82376220 712388218 120821536
712388218 120821536 724626349 122960673
724626349 122960673 724626349 157576198
724626349 122960673 773408564 122960673
773408564 122960673 780022132 123037023
780022132 123037023 795453852 123037023
780022132 123037023 780022132 146041344
780022132 146041344 784190140 146041344
780022132 146041344 780022132 174314581
780022132 174314581 789587369 188649924
789587369 188649924 796330045 196084429
796330045 196084429 815336336 196084429
815336336 196084429 815797479 213895466
796330045 196084429 796330045 216939107
795453852 123037023 816941961 136368192
816941961 136368192 818587083 152689737
818587083 152689737 819959458 152689737
819959458 152689737 828848296 173988572
828848296 173988572 828848296 177950886
818587083 152689737 818587083 183949947
828848296 177950886 859242741 183757782
859242741 183757782 868387109 183757782
859242741 183757782 859242741 218776286
859242741 218776286 864554057 222075039
864554057 222075039 864554057 230112343
864554057 222075039 896032945 222075039
896032945 222075039 910492535 248298064
910492535 248298064 910492535 256133703
910492535 248298064 925079889 248298064
925079889 248298064 929425351 250424040
929425351 250424040 946687624 250424040
929425351 250424040 929425351 268809388
929425351 268809388 929668786 268809388
929668786 268809388 946687624 281422204
946687624 250424040 976749992 250424040
946687624 281422204 962986188 296144739
962986188 296144739 969237258 296144739
962986188 296144739 962986188 325199201
828848296 173988572 875516508 173988572
962986188 325199201 990997530 344447079
929425351 268809388 929425351 317313126
868387109 183757782 896032945 209443233
896032945 209443233 904718892 209443233
904718892 209443233 939204687 219562033
939204687 219562033 940103949 219562033
939204687 219562033 939204687 232876408
643975645 0 700149818 0
700149818 0 707446453 0
707446453 0 714226773 0
707446453 0 707446453 11689701
714226773 0 748170775 0
748170775 0 748170775 7005292
748170775 0 774406100 0
774406100 0 786214696 0
786214696 0 786214696 7783960
774406100 0 774406100 21583846
786214696 0 812222965 0
812222965 0 812222965 9382462
812222965 0 834431258 0
834431258 0 834431258 37587033
834431258 0 872690828 0
872690828 0 876021756 0
876021756 0 883258275 0
883258275 0 887685834 0
887685834 0 901340134 0
901340134 0 903917784 0
903917784 0 921502953 0
921502953 0 922382485 0
922382485 0 924921043 0
924921043 0 925510314 0
925510314 0 925510314 2753687
925510314 0 930426937 0
930426937 0 930426937 1062852
903917784 0 903917784 21995679
901340134 0 901340134 25360353
901340134 25360353 921502953 30620812
921502953 30620812 922382485 31182291
922382485 31182291 922382485 35001631
922382485 35001631 923516895 35627048
923516895 35627048 924921043 35627048
923516895 35627048 923516895 54827989
923516895 54827989 951776239 55684260
951776239 55684260 966466751 55684260
966466751 55684260 969968196 55684260
966466751 55684260 966466751 65111875
951776239 55684260 951776239 75757643
951776239 75757643 958364371 75757643
951776239 75757643 951776239 88413222
951776239 88413222 964773826 96539169
958364371 75757643 979130895 77392206
964773826 96539169 987604918 107811179
887685834 0 887685834 41222953
924921043 35627048 949104089 52848366
700149818 0 700149818 41889133
700149818 41889133 714226773 47507034
714226773 47507034 723811705 79108214
723811705 79108214 744909688 79108214
872690828 0 872690828 42640414
872690828 42640414 876021756 49092525
876021756 49092525 879858399 67540500
879858399 67540500 881972834 88727765
881972834 88727765 884315605 88727765
881972834 88727765 881972834 99477781
881972834 99477781 882174879 106075431
882174879 106075431 885064471 114195470
885064471 114195470 885064471 129352560
885064471 129352560 886524709 129352560
885064471 114195470 902006476 114195470
884315605 88727765 904565730 89623505
904565730 89623505 912728675 99594968
885064471 129352560 885064471 156477013
885064471 156477013 909896737 161306326
912728675 99594968 934798183 107757995
934798183 107757995 938260092 129063976
938260092 129063976 938260092 134447648
938260092 134447648 948741457 134447648
948741457 134447648 955166065 136180846
938260092 134447648 938260092 146107717
955166065 136180846 958622066 144620125
958622066 144620125 970190880 149553329
938260092 129063976 956759336 129063976
970190880 149553329 974997691 164503051
974997691 164503051 996246529 164503051
996246529 164503051 998295567 170817526
886524709 129352560 894195352 153242766
909896737 161306326 916004069 192846203
916004069 192846203 917313133 196700667
974997691 164503051 974997691 204411264
922382485 31182291 970399567 31182291
970399567 31182291 980206057 34958252
812222965 9382462 826043656 51872577
864554057 230112343 880578744 273309485
880578744 273309485 885915578 324676773
930426937 1062852 980121767 10628144
980121767 10628144 980121767 13741879
980121767 10628144 990595378 10628144
815797479 213895466 846951775 242063567
990997530 344447079 995113995 403015175
744909688 79108214 790610180 96823408
790610180 96823408 792239472 96823408
790610180 96823408 790610180 104990271
792239472 96823408 795453852 103622255
795453852 103622255 799579621 103622255
799579621 103622255 847848051 112196955
826043656 51872577 847927884 94685218
460325306 33184283 479637422 80795982
479637422 80795982 479637422 81954913
479637422 80795982 490070160 80795982
490070160 80795982 492662413 105115574
492662413 105115574 541826562 105263975
541826562 105263975 553716015 113307721
553716015 113307721 553716015 135288471
553716015 135288471 565241620 135288471
565241620 135288471 566090987 135288471
565241620 135288471 565241620 137958559
553716015 135288471 553716015 151682340
553716015 113307721 583815226 113307721
583815226 113307721 612418653 120909037
612418653 120909037 612418653 138846640
553716015 151682340 592079650 160204457
592079650 160204457 596312251 160204457
592079650 160204457 592079650 175709232
691163259 174352381 723173980 210336153
723173980 210336153 744555308 218130731
588359563 234259480 656424992 234259480
944864584 489022750 997826989 506099455
363742270 33431953 406735946 62742438
406735946 62742438 406735946 68681239
406735946 68681239 411177556 71520393
411177556 71520393 420072224 71520393
420072224 71520393 420757586 96147388
406735946 62742438 445747324 62742438
420757586 96147388 448326772 108785959
411177556 71520393 411177556 117812254
275813260 286108575 323653072 310614155
856869416 919923465 894245670 955939477
102718629 50688211 158807814 68099157
130607540 478629799 188715936 496088227
188715936 496088227 208612449 499452817
12564221 228767031 59892250 257129351
59892250 257129351 67352963 275091826
67352963 275091826 115292628 282879265
115292628 282879265 139095294 331457292
423866152 514629714 452771110 561843144
452771110 561843144 455257348 561843144
452771110 561843144 452771110 564619241
630824191 324705945 639708765 392108252
639708765 392108252 649501244 392108252
639708765 392108252 639708765 417543536
648527364 947245202 688569338 986199851
724626349 157576198 767338937 194118213
767338937 194118213 768353536 194118213
767338937 194118213 767338937 207358537
767338937 207358537 785724391 262666667
785724391 262666667 798125195 303849899
798125195 303849899 798125195 306104401
798125195 303849899 801382858 303849899
801382858 303849899 820801304 310212434
820801304 310212434 833805937 310212434
833805937 310212434 842731510 326077506
842731510 326077506 842731510 331341230
820801304 310212434 820801304 338909510
842731510 326077506 874056614 326077506
74920736 926419577 114946700 966566429
595321066 193313758 665871921 204202386
774406100 21583846 809953147 67674342
549552960 15492086 591406676 57853202
591406676 57853202 594658784 63792884
139543572 729459632 161076136 792440787
10073934 645686784 60029940 680704041
136882690 873925154 190306953 908252822
631379349 517525247 721019790 517525247
721019790 517525247 728972042 538635686
555394417 421987181 630225928 438087039
630225928 438087039 638784371 493734959
9346726 192817837 76419963 216733120
76419963 216733120 93561009 246213419
93561009 246213419 101194576 251597601
495260066 8448082 548336540 55794296
729863406 772689748 803060439 805196054
445747324 62742438 541217907 78337452
