1449
0 0 0 0
0 0 18834817 0
18834817 0 25832456 0
25832456 0 40367574 0
40367574 0 56077559 0
56077559 0 56077559 1240640
56077559 0 73164164 0
73164164 0 101290097 0
101290097 0 101968614 0
101968614 0 108287600 0
108287600 0 116115319 0
116115319 0 116115319 4223640
116115319 0 124036205 0
124036205 0 124036205 2250284
124036205 0 132299581 0
132299581 0 137184667 0
132299581 0 132299581 12041276
132299581 12041276 137184667 15308900
0 0 0 30249168
0 30249168 0 44632565
0 30249168 25832456 30249168
25832456 30249168 40367574 44632565
73164164 0 73164164 33278004
73164164 33278004 75309563 40199310
75309563 40199310 95434185 40199310
95434185 40199310 101290097 40199310
101290097 40199310 101968614 45284492
101968614 45284492 108287600 48019175
95434185 40199310 95434185 54968219
75309563 40199310 75309563 62093995
75309563 62093995 75309563 71573935
75309563 71573935 77809495 71573935
75309563 71573935 75309563 75594551
75309563 62093995 89017635 62093995
89017635 62093995 90967632 62093995
89017635 62093995 89017635 64105850
108287600 48019175 125303429 70467891
125303429 70467891 126316655 74134544
126316655 74134544 126316655 81453297
126316655 74134544 147533086 74134544
147533086 74134544 147533086 81424852
147533086 74134544 158429542 74134544
0 44632565 0 87777847
0 87777847 32928348 87777847
137184667 0 199240347 0
199240347 0 199240347 6029594
199240347 0 218663789 0
218663789 0 218829103 0
218829103 0 223743419 0
223743419 0 247361386 0
247361386 0 250765195 0
247361386 0 247361386 5531563
250765195 0 261196277 0
261196277 0 275161959 0
247361386 5531563 250765195 18835469
218663789 0 218663789 25085790
218663789 25085790 218829103 25403041
218829103 25403041 223743419 29190691
223743419 29190691 223870413 51633692
223870413 51633692 223870413 58477483
223870413 58477483 223870413 68902262
223870413 58477483 239264188 58477483
239264188 58477483 239264188 58592369
239264188 58477483 248478783 58477483
239264188 58592369 248395596 74716819
248395596 74716819 261054426 82659488
223870413 68902262 235752321 83015187
235752321 83015187 237512801 83015187
223870413 51633692 250193398 51633692
275161959 0 275161959 27928140
275161959 27928140 283728343 52508943
250765195 18835469 261196277 43214968
235752321 83015187 235752321 119333377
235752321 119333377 239636340 138317643
239636340 138317643 239636340 144992817
239636340 144992817 248557680 144992817
248557680 144992817 251559882 144992817
248557680 144992817 248557680 149509103
239636340 138317643 269998649 138317643
283728343 52508943 320629634 54881174
320629634 54881174 320629634 61076054
320629634 61076054 321756525 71682455
321756525 71682455 321756525 86762806
321756525 86762806 343203804 86762806
343203804 86762806 352661226 86927331
321756525 86762806 321756525 108327619
352661226 86927331 370203390 91438982
321756525 71682455 352221777 71682455
352221777 71682455 352221777 78004387
352221777 78004387 359632554 83558377
352221777 71682455 365522430 71682455
359632554 83558377 373205567 89610334
373205567 89610334 378198806 123074712
378198806 123074712 402693761 124999433
402693761 124999433 416331747 149849634
416331747 149849634 416331747 157837762
416331747 157837762 418984218 157837762
416331747 149849634 436509775 149849634
416331747 157837762 416331747 180842741
416331747 180842741 420195292 198292219
420195292 198292219 420195292 199886831
420195292 198292219 436680489 198292219
436680489 198292219 448863199 202852811
448863199 202852811 448863199 215147848
448863199 215147848 459406820 215147848
448863199 215147848 448863199 229630608
448863199 229630608 458067802 233459896
458067802 233459896 469571693 233459896
448863199 202852811 464182267 202852811
464182267 202852811 469571693 208665568
469571693 208665568 499405317 208665568
499405317 208665568 513150700 208665568
499405317 208665568 499405317 225593146
499405317 225593146 503926633 254677753
503926633 254677753 530729768 254907349
530729768 254907349 550535535 254907349
530729768 254907349 530729768 276023127
530729768 276023127 537549413 277456771
537549413 277456771 555583765 277456771
555583765 277456771 575446918 288031008
550535535 254907349 583386655 255309044
583386655 255309044 596640204 255309044
583386655 255309044 583386655 269868190
469571693 233459896 488677114 252272965
488677114 252272965 492178423 254677753
492178423 254677753 492178423 276773045
365522430 71682455 404893747 72661610
404893747 72661610 420119386 78697998
420119386 78697998 441335120 79320346
441335120 79320346 449705714 81118674
449705714 81118674 465926377 88661971
465926377 88661971 486419945 104185211
486419945 104185211 502995904 104185211
502995904 104185211 502995904 106006816
502995904 104185211 508549402 104185211
508549402 104185211 517556507 111033291
517556507 111033291 517556507 118764544
517556507 118764544 517556507 132522563
517556507 132522563 518411265 139798808
517556507 118764544 532073071 118764544
518411265 139798808 518411265 155192337
518411265 139798808 536679113 139798808
536679113 139798808 536837781 147019193
536837781 147019193 536837781 147806655
536837781 147806655 542427730 150013336
486419945 104185211 486419945 134952500
536837781 147019193 576427835 147019193
576427835 147019193 602100444 158645105
602100444 158645105 614029638 165440198
614029638 165440198 618071186 172836260
618071186 172836260 618071186 206095942
618071186 172836260 654078301 172836260
654078301 172836260 654078301 177419272
654078301 172836260 666850268 172836260
261054426 82659488 281681919 104344049
281681919 104344049 281681919 114516317
281681919 114516317 281681919 116017660
281681919 114516317 283439188 114516317
281681919 104344049 302300471 104344049
302300471 104344049 307269675 131547561
307269675 131547561 309221948 159908976
309221948 159908976 322038970 159908976
322038970 159908976 322696891 161623865
322696891 161623865 346826596 161623865
346826596 161623865 348805491 182783691
348805491 182783691 364582317 182783691
348805491 182783691 348805491 201867070
348805491 201867070 350563368 202357816
309221948 159908976 309221948 190232427
309221948 190232427 316277883 193515299
316277883 193515299 322696891 205787426
350563368 202357816 381890979 202357816
381890979 202357816 381890979 205554389
381890979 202357816 391975155 202357816
381890979 205554389 391630103 218386670
391630103 218386670 401055748 238383944
350563368 202357816 350563368 234324075
350563368 234324075 354033810 234324075
350563368 234324075 350563368 250875459
350563368 250875459 357956195 255682402
357956195 255682402 370890753 255682402
354033810 234324075 370890753 248512848
370890753 248512848 384774631 248512848
357956195 255682402 357956195 288285347
666850268 172836260 709297516 173498536
709297516 173498536 709297516 189033216
709297516 189033216 709297516 193100816
709297516 189033216 713412560 189033216
709297516 173498536 736136507 173498536
736136507 173498536 752401729 175407907
752401729 175407907 775036714 179540176
775036714 179540176 801017578 179540176
801017578 179540176 802304122 216197814
802304122 216197814 810716817 240383688
810716817 240383688 814110455 241194572
814110455 241194572 814110455 247392020
814110455 241194572 839779342 241194572
814110455 247392020 839435334 252089262
839779342 241194572 865262658 249313752
865262658 249313752 872216757 249447029
872216757 249447029 907373988 249447029
872216757 249447029 872216757 293540938
872216757 293540938 872216757 310830911
872216757 310830911 872216757 313111678
872216757 313111678 876210227 315255454
876210227 315255454 881325306 315255454
872216757 310830911 884020717 310830911
884020717 310830911 907198714 312648791
907198714 312648791 920397301 327931678
920397301 327931678 942944511 333869972
942944511 333869972 965707591 338588276
965707591 338588276 965707591 359806182
965707591 359806182 965707591 362829036
965707591 359806182 974168512 359806182
965707591 338588276 989723722 338588276
989723722 338588276 989723722 341175053
989723722 338588276 993025696 338588276
965707591 362829036 968509961 390323135
872216757 293540938 905857917 293540938
618071186 206095942 639749178 228923731
639749178 228923731 639749178 229253997
639749178 228923731 640571807 228923731
640571807 228923731 647799572 263166832
647799572 263166832 680493213 271993280
680493213 271993280 711990262 275617573
711990262 275617573 716344150 275998713
716344150 275998713 716344150 284482410
275161959 0 319952028 0
319952028 0 327764115 0
327764115 0 327764115 11217241
319952028 0 319952028 22151554
537549413 277456771 537549413 322270066
518411265 155192337 536198244 182434113
536198244 182434113 541839179 199197825
541839179 199197825 561673270 216158000
561673270 216158000 567089245 216158000
561673270 216158000 561673270 222797692
458067802 233459896 458067802 279739108
458067802 279739108 466865659 291321130
466865659 291321130 466865659 294002046
466865659 294002046 471403719 294002046
466865659 291321130 473432905 291321130
471403719 294002046 485207632 315965537
485207632 315965537 492917818 343049478
492917818 343049478 527902641 347763460
527902641 347763460 532962725 347763460
532962725 347763460 535298962 366359637
535298962 366359637 545772502 372120945
545772502 372120945 545772502 379796994
545772502 372120945 571307878 372120945
571307878 372120945 589246798 376846443
545772502 379796994 556660684 395171141
556660684 395171141 562200587 412140419
562200587 412140419 567863400 412140419
527902641 347763460 527902641 374703606
562200587 412140419 562200587 452052616
466865659 294002046 466865659 334161128
567863400 412140419 588377794 433076739
588377794 433076739 614014892 441694378
614014892 441694378 617692401 441694378
617692401 441694378 617692401 457181605
614014892 441694378 614014892 465432368
614014892 465432368 643751116 466891683
617692401 441694378 649758134 441694378
649758134 441694378 668217621 442061731
668217621 442061731 674904665 446793778
674904665 446793778 687758831 453495193
687758831 453495193 732794983 453495193
732794983 453495193 760143812 460789036
760143812 460789036 780865611 460789036
780865611 460789036 780865611 482527507
780865611 482527507 781307929 497473189
760143812 460789036 760143812 482548666
780865611 460789036 811067203 460789036
811067203 460789036 821981036 460789036
811067203 460789036 811067203 476339311
811067203 476339311 814664796 480385840
814664796 480385840 833873886 480385840
833873886 480385840 834003043 492067928
834003043 492067928 841037346 492067928
814664796 480385840 814664796 504938947
814664796 504938947 815690259 509659205
834003043 492067928 834003043 522789108
834003043 522789108 851104214 522789108
834003043 522789108 834003043 555244442
821981036 460789036 853161857 468976489
853161857 468976489 881386363 477835934
881386363 477835934 891615202 486198782
891615202 486198782 891615202 517336208
891615202 517336208 891615202 521267955
891615202 517336208 910337990 517336208
891615202 486198782 923918686 486198782
923918686 486198782 930289915 486198782
923918686 486198782 923918686 497748435
834003043 555244442 849165246 581840169
849165246 581840169 851395253 594056973
851395253 594056973 851395253 614579387
910337990 517336208 954563307 518593952
954563307 518593952 966143598 518593952
954563307 518593952 954563307 546648764
954563307 546648764 958573772 552136114
958573772 552136114 977239469 576128454
977239469 576128454 997895631 576128454
977239469 576128454 977239469 617087547
687758831 453495193 687758831 499129590
687758831 499129590 687758831 511778415
687758831 511778415 696628209 511778415
687758831 511778415 687758831 523889013
696628209 511778415 716746674 518090542
716746674 518090542 726350016 528480464
726350016 528480464 734953251 541656319
734953251 541656319 744410694 541656319
744410694 541656319 744410694 547712156
744410694 541656319 766809053 541656319
766809053 541656319 781229787 555002352
781229787 555002352 781229787 564139315
781229787 564139315 781229787 567626865
781229787 564139315 786658636 564139315
781229787 555002352 797753008 555002352
797753008 555002352 814752133 555244442
814752133 555244442 826894606 555244442
826894606 555244442 826894606 569120396
826894606 569120396 826894606 571231283
826894606 569120396 832861049 569120396
814752133 555244442 814752133 574580985
814752133 574580985 815803453 581840169
815803453 581840169 815803453 610694142
815803453 610694142 826537064 610694142
815803453 610694142 815803453 632969909
734953251 541656319 734953251 572239033
734953251 572239033 748315983 586529747
687758831 499129590 719196726 499129590
719196726 499129590 722045250 499129590
719196726 499129590 719196726 508786662
719196726 508786662 742555248 509826252
248557680 149509103 249444059 195106395
249444059 195106395 259808389 195106395
249444059 195106395 249444059 208884126
249444059 208884126 249444059 212624273
249444059 208884126 259321753 208884126
259321753 208884126 265624458 211761235
265624458 211761235 265624458 232156299
265624458 211761235 296670361 211761235
775036714 179540176 775036714 226153600
775036714 226153600 776099488 259960558
776099488 259960558 776099488 274851127
776099488 274851127 776099488 275998713
776099488 274851127 783575680 274851127
776099488 259960558 793881220 259960558
793881220 259960558 799779195 269273395
776099488 275998713 778849524 297061588
778849524 297061588 784090593 318616591
784090593 318616591 784090593 324124336
784090593 324124336 784630027 329868728
784630027 329868728 784630027 336033601
784630027 329868728 815787664 329868728
784090593 318616591 815659091 318616591
815659091 318616591 848970337 329391899
320629634 54881174 367565280 54881174
575446918 288031008 596399683 314927303
596399683 314927303 596399683 315447229
596399683 314927303 599230074 314927303
599230074 314927303 599426947 321930539
599426947 321930539 599426947 322740575
599426947 322740575 605946235 338370437
605946235 338370437 612960509 338370437
605946235 338370437 605946235 365318692
605946235 365318692 640701375 368029782
640701375 368029782 652896267 368029782
652896267 368029782 653621242 377259177
653621242 377259177 662087865 379864537
662087865 379864537 662087865 400397444
662087865 400397444 668217621 412639234
668217621 412639234 695466322 412639234
640701375 368029782 640701375 403165860
662087865 379864537 697418974 379864537
599426947 321930539 644872044 321930539
644872044 321930539 656523444 332073280
656523444 332073280 684606460 344110080
684606460 344110080 688277900 344110080
684606460 344110080 684606460 366570879
688277900 344110080 712188182 348244777
712188182 348244777 726021483 353107596
726021483 353107596 733981241 353107596
726021483 353107596 726021483 365282602
733981241 353107596 756313091 357071180
716344150 284482410 728191784 320648634
728191784 320648634 733981241 324124336
733981241 324124336 759349333 324124336
759349333 324124336 759349333 334134478
759349333 334134478 775673633 336033601
775673633 336033601 775673633 346002973
775673633 346002973 807560608 363635919
807560608 363635919 809536172 363635919
809536172 363635919 816221709 390167013
807560608 363635919 807560608 396934947
807560608 396934947 813930073 432001657
813930073 432001657 817480505 451965675
817480505 451965675 821981036 459715500
821981036 459715500 834371778 459715500
834371778 459715500 853161857 460249021
853161857 460249021 898039252 460249021
898039252 460249021 928726491 469024980
816221709 390167013 836954872 414733681
836954872 414733681 836954872 426455716
836954872 414733681 851102364 414733681
851102364 414733681 851102364 420900255
851102364 414733681 866661493 414733681
928726491 469024980 962955624 482176435
962955624 482176435 997890859 496015238
881325306 315255454 904895347 341379921
904895347 341379921 919115850 359097753
919115850 359097753 939875043 359097753
919115850 359097753 919115850 400386192
919115850 400386192 950923395 413481966
950923395 413481966 951181900 413481966
950923395 413481966 950923395 437557638
950923395 437557638 984159514 451694491
984159514 451694491 992127169 458884040
992127169 458884040 992127169 463439457
992127169 458884040 999081477 458884040
851395253 614579387 893703742 622111322
893703742 622111322 896458153 625160735
896458153 625160735 896458153 635732130
896458153 635732130 896925801 635732130
896458153 635732130 896458153 639823977
896458153 625160735 920945271 625160735
920945271 625160735 920945271 627896704
920945271 627896704 935101369 640871239
935101369 640871239 935101369 643632753
935101369 643632753 937418636 644877550
937418636 644877550 937418636 662733934
937418636 644877550 968428717 644877550
968428717 644877550 975607920 644877550
935101369 640871239 967423963 640871239
968428717 644877550 968428717 681666386
968428717 681666386 968584014 681666386
968428717 681666386 968428717 690370778
975607920 644877550 999532226 669984314
920945271 625160735 972252915 625160735
562200587 452052616 563172640 503264244
563172640 503264244 579779703 503562236
815803453 632969909 828027248 673409941
828027248 673409941 849614928 687302703
849614928 687302703 873203543 687302703
873203543 687302703 873203543 699872286
873203543 699872286 879333417 699872286
873203543 699872286 873203543 707668564
873203543 707668564 878100664 707668564
873203543 707668564 873203543 717056186
873203543 687302703 887712432 687302703
887712432 687302703 892536802 689619314
892536802 689619314 892536802 689936657
892536802 689619314 899375161 689619314
899375161 689619314 908318894 709401232
908318894 709401232 915393344 709401232
908318894 709401232 908318894 723881562
908318894 723881562 919106945 735977638
919106945 735977638 919106945 742289024
919106945 735977638 934652058 735977638
934652058 735977638 934652058 740212958
934652058 735977638 966980541 735977638
849614928 687302703 849614928 720249095
966980541 735977638 996129892 752149992
996129892 752149992 999476770 752149992
996129892 752149992 996129892 802588063
873203543 717056186 882180886 759524731
882180886 759524731 895068328 759524731
895068328 759524731 895068328 760074710
895068328 759524731 901470609 759524731
882180886 759524731 882180886 774978012
968428717 690370778 995379588 716228064
654078301 177419272 660748275 224647154
660748275 224647154 685824575 228631832
685824575 228631832 692993508 236801807
692993508 236801807 693326566 254778310
693326566 254778310 693326566 255308266
693326566 255308266 721924545 259488231
693326566 254778310 727703724 254778310
579779703 503562236 613208006 526878151
613208006 526878151 632278039 531483212
632278039 531483212 632278039 546144873
632278039 546144873 654360667 563607340
654360667 563607340 670780537 565618781
670780537 565618781 684330134 565618781
684330134 565618781 699721832 572239033
699721832 572239033 699721832 581620871
670780537 565618781 670780537 598249151
632278039 531483212 672198730 531483212
672198730 531483212 682808463 563535716
699721832 581620871 719477777 611773853
719477777 611773853 726417497 611773853
719477777 611773853 719477777 648029457
719477777 648029457 733059109 652505744
733059109 652505744 750194927 662109828
750194927 662109828 759444658 662109828
759444658 662109828 761711657 663637004
761711657 663637004 762834249 665376866
762834249 665376866 762834249 668470494
750194927 662109828 750194927 687301337
762834249 665376866 793086628 665376866
750194927 687301337 769294381 702323355
532073071 118764544 575751015 132565038
575751015 132565038 595007091 142170907
517556507 111033291 576137869 111033291
576137869 111033291 611928750 119598437
611928750 119598437 641683602 122212323
641683602 122212323 641683602 134207239
641683602 134207239 641683602 135918508
641683602 134207239 646612729 134207239
646612729 134207239 652200251 141307041
641683602 122212323 674247530 122212323
674247530 122212323 674247530 124348156
674247530 122212323 681540564 122212323
674247530 124348156 680488060 157390956
907373988 249447029 963373562 252147579
963373562 252147579 982943938 252525966
982943938 252525966 983980111 252723249
983980111 252723249 983980111 254777567
983980111 252723249 993498789 252723249
983980111 254777567 987271227 279344374
561673270 222797692 597029410 249006935
486419945 134952500 498348855 184719001
498348855 184719001 498348855 194405821
498348855 184719001 514160659 184719001
239636340 144992817 239636340 208033672
239636340 208033672 241520948 250857800
241520948 250857800 241520948 251756411
241520948 250857800 246904548 250857800
246904548 250857800 249375466 287567942
158429542 74134544 201977046 93948137
849614928 720249095 857487215 775853719
857487215 775853719 881790397 777519160
695466322 412639234 733429846 438598364
733429846 438598364 735721799 445521272
735721799 445521272 735721799 450341904
735721799 450341904 760143812 452341572
760143812 452341572 775512114 452341572
265624458 232156299 290809575 272664784
290809575 272664784 295293360 280668945
295293360 280668945 317706677 280668945
317706677 280668945 320602859 301697336
320602859 301697336 330634613 308958721
330634613 308958721 331166523 340109632
331166523 340109632 331166523 343924948
331166523 343924948 331166523 355935966
331166523 340109632 344244945 340109632
344244945 340109632 347532634 343924948
347532634 343924948 347532634 344625689
347532634 344625689 352975560 357744906
352975560 357744906 352975560 370888764
352975560 357744906 368166634 357744906
368166634 357744906 368166634 359690456
368166634 359690456 380274299 366241241
380274299 366241241 394011306 366241241
368166634 357744906 389124087 357744906
380274299 366241241 380274299 399014848
295293360 280668945 295293360 317818826
295293360 317818826 302532155 326278507
302532155 326278507 312557748 326278507
302532155 326278507 302532155 343213655
302532155 343213655 329932621 343658628
380274299 399014848 385487527 434979970
385487527 434979970 399936717 449865206
399936717 449865206 403799785 451996081
403799785 451996081 403799785 481666295
403799785 481666295 405676711 481666295
403799785 481666295 403799785 498283596
403799785 498283596 415127269 503367456
415127269 503367456 415127269 516031641
415127269 503367456 453664189 503367456
347532634 343924948 390211289 343924948
390211289 343924948 408999615 347669729
408999615 347669729 436293428 351260109
436293428 351260109 453944869 360117788
453944869 360117788 455114065 378006500
455114065 378006500 456466555 378006500
456466555 378006500 456644993 392109632
455114065 378006500 455114065 407221237
455114065 407221237 471943333 422422684
471943333 422422684 481006093 425512486
481006093 425512486 490661936 425512486
481006093 425512486 481006093 460450801
481006093 460450801 489451772 461033165
489451772 461033165 502932820 473771289
502932820 473771289 502932820 502217237
502932820 502217237 510285497 502217237
510285497 502217237 515560582 505227472
502932820 502217237 502932820 515066927
515560582 505227472 535422532 505227472
515560582 505227472 515560582 529499496
502932820 515066927 505650004 537647520
352975560 370888764 362375597 405525499
362375597 405525499 365119288 405525499
362375597 405525499 362375597 429901011
362375597 429901011 373969704 458899441
373969704 458899441 380830684 491351092
380830684 491351092 387714180 492154444
387714180 492154444 387714180 493081000
387714180 492154444 392615987 492154444
505650004 537647520 513082917 574925352
502932820 473771289 551957933 473771289
515560582 529499496 544317663 550312312
544317663 550312312 548977027 568248503
548977027 568248503 548977027 595767948
548977027 595767948 556858949 595767948
548977027 595767948 548977027 603918245
548977027 568248503 578643604 568248503
578643604 568248503 583233236 568248503
578643604 568248503 578643604 587414902
578643604 587414902 587789179 598844487
587789179 598844487 587789179 605544879
587789179 598844487 599082472 598844487
583233236 568248503 599914275 575510174
587789179 605544879 594309872 624322330
594309872 624322330 620355833 631035928
620355833 631035928 620355833 632253025
620355833 631035928 629732682 631035928
548977027 603918245 554093980 635570869
554093980 635570869 556130940 640927743
556130940 640927743 580068011 640927743
580068011 640927743 587849009 661446596
556130940 640927743 556130940 670474370
556130940 670474370 556130940 688787846
556130940 670474370 578761625 670474370
629732682 631035928 645757131 653761621
645757131 653761621 645757131 672461789
645757131 653761621 668305930 653761621
645757131 672461789 661947276 688757363
661947276 688757363 669759974 688757363
669759974 688757363 675778287 696113052
661947276 688757363 661947276 702958701
661947276 702958701 668933316 717097026
675778287 696113052 692512806 707957118
692512806 707957118 696166338 707957118
692512806 707957118 692512806 711673178
692512806 711673178 699572883 719242414
699572883 719242414 699572883 723690811
699572883 723690811 703293341 742423524
703293341 742423524 703293341 745112410
703293341 742423524 706725399 742423524
668933316 717097026 669550414 745857423
669550414 745857423 679299223 757652164
706725399 742423524 737586407 745969104
737586407 745969104 742569143 770013615
742569143 770013615 745222707 782545216
745222707 782545216 779404763 782545216
779404763 782545216 784022821 789429094
784022821 789429094 818222489 789429094
818222489 789429094 825129078 807990498
668305930 653761621 700333622 657563338
745222707 782545216 745222707 820525149
745222707 820525149 756493176 820525149
745222707 820525149 745222707 841911889
756493176 820525149 764574460 834185198
764574460 834185198 765001704 839889109
765001704 839889109 784022821 839889109
784022821 839889109 793305238 843926737
793305238 843926737 814343154 843926737
814343154 843926737 814716840 862049388
814716840 862049388 814716840 867831234
814716840 862049388 834452752 862049388
793305238 843926737 793305238 876433436
793305238 876433436 796394363 900063424
796394363 900063424 808866490 902439709
808866490 902439709 809951137 902439709
809951137 902439709 809951137 912275943
809951137 902439709 828041562 902439709
828041562 902439709 834050393 921210952
834050393 921210952 834050393 938170429
834050393 938170429 835327306 948904461
835327306 948904461 840929510 958173657
840929510 958173657 846953202 958173657
834050393 921210952 858275272 921210952
858275272 921210952 871185422 921504904
808866490 902439709 808866490 937265529
840929510 958173657 840929510 999435680
834452752 862049388 878763831 862994854
878763831 862994854 907892241 870712326
907892241 870712326 924371625 887299854
924371625 887299854 925058955 897359370
925058955 897359370 925058955 920114433
925058955 920114433 925058955 923494900
925058955 923494900 930098608 930143427
925058955 920114433 938583619 920114433
930098608 930143427 946922952 930143427
946922952 930143427 953432768 940075567
953432768 940075567 957592456 942733929
957592456 942733929 966126738 942733929
930098608 930143427 930098608 950084584
966126738 942733929 970261958 964586326
925058955 897359370 964753323 897359370
964753323 897359370 967532875 897359370
964753323 897359370 964753323 912438550
970261958 964586326 996103454 980358227
825129078 807990498 842316102 836105745
765001704 839889109 765001704 885229920
765001704 885229920 767564924 885229920
765001704 885229920 765001704 905452596
765001704 905452596 782210832 913213557
782210832 913213557 790762159 913213557
782210832 913213557 782210832 937940991
782210832 937940991 788853748 949190236
788853748 949190236 804501701 963772211
804501701 963772211 830303944 975984045
957592456 942733929 957592456 989441123
699572883 719242414 746314487 719242414
403799785 451996081 453911083 451996081
453911083 451996081 457348068 466545737
457348068 466545737 476068987 474921690
476068987 474921690 478568441 499613606
478568441 499613606 478568441 502141577
679299223 757652164 687365124 802917007
687365124 802917007 689207185 806302461
689207185 806302461 689749347 806302461
689207185 806302461 689207185 811276217
587849009 661446596 602125888 702028921
602125888 702028921 605643452 711226896
605643452 711226896 619271164 711226896
605643452 711226896 605643452 733008087
605643452 733008087 615619501 733008087
605643452 733008087 605643452 763192713
615619501 733008087 638194080 757331680
638194080 757331680 639350406 757331680
638194080 757331680 638194080 759192295
638194080 759192295 642740299 777093155
453664189 503367456 466526527 548453226
466526527 548453226 476834311 563857808
476834311 563857808 489767192 563857808
489767192 563857808 490197809 571581374
490197809 571581374 490197809 580812164
476834311 563857808 476834311 578222975
476834311 578222975 476834311 580514215
476834311 578222975 487796531 578222975
490197809 571581374 539819648 571581374
387714180 493081000 389919153 550887346
389919153 550887346 403991394 570191778
403991394 570191778 405138206 584371708
405138206 584371708 405138206 593345218
405138206 593345218 405138206 599209652
405138206 599209652 410348632 599209652
410348632 599209652 422181835 601738050
405138206 593345218 423298403 593345218
405138206 599209652 405138206 619526515
405138206 619526515 410901424 625245584
410901424 625245584 410901424 651585574
410901424 625245584 441264606 625245584
441264606 625245584 443727564 633352067
410901424 651585574 417523372 682047229
417523372 682047229 433027292 691472746
433027292 691472746 439681431 691472746
439681431 691472746 446301479 704473987
446301479 704473987 455254933 704473987
455254933 704473987 470988507 710818676
470988507 710818676 479689988 710818676
479689988 710818676 480484891 716875443
470988507 710818676 470988507 723322124
480484891 716875443 484227080 726447674
484227080 726447674 492760020 749380219
470988507 723322124 478782830 750826130
446301479 704473987 446301479 739827442
492760020 749380219 509545743 768558690
443727564 633352067 443727564 670655816
443727564 670655816 447419790 670655816
447419790 670655816 447419790 671666714
443727564 670655816 443727564 678385964
447419790 670655816 470734316 670655816
470734316 670655816 491772544 676065715
491772544 676065715 511218647 680420973
511218647 680420973 531919377 687061662
531919377 687061662 547770078 687061662
531919377 687061662 531919377 719686616
443727564 633352067 486398552 633352067
486398552 633352067 491772544 648140162
491772544 648140162 491772544 663950414
491772544 663950414 500348798 663950414
491772544 648140162 524213338 648140162
531919377 719686616 532170274 765576948
532170274 765576948 532170274 767332887
532170274 767332887 548190363 777274941
446301479 739827442 452837219 782330030
452837219 782330030 461811572 782330030
452837219 782330030 452837219 801153247
461811572 782330030 465011186 799460845
452837219 801153247 462550042 831416482
462550042 831416482 465107637 841709040
465107637 841709040 465107637 849983104
465107637 841709040 487495639 841709040
487495639 841709040 495752263 841709040
487495639 841709040 487495639 862944427
465107637 849983104 476463122 865825827
476463122 865825827 479298691 872120813
479298691 872120813 482578279 872120813
482578279 872120813 490910433 902004998
490910433 902004998 494861008 910607875
494861008 910607875 494861008 932029699
494861008 932029699 514973585 932029699
514973585 932029699 514973585 934110998
514973585 934110998 514973585 935421553
514973585 935421553 515031492 935421553
514973585 934110998 520526025 934110998
514973585 935421553 514973585 951391989
514973585 932029699 535795605 932029699
494861008 932029699 494861008 960240292
494861008 960240292 498286763 982635958
465011186 799460845 480204477 825993077
535795605 932029699 549075291 961567305
549075291 961567305 558087897 961567305
549075291 961567305 549075291 977322414
558087897 961567305 586112584 969484877
586112584 969484877 586112584 980181029
586112584 969484877 610613078 969484877
586112584 980181029 604418120 992500541
604418120 992500541 644323307 992906952
644323307 992906952 666552676 996780157
495752263 841709040 521826495 859189747
494861008 910607875 539446825 910607875
479298691 872120813 479298691 923316132
433027292 691472746 433027292 743710825
498286763 982635958 547325348 987253203
405138206 584371708 459276195 584371708
480204477 825993077 526983377 833422423
526983377 833422423 542283452 839403470
871185422 921504904 905156231 950316266
905156231 950316266 913514679 955116130
913514679 955116130 918773927 999326649
548190363 777274941 555953687 833129125
555953687 833129125 567132155 835228256
75309563 75594551 84304294 132579609
84304294 132579609 88981880 144187418
88981880 144187418 91257077 144187418
88981880 144187418 88981880 185584816
88981880 185584816 129264923 189298733
129264923 189298733 129264923 220726869
129264923 220726869 145924835 222626565
145924835 222626565 147949167 222626565
129264923 189298733 168877038 189298733
168877038 189298733 168877038 201945299
168877038 201945299 170738873 201945299
168877038 201945299 168877038 206161814
168877038 189298733 184401882 189298733
168877038 206161814 181816913 219738833
181816913 219738833 194814664 249238804
194814664 249238804 195003671 250857800
195003671 250857800 211660723 250857800
211660723 250857800 211660723 262129522
211660723 262129522 221548223 274566842
221548223 274566842 221548223 283853349
221548223 274566842 233830586 274566842
195003671 250857800 195003671 292953880
195003671 292953880 196263239 322356875
196263239 322356875 196521375 333255944
196521375 333255944 197303166 351071854
197303166 351071854 206308277 382386735
206308277 382386735 213885340 384826233
213885340 384826233 213885340 386001156
213885340 384826233 258046138 384826233
258046138 384826233 269143494 396502036
269143494 396502036 277021745 429731729
277021745 429731729 306382687 436298401
145924835 222626565 145924835 267285831
233830586 274566842 236004926 317575394
236004926 317575394 236601607 328447464
236601607 328447464 236601607 331462657
236601607 331462657 247479996 331462657
236601607 331462657 236601607 347063350
247479996 331462657 264265473 345054766
264265473 345054766 272668585 372108285
236601607 328447464 278405867 328447464
213885340 386001156 220337145 428221310
220337145 428221310 229957524 434532346
229957524 434532346 241299361 443989362
241299361 443989362 258036449 443989362
241299361 443989362 241299361 477181919
241299361 477181919 254996299 493538615
254996299 493538615 263773482 493538615
263773482 493538615 279395480 494070388
254996299 493538615 254996299 510061842
279395480 494070388 283967517 523075341
283967517 523075341 283967517 523743355
283967517 523743355 292362369 542888780
292362369 542888780 329577193 550680075
329577193 550680075 354163606 550680075
354163606 550680075 364183564 567725498
364183564 567725498 364183564 575362614
364183564 567725498 377168682 567725498
377168682 567725498 378060910 594100082
378060910 594100082 385891063 606088442
385891063 606088442 386496713 606088442
385891063 606088442 385891063 634613670
329577193 550680075 329577193 580613235
329577193 580613235 334858755 596042811
334858755 596042811 334858755 606479058
334858755 596042811 351904954 596042811
351904954 596042811 371104791 626013205
272668585 372108285 300042034 394907909
300042034 394907909 306382687 425539723
306382687 425539723 339500874 425539723
334858755 606479058 337174722 669301121
735721799 445521272 802383260 445521272
876210227 315255454 876210227 383392334
876210227 383392334 888073109 399351861
888073109 399351861 897789733 455587229
567132155 835228256 569201989 901670985
569201989 901670985 569482978 901670985
569201989 901670985 569201989 903387377
254996299 510061842 259437175 574505222
532170274 765576948 601201347 765576948
337174722 669301121 361523180 714440195
361523180 714440195 375635077 714440195
361523180 714440195 361523180 739963121
361523180 739963121 368336607 745318990
368336607 745318990 400059674 745318990
368336607 745318990 368336607 778802513
368336607 778802513 368336607 781452814
368336607 778802513 394759502 778802513
368336607 781452814 379470380 805003914
379470380 805003914 388584462 814566156
388584462 814566156 388584462 842412062
388584462 842412062 388584462 850469337
388584462 842412062 414228145 842412062
388584462 850469337 398143778 867601909
398143778 867601909 398143778 873296325
398143778 867601909 421858179 867601909
421858179 867601909 436567201 884414736
436567201 884414736 439796548 909219855
439796548 909219855 439796548 918909973
439796548 909219855 456480045 909219855
456480045 909219855 459202294 946894795
459202294 946894795 464153690 958833491
388584462 814566156 440164481 814566156
464153690 958833491 487794624 991819547
487794624 991819547 488144251 991819547
487794624 991819547 487794624 995772257
414228145 842412062 454072825 859945931
478568441 499613606 548363474 499613606
842316102 836105745 906099730 843628826
906099730 843628826 940615961 845590135
940615961 845590135 953316364 848998655
953316364 848998655 982487865 853021133
681540564 122212323 735215828 140082661
735215828 140082661 759206224 151196920
398143778 873296325 413832992 929258849
413832992 929258849 432183909 929258849
432183909 929258849 435763619 932143727
413832992 929258849 413832992 972916704
269998649 138317643 286691274 193704498
283967517 523075341 357257813 523075341
327764115 0 402953587 0
402953587 0 402953587 25316445
402953587 0 438645514 0
438645514 0 438645514 6492738
438645514 0 457663885 0
457663885 0 473543654 0
473543654 0 478207137 0
478207137 0 493645116 0
493645116 0 493645116 811176
457663885 0 457663885 17091912
493645116 0 516794345 0
516794345 0 516794345 22423620
478207137 0 478207137 25132466
457663885 17091912 473543654 41259957
516794345 0 557105266 0
557105266 0 557105266 1632752
557105266 0 559562132 0
559562132 0 561723188 0
561723188 0 576803907 0
576803907 0 587757184 0
576803907 0 576803907 11177924
576803907 11177924 587757184 16200308
559562132 0 559562132 23914156
559562132 23914156 561723188 33352743
561723188 33352743 570413854 55018749
570413854 55018749 585170121 55018749
570413854 55018749 570413854 70544100
585170121 55018749 598423792 60176512
598423792 60176512 598423792 65280498
598423792 60176512 633828143 60176512
633828143 60176512 643290378 63994101
643290378 63994101 645205205 63994101
643290378 63994101 643290378 78839697
645205205 63994101 663615817 66377640
643290378 78839697 658627184 90415026
658627184 90415026 669614647 97453985
669614647 97453985 678163800 97824853
678163800 97824853 678163800 101728142
678163800 97824853 684929126 97824853
684929126 97824853 697760531 107501373
598423792 65280498 619721442 80321309
663615817 66377640 694434618 81297450
587757184 0 637929787 0
637929787 0 642277458 0
642277458 0 656662937 0
656662937 0 667365825 0
667365825 0 667365825 19210304
667365825 0 691182205 0
637929787 0 637929787 23828621
637929787 23828621 642277458 47011791
642277458 47011791 651192716 49028186
651192716 49028186 651192716 52691426
651192716 49028186 656662937 49028186
656662937 49028186 673842073 53573352
673842073 53573352 681827637 62601203
691182205 0 719525074 0
719525074 0 730085981 0
730085981 0 730085981 24369427
730085981 0 768963514 0
768963514 0 779546204 0
779546204 0 801191005 0
801191005 0 821695468 0
821695468 0 821695468 12118941
821695468 0 835794934 0
768963514 0 768963514 23644220
835794934 0 835794934 31108215
768963514 23644220 779546204 46067252
779546204 46067252 793773024 65486899
793773024 65486899 813915734 79211021
813915734 79211021 833817503 88286811
833817503 88286811 837594113 99210087
837594113 99210087 837594113 108636416
837594113 108636416 847064255 118079868
847064255 118079868 847064255 123874749
847064255 118079868 867622691 118079868
867622691 118079868 875546470 129729779
875546470 129729779 879221461 147216678
879221461 147216678 889909705 147216678
837594113 99210087 867892949 99210087
867892949 99210087 896569446 106707221
896569446 106707221 921744434 110056906
921744434 110056906 921744434 120879028
921744434 120879028 921744434 128822128
921744434 120879028 931458397 120879028
921744434 110056906 944545718 110056906
835794934 0 875024298 0
875024298 0 892486841 0
875024298 0 875024298 23942706
875024298 23942706 892486841 42269957
892486841 42269957 902206681 50475658
902206681 50475658 902206681 73616897
902206681 73616897 902206681 77452766
902206681 73616897 907901426 73616897
907901426 73616897 915165109 75694813
915165109 75694813 920582564 83246252
902206681 50475658 929077123 50475658
929077123 50475658 929525950 71380655
892486841 0 933286336 0
933286336 0 942999314 0
942999314 0 942999314 4157531
942999314 4157531 942999314 4226138
942999314 4226138 956418240 13431528
956418240 13431528 960163127 40312062
960163127 40312062 964599443 49053749
964599443 49053749 964599443 49393299
964599443 49053749 990029514 49053749
942999314 4157531 979668130 4157531
979668130 4157531 979668130 4225363
979668130 4157531 990830645 4157531
933286336 0 933286336 38820665
691182205 0 691182205 42848571
691182205 42848571 719525074 43774282
719525074 43774282 727017112 75243259
727017112 75243259 748554842 76063924
748554842 76063924 757851694 76063924
748554842 76063924 748554842 98103512
748554842 98103512 772526053 115638563
835794934 31108215 847803911 62575689
847803911 62575689 875192051 72377071
875192051 72377071 877446558 72377071
875192051 72377071 875192051 78648045
801191005 0 801191005 45202399
944545718 110056906 955391779 146018742
955391779 146018742 966829822 146018742
955391779 146018742 955391779 162616749
955391779 162616749 964186209 188496755
964186209 188496755 982940491 198404259
982940491 198404259 988170974 241487751
988170974 241487751 999349527 249405873
772526053 115638563 811403492 127894466
920582564 83246252 949040088 106593132
964599443 49393299 989407635 79027612
889909705 147216678 895037728 201456918
895037728 201456918 902021190 203160886
902021190 203160886 919362754 226060984
919362754 226060984 936628352 245513403
879221461 147216678 879221461 210911226
879221461 210911226 881423042 227523363
931458397 120879028 934976439 182677289
438645514 6492738 453287787 62885428
453287787 62885428 453596962 62885428
453287787 62885428 453287787 71115825
605643452 763192713 619655656 825018655
619655656 825018655 634212117 848719534
634212117 848719534 634212117 855734457
634212117 855734457 634212117 861098466
634212117 855734457 649642456 855734457
649642456 855734457 669072018 857073525
669072018 857073525 673452845 870005678
634212117 848719534 658056173 848719534
634212117 861098466 635693545 900122392
635693545 900122392 648953680 900122392
635693545 900122392 635693545 914186799
635693545 914186799 638648429 918860185
638648429 918860185 638648429 919133075
638648429 918860185 676184351 918860185
676184351 918860185 683126261 969066002
683126261 969066002 688453237 969066002
688453237 969066002 690352007 972947679
690352007 972947679 703518045 972947679
690352007 972947679 690352007 988734163
683126261 969066002 683126261 990023750
703518045 972947679 747826815 984313496
638648429 919133075 657310424 959337777
0 87777847 0 165229366
0 165229366 0 165689334
0 165229366 3920128 165229366
3920128 165229366 14246185 165689334
0 165689334 0 178667506
14246185 165689334 29506920 172979952
29506920 172979952 29506920 178667506
29506920 172979952 62008294 172979952
0 178667506 0 212677877
0 212677877 7684529 212677877
0 212677877 0 232360250
0 232360250 0 246575725
0 246575725 4595397 246575725
0 232360250 23515235 232360250
0 246575725 0 276788383
29506920 178667506 54013633 193455025
54013633 193455025 68027970 207366350
68027970 207366350 79678596 211230777
79678596 211230777 82380267 241620906
82380267 241620906 82380267 247942231
82380267 241620906 117846227 241620906
0 276788383 45010592 276788383
45010592 276788383 60469986 277359497
60469986 277359497 61353486 277359497
60469986 277359497 60469986 297645425
60469986 297645425 60565487 307382483
60565487 307382483 60565487 330550586
60565487 330550586 76974661 330550586
60565487 330550586 60565487 352563576
60565487 307382483 92324983 307382483
92324983 307382483 96431682 315754652
96431682 315754652 96431682 327545527
96431682 315754652 120096825 315754652
60565487 352563576 60785076 400086769
60785076 400086769 60785076 403932123
60785076 400086769 73039321 400086769
73039321 400086769 87181286 410075605
87181286 410075605 94523517 410075605
87181286 410075605 87181286 430262633
120096825 315754652 139710043 344806433
139710043 344806433 139710043 351637163
139710043 344806433 158923341 344806433
158923341 344806433 158923341 346138867
158923341 344806433 182520639 344806433
23515235 232360250 59898648 246463452
59898648 246463452 80732353 262563861
96431682 327545527 110755732 364416450
139710043 351637163 140044451 407939234
140044451 407939234 142371032 408360460
142371032 408360460 144087104 408360460
142371032 408360460 142371032 435519303
142371032 435519303 148506256 453947453
148506256 453947453 148506256 468888640
148506256 468888640 160837313 475915972
160837313 475915972 160837313 503718147
160837313 475915972 189519652 475915972
189519652 475915972 189519652 488485499
189519652 475915972 202757763 475915972
202757763 475915972 206013944 481331045
148506256 453947453 201901332 453947453
201901332 453947453 202403603 453947453
201901332 453947453 201901332 462714838
202403603 453947453 213166116 458129081
206013944 481331045 226299553 518632725
226299553 518632725 228174276 518632725
226299553 518632725 226299553 537932985
226299553 537932985 244957205 564942804
244957205 564942804 246035048 564942804
246035048 564942804 255419004 586260433
244957205 564942804 244957205 605571914
60785076 403932123 62577798 462398110
62577798 462398110 67235969 466396977
67235969 466396977 67235969 484393194
67235969 466396977 116851932 466396977
116851932 466396977 118347646 467165036
118347646 467165036 129810300 467165036
118347646 467165036 118347646 496190228
118347646 496190228 125082558 496190228
125082558 496190228 136126923 498277484
136126923 498277484 137311388 498277484
118347646 496190228 118347646 512587040
136126923 498277484 136126923 521558725
118347646 512587040 128227683 554792694
67235969 484393194 82339386 528770417
82339386 528770417 93027282 549172142
93027282 549172142 117410794 549172142
93027282 549172142 93027282 577666980
93027282 577666980 93027282 587975784
93027282 587975784 93455341 589201328
93455341 589201328 95050405 592603488
93027282 577666980 109783589 577666980
109783589 577666980 116957849 579651034
116957849 579651034 116957849 581585870
116957849 579651034 124692769 579651034
95050405 592603488 95050405 609445535
95050405 592603488 115273154 592603488
115273154 592603488 136723918 606836706
136723918 606836706 136723918 610845666
136723918 606836706 160699523 606836706
160699523 606836706 183357719 618155035
183357719 618155035 190721490 618155035
183357719 618155035 183357719 639051730
183357719 639051730 189191970 645208036
189191970 645208036 189191970 655166384
189191970 645208036 200269326 645208036
200269326 645208036 200269326 649639913
200269326 645208036 222596357 645208036
200269326 649639913 213084549 659835322
213084549 659835322 239633186 659903805
136723918 610845666 146810796 645570407
146810796 645570407 155242425 645570407
146810796 645570407 146810796 660490599
155242425 645570407 169382940 652150750
169382940 652150750 171305678 655166384
146810796 660490599 154395628 682724256
154395628 682724256 167543274 689906222
167543274 689906222 171305678 689906222
171305678 689906222 181769187 700415795
181769187 700415795 193681671 700415795
181769187 700415795 181769187 726493670
181769187 726493670 210067319 727836805
210067319 727836805 211162506 727836805
211162506 727836805 211162506 739195857
211162506 727836805 236870093 727836805
236870093 727836805 238220437 728996587
238220437 728996587 259680162 736893365
259680162 736893365 276771413 736893365
167543274 689906222 167543274 722449547
276771413 736893365 304460672 744385471
259680162 736893365 259680162 783694202
259680162 783694202 261281114 810221537
261281114 810221537 287830559 813537940
287830559 813537940 308540883 817096764
308540883 817096764 321394863 817096764
321394863 817096764 321394863 823174273
308540883 817096764 308540883 830017578
321394863 817096764 338559771 817096764
338559771 817096764 357899586 828544798
357899586 828544798 362667548 837524831
362667548 837524831 371283790 845633590
371283790 845633590 375102477 850469337
95050405 609445535 110987815 640610631
375102477 850469337 375102477 897705974
375102477 897705974 392061949 921934838
392061949 921934838 392843939 921934838
392061949 921934838 392061949 923360906
110987815 640610631 114098729 685122280
114098729 685122280 129048498 688951108
129048498 688951108 146548761 688951108
129048498 688951108 129048498 740582054
129048498 740582054 134536468 743379923
210067319 727836805 210067319 783499337
210067319 783499337 212980812 808851648
212980812 808851648 219669694 810221537
219669694 810221537 237709249 810221537
219669694 810221537 219669694 834552364
219669694 834552364 237709249 834552364
219669694 834552364 219669694 854277295
219669694 854277295 233406376 864749654
233406376 864749654 278541356 878006115
278541356 878006115 311785673 886024832
311785673 886024832 319055654 886024832
311785673 886024832 311785673 917577891
311785673 917577891 330599907 921784836
330599907 921784836 330599907 940820252
330599907 940820252 335674415 955065109
335674415 955065109 345867900 965982673
330599907 921784836 353000964 921784836
353000964 921784836 353489677 921784836
353000964 921784836 353000964 929798762
353000964 929798762 360383217 934218731
345867900 965982673 345867900 989686840
345867900 965982673 370183737 965982673
160837313 503718147 188588101 539670871
304460672 744385471 346005959 768846848
346005959 768846848 366627536 802331058
134536468 743379923 134918336 810498536
134918336 810498536 152191626 810498536
152191626 810498536 152191626 827551943
134918336 810498536 134918336 853157515
134918336 853157515 151334589 884014620
151334589 884014620 158515689 890729698
158515689 890729698 158515689 904840724
158515689 890729698 174575777 890729698
174575777 890729698 200636375 899976128
158515689 904840724 163648649 935515840
163648649 935515840 166341797 935515840
163648649 935515840 163648649 940261852
166341797 935515840 186050085 936941627
186050085 936941627 186050085 942409179
186050085 936941627 191586959 936941627
191586959 936941627 210535534 942199970
210535534 942199970 210535534 952835934
210535534 942199970 225790432 942199970
225790432 942199970 231330770 942199970
225790432 942199970 225790432 950325923
152191626 810498536 209018519 810498536
209018519 810498536 209358906 830744851
225790432 950325923 274394380 962624266
274394380 962624266 294665093 962624266
274394380 962624266 274394380 991318869
294665093 962624266 326358638 970690038
326358638 970690038 326944025 970690038
326358638 970690038 326358638 978226789
0 276788383 0 345547036
0 345547036 29122092 345547036
0 345547036 0 386813196
0 386813196 0 386817305
0 386817305 0 389126822
0 389126822 0 391713845
0 386817305 4865620 386817305
4865620 386817305 26985089 389126822
26985089 389126822 43398432 391713845
0 391713845 0 422733496
0 422733496 0 429948280
0 429948280 2430642 429948280
0 429948280 0 443732879
0 443732879 8203574 443732879
0 422733496 14828770 422733496
0 386813196 35161432 386813196
0 443732879 0 479389512
0 479389512 0 486068993
0 486068993 0 490881214
0 490881214 4901956 490881214
0 490881214 0 502892038
0 502892038 22543052 502892038
0 502892038 0 535334620
0 535334620 0 568394567
0 479389512 35074816 479389512
35074816 479389512 42675250 486068993
0 568394567 0 613609980
0 613609980 0 624072093
0 624072093 5114595 624072093
0 613609980 46087816 613609980
46087816 613609980 51586356 646939794
51586356 646939794 51586356 659984134
51586356 659984134 63128632 659984134
51586356 659984134 51586356 679779370
51586356 679779370 53795348 679779370
51586356 679779370 51586356 703383287
51586356 703383287 53085867 709322300
63128632 659984134 89899273 664402081
89899273 664402081 89899273 669918218
89899273 664402081 99060482 664402081
89899273 669918218 95373261 697235478
95373261 697235478 96134885 697235478
96134885 697235478 104298679 698403929
104298679 698403929 108256364 703830761
51586356 646939794 84485954 646939794
95373261 697235478 95373261 732546755
95373261 732546755 102220753 761160554
53085867 709322300 68784785 733510365
68784785 733510365 73967623 744415075
73967623 744415075 73967623 749554696
73967623 749554696 81517019 749554696
73967623 749554696 73967623 759252128
73967623 744415075 84335731 744415075
102220753 761160554 106277115 806104552
106277115 806104552 106277115 806537646
106277115 806537646 112583642 810097071
112583642 810097071 122230585 810097071
106277115 806104552 119650843 806104552
0 568394567 50951999 568394567
112583642 810097071 112583642 873494182
112583642 873494182 120823355 891422249
120823355 891422249 120823355 894491534
120823355 891422249 132725822 891422249
244957205 605571914 306568265 613435274
306568265 613435274 311176543 625856105
311176543 625856105 321938912 625856105
311176543 625856105 311176543 668600859
311176543 668600859 319047459 696285287
132725822 891422249 145847345 951396916
145847345 951396916 148861040 951875669
239633186 659903805 268464532 707084224
268464532 707084224 268799659 709045615
268799659 709045615 268799659 712006041
268799659 709045615 282026414 709045615
385891063 634613670 401601703 699036169
745222707 841911889 760436422 910774255
760436422 910774255 770892081 959843690
357956195 288285347 400313553 335665132
400313553 335665132 421634853 336108664
421634853 336108664 421918986 345799117
421918986 345799117 428992134 346182584
188588101 539670871 224126780 597035694
934652058 740212958 959212230 809164442
959212230 809164442 981291792 821967152
981291792 821967152 981291792 824859982
981291792 821967152 985904775 821967152
648953680 900122392 738316559 906537340
32928348 87777847 55190494 162892675
851395253 594056973 952357915 594056973
0 624072093 0 735265376
0 735265376 9742890 735265376
0 735265376 0 753262255
0 753262255 4458165 753262255
0 753262255 0 773329150
0 773329150 0 780593468
0 780593468 0 818785030
0 818785030 34371272 818785030
0 773329150 46325741 773329150
46325741 773329150 48044533 780593468
48044533 780593468 65597332 805213150
65597332 805213150 70138847 835683489
70138847 835683489 70138847 840004341
70138847 835683489 84745798 835683489
70138847 840004341 79364904 877463405
0 818785030 0 885617644
0 885617644 0 890039090
0 890039090 0 899558142
0 899558142 1405847 899558142
0 899558142 0 904170786
0 904170786 0 909963366
0 909963366 9674777 909963366
0 909963366 0 927987266
0 927987266 0 939817049
0 939817049 0 946282802
0 939817049 19685727 939817049
19685727 939817049 22722578 940640833
22722578 940640833 22722578 946282802
22722578 946282802 24670603 947205179
24670603 947205179 24670603 957223828
0 946282802 17723072 951654597
24670603 947205179 52372305 947205179
22722578 940640833 51067073 940640833
0 904170786 35352144 904170786
35352144 904170786 39982790 927987266
0 890039090 35886723 890039090
0 885617644 36226903 885617644
52372305 947205179 106821842 954799830
106821842 954799830 111728142 954799830
106821842 954799830 106821842 974786163
106821842 974786163 121181176 976814861
39982790 927987266 103276008 928050533
103276008 928050533 103792661 931578006
91257077 144187418 201650101 175718754
