1445
0 0 0 9566362
0 9566362 0 25707883
0 25707883 0 36548810
0 0 27069465 0
27069465 0 29759917 0
29759917 0 29759917 9566362
29759917 0 49118664 0
49118664 0 49118664 25707883
0 36548810 27069465 36548810
49118664 0 80887367 0
80887367 0 81140271 0
81140271 0 81140271 16711292
81140271 0 98531721 0
0 36548810 0 68602656
0 68602656 13350650 68602656
0 68602656 0 88909261
0 88909261 0 89235121
0 89235121 0 96743649
0 89235121 13767918 89235121
0 96743649 0 117912909
0 117912909 0 121689676
0 121689676 0 126815184
0 126815184 0 137908639
0 137908639 0 142332970
0 142332970 8394327 142332970
0 142332970 0 160935256
0 160935256 0 160985573
0 160985573 0 180020715
0 180020715 0 189045115
0 189045115 7743002 189045115
0 189045115 0 199696625
0 199696625 0 211942446
0 117912909 20859258 117912909
20859258 117912909 21552751 121689676
21552751 121689676 21552751 126815184
0 211942446 22677547 211942446
0 211942446 0 238790168
0 238790168 0 255043855
0 255043855 0 270326216
0 270326216 0 276414878
0 276414878 0 283263412
0 283263412 0 287343136
0 287343136 0 298889114
0 298889114 0 303572410
0 298889114 16928877 298889114
0 238790168 23019193 238790168
0 276414878 26701938 276414878
26701938 276414878 27130376 283263412
27130376 283263412 27130376 287343136
27130376 283263412 36942897 283263412
36942897 283263412 44095823 289084000
44095823 289084000 44095823 303572410
44095823 289084000 68058330 289084000
21552751 121689676 48472402 121689676
0 88909261 27451056 88909261
27451056 88909261 34292821 96743649
0 199696625 27983653 199696625
0 303572410 0 333001298
0 333001298 0 352578060
0 352578060 0 361188374
0 361188374 6038604 361188374
0 361188374 0 380322715
0 380322715 0 383690389
0 383690389 0 400091536
0 383690389 24737832 383690389
24737832 383690389 33166350 400091536
0 400091536 0 426777539
0 426777539 0 435077613
0 435077613 0 436026291
0 436026291 14394727 436026291
0 436026291 0 467559322
0 467559322 11527491 467559322
0 467559322 0 484568139
0 484568139 0 496148933
0 496148933 0 498237213
0 498237213 0 501972819
0 501972819 0 502889384
0 501972819 2374553 501972819
0 502889384 0 505541427
0 505541427 3472290 505541427
2374553 501972819 14747987 502889384
0 496148933 18007947 496148933
18007947 496148933 42121341 498237213
0 333001298 31794033 333001298
31794033 333001298 32685706 352578060
32685706 352578060 37911428 380322715
0 270326216 33101449 270326216
44095823 303572410 54649048 326702524
54649048 326702524 55579060 332470331
55579060 332470331 74547799 341180728
74547799 341180728 77449861 341180728
23019193 238790168 40643695 255043855
40643695 255043855 52052835 260321057
52052835 260321057 52052835 268145163
52052835 260321057 75278240 260321057
75278240 260321057 78027674 260705866
78027674 260705866 78027674 268813837
78027674 268813837 94627784 275085885
78027674 260705866 106288976 260705866
106288976 260705866 106601698 260705866
106288976 260705866 106288976 268246875
106288976 268246875 112054580 297341395
112054580 297341395 112054580 315091277
112054580 315091277 112054580 326619809
112054580 315091277 138161178 315091277
138161178 315091277 150562891 318343849
150562891 318343849 150562891 329837752
150562891 329837752 153747605 349847780
153747605 349847780 153747605 360169620
153747605 349847780 174042443 349847780
153747605 360169620 167163763 367777181
167163763 367777181 170990843 367777181
150562891 318343849 174839759 318343849
174839759 318343849 174839759 318531934
174839759 318343849 190681687 318343849
190681687 318343849 202320915 330323775
202320915 330323775 202320915 332485784
202320915 330323775 208983093 330323775
208983093 330323775 208983093 337253021
208983093 330323775 226087787 330323775
112054580 297341395 140715626 297341395
140715626 297341395 146351075 303108529
146351075 303108529 146351075 314226086
146351075 303108529 160122265 303108529
74547799 341180728 74547799 376645006
74547799 376645006 102469199 381098116
102469199 381098116 118565314 381098116
118565314 381098116 124926637 381098116
118565314 381098116 118565314 400572140
102469199 381098116 102469199 409676726
102469199 409676726 113347320 414250293
208983093 337253021 209787392 371978072
209787392 371978072 235921804 379239472
235921804 379239472 239078687 379239472
235921804 379239472 235921804 391091730
235921804 391091730 237411435 401217870
237411435 401217870 257287460 401217870
257287460 401217870 259659337 408827164
259659337 408827164 259821968 410026154
259821968 410026154 259821968 421947390
259821968 421947390 266858841 439390534
266858841 439390534 272729230 442311072
272729230 442311072 273796759 444275347
273796759 444275347 273796759 444532035
273796759 444275347 292259099 444275347
292259099 444275347 293267471 450089047
293267471 450089047 293267471 459777342
293267471 459777342 300505587 462727793
300505587 462727793 309334446 462727793
300505587 462727793 300505587 473376592
293267471 450089047 309242195 450089047
273796759 444532035 283520992 456553505
283520992 456553505 290539857 456553505
237411435 401217870 237411435 433485418
237411435 433485418 244570978 433485418
244570978 433485418 247043648 441438494
247043648 441438494 250167413 446737668
250167413 446737668 253141443 446737668
250167413 446737668 250167413 451852854
237411435 433485418 237411435 456258139
27983653 199696625 61895647 201821020
61895647 201821020 81722883 202475628
81722883 202475628 81722883 211760054
81722883 211760054 81858130 225563787
81722883 202475628 97489757 202475628
98531721 0 98531721 36339364
21552751 126815184 47260067 137908639
47260067 137908639 52999549 157051296
52999549 157051296 54182888 176197563
54182888 176197563 54182888 184444930
54182888 176197563 76815750 176197563
0 484568139 37098263 484568139
226087787 330323775 230753083 363460836
230753083 363460836 230753083 371578488
230753083 363460836 251844137 363460836
113347320 414250293 137169976 428869508
0 160985573 38596214 160985573
38596214 160985573 43385527 180020715
0 160935256 40250923 160935256
33166350 400091536 47377097 426777539
47377097 426777539 49641758 427579228
49641758 427579228 49641758 435077613
49641758 427579228 78913755 427579228
78913755 427579228 78913755 429035302
78913755 427579228 92501937 427579228
78913755 429035302 88688032 457219261
88688032 457219261 106700652 459368909
106700652 459368909 106700652 462597939
106700652 459368909 127663508 459368909
127663508 459368909 128956031 477925470
128956031 477925470 128956031 498474151
128956031 498474151 135164184 499484271
135164184 499484271 135164184 503059533
128956031 477925470 156042880 477925470
135164184 499484271 166923411 499484271
259821968 410026154 300721399 410026154
0 505541427 0 546594057
0 546594057 0 560077584
0 560077584 0 582041348
0 582041348 0 605835225
0 605835225 0 608857160
0 605835225 19054053 605835225
19054053 605835225 29325869 608857160
0 608857160 0 631555060
0 631555060 0 648683013
0 582041348 26528692 582041348
29325869 608857160 35621056 631555060
0 546594057 34281212 546594057
34281212 546594057 49822283 560077584
283520992 456553505 283520992 497633930
283520992 497633930 292276385 504334116
292276385 504334116 320901013 504334116
320901013 504334116 321959965 504334116
320901013 504334116 320901013 505796879
320901013 505796879 330541483 510686841
330541483 510686841 330541483 515687721
330541483 515687721 345081777 521478822
345081777 521478822 353976560 521478822
330541483 510686841 353976560 510686841
353976560 510686841 356468529 510686841
345081777 521478822 345081777 558793327
345081777 558793327 346123642 560473517
346123642 560473517 353795489 560473517
346123642 560473517 346123642 580385938
292276385 504334116 292276385 543322576
49641758 435077613 67007468 459270480
67007468 459270480 81959107 484181618
81959107 484181618 89997622 512715590
89997622 512715590 106049684 515262318
106049684 515262318 110408374 515262318
106049684 515262318 106049684 519874087
42121341 498237213 78621083 505393962
353976560 521478822 385215309 534621271
385215309 534621271 390079095 540062512
390079095 540062512 390079095 551059158
390079095 551059158 401567278 564843753
401567278 564843753 418358852 567844212
418358852 567844212 418358852 574192527
418358852 567844212 427892973 567844212
418358852 574192527 419457108 590427314
419457108 590427314 447208527 598353196
447208527 598353196 450590856 607247675
450590856 607247675 479922003 607247675
450590856 607247675 450590856 639003882
390079095 540062512 427501047 540062512
450590856 639003882 466129867 661159572
466129867 661159572 481294676 661159572
466129867 661159572 466129867 689395631
481294676 661159572 488803876 685095266
488803876 685095266 491576772 685095266
488803876 685095266 488803876 703032706
488803876 703032706 512787479 705137109
512787479 705137109 523805428 705137109
523805428 705137109 543224928 705137109
543224928 705137109 543224928 706215336
543224928 705137109 544322560 705137109
523805428 705137109 523805428 730850158
512787479 705137109 512787479 740941143
523805428 730850158 558559399 733067868
558559399 733067868 560521479 733067868
558559399 733067868 558559399 738443297
560521479 733067868 592395516 736780382
592395516 736780382 592395516 746517114
592395516 736780382 613232817 736780382
613232817 736780382 633597552 739653052
633597552 739653052 633597552 746465528
633597552 746465528 658818630 746715190
658818630 746715190 659285044 746715190
659285044 746715190 664367734 746715190
664367734 746715190 664568908 752425147
664568908 752425147 664568908 765481971
659285044 746715190 659285044 765745141
664568908 752425147 693461375 752425147
633597552 739653052 664854653 739653052
658818630 746715190 658818630 788411920
658818630 788411920 659279669 795983446
659279669 795983446 683721062 795983446
659279669 795983446 659279669 820731269
659279669 820731269 675451742 820731269
659279669 820731269 659279669 843134962
675451742 820731269 685120846 837251176
685120846 837251176 685120846 845771644
685120846 837251176 696738887 837251176
696738887 837251176 697579575 846928541
697579575 846928541 697579575 862019434
697579575 862019434 704721695 870800467
704721695 870800467 704721695 875855353
704721695 870800467 720544860 870800467
659279669 843134962 664646619 867889673
664646619 867889673 676435160 867889673
664646619 867889673 664646619 885107121
664646619 885107121 664646619 886939644
664646619 885107121 689245390 885107121
720544860 870800467 738136729 891283699
738136729 891283699 747808678 891283699
747808678 891283699 752767188 892128728
752767188 892128728 752767188 913853293
752767188 913853293 762326657 933494016
762326657 933494016 767821587 933494016
762326657 933494016 762326657 956040212
762326657 956040212 763572521 972903326
763572521 972903326 763572521 978379609
738136729 891283699 738136729 921708403
763572521 978379609 789504850 985999453
789504850 985999453 794898200 996533022
752767188 892128728 786802566 892128728
697579575 846928541 735656175 846928541
735656175 846928541 756754315 852504556
756754315 852504556 756754315 858201870
756754315 852504556 792306414 852504556
792306414 852504556 815290245 858857063
815290245 858857063 817785922 865987148
817785922 865987148 817785922 887188064
817785922 865987148 851886310 865987148
851886310 865987148 856164829 870246484
856164829 870246484 874036040 870246484
874036040 870246484 879538990 881082213
664646619 886939644 667689672 927194809
763572521 972903326 808173626 972903326
80887367 0 80887367 45819389
80887367 45819389 89096504 76704109
89096504 76704109 98015319 85277388
98015319 85277388 118943194 91798477
118943194 91798477 124574863 91798477
118943194 91798477 118943194 108171727
118943194 108171727 122467676 148944242
167163763 367777181 167163763 413889014
427892973 567844212 462893052 579324773
462893052 579324773 495499287 585047875
495499287 585047875 509226485 592444570
509226485 592444570 509226485 602054073
509226485 592444570 546143478 592444570
546143478 592444570 546143478 594486478
546143478 592444570 553411307 592444570
553411307 592444570 563378414 600589338
563378414 600589338 565907957 616927071
565907957 616927071 574329378 616927071
574329378 616927071 588483461 621399360
588483461 621399360 604362790 621399360
604362790 621399360 604362790 631832348
604362790 631832348 605178844 635137598
588483461 621399360 588483461 638954605
588483461 638954605 594056207 643168583
605178844 635137598 634153592 635137598
634153592 635137598 651967980 649925190
651967980 649925190 656094526 673031695
656094526 673031695 656094526 697369960
656094526 697369960 659374123 710828673
659374123 710828673 668638621 715821311
656094526 673031695 682704924 673031695
682704924 673031695 690451911 685468503
690451911 685468503 692572049 685468503
690451911 685468503 690451911 692503281
565907957 616927071 565907957 653740448
565907957 653740448 572810035 684490346
572810035 684490346 576403868 691977558
668638621 715821311 703255394 724038931
703255394 724038931 703255394 734088003
703255394 734088003 703255394 737035760
703255394 734088003 709899106 734088003
709899106 734088003 712832167 735938778
712832167 735938778 712832167 739865083
712832167 735938778 727490129 735938778
727490129 735938778 746880755 759328086
746880755 759328086 758209827 759973129
758209827 759973129 775865675 768460487
775865675 768460487 775865675 796585044
775865675 796585044 798551192 799225925
775865675 768460487 811277054 768460487
604362790 621399360 650248738 621399360
798551192 799225925 834515082 809523507
834515082 809523507 863565279 823894349
863565279 823894349 863565279 826067083
863565279 823894349 884651762 823894349
863565279 826067083 879886584 841375361
879886584 841375361 879886584 850832473
879886584 850832473 901529902 856278969
901529902 856278969 901529902 857437442
901529902 856278969 907863055 856278969
907863055 856278969 916817821 869535127
916817821 869535127 930568375 869535127
930568375 869535127 938611905 877317933
938611905 877317933 948559017 877317933
938611905 877317933 938611905 890492151
916817821 869535127 916817821 890526616
879886584 841375361 908968565 841375361
170990843 367777181 187949763 397873920
187949763 397873920 187949763 398257040
187949763 397873920 195337292 397873920
195337292 397873920 208184236 411808631
208184236 411808631 208184236 413278853
208184236 411808631 219041864 411808631
98531721 0 146029364 0
146029364 0 146029364 28725716
146029364 0 174778191 0
174778191 0 192614317 0
192614317 0 198921789 0
198921789 0 214372900 0
214372900 0 227219436 0
198921789 0 198921789 19715786
174778191 0 174778191 20073685
174778191 20073685 192614317 22348658
227219436 0 227219436 22600906
227219436 0 258276139 0
258276139 0 258276139 540340
192614317 22348658 193620760 54891295
198921789 19715786 214372900 45157933
214372900 45157933 219711548 51141534
219711548 51141534 225898011 51141534
219711548 51141534 219711548 79118388
219711548 79118388 220105750 84149620
220105750 84149620 224399546 93427918
224399546 93427918 224399546 98398194
224399546 93427918 251694548 93427918
224399546 98398194 235063260 122018016
235063260 122018016 242715075 122018016
235063260 122018016 235063260 130475021
235063260 130475021 240127007 130475021
235063260 130475021 235063260 146360491
251694548 93427918 277941998 101719929
240127007 130475021 268325792 144941387
268325792 144941387 296395841 148598792
296395841 148598792 303591586 148598792
296395841 148598792 296395841 183701569
296395841 183701569 298754165 183701569
296395841 183701569 296395841 187004165
296395841 187004165 302126304 195757030
302126304 195757030 303579450 219825616
303579450 219825616 305494465 219825616
305494465 219825616 323480285 224230663
303579450 219825616 303579450 247179070
303579450 247179070 322625457 253238725
322625457 253238725 323480285 253238725
323480285 253238725 323480285 264877789
322625457 253238725 322625457 276585495
323480285 253238725 349818616 253238725
323480285 224230663 351595922 224230663
351595922 224230663 351595922 231651241
351595922 224230663 377359383 224230663
349818616 253238725 380932543 259009076
380932543 259009076 406095656 259009076
406095656 259009076 431520186 265377512
431520186 265377512 437489036 265377512
437489036 265377512 462962010 272120533
462962010 272120533 472194270 279417819
472194270 279417819 472194270 303870243
472194270 303870243 472811104 308360319
303591586 148598792 329154368 168206942
329154368 168206942 338619457 169095611
106049684 519874087 116930339 557223052
167163763 413889014 170797719 458704140
193620760 54891295 205298438 91703780
205298438 91703780 207679346 93684737
122467676 148944242 140640126 179429758
140640126 179429758 140640126 184435569
140640126 184435569 142205284 184435569
140640126 184435569 140640126 190572122
140640126 179429758 172270613 179429758
605178844 635137598 605178844 684256799
605178844 684256799 628746038 690285384
98531721 36339364 116446119 67941106
124574863 91798477 164936434 101110075
164936434 101110075 176818324 101660241
176818324 101660241 178610058 101660241
176818324 101660241 176818324 145365776
176818324 145365776 182554613 156840060
182554613 156840060 182554613 157490850
182554613 156840060 200914058 156840060
200914058 156840060 214612321 162834355
214612321 162834355 226551953 164596250
226551953 164596250 245148521 193537566
245148521 193537566 253665038 195757030
253665038 195757030 253665038 201798310
253665038 201798310 274208997 211497967
274208997 211497967 276637785 219825616
472194270 279417819 522520508 279417819
522520508 279417819 530863579 285835255
530863579 285835255 530863579 293866471
530863579 293866471 536332436 293866471
536332436 293866471 548386442 300455907
548386442 300455907 571054417 300455907
571054417 300455907 584706994 312625901
584706994 312625901 584706994 313768183
530863579 285835255 562101828 285835255
562101828 285835255 570231924 290285729
548386442 300455907 548386442 332024516
584706994 312625901 617978091 312625901
617978091 312625901 625749605 317101910
625749605 317101910 625749605 327675528
625749605 327675528 626574383 327675528
625749605 317101910 638681062 317101910
530863579 293866471 530863579 328722223
625749605 327675528 625749605 362774409
638681062 317101910 651784562 339648886
651784562 339648886 658655426 339648886
651784562 339648886 651784562 353810425
548386442 332024516 552999779 370742201
552999779 370742201 553071927 379774877
553071927 379774877 553071927 397280843
78621083 505393962 84657506 550950176
693461375 752425147 709801601 788153256
300505587 473376592 345734082 480385487
703255394 724038931 755974227 724038931
553071927 379774877 606173503 379774877
606173503 379774877 616513352 409595349
616513352 409595349 617849221 426319226
617849221 426319226 618763167 426319226
618763167 426319226 627621150 426319226
618763167 426319226 618763167 436417847
617849221 426319226 617849221 446085514
618763167 436417847 668195000 437520533
49822283 560077584 70027648 593138247
70027648 593138247 95581414 611475481
116930339 557223052 128379668 599481518
128379668 599481518 130710674 599481518
130710674 599481518 136259591 601068841
128379668 599481518 128379668 611272401
136259591 601068841 157019069 601068841
157019069 601068841 161395132 606435130
128379668 611272401 136259591 633810426
136259591 633810426 145233410 658720843
145233410 658720843 151125908 658720843
145233410 658720843 145233410 686400827
151125908 658720843 198165133 664398734
198165133 664398734 202716360 676238824
202716360 676238824 210211617 676238824
202716360 676238824 202716360 727875799
202716360 727875799 215881855 759812341
215881855 759812341 231131790 776685327
231131790 776685327 272756246 782462580
272756246 782462580 292978383 784448675
292978383 784448675 308289464 793896408
308289464 793896408 313745906 793896408
308289464 793896408 308289464 804101575
308289464 804101575 309524423 816476548
309524423 816476548 313745906 816476548
313745906 816476548 315497866 830641776
315497866 830641776 316992162 842417204
316992162 842417204 320135845 842602681
320135845 842602681 320135845 856798198
313745906 793896408 330223806 793896408
320135845 856798198 353505765 856798198
353505765 856798198 371958564 860214308
309524423 816476548 309524423 852917771
371958564 860214308 385658760 884345786
385658760 884345786 388860615 885204630
388860615 885204630 391151900 885295518
391151900 885295518 420997214 885295518
420997214 885295518 438511175 891846214
438511175 891846214 438511175 900635363
438511175 891846214 460967608 891846214
320135845 856798198 320135845 895092121
320135845 895092121 322777633 917924187
460967608 891846214 499558202 897653768
499558202 897653768 502291648 903592772
502291648 903592772 502291648 921474892
502291648 921474892 507721168 930862936
507721168 930862936 510850291 930862936
507721168 930862936 507721168 935071038
507721168 935071038 514492168 938987561
514492168 938987561 532919717 938987561
532919717 938987561 532919717 944672776
532919717 938987561 545597095 938987561
502291648 903592772 522432443 903592772
514492168 938987561 514492168 973796335
514492168 973796335 516586275 990270363
516586275 990270363 518168091 995824230
518168091 995824230 520777420 997385533
545597095 938987561 558718106 968810065
558718106 968810065 573020381 980808806
573020381 980808806 589278510 985688341
391151900 885295518 391151900 930958496
391151900 930958496 391946376 944387113
322777633 917924187 361038401 928615908
361038401 928615908 381824203 939374536
381824203 939374536 389862683 939374536
381824203 939374536 381824203 971846192
381824203 971846192 383731905 978503626
522432443 903592772 557522515 918582674
557522515 918582674 565937266 919070954
210211617 676238824 243526416 695756327
243526416 695756327 248136727 695756327
248136727 695756327 252426198 699535662
243526416 695756327 243526416 705989590
243526416 705989590 247783394 705989590
243526416 705989590 243526416 723812339
243526416 723812339 252426198 739509215
252426198 739509215 277033010 739974344
277033010 739974344 292978383 745075023
292978383 745075023 313224101 745075023
313224101 745075023 314990398 745075023
313224101 745075023 313224101 764461913
292978383 745075023 292978383 771975594
292978383 771975594 297379962 771975594
297379962 771975594 297379962 773577553
297379962 771975594 301056103 771975594
301056103 771975594 308289464 784111268
308289464 784111268 308713002 784111268
313224101 764461913 333618889 773932533
333618889 773932533 333618889 775452278
333618889 773932533 344516836 773932533
252426198 699535662 282742413 699535662
282742413 699535662 315682144 719678403
315682144 719678403 320451529 727226089
320451529 727226089 325154769 727226089
325154769 727226089 327135221 730299024
327135221 730299024 327135221 735482635
320451529 727226089 320451529 735294739
327135221 730299024 354197947 730299024
354197947 730299024 355073831 740698272
355073831 740698272 367443784 740698272
367443784 740698272 378532215 741849913
378532215 741849913 378532215 757832820
355073831 740698272 355073831 759602335
355073831 759602335 362806414 767217517
378532215 741849913 403783317 741849913
403783317 741849913 409826273 741849913
403783317 741849913 403783317 749862411
409826273 741849913 424226711 748369027
424226711 748369027 424425301 753954985
424425301 753954985 424425301 762609508
424425301 753954985 452378265 753954985
452378265 753954985 454918007 762630467
454918007 762630467 457094661 762630467
454918007 762630467 454918007 789933769
378532215 757832820 398895997 769650106
398895997 769650106 399374372 770361214
399374372 770361214 407546439 783126070
457094661 762630467 481245418 779963585
481245418 779963585 506476221 782908594
407546439 783126070 412642932 821745357
412642932 821745357 413596399 828668053
413596399 828668053 419081830 845175057
419081830 845175057 420997214 845954175
420997214 845954175 438117840 845954175
506476221 782908594 523950584 811107771
523950584 811107771 528792915 813540719
528792915 813540719 528792915 814532557
528792915 814532557 535274065 830870821
535274065 830870821 566470652 841524309
566470652 841524309 567716706 856671914
567716706 856671914 585211014 856671914
567716706 856671914 567716706 888478063
567716706 888478063 576595367 890914144
585211014 856671914 608286365 866432148
608286365 866432148 620093465 883464869
620093465 883464869 620093465 886052868
620093465 883464869 649686720 883464869
528792915 813540719 576472765 813540719
576472765 813540719 587779931 827247628
454918007 789933769 476043179 818980491
476043179 818980491 489265661 823849900
489265661 823849900 490908888 823849900
490908888 823849900 495494705 849555782
495494705 849555782 506826441 849555782
495494705 849555782 495494705 865609026
495494705 865609026 506112357 865609026
495494705 865609026 495494705 878303292
506826441 849555782 516344834 858149154
516344834 858149154 521810081 870980791
495494705 878303292 496998489 918543038
496998489 918543038 501862418 960483164
489265661 823849900 489265661 872443017
258276139 0 312205921 0
312205921 0 316016007 0
316016007 0 318433629 0
318433629 0 329052751 0
329052751 0 329052751 6327348
329052751 0 359976741 0
359976741 0 364829275 0
364829275 0 372464223 0
359976741 0 359976741 11617401
372464223 0 372464223 19407842
359976741 11617401 364829275 32193225
372464223 0 398834742 0
398834742 0 409662426 0
409662426 0 409662426 10883440
409662426 0 427284199 0
427284199 0 429312922 0
429312922 0 429312922 6351122
429312922 0 446489583 0
446489583 0 462299765 0
462299765 0 472562238 0
462299765 0 462299765 13843269
462299765 13843269 472562238 28840304
364829275 32193225 366600941 59282363
427284199 0 427284199 35205481
312205921 0 312205921 37913032
312205921 37913032 316016007 42713116
316016007 42713116 318433629 42713116
316016007 42713116 316016007 49391090
316016007 49391090 325676206 53644523
325676206 53644523 329026648 60824599
329026648 60824599 342187476 86020261
398834742 0 398834742 38765353
398834742 38765353 422074303 51492839
422074303 51492839 422450923 51492839
422074303 51492839 422074303 57318879
422074303 57318879 441119369 62016198
441119369 62016198 447480856 73548349
447480856 73548349 462034680 77023382
462034680 77023382 495656883 77023382
462034680 77023382 462034680 115703128
462034680 115703128 471510272 120679026
471510272 120679026 475969727 120679026
475969727 120679026 475969727 124214678
342187476 86020261 380511005 92578234
380511005 92578234 393095993 95339089
393095993 95339089 415339103 97791573
415339103 97791573 420900436 97791573
366600941 59282363 395208338 76194938
472562238 0 520199808 0
520199808 0 536342620 0
536342620 0 536342620 29256347
520199808 0 520199808 29682954
536342620 0 569217018 0
569217018 0 569993900 0
569993900 0 569993900 4420851
569217018 0 569217018 26120247
536342620 29256347 539314757 62486443
539314757 62486443 539314757 65678972
539314757 62486443 553489542 62486443
553489542 62486443 564661717 64759404
564661717 64759404 564661717 83755183
564661717 83755183 575274005 96690953
564661717 64759404 589512633 64759404
589512633 64759404 598148101 66707550
598148101 66707550 598148101 83090967
598148101 83090967 618566953 86695573
618566953 86695573 634626092 86695573
634626092 86695573 646955069 86695573
634626092 86695573 634626092 114033169
598148101 66707550 643070388 66707550
643070388 66707550 653695780 66707550
643070388 66707550 643070388 80876362
643070388 80876362 643070388 82570369
643070388 80876362 652779101 80876362
652779101 80876362 691167278 82872336
691167278 82872336 694365616 103320469
694365616 103320469 694365616 107689203
694365616 107689203 701309549 118411705
701309549 118411705 730013303 118411705
653695780 66707550 692690519 68826790
415339103 97791573 415339103 145724418
420900436 97791573 445455883 121822846
471510272 120679026 471510272 171397135
471510272 171397135 472464409 172719499
472464409 172719499 472464409 186441465
472464409 172719499 499082122 172719499
472464409 186441465 480054226 206483492
480054226 206483492 523179842 212295466
523179842 212295466 523179842 234524148
523179842 212295466 550405814 212295466
550405814 212295466 550405814 227930388
550405814 227930388 552925295 236539819
550405814 212295466 566497604 212295466
552925295 236539819 552925295 259586468
552925295 236539819 580655825 236539819
580655825 236539819 596586761 242694955
596586761 242694955 607920439 250564950
607920439 250564950 607920439 257393794
607920439 250564950 628264709 250564950
628264709 250564950 650144255 254259733
650144255 254259733 668961323 254259733
668961323 254259733 689393086 254259733
668961323 254259733 668961323 283985142
650144255 254259733 650144255 295912872
650144255 295912872 657107036 295912872
650144255 295912872 650144255 312523164
552925295 259586468 576763811 280407825
566497604 212295466 596586761 227261410
596586761 227261410 615106221 227261410
569217018 26120247 597578273 50430633
694365616 103320469 748391944 103320469
748391944 103320469 764825317 108507835
764825317 108507835 775067329 108507835
764825317 108507835 764825317 149679616
764825317 149679616 767658477 149679616
767658477 149679616 773947631 149679616
767658477 149679616 767658477 156132020
764825317 149679616 764825317 166794365
767658477 156132020 793011691 159269644
793011691 159269644 795676472 159269644
793011691 159269644 793011691 189806323
793011691 189806323 806324975 218934398
806324975 218934398 823077530 218934398
806324975 218934398 806324975 249238277
823077530 218934398 847944510 233838921
847944510 233838921 857198812 265572362
857198812 265572362 867727980 265572362
857198812 265572362 857198812 283663799
867727980 265572362 879460180 281109542
795676472 159269644 840066725 167617589
840066725 167617589 840066725 173883644
840066725 167617589 855008660 167617589
855008660 167617589 877736454 180080610
877736454 180080610 877736454 189615840
877736454 189615840 892760744 204929406
892760744 204929406 907103787 204929406
907103787 204929406 917892347 205861327
917892347 205861327 917892347 222352306
917892347 222352306 917892347 223349587
917892347 222352306 920259309 222352306
892760744 204929406 892760744 232569568
892760744 232569568 901314139 251286918
901314139 251286918 904222218 251286918
901314139 251286918 901314139 260876971
917892347 205861327 959775050 205861327
959775050 205861327 961165548 224988473
961165548 224988473 967858314 224988473
967858314 224988473 976956642 229873611
976956642 229873611 983314894 229873611
976956642 229873611 976956642 236432330
961165548 224988473 961165548 252802426
961165548 252802426 970779007 264401911
970779007 264401911 985454921 264401911
970779007 264401911 970779007 283494824
970779007 283494824 975097446 305804037
975097446 305804037 978321969 319329197
877736454 180080610 921832869 180080610
921832869 180080610 921832869 180332809
921832869 180080610 942716902 180080610
978321969 319329197 998840020 348855151
901314139 260876971 901853939 313992383
901853939 313992383 906811614 320517986
906811614 320517986 925675093 326344979
925675093 326344979 925675093 329597504
925675093 326344979 932292728 326344979
932292728 326344979 940778140 327143652
940778140 327143652 968998012 329405397
925675093 329597504 927748803 374612301
927748803 374612301 946844312 398831153
946844312 398831153 955076802 399104467
955076802 399104467 955076802 410955164
955076802 399104467 971733559 399104467
971733559 399104467 971733559 404589787
971733559 399104467 991080055 399104467
991080055 399104467 995097548 399104467
991080055 399104467 991080055 403700729
971733559 404589787 978145388 427751735
978145388 427751735 981133459 436916881
981133459 436916881 990991537 445220387
990991537 445220387 990991537 452795881
990991537 445220387 999518083 445220387
140640126 190572122 154924758 230899390
154924758 230899390 154924758 242763463
154924758 230899390 169620293 230899390
169620293 230899390 172612380 238411525
172612380 238411525 172612380 242780452
172612380 242780452 182108767 257821651
182108767 257821651 192372614 258876125
172612380 238411525 210056303 238411525
210056303 238411525 217884469 245313972
217884469 245313972 227474651 257348792
227474651 257348792 229845167 306972874
229845167 306972874 229845167 315561505
229845167 306972874 258753933 306972874
258753933 306972874 260429831 322903028
260429831 322903028 260429831 353536543
260429831 322903028 291646426 322903028
291646426 322903028 320343743 333306123
320343743 333306123 320343743 342473652
320343743 342473652 327016561 368770375
327016561 368770375 330086875 368770375
330086875 368770375 333351560 375817848
333351560 375817848 336918699 375817848
333351560 375817848 333351560 388862742
333351560 388862742 339604766 393309531
339604766 393309531 340346247 393309531
339604766 393309531 339604766 394467380
320343743 333306123 354367651 333306123
354367651 333306123 362681109 333306123
354367651 333306123 354367651 342472777
327016561 368770375 327016561 406722560
135164184 503059533 158193670 534700833
158193670 534700833 165317022 534700833
158193670 534700833 158193670 547458427
158193670 547458427 168761623 565743777
168761623 565743777 168761623 569585789
168761623 569585789 182313299 572023475
168761623 565743777 188911371 565743777
188911371 565743777 191814842 597423705
191814842 597423705 191814842 600629964
191814842 597423705 212470671 597423705
212470671 597423705 228089962 620629129
228089962 620629129 233306361 634900061
233306361 634900061 233306361 657476379
233306361 657476379 238178923 657476379
233306361 657476379 233306361 663084290
233306361 634900061 257977485 634900061
257977485 634900061 261046780 643754462
261046780 643754462 261046780 647667114
261046780 643754462 273049530 643754462
261046780 647667114 261666532 662697111
261666532 662697111 280541814 673057834
280541814 673057834 282742413 674839544
282742413 674839544 299565472 674839544
299565472 674839544 318291902 690768423
273049530 643754462 300920990 659882633
475969727 120679026 530811517 120679026
955076802 410955164 955255202 466235760
955255202 466235760 962127216 499207887
962127216 499207887 962127216 504010450
962127216 499207887 978461851 499207887
978461851 499207887 982700526 502388731
982700526 502388731 987554550 504945920
942716902 180080610 981501068 197110303
668195000 437520533 713751593 448040639
713751593 448040639 713751593 456994522
713751593 448040639 737966333 448040639
737966333 448040639 737966333 452416550
737966333 448040639 757141043 448040639
757141043 448040639 768547812 467746953
768547812 467746953 793743224 477391900
793743224 477391900 793743224 489902271
793743224 489902271 794432924 513218041
794432924 513218041 823072245 513218041
823072245 513218041 824366503 525040680
824366503 525040680 824366503 525435116
793743224 477391900 822477381 477391900
824366503 525435116 838656261 541877288
838656261 541877288 838656261 550130322
838656261 541877288 860610032 541877288
860610032 541877288 860610032 544195632
860610032 541877288 870192216 541877288
822477381 477391900 847213787 487345228
794432924 513218041 794432924 558993567
794432924 558993567 806360487 596207675
806360487 596207675 837068662 596207675
806360487 596207675 806360487 632617236
806360487 632617236 808357525 633566685
808357525 633566685 808357525 636159811
824366503 525040680 875453949 525040680
875453949 525040680 880336906 531872636
880336906 531872636 880336906 535408843
880336906 531872636 896243975 531872636
896243975 531872636 910470800 541780914
910470800 541780914 910470800 553102378
910470800 553102378 916330010 553102378
916330010 553102378 925067417 566277716
910470800 541780914 947645732 541780914
925067417 566277716 965005537 566277716
910470800 553102378 910470800 595695553
910470800 595695553 925067417 610594266
965005537 566277716 972943370 605532033
972943370 605532033 984531423 608719051
984531423 608719051 991458012 639330926
925067417 610594266 953479450 638295460
953479450 638295460 956614924 643189578
956614924 643189578 958929935 684991325
958929935 684991325 976917557 684991325
976917557 684991325 978428193 684991325
978428193 684991325 978428193 685075638
976917557 684991325 976917557 689226064
978428193 684991325 988393991 684991325
958929935 684991325 958929935 715020609
958929935 715020609 958929935 717411046
958929935 715020609 970037877 715020609
970037877 715020609 985292713 716417666
985292713 716417666 991751669 716417666
985292713 716417666 985292713 730808708
589278510 985688341 645142527 986348607
985292713 730808708 987509712 785195350
553071927 397280843 569777346 437203033
569777346 437203033 611640213 446085514
611640213 446085514 611640213 453492920
354367651 342472777 402347857 351687513
402347857 351687513 410435006 351933058
410435006 351933058 410435006 387421652
410435006 387421652 410513513 416400230
410435006 351933058 450348277 351933058
450348277 351933058 450348277 354809410
450348277 351933058 454410419 351933058
450348277 354809410 450981350 377237273
454410419 351933058 474804333 372356336
474804333 372356336 486880037 374066098
486880037 374066098 487560135 399898215
487560135 399898215 487560135 410856676
487560135 410856676 497535151 421830777
487560135 399898215 510770978 399898215
510770978 399898215 530895726 401768731
530895726 401768731 537717162 401768731
530895726 401768731 530895726 409252794
530895726 409252794 544174772 419565570
544174772 419565570 544248687 425007148
544248687 425007148 550606140 470687469
550606140 470687469 566567165 470687469
550606140 470687469 550606140 488343680
550606140 488343680 563091564 503978901
563091564 503978901 584418923 516371866
584418923 516371866 584418923 533094318
584418923 533094318 590934577 559260487
590934577 559260487 601297632 559260487
601297632 559260487 601297632 560885962
601297632 560885962 601489557 560885962
601297632 559260487 605117869 559260487
601297632 560885962 601297632 564718238
590934577 559260487 590934577 581915216
605117869 559260487 656185918 559389973
656185918 559389973 659388170 571679315
659388170 571679315 659388170 596409731
497535151 421830777 520476963 451283520
520476963 451283520 527741834 463339119
584418923 516371866 640511068 516371866
640511068 516371866 650793898 518078704
650793898 518078704 653882918 536945461
653882918 536945461 654081243 538492028
654081243 538492028 665284199 538492028
654081243 538492028 654081243 552285502
654081243 552285502 658092039 552285502
654081243 552285502 654081243 593463539
192372614 258876125 205485279 303099704
808357525 633566685 865800887 633566685
865800887 633566685 865800887 635031990
865800887 635031990 879067262 639197494
879067262 639197494 881647286 654771151
881647286 654771151 883643362 654771151
881647286 654771151 881647286 680554173
881647286 680554173 883359409 695532396
883359409 695532396 890564905 701167355
865800887 633566685 905642728 633566685
905642728 633566685 914457945 678607357
338619457 169095611 395198622 170041419
395198622 170041419 395198622 179796412
395198622 179796412 397411324 182537719
397411324 182537719 397411324 187212229
395198622 170041419 406108239 170041419
397411324 182537719 412254730 182537719
412254730 182537719 412613824 199268497
412613824 199268497 412613824 215356695
412613824 215356695 430822694 220456197
412613824 199268497 438565063 199268497
430822694 220456197 437188429 251451177
437188429 251451177 446267924 256598965
438565063 199268497 467899284 207319791
380932543 259009076 380932543 316918283
380932543 316918283 431520186 323998144
650144255 312523164 703991480 316697828
703991480 316697828 707520953 319111046
707520953 319111046 707520953 327916970
707520953 327916970 716566244 327916970
707520953 327916970 707520953 352116056
707520953 352116056 714103977 352116056
707520953 352116056 707520953 370257630
707520953 370257630 711226453 370257630
707520953 370257630 707520953 393294986
707520953 393294986 708759879 396499341
708759879 396499341 736563668 396499341
736563668 396499341 736563668 396577062
711226453 370257630 733870639 381090272
708759879 396499341 708759879 432911459
714103977 352116056 733870639 368848907
733870639 368848907 770636049 368848907
770636049 368848907 780821957 373861667
780821957 373861667 791101823 378774222
791101823 378774222 791101823 396499341
791101823 396499341 798504391 409754599
798504391 409754599 809868940 409754599
798504391 409754599 798504391 422436925
798504391 422436925 824364261 427862724
824364261 427862724 844619864 431505702
844619864 431505702 844619864 440257311
844619864 440257311 849669041 442948352
849669041 442948352 849669041 451448738
849669041 451448738 855166895 451448738
855166895 451448738 861514073 453571275
861514073 453571275 869169419 453571275
869169419 453571275 870890281 457539544
849669041 442948352 870651706 442948352
870651706 442948352 870651706 449325398
870651706 442948352 884961696 442948352
849669041 451448738 849669041 472624390
849669041 472624390 861514073 481866490
861514073 481866490 891743637 483374468
791101823 378774222 824590426 378774222
824590426 378774222 828099479 378774222
824590426 378774222 824590426 383933712
844619864 431505702 878735682 431505702
707520953 319111046 751076515 319111046
751076515 319111046 754976824 319111046
751076515 319111046 751076515 345749955
754976824 319111046 779124611 338529608
779124611 338529608 779124611 339412702
779124611 338529608 804840467 338529608
804840467 338529608 830969118 346186207
891743637 483374468 913079240 510788871
913079240 510788871 913079240 513913596
913079240 510788871 926931244 510788871
225898011 51141534 265380417 69858427
265380417 69858427 283043208 85992576
767821587 933494016 814899906 944691033
814899906 944691033 822098437 949035743
822098437 949035743 861305249 951818755
861305249 951818755 882540806 965158170
882540806 965158170 919135272 981363339
0 648683013 0 707308538
0 707308538 2439670 707308538
0 707308538 0 747306107
0 747306107 0 752557146
0 752557146 1679758 752557146
0 752557146 0 789859461
0 789859461 0 808476760
0 808476760 4048354 808476760
0 808476760 0 821967141
0 821967141 0 824471430
0 824471430 2856237 824471430
0 821967141 26232620 821967141
0 824471430 0 855449962
0 855449962 0 888172330
0 888172330 0 893432321
0 893432321 0 895159311
0 895159311 3227098 895159311
0 888172330 9901653 888172330
9901653 888172330 13077396 893432321
0 895159311 0 912129589
0 912129589 0 949722461
0 949722461 7635974 949722461
7635974 949722461 18885979 978243373
18885979 978243373 35146867 980424177
35146867 980424177 35146867 982250262
35146867 982250262 44795586 982380456
35146867 980424177 52820499 980424177
52820499 980424177 65551730 982190117
44795586 982380456 51272654 999195499
0 855449962 40568662 855449962
40568662 855449962 50871112 855942731
50871112 855942731 70572148 879265985
70572148 879265985 79925410 886584461
0 747306107 43950713 747306107
43950713 747306107 44022692 747484043
44022692 747484043 44022692 765490422
44022692 765490422 60648561 765490422
44022692 765490422 44022692 789859461
44022692 789859461 66028200 793738551
66028200 793738551 70158516 817091567
70158516 817091567 82049828 817091567
70158516 817091567 70158516 832152327
70158516 832152327 70313737 832152327
70158516 832152327 70158516 840528244
82049828 817091567 115106374 827877801
115106374 827877801 134765228 831563801
134765228 831563801 134765228 868427113
134765228 831563801 176254731 831563801
176254731 831563801 182595539 831563801
176254731 831563801 176254731 844059570
176254731 844059570 179980101 844059570
176254731 844059570 176254731 850633729
182595539 831563801 210120631 832107490
210120631 832107490 212543256 847907414
212543256 847907414 223276295 847907414
212543256 847907414 212543256 870375472
223276295 847907414 247931437 866179671
247931437 866179671 251736386 866630815
251736386 866630815 284986893 866630815
284986893 866630815 303084941 866630815
284986893 866630815 284986893 889943693
0 912129589 45167312 912129589
45167312 912129589 56195934 912899445
134765228 868427113 144143908 906706283
144143908 906706283 155228819 912586028
155228819 912586028 155228819 935138083
155228819 912586028 180743902 912586028
180743902 912586028 200285066 915908146
200285066 915908146 224353044 933790561
251736386 866630815 251736386 914395060
251736386 914395060 252130463 917979256
252130463 917979256 267798587 924080017
267798587 924080017 284290248 924080017
284290248 924080017 295230723 931718639
295230723 931718639 312590543 950980367
312590543 950980367 321226175 977765166
321226175 977765166 330586784 977765166
321226175 977765166 321226175 992239888
330586784 977765166 357276555 978503626
357276555 978503626 357276555 994600169
267798587 924080017 267798587 962900758
267798587 962900758 269737927 962900758
267798587 962900758 267798587 967244953
44022692 747484043 97048959 747484043
97048959 747484043 98067480 747484043
97048959 747484043 97048959 758858208
97048959 758858208 116653675 767541200
116653675 767541200 118278001 773453228
118278001 773453228 122337721 798127109
56195934 912899445 68095822 956522879
68095822 956522879 68095822 960180034
68095822 956522879 98147870 956522879
98147870 956522879 122598895 957037340
122598895 957037340 133606356 961459243
133606356 961459243 133856417 961459243
133856417 961459243 150912753 966990034
133606356 961459243 133606356 998191582
150912753 966990034 190964897 971786629
190964897 971786629 196266699 983294055
196266699 983294055 211543859 998356775
2439670 707308538 51490890 716088543
51490890 716088543 51490890 736360736
51490890 716088543 75175111 716088543
320135845 842602681 379352105 842602681
379352105 842602681 400581552 852328466
400581552 852328466 400581552 858533281
400581552 852328466 409327285 852328466
856164829 870246484 856164829 929901513
856164829 929901513 856449288 929901513
856164829 929901513 856164829 933819474
856164829 933819474 890720974 935456550
890720974 935456550 890720974 942399416
890720974 935456550 906099072 935456550
906099072 935456550 914602462 940374987
76815750 176197563 119207048 193656753
119207048 193656753 126076715 245168191
126076715 245168191 143679136 248544790
938611905 890492151 961305057 928011797
961305057 928011797 961305057 933238958
961305057 928011797 991671620 928011797
145233410 686400827 161688865 730380594
161688865 730380594 175430577 732879510
175430577 732879510 176997955 761275823
176997955 761275823 176997955 764946345
176997955 761275823 198869632 761275823
198869632 761275823 199297830 798003845
199297830 798003845 206864567 798003845
199297830 798003845 199297830 823241381
199297830 823241381 210120631 830732180
210120631 830732180 242363440 830732180
166923411 499484271 200085432 526969401
200085432 526969401 212033059 531780927
212033059 531780927 227787587 545463598
227787587 545463598 236483135 583940194
236483135 583940194 236483135 594331221
236483135 583940194 248385778 583940194
248385778 583940194 258307264 618675582
258307264 618675582 285824468 619101624
285824468 619101624 285824468 626600803
285824468 626600803 291030814 626600803
285824468 626600803 285824468 633486275
285824468 619101624 303713294 619101624
303713294 619101624 339698516 620750544
170797719 458704140 217094543 473163898
217094543 473163898 218051932 498732437
218051932 498732437 228660955 498732437
218051932 498732437 218051932 513684867
218051932 513684867 262135404 519125875
262135404 519125875 267614859 570490395
267614859 570490395 272088496 578654248
828099479 378774222 887501974 380663033
887501974 380663033 897747610 424724803
808357525 636159811 809534440 696410612
659388170 571679315 721389972 571679315
721389972 571679315 728370148 571679315
721389972 571679315 721389972 582508845
721389972 582508845 721589909 582508845
721389972 582508845 721389972 585197199
721389972 585197199 746848234 603387510
479922003 607247675 494467439 654812868
494467439 654812868 548719481 661534645
212543256 870375472 236685995 908538822
236685995 908538822 244784812 908601911
755974227 724038931 791337701 751195550
791337701 751195550 849539082 754374190
849539082 754374190 851179310 756235904
851179310 756235904 851179310 758337844
851179310 758337844 855818138 764130778
855818138 764130778 866638311 789183568
866638311 789183568 869378161 791982087
869378161 791982087 905874587 810327328
905874587 810327328 930394434 822889603
466129867 689395631 478038189 740570493
618566953 86695573 618566953 150232444
618566953 150232444 620585245 163724235
620585245 163724235 620585245 175163185
620585245 175163185 620585245 175369424
620585245 175163185 628012048 175163185
620585245 163724235 633923494 163724235
628012048 175163185 630958527 191630852
630958527 191630852 630958527 211809415
630958527 191630852 688658451 191630852
688658451 191630852 706299798 234826561
706299798 234826561 737172837 253719940
737172837 253719940 742845325 273191279
742845325 273191279 742845325 304103315
742845325 273191279 774172989 273191279
112054580 326619809 129526410 372824963
597578273 50430633 654838736 56999939
565937266 919070954 598623388 951064201
667689672 927194809 718355043 941744143
718355043 941744143 718355043 946418511
718355043 941744143 723552699 941744143
723552699 941744143 724668663 953317619
724668663 953317619 724890079 979129615
309334446 462727793 367744381 469726854
367744381 469726854 407465006 479714105
407465006 479714105 407465006 480123829
407465006 479714105 446852612 479714105
446852612 479714105 448760336 485954221
448760336 485954221 448760336 491151178
448760336 491151178 462587525 508567152
462587525 508567152 463987532 508567152
462587525 508567152 462587525 513930192
463987532 508567152 474805757 511494099
474805757 511494099 485631928 512953159
485631928 512953159 485631928 513470571
485631928 513470571 497834297 525170438
497834297 525170438 500156044 545033454
448760336 485954221 480335201 485954221
480335201 485954221 490575905 493715934
500156044 545033454 543277152 550917359
543277152 550917359 546165422 571066614
546165422 571066614 546165422 577184688
546165422 571066614 578705515 571066614
485631928 512953159 534664184 512953159
806324975 249238277 840290409 280739527
645142527 986348607 698832802 998232364
914602462 940374987 949564662 971051624
949564662 971051624 983707203 987087191
472562238 28840304 513630785 53425348
701309549 118411705 701309549 184218446
70158516 840528244 113124516 863430823
113124516 863430823 124378286 878951545
124378286 878951545 125443263 927084888
125443263 927084888 136026815 927084888
125443263 927084888 125443263 955877893
584706994 313768183 603482452 361154171
603482452 361154171 611296278 361154171
603482452 361154171 603482452 370325750
746848234 603387510 777741217 639267417
777741217 639267417 783828731 661700142
783828731 661700142 792451699 686871298
792451699 686871298 801437339 705942985
630958527 211809415 674800949 234767470
914457945 678607357 933880513 729390220
933880513 729390220 955003152 730808708
955003152 730808708 955003152 774943514
955003152 774943514 958407353 796877308
728370148 571679315 783205268 587328264
116446119 67941106 118825524 136974237
475969727 124214678 520511937 152112135
587779931 827247628 634085947 853410528
665284199 538492028 736700744 540174076
736700744 540174076 741879055 545755100
741879055 545755100 749186655 560416534
276637785 219825616 276637785 292942776
801437339 705942985 858295810 723418234
569993900 0 646076975 0
646076975 0 646076975 5392819
646076975 0 660505726 0
660505726 0 673409955 0
673409955 0 673409955 21481754
660505726 0 660505726 23927399
673409955 0 698377904 0
698377904 0 702837248 0
702837248 0 711517077 0
711517077 0 711517077 19201568
711517077 0 742303161 0
742303161 0 755507269 0
755507269 0 755507269 8808802
742303161 0 742303161 14208242
755507269 0 783544804 0
783544804 0 791874540 0
791874540 0 803921891 0
803921891 0 803921891 6189870
791874540 0 791874540 20049870
803921891 0 830243776 0
830243776 0 848654100 0
848654100 0 855980880 0
855980880 0 855980880 1499745
848654100 0 848654100 7905256
830243776 0 830243776 23030439
783544804 0 783544804 27159661
698377904 0 698377904 33293562
698377904 33293562 702837248 40204983
830243776 23030439 833328647 59650399
833328647 59650399 843838228 69156626
843838228 69156626 843838228 82698964
843838228 82698964 847597554 82698964
843838228 82698964 843838228 104517723
843838228 104517723 845389749 104517723
843838228 69156626 866328911 69156626
866328911 69156626 869208122 69156626
866328911 69156626 866328911 74670825
866328911 74670825 866328911 74705824
866328911 74670825 867802083 74670825
867802083 74670825 890791793 80289280
890791793 80289280 890791793 92603625
847597554 82698964 863089489 98737380
843838228 104517723 843838228 141680639
791874540 20049870 805921864 55952366
805921864 55952366 805921864 62188548
805921864 55952366 818429531 55952366
805921864 62188548 811772267 74570041
890791793 80289280 945390277 80289280
945390277 80289280 950642714 103154043
950642714 103154043 967697739 103154043
950642714 103154043 950642714 128133283
950642714 128133283 955931567 128133283
950642714 128133283 950642714 165103570
950642714 165103570 962197268 166519463
962197268 166519463 968143828 179866454
955931567 128133283 959754699 164882238
742303161 14208242 755105021 58106257
755105021 58106257 775067329 81897089
775067329 81897089 797719194 81897089
673409955 21481754 698306798 54876615
650248738 621399360 716826284 631670797
716826284 631670797 716955424 631670797
716826284 631670797 716826284 641496450
75175111 716088543 144771263 723821254
339698516 620750544 399275827 639469611
399275827 639469611 404860880 654766631
404860880 654766631 404860880 672938525
404860880 672938525 404860880 684514354
404860880 672938525 424221507 672938525
404860880 684514354 414193029 700304315
404860880 654766631 435968277 654766631
424221507 672938525 449826799 678454919
414193029 700304315 448260983 726096299
830969118 346186207 884855534 371765012
851179310 756235904 932171429 756235904
932171429 756235904 941178931 805859831
692572049 685468503 774175954 686131270
774175954 686131270 776556315 699017939
776556315 699017939 777513241 720310320
520511937 152112135 575322492 179580419
575322492 179580419 575322492 184497696
575322492 179580419 596556510 179580419
575322492 184497696 593323675 196587522
593323675 196587522 594624138 196587522
593323675 196587522 593323675 202179106
593323675 202179106 620530356 204073962
450981350 377237273 469721119 444611762
469721119 444611762 480335201 475140591
480335201 475140591 495451986 475140591
495451986 475140591 519952745 490590984
855980880 0 943605917 0
943605917 0 947438793 0
947438793 0 947438793 13623817
947438793 13623817 958836151 31694047
958836151 31694047 991334072 39706379
943605917 0 943605917 48243614
943605917 48243614 950615255 58632565
690451911 692503281 764924899 709259143
272088496 578654248 338078309 604647585
35621056 631555060 62366569 697345520
62366569 697345520 93608913 706635548
818429531 55952366 917734737 57630805
