1458
0 0 18604 0
0 0 0 9086797
18604 0 12871566 0
12871566 0 12871566 9086797
12871566 0 27276325 0
0 9086797 0 43502567
0 43502567 0 45060632
0 45060632 18604 45060632
0 45060632 0 57607147
0 57607147 0 70419911
0 70419911 0 82816243
0 82816243 0 95249054
0 95249054 9505806 95249054
0 82816243 12666173 82816243
0 57607147 14090564 57607147
0 43502567 27276325 43502567
0 95249054 0 125434373
0 125434373 0 165906735
0 165906735 0 169311200
0 169311200 17559420 169311200
0 169311200 0 209283297
0 209283297 0 213693200
0 213693200 0 221447428
0 221447428 9312134 221447428
0 209283297 14386239 209283297
0 221447428 0 238611315
0 238611315 0 260961188
0 260961188 0 268549446
0 268549446 0 277314118
0 277314118 3334941 277314118
0 268549446 10991870 268549446
0 260961188 18326679 260961188
14386239 209283297 34379782 213693200
34379782 213693200 49997110 216613336
49997110 216613336 51789515 216613336
49997110 216613336 49997110 238611315
0 125434373 40729202 125434373
40729202 125434373 41281875 129221930
41281875 129221930 54224208 129221930
54224208 129221930 54224208 137466818
54224208 129221930 69146374 129221930
54224208 137466818 62545407 149820409
69146374 129221930 87781942 134623397
87781942 134623397 90757920 134623397
87781942 134623397 87781942 148262345
90757920 134623397 96562499 144516269
96562499 144516269 107234150 145517097
107234150 145517097 114703584 145517097
107234150 145517097 107234150 155230727
107234150 155230727 107777486 157365939
107777486 157365939 108897720 157365939
107777486 157365939 107777486 177347282
107777486 177347282 108422421 189902678
62545407 149820409 87396572 154490431
41281875 129221930 41281875 165906735
14090564 57607147 44256769 70419911
44256769 70419911 70759769 72328916
70759769 72328916 71887972 82580988
0 277314118 0 327382664
0 327382664 0 335341707
0 335341707 14390724 335341707
0 335341707 0 351783654
0 351783654 8288172 351783654
0 351783654 0 389201301
0 389201301 0 409073095
0 409073095 0 419213719
0 419213719 0 437037092
0 437037092 0 439469440
0 439469440 0 441616227
0 441616227 14998724 441616227
0 441616227 0 462474223
0 462474223 18725682 462474223
0 437037092 24919818 437037092
24919818 437037092 41188252 439469440
0 389201301 25584801 389201301
0 419213719 27217894 419213719
25584801 389201301 34549626 409073095
0 462474223 0 497406242
0 497406242 0 519233151
0 519233151 0 519603271
0 519603271 0 521943446
0 521943446 0 528513535
0 528513535 0 531788834
0 528513535 3576999 528513535
3576999 528513535 10552322 531788834
0 531788834 0 545779633
0 521943446 15497047 521943446
0 545779633 18701054 545779633
0 545779633 0 564668321
0 564668321 0 583813958
0 583813958 3488466 583813958
0 583813958 0 593880568
0 593880568 0 599348632
0 599348632 3067779 599348632
0 519603271 20340545 519603271
0 497406242 37307911 497406242
37307911 497406242 48528057 519233151
0 564668321 41762262 564668321
41762262 564668321 48561647 593880568
27217894 419213719 63109374 428188034
63109374 428188034 69090354 430243749
69090354 430243749 104016742 430243749
104016742 430243749 110113475 450119635
110113475 450119635 110113475 453023101
110113475 450119635 145363029 450119635
145363029 450119635 150423025 450682570
150423025 450682570 150423025 471729910
150423025 471729910 153226941 471729910
153226941 471729910 153226941 473392532
153226941 471729910 156854792 471729910
153226941 473392532 153519933 479941105
150423025 471729910 150423025 489374029
150423025 489374029 151740355 489374029
150423025 489374029 150423025 496658163
150423025 496658163 163972958 501387965
163972958 501387965 168249291 501387965
168249291 501387965 168249291 526283294
168249291 526283294 188295220 532219460
188295220 532219460 196408886 537931642
196408886 537931642 214246878 537931642
168249291 501387965 196024000 501387965
163972958 501387965 163972958 535171155
153519933 479941105 184245403 488788015
69090354 430243749 69090354 475202808
69090354 475202808 78429325 475202808
78429325 475202808 81353466 484089871
81353466 484089871 87198574 484922610
87198574 484922610 87198574 491370177
87198574 491370177 88980083 491370177
87198574 484922610 98182472 484922610
69090354 475202808 69090354 496623071
87198574 491370177 87198574 518182141
87198574 518182141 90352702 529643112
90352702 529643112 90352702 564247874
90352702 564247874 113944225 564258613
113944225 564258613 136772678 564258613
136772678 564258613 145629248 570523095
113944225 564258613 113944225 596132325
90352702 529643112 131818360 529643112
98182472 484922610 135474924 489374029
135474924 489374029 135474924 497475429
150423025 450682570 195566781 450682570
195566781 450682570 207301607 474370010
207301607 474370010 210803867 476157246
210803867 476157246 217459048 479441862
217459048 479441862 235560247 479441862
235560247 479441862 235560247 486649254
235560247 486649254 235560247 487134860
235560247 486649254 240841323 486649254
235560247 479441862 254776380 479441862
254776380 479441862 259369739 493189782
217459048 479441862 217459048 500765183
235560247 487134860 236233995 509356529
259369739 493189782 287962604 505240096
287962604 505240096 287962604 505454911
287962604 505240096 291893853 505240096
291893853 505240096 300481266 519171008
300481266 519171008 303281690 519171008
303281690 519171008 306312817 523392850
306312817 523392850 317472599 523392850
317472599 523392850 322213444 525576943
322213444 525576943 343779432 541224927
343779432 541224927 345640937 541590754
345640937 541590754 345640937 552767081
345640937 552767081 366143970 552971838
366143970 552971838 378009356 562426759
378009356 562426759 378285651 568098396
378285651 568098396 378285651 572376887
378285651 568098396 390136353 568098396
345640937 541590754 369962289 541590754
369962289 541590754 369962289 543074913
369962289 543074913 388410810 543216052
369962289 541590754 403328528 541590754
300481266 519171008 300481266 557522617
300481266 557522617 306312817 561831613
0 327382664 47297032 327382664
47297032 327382664 52115883 328805102
52115883 328805102 64591632 357001983
64591632 357001983 71868836 382900256
71868836 382900256 81449036 402801083
81449036 402801083 81449036 406537100
81449036 402801083 98664338 402801083
81449036 406537100 91044145 420818564
403328528 541590754 448237006 545459888
91044145 420818564 91577254 469919029
108897720 157365939 157153264 159779514
157153264 159779514 176331025 168702836
176331025 168702836 179481728 168702836
179481728 168702836 184491701 169910472
184491701 169910472 184491701 190797705
176331025 168702836 176331025 195950039
176331025 195950039 182537875 208387862
184491701 169910472 224961210 169910472
224961210 169910472 233715077 181931378
233715077 181931378 247991575 181931378
247991575 181931378 255678257 189998771
255678257 189998771 255678257 233256782
255678257 233256782 258081069 238270368
258081069 238270368 258081069 256988628
258081069 256988628 279295143 256988628
258081069 238270368 291662359 238270368
255678257 189998771 299220658 189998771
299220658 189998771 299220658 207020634
299220658 189998771 321335231 189998771
233715077 181931378 233715077 230929662
233715077 230929662 233715077 238588135
233715077 230929662 243633132 230929662
448237006 545459888 468303061 576174156
390136353 568098396 422239793 587559100
422239793 587559100 432621683 589737842
432621683 589737842 432637212 590545108
432637212 590545108 459750628 590545108
258081069 256988628 258081069 308699133
258081069 308699133 262528768 309641567
262528768 309641567 262528768 358343421
262528768 358343421 297471600 358343421
262528768 358343421 262528768 393680772
262528768 393680772 277578454 395444568
277578454 395444568 277578454 403845285
277578454 395444568 295997008 395444568
295997008 395444568 301068535 410392918
301068535 410392918 307503791 447687074
307503791 447687074 308716088 454428538
308716088 454428538 308716088 455243424
308716088 455243424 313996191 477128856
313996191 477128856 313996191 486672107
313996191 486672107 330870702 493158325
313996191 477128856 354331639 477128856
297471600 358343421 335454484 365378069
335454484 365378069 358136490 380386819
358136490 380386819 358136490 387745145
358136490 380386819 372670462 380386819
372670462 380386819 418196203 386208702
277578454 403845285 285201211 447687074
285201211 447687074 285201211 449829732
306312817 561831613 306749164 613182458
306749164 613182458 312669613 622635044
312669613 622635044 319689858 657500373
319689858 657500373 319689858 659900179
319689858 659900179 325355906 659900179
325355906 659900179 334822304 669848727
319689858 659900179 319689858 681869579
319689858 657500373 347635751 657500373
319689858 681869579 328019660 709205339
328019660 709205339 328236036 718424259
328236036 718424259 328236036 740278667
328236036 718424259 357424005 718424259
357424005 718424259 357424005 723151315
357424005 723151315 364407697 734631720
357424005 718424259 378427562 718424259
378427562 718424259 405451706 729314820
328236036 740278667 331853687 777172873
331853687 777172873 337219055 781481035
337219055 781481035 357316497 784211077
357316497 784211077 357316497 791144162
357316497 791144162 378548461 799427903
378548461 799427903 394211161 799427903
378548461 799427903 378548461 840311751
378548461 840311751 395523755 848123839
395523755 848123839 395523755 853098418
395523755 853098418 404055137 858820075
404055137 858820075 409516737 858820075
404055137 858820075 404055137 887031007
404055137 887031007 408920990 910460459
408920990 910460459 412871346 911100319
412871346 911100319 412871346 917211448
412871346 911100319 423921423 911100319
412871346 917211448 416202220 940982931
395523755 848123839 426525374 848123839
426525374 848123839 441734789 854789198
441734789 854789198 441734789 864808079
416202220 940982931 433962019 961650098
433962019 961650098 433962019 964931111
433962019 961650098 455929526 961650098
455929526 961650098 459706814 976919026
433962019 964931111 450251689 976919026
450251689 976919026 450251689 989397624
357316497 784211077 399208421 784211077
279295143 256988628 327881381 260360506
327881381 260360506 328921367 260360506
328921367 260360506 331366883 272687730
331366883 272687730 347100003 272687730
327881381 260360506 327881381 305467987
327881381 305467987 331366883 321175962
331366883 321175962 335454484 357584979
335454484 357584979 363832727 357584979
363832727 357584979 366068614 358167351
347100003 272687730 394785203 273960614
394785203 273960614 413745056 280250800
413745056 280250800 420828308 280250800
420828308 280250800 427046668 286660383
427046668 286660383 433644751 286660383
427046668 286660383 427046668 310912628
427046668 310912628 435801126 315677865
435801126 315677865 440997985 315677865
440997985 315677865 440997985 322125092
435801126 315677865 435801126 330136362
440997985 322125092 452028642 326780740
440997985 315677865 458405488 315677865
452028642 326780740 457839626 358699349
457839626 358699349 457839626 364294572
457839626 358699349 484723470 358699349
484723470 358699349 487739261 363554504
487739261 363554504 487819095 379647970
487819095 379647970 490536131 383554370
490536131 383554370 490536131 397432986
490536131 397432986 506013545 397672005
457839626 364294572 475085339 379647970
475085339 379647970 475085339 389333436
490536131 383554370 526919055 383554370
526919055 383554370 530157546 385501099
530157546 385501099 557522763 385501099
557522763 385501099 557670066 386119620
557670066 386119620 574526212 386119620
557670066 386119620 557670066 417107681
557670066 417107681 557670066 428960400
557670066 417107681 570543650 417107681
574526212 386119620 592748547 400151997
592748547 400151997 593098199 405525597
593098199 405525597 601347982 405525597
601347982 405525597 620005125 406182853
620005125 406182853 624672066 406182853
624672066 406182853 624672066 415105541
620005125 406182853 620005125 432787195
624672066 406182853 656499253 406182853
557670066 428960400 570085549 458861139
530157546 385501099 530157546 428338846
530157546 428338846 535859216 428338846
535859216 428338846 535859216 431372829
530157546 428338846 530157546 434655805
535859216 428338846 544258254 428338846
544258254 428338846 553738075 431077713
593098199 405525597 593098199 451534751
593098199 451534751 613192734 471312718
613192734 471312718 624275562 482121964
624275562 482121964 624275562 494076528
624275562 494076528 625450134 494076528
624275562 482121964 647501004 482121964
656499253 406182853 676710423 433497406
676710423 433497406 684885331 433497406
676710423 433497406 676710423 447182272
676710423 447182272 696841732 468702024
696841732 468702024 736414468 471639083
736414468 471639083 751834382 471639083
736414468 471639083 736414468 487427621
736414468 487427621 745313406 518588139
745313406 518588139 754014347 520419552
530157546 434655805 534370335 479562567
108422421 189902678 140311250 210775239
140311250 210775239 143654143 225292422
143654143 225292422 147823412 230816511
147823412 230816511 154886772 232219131
196408886 537931642 196408886 591962073
196408886 591962073 201699091 593564530
201699091 593564530 243118364 593564530
243118364 593564530 261831017 610601323
261831017 610601323 263493641 631957291
263493641 631957291 263493641 642037307
263493641 631957291 294190263 631957291
294190263 631957291 294600558 679588092
294600558 679588092 295742884 679588092
294600558 679588092 294600558 682360182
450251689 989397624 504282833 990786253
145629248 570523095 149759779 622286950
149759779 622286950 158642037 622286950
158642037 622286950 158642037 629029570
158642037 622286950 181396280 622286950
181396280 622286950 185505396 654673966
185505396 654673966 185505396 656986921
185505396 656986921 185505396 658026924
185505396 656986921 191981611 656986921
185505396 654673966 201699091 654673966
201699091 654673966 219783167 671695696
219783167 671695696 229661892 671695696
219783167 671695696 219783167 709974271
219783167 709974271 227725557 728925610
227725557 728925610 231244128 728925610
231244128 728925610 237345282 731004454
237345282 731004454 253875764 731004454
253875764 731004454 267388596 738271939
227725557 728925610 227725557 754495155
267388596 738271939 294723350 748443730
294723350 748443730 303814899 748443730
294723350 748443730 294723350 778418846
294723350 778418846 296913604 786702627
296913604 786702627 302382892 786702627
296913604 786702627 296913604 793910275
296913604 793910275 296946446 802348441
296946446 802348441 320814120 802348441
296946446 802348441 296946446 828198495
296946446 828198495 296946446 841469851
296946446 828198495 314465935 828198495
314465935 828198495 333241464 843751560
333241464 843751560 333241464 852679125
333241464 843751560 354961116 843751560
229661892 671695696 231244128 709568734
231244128 709568734 262534683 709568734
262534683 709568734 262536947 709867569
262536947 709867569 264416127 720636279
149759779 622286950 149759779 662703773
149759779 662703773 153906219 662703773
149759779 662703773 149759779 681296758
149759779 681296758 171759487 692609446
171759487 692609446 176895884 692609446
176895884 692609446 181172779 710819595
181172779 710819595 181762650 710819595
181172779 710819595 181172779 730736526
181172779 730736526 197520120 737915820
197520120 737915820 209300974 737915820
264416127 720636279 290920863 735092137
197520120 737915820 197520120 779720455
197520120 779720455 197520120 782923051
197520120 779720455 203438497 779720455
197520120 782923051 198304449 800093343
198304449 800093343 199676426 800093343
199676426 800093343 207258105 812575180
207258105 812575180 223285570 816257302
223285570 816257302 240836571 816257302
198304449 800093343 198304449 820483582
240836571 816257302 240836571 843222528
240836571 843222528 246781569 868576382
246781569 868576382 266886006 868576382
240836571 816257302 273047059 816257302
273047059 816257302 277756416 834464459
277756416 834464459 285461995 836047812
285461995 836047812 296792832 852623096
223285570 816257302 223285570 850705229
246781569 868576382 246781569 903353385
246781569 903353385 247933197 919399665
247933197 919399665 249263930 926101602
249263930 926101602 249263930 944759546
249263930 944759546 249263930 963085078
249263930 944759546 268335830 944759546
268335830 944759546 292704755 945351956
292704755 945351956 311210693 945351956
292704755 945351956 292704755 965315210
311210693 945351956 329110402 948814659
203438497 779720455 237345282 792084979
198304449 820483582 198382448 866989410
198382448 866989410 205631092 871758494
205631092 871758494 205631092 875051358
205631092 871758494 217525124 871758494
217525124 871758494 222020086 889262562
222020086 889262562 234407587 889262562
222020086 889262562 222020086 929250412
222020086 929250412 242898517 939834312
242898517 939834312 242898517 940124014
242898517 939834312 243990298 939834312
171759487 692609446 171759487 741153163
292704755 965315210 312755079 997939860
354961116 843751560 368550051 886714894
368550051 886714894 369916854 891766644
369916854 891766644 373339482 891766644
369916854 891766644 369916854 903360263
369916854 903360263 371259000 903360263
369916854 903360263 369916854 910609509
625450134 494076528 626779159 549795339
626779159 549795339 626779159 551340833
626779159 549795339 645565874 549795339
645565874 549795339 676047929 552199084
676047929 552199084 697913364 552199084
697913364 552199084 702972355 552199084
697913364 552199084 697913364 564020466
702972355 552199084 717263322 553712794
676047929 552199084 676047929 593018666
676047929 593018666 677924335 593018666
676047929 593018666 676047929 599110306
717263322 553712794 730593536 583471751
730593536 583471751 732254810 583471751
732254810 583471751 732254810 584215120
732254810 583471751 733715464 583471751
730593536 583471751 730593536 594963758
730593536 594963758 739625985 604430044
739625985 604430044 739625985 617502111
739625985 604430044 776989290 604430044
776989290 604430044 787271076 641627183
787271076 641627183 814377594 645363325
814377594 645363325 814377594 647477296
814377594 647477296 821157241 648343856
814377594 645363325 825199250 645363325
821157241 648343856 821198628 661943319
821198628 661943319 838684012 661943319
825199250 645363325 837856478 654041956
837856478 654041956 853387082 654041956
837856478 654041956 837856478 676509428
821198628 661943319 821198628 689529586
853387082 654041956 868426069 667146346
868426069 667146346 868426069 670016025
868426069 670016025 877601388 671574378
877601388 671574378 880460085 674816089
880460085 674816089 882242630 674816089
880460085 674816089 880460085 680683013
880460085 680683013 902430265 698287984
739625985 617502111 756430424 654502529
756430424 654502529 769023981 691966015
769023981 691966015 780782101 691966015
780782101 691966015 781563927 691966015
780782101 691966015 780782101 697138551
769023981 691966015 769023981 711369960
769023981 711369960 783447222 729513549
783447222 729513549 803466721 745626609
803466721 745626609 803466721 751048961
803466721 745626609 819102897 745626609
868426069 667146346 923150762 667146346
676047929 599110306 696053914 634615538
696053914 634615538 703386629 634615538
696053914 634615538 696053914 646486756
696053914 646486756 696207900 679810080
696207900 679810080 696207900 699101967
696207900 679810080 733360459 679810080
733360459 679810080 738311324 681390874
696207900 699101967 731610358 712727434
731610358 712727434 732362157 728068448
732362157 728068448 737559265 728068448
732362157 728068448 732362157 757453950
732362157 757453950 752319981 761272109
737559265 728068448 755689990 741818627
755689990 741818627 755724735 741818627
755689990 741818627 755689990 749089519
752319981 761272109 763997580 782180151
763997580 782180151 770013301 782180151
763997580 782180151 763997580 814533126
763997580 814533126 767886053 814884975
767886053 814884975 767886053 829355992
767886053 814884975 792029794 814884975
792029794 814884975 792029794 820787146
792029794 814884975 817667637 814884975
817667637 814884975 820746320 841605094
820746320 841605094 821988658 842023126
821988658 842023126 821988658 861351968
821988658 861351968 824674418 872672097
824674418 872672097 824674418 875961746
824674418 875961746 826727030 875961746
826727030 875961746 840124857 883474493
824674418 872672097 852834161 872672097
852834161 872672097 875889766 874670567
875889766 874670567 894284896 880109227
894284896 880109227 898835419 880109227
894284896 880109227 894284896 904484656
792029794 820787146 809216363 834388879
824674418 875961746 824674418 910950019
824674418 910950019 826499736 930798746
826499736 930798746 842621290 941227098
842621290 941227098 848662179 944066971
848662179 944066971 856128707 944066971
894284896 904484656 900913945 938028074
900913945 938028074 923695327 939825194
923695327 939825194 927212740 958806759
821988658 842023126 867153965 842023126
848662179 944066971 848662179 992812245
927212740 958806759 975447764 961613760
506013545 397672005 518729461 442069539
518729461 442069539 519907569 442069539
518729461 442069539 518729461 446992294
518729461 446992294 520806957 468882381
249263930 926101602 307709314 926101602
432637212 590545108 432637212 649496389
432637212 649496389 432637212 655500199
432637212 649496389 447380142 649496389
447380142 649496389 448026681 651389926
448026681 651389926 451471632 657005161
451471632 657005161 451471632 664073659
451471632 664073659 458849382 664073659
458849382 664073659 464385565 683157378
451471632 664073659 451471632 696669730
451471632 696669730 457472371 706976759
457472371 706976759 457472371 717101259
457472371 706976759 486310234 706976759
486310234 706976759 486310234 713278731
486310234 713278731 486310234 713474062
486310234 713278731 498500292 713278731
486310234 713474062 493371085 721712872
486310234 706976759 508097000 706976759
457472371 717101259 460119156 754156221
460119156 754156221 482586362 762470769
482586362 762470769 497202179 763251530
497202179 763251530 510295528 765330574
493371085 721712872 526777197 729969621
526777197 729969621 526777197 747871569
526777197 729969621 561576942 729969621
561576942 729969621 569385434 732498039
569385434 732498039 571947776 737844573
571947776 737844573 584501376 743850893
584501376 743850893 593400585 746800117
593400585 746800117 621442662 746800117
621442662 746800117 623035487 763156069
623035487 763156069 623035487 764675624
623035487 763156069 649416408 763156069
649416408 763156069 652551212 777744456
652551212 777744456 656268108 797654465
593400585 746800117 593400585 778288650
593400585 778288650 603975190 778288650
593400585 778288650 593400585 789241675
593400585 789241675 594786734 808928616
594786734 808928616 598052224 833380770
598052224 833380770 598052224 849623268
598052224 849623268 599921511 862514690
656268108 797654465 668863013 828454262
668863013 828454262 679845374 828454262
679845374 828454262 691259579 834939431
668863013 828454262 668863013 854998869
598052224 833380770 642459482 833380770
642459482 833380770 661583751 858466658
661583751 858466658 666249328 900405290
510295528 765330574 528383263 795102806
528383263 795102806 536166654 826186471
536166654 826186471 545777794 845557885
545777794 845557885 549996596 845557885
549996596 845557885 554754147 847861377
554754147 847861377 560556974 849623268
560556974 849623268 560556974 862602283
560556974 862602283 595767260 863294746
595767260 863294746 596767458 863294746
595767260 863294746 595767260 876400246
595767260 876400246 596196805 887111314
596196805 887111314 596196805 901246149
596196805 901246149 609516523 901246149
596196805 887111314 634578830 887111314
634578830 887111314 636554249 900405290
636554249 900405290 636554249 941859213
636554249 941859213 640354006 943764714
640354006 943764714 640354006 966876310
640354006 966876310 640354006 993915389
640354006 966876310 669477065 966876310
669477065 966876310 683761101 976752810
683761101 976752810 697774460 977806347
697774460 977806347 729593460 978215701
729593460 978215701 729593460 983624882
729593460 978215701 741824129 978215701
640354006 943764714 683023093 943764714
683023093 943764714 683761101 951831496
683761101 951831496 710207757 951831496
710207757 951831496 710425438 964499270
596196805 901246149 596196805 945054798
596196805 945054798 596743660 957579338
596743660 957579338 596743660 968886802
596743660 968886802 600065621 986371822
600065621 986371822 608180472 997225767
596743660 957579338 629038668 957579338
629038668 957579338 629038668 959945360
629038668 957579338 636232503 957579338
741824129 978215701 780915020 986882656
780915020 986882656 780915020 991795712
780915020 986882656 786904639 986882656
780915020 991795712 782704083 997778831
545777794 845557885 545777794 893374402
691259579 834939431 744716419 836385973
744716419 836385973 744716419 842488296
744716419 842488296 748588580 848696870
744716419 836385973 759794429 836385973
432637212 655500199 446801021 696669730
446801021 696669730 446801021 707873234
446801021 707873234 451230321 754156221
451230321 754156221 451230321 775786283
451230321 775786283 451230321 775869954
451230321 775786283 459500534 775786283
451471632 657005161 508715586 657005161
423921423 911100319 476205572 918344127
476205572 918344127 499283509 929079297
458405488 315677865 517133927 316581828
517133927 316581828 523224482 316581828
523224482 316581828 523896932 316768581
517133927 316581828 517133927 334451956
413745056 280250800 413745056 340970816
413745056 340970816 422902849 366143923
422902849 366143923 422902849 366223664
422902849 366143923 429945458 366143923
837856478 676509428 841801621 733353028
841801621 733353028 844121735 743074855
844121735 743074855 878289817 743074855
878289817 743074855 897413916 778995251
897413916 778995251 897413916 793877694
897413916 793877694 899239647 809013055
899239647 809013055 902809761 811777263
897413916 778995251 916645623 778995251
916645623 778995251 929274150 779957017
929274150 779957017 929274150 792343752
929274150 779957017 957554763 779957017
957554763 779957017 962862049 781086627
962862049 781086627 970895149 781086627
962862049 781086627 962862049 816269377
962862049 816269377 967658666 816269377
962862049 816269377 962862049 836041819
967658666 816269377 986972689 828003905
962862049 836041819 980619405 871901136
929274150 792343752 933357376 842240091
844121735 743074855 844121735 799762421
844121735 799762421 867153965 807829324
867153965 807829324 870778628 807829324
870778628 807829324 870778628 830585699
870778628 830585699 875889766 841433082
875889766 841433082 887502693 841433082
870778628 807829324 895590364 807829324
980619405 871901136 994265413 915607279
441734789 854789198 502879059 854789198
647501004 482121964 688157798 502687300
688157798 502687300 724912220 514976593
624275562 494076528 624275562 556078297
307709314 926101602 359477820 936598998
27276325 0 89563048 0
89563048 0 92672136 0
92672136 0 104444782 0
104444782 0 114854033 0
114854033 0 114854033 586633
114854033 0 120981967 0
120981967 0 129348669 0
129348669 0 129348669 11500049
92672136 0 92672136 20856152
129348669 0 150228558 0
150228558 0 150228558 3568528
150228558 0 171848048 0
92672136 20856152 104444782 38331309
171848048 0 204276089 0
204276089 0 204276089 14061484
204276089 0 237232935 0
237232935 0 251542503 0
251542503 0 269392162 0
269392162 0 269685084 0
269392162 0 269392162 1938947
269685084 0 277149841 0
277149841 0 280098942 0
280098942 0 280098942 1611674
280098942 0 297720169 0
297720169 0 297743799 0
297743799 0 297743799 3204397
297743799 0 315011532 0
297720169 0 297720169 17486500
315011532 0 339405959 0
339405959 0 339405959 18282876
277149841 0 277149841 26212337
237232935 0 237232935 27149684
237232935 27149684 251542503 33808166
251542503 33808166 257890665 48331856
257890665 48331856 257890665 53107137
257890665 53107137 257890665 53230828
257890665 53107137 258137909 53107137
257890665 48331856 269685084 48331856
171848048 0 171848048 33146373
339405959 18282876 342676419 51115794
342676419 51115794 342676419 61277906
342676419 61277906 342676419 61932714
342676419 61277906 366587649 61277906
366587649 61277906 389326476 67117103
389326476 67117103 391851569 67117103
389326476 67117103 389326476 83529277
389326476 83529277 397784592 84744739
397784592 84744739 397784592 89015650
397784592 89015650 413907438 96964782
413907438 96964782 430854244 96964782
430854244 96964782 435521541 98411085
435521541 98411085 435521541 129458874
435521541 129458874 441541881 143755729
441541881 143755729 461718267 148521090
461718267 148521090 461718267 166621891
461718267 166621891 464558198 167578900
464558198 167578900 474199157 167578900
461718267 148521090 484026180 148521090
484026180 148521090 485873178 151051406
397784592 84744739 430657629 84744739
485873178 151051406 504520556 165308138
413907438 96964782 413907438 130379138
413907438 130379138 418277248 148113048
418277248 148113048 419859173 182687823
120981967 0 120981967 36439394
419859173 182687823 431155606 212415623
431155606 212415623 446292409 212415623
446292409 212415623 463786494 218441212
463786494 218441212 464558198 218441212
464558198 218441212 474617034 221433850
463786494 218441212 463786494 241064180
431155606 212415623 431155606 246610012
463786494 241064180 476460929 266551815
476460929 266551815 491756948 271568337
491756948 271568337 503893363 284908971
474617034 221433850 512220635 223844897
512220635 223844897 517367985 223844897
512220635 223844897 512220635 247805670
512220635 247805670 519287387 251355670
297720169 17486500 315011532 41701383
435521541 98411085 477099386 98411085
477099386 98411085 480301387 98411085
477099386 98411085 477099386 108693548
474199157 167578900 474617034 209365675
474617034 209365675 477753439 209365675
477753439 209365675 488674836 218507513
89563048 0 89563048 45307006
89563048 45307006 92882910 67529153
519287387 251355670 562881754 255387665
562881754 255387665 568098225 255387665
562881754 255387665 562881754 269882389
562881754 269882389 587153773 278963829
587153773 278963829 587153773 292525636
587153773 278963829 620670360 278963829
620670360 278963829 636110393 286475156
636110393 286475156 639754201 292519031
639754201 292519031 645762984 292519031
639754201 292519031 639754201 303677345
639754201 303677345 646215897 310531335
646215897 310531335 646215897 313859777
646215897 313859777 648342197 342482921
648342197 342482921 655026053 352166904
587153773 292525636 601514665 320350736
601514665 320350736 612677712 320350736
612677712 320350736 612909572 331590155
612909572 331590155 637437062 342482921
637437062 342482921 637437062 377783134
646215897 310531335 692259225 310531335
692259225 310531335 703243494 310624477
703243494 310624477 712085330 310624477
712085330 310624477 717378429 319386786
717378429 319386786 717378429 329947909
717378429 329947909 722668366 335142072
722668366 335142072 730980753 335142072
722668366 335142072 722668366 345289033
722668366 345289033 729009884 345766204
729009884 345766204 729009884 352617712
717378429 319386786 736501615 319386786
703243494 310624477 703243494 331950153
729009884 345766204 756588491 345766204
736501615 319386786 758953610 329697621
756588491 345766204 784196358 363805991
784196358 363805991 784196358 365313157
784196358 363805991 787066815 363805991
784196358 365313157 784239234 369861455
784239234 369861455 794049163 369861455
784239234 369861455 784239234 394666902
794049163 369861455 810533413 389250127
810533413 389250127 810533413 393196910
810533413 389250127 817216025 389250127
817216025 389250127 833433352 398014978
833433352 398014978 833433352 411313206
833433352 411313206 842081981 418405860
842081981 418405860 867019470 418405860
842081981 418405860 842081981 451827395
842081981 451827395 849406424 463608499
849406424 463608499 860280703 463608499
860280703 463608499 860280703 466049204
849406424 463608499 849406424 488220500
849406424 488220500 859868727 501488040
860280703 463608499 885309507 463608499
784239234 394666902 802537058 413295774
802537058 413295774 802537058 415003820
802537058 413295774 810361714 413295774
867019470 418405860 888388935 435109947
888388935 435109947 888388935 447081230
888388935 435109947 902579794 435109947
902579794 435109947 932378976 443636401
932378976 443636401 937652009 443636401
932378976 443636401 932378976 456340910
937652009 443636401 954424518 447176290
954424518 447176290 954424518 467866208
954424518 467866208 957596363 482546954
957596363 482546954 965463391 491454977
965463391 491454977 968596030 491454977
968596030 491454977 968596030 493112172
968596030 491454977 991599115 491454977
932378976 456340910 948743558 473188556
948743558 473188556 952056977 473188556
948743558 473188556 948743558 476600684
954424518 447176290 990444578 447176290
965463391 491454977 965463391 531504131
965463391 531504131 969910475 549127000
969910475 549127000 969910475 549885804
969910475 549127000 976024377 549127000
885309507 463608499 924475568 468421073
810361714 413295774 817248975 451827395
817248975 451827395 832315283 451827395
832315283 451827395 832315283 455267300
817248975 451827395 817248975 476802910
817248975 476802910 818700481 476802910
817248975 476802910 817248975 482956915
817248975 482956915 823453006 488220500
823453006 488220500 835982320 488220500
835982320 488220500 835982320 500794306
835982320 500794306 842990048 501488040
842990048 501488040 842990048 521788256
823453006 488220500 823453006 523553204
833433352 398014978 879905391 398014978
879905391 398014978 913369670 409360403
913369670 409360403 931728810 416978332
931728810 416978332 956983823 423563033
956983823 423563033 974409402 436131386
120981967 36439394 151384391 54237138
151384391 54237138 157547009 54237138
151384391 54237138 151384391 61132194
151384391 61132194 156246619 92456017
156246619 92456017 170546087 93224055
170546087 93224055 186498336 94971257
186498336 94971257 208008421 94971257
208008421 94971257 208008421 105961198
208008421 105961198 218573975 105961198
208008421 94971257 227427216 94971257
208008421 105961198 208008421 128159036
227427216 94971257 254588880 95912512
254588880 95912512 254588880 115541294
254588880 95912512 293560044 95912512
293560044 95912512 294241103 113702807
294241103 113702807 311704213 113702807
311704213 113702807 324600321 116994622
324600321 116994622 324600321 119744598
324600321 119744598 330195918 120403923
294241103 113702807 294241103 137417248
330195918 120403923 340059675 139304418
208008421 128159036 240127498 135735895
240127498 135735895 249156972 138780700
249156972 138780700 249156972 154193913
249156972 138780700 283929303 138780700
283929303 138780700 288334934 140168054
324600321 116994622 368466836 116994622
368466836 116994622 369196497 133753368
369196497 133753368 369196497 137741347
369196497 133753368 382908263 133753368
369196497 137741347 377264633 163453236
377264633 163453236 378908418 165298227
378908418 165298227 389736360 165298227
389736360 165298227 397921388 179873851
397921388 179873851 397921388 196115981
397921388 196115981 401279231 196115981
397921388 179873851 414730980 179873851
382908263 133753368 409181819 145324165
397921388 196115981 397921388 237703824
254588880 115541294 286632995 129536698
286632995 129536698 288334934 137417248
186498336 94971257 186498336 143236676
517367985 223844897 554809303 237527650
554809303 237527650 554809303 242196972
554809303 237527650 560447138 237527650
729009884 352617712 751595688 382482245
751595688 382482245 753808425 407508222
753808425 407508222 767252699 423327491
767252699 423327491 786698554 446876587
786698554 446876587 786698554 461044577
786698554 446876587 801629424 446876587
637437062 377783134 673551221 394452803
673551221 394452803 690108932 402597470
503893363 284908971 547011777 298991543
842990048 521788256 877792882 545208990
877792882 545208990 896614031 547877816
896614031 547877816 896614031 570577040
896614031 547877816 926302864 547877816
926302864 547877816 929620576 547877816
926302864 547877816 926302864 553856107
926302864 553856107 930637636 564483349
930637636 564483349 931070423 564483349
930637636 564483349 930637636 572647639
930637636 572647639 932346185 576503658
932346185 576503658 932346185 591486815
932346185 576503658 955576843 576503658
932346185 591486815 939750300 612824693
939750300 612824693 952601242 625483985
952601242 625483985 983187905 629127761
955576843 576503658 975345436 608848857
975345436 608848857 994519176 623519848
269685084 48331856 299471323 78994223
299471323 78994223 307441576 78994223
299471323 78994223 299471323 89590444
204276089 14061484 223906565 55757957
223906565 55757957 223906565 57260488
223906565 55757957 232575355 55757957
601514665 320350736 601514665 381980094
690108932 402597470 747596248 407245037
747596248 407245037 749260670 417468953
749260670 417468953 750494639 417468953
749260670 417468953 749260670 453455109
405451706 729314820 414005985 783400466
733715464 583471751 795930959 585460539
795930959 585460539 842095033 585716520
842095033 585716520 855308892 611066260
855308892 611066260 878673021 611066260
855308892 611066260 855308892 640428890
378285651 572376887 383604360 631412478
383604360 631412478 390452948 685708564
390452948 685708564 405451706 710936398
405451706 710936398 405451706 713105661
405451706 713105661 406548836 713105661
405451706 710936398 416531830 710936398
416531830 710936398 423017353 720232849
423017353 720232849 423017353 720443680
423017353 720232849 440180617 720232849
856128707 944066971 880848196 984143235
262528768 309641567 327552616 309641567
754014347 520419552 801227279 538278865
801227279 538278865 805214846 538278865
801227279 538278865 801227279 578523876
924475568 468421073 940901898 517886012
898835419 880109227 950640573 894555972
950640573 894555972 971381647 903399341
342676419 51115794 409035297 51115794
823453006 523553204 840977786 573122122
840977786 573122122 872593833 574187921
872593833 574187921 875224618 578767019
875224618 578767019 895554592 608169691
508097000 706976759 573244026 709343407
573244026 709343407 584501376 725645209
584501376 725645209 609958267 725645209
609958267 725645209 613965396 725645209
613965396 725645209 615550921 729793495
615550921 729793495 622234426 729793495
615550921 729793495 615550921 739378440
609958267 725645209 609958267 735764683
622234426 729793495 675678918 736454138
675678918 736454138 693046795 737777406
545777794 893374402 567355624 939821683
567355624 939821683 588042189 952942922
588042189 952942922 591575225 974265189
591575225 974265189 594449309 974265189
591575225 974265189 591575225 994453047
459750628 590545108 513000692 605711361
513000692 605711361 514540056 613584712
514540056 613584712 530853177 613584712
514540056 613584712 514540056 631074397
514540056 631074397 528069428 656921900
528069428 656921900 551186017 656996346
551186017 656996346 587759956 660687737
587759956 660687737 606542789 660687737
587759956 660687737 587759956 689838668
606542789 660687737 634995329 662401018
634995329 662401018 652202965 662401018
634995329 662401018 634995329 679630387
634995329 679630387 634995329 681850276
634995329 679630387 642105160 679630387
642105160 679630387 652383444 698569613
652383444 698569613 657876358 698569613
652383444 698569613 652383444 716012053
652383444 716012053 684283263 734226735
587759956 689838668 632462290 696567780
418196203 386208702 447584839 427090205
447584839 427090205 464955036 461687339
464955036 461687339 480660640 491491264
480660640 491491264 511901777 509459743
511901777 509459743 519201928 547736527
519201928 547736527 553715149 571089682
553715149 571089682 553715149 573660861
553715149 571089682 584751893 571089682
584751893 571089682 588175622 607960679
588175622 607960679 588175622 628194857
588175622 607960679 623687012 607960679
623687012 607960679 635770207 638563994
329110402 948814659 351598870 997922063
98664338 402801083 170493848 403039364
170493848 403039364 206750141 417594821
206750141 417594821 215511021 418244016
215511021 418244016 215511021 441293511
215511021 441293511 240507230 447321943
215511021 418244016 260554846 418244016
339405959 0 417872495 0
417872495 0 426288698 0
426288698 0 436862769 0
436862769 0 440313264 0
436862769 0 436862769 6428453
440313264 0 448752214 0
448752214 0 455260523 0
455260523 0 463553619 0
463553619 0 465872436 0
465872436 0 467791862 0
465872436 0 465872436 10987543
463553619 0 463553619 11010396
448752214 0 448752214 26148623
448752214 26148623 455260523 34953182
455260523 34953182 467791862 43842241
467791862 43842241 489970327 44812760
489970327 44812760 502417538 44812760
489970327 44812760 489970327 63615781
502417538 44812760 517459244 49783415
517459244 49783415 529978633 49783415
517459244 49783415 517459244 69105126
517459244 69105126 530082686 73496840
530082686 73496840 531230344 82245208
531230344 82245208 552051147 85905413
552051147 85905413 555463646 85905413
417872495 0 417872495 31074142
417872495 31074142 426288698 32568036
426288698 32568036 440313264 49842276
467791862 0 502417538 0
502417538 0 504598616 0
504598616 0 511189049 0
504598616 0 504598616 8797615
511189049 0 520985233 0
520985233 0 520985233 936636
520985233 0 522153056 0
522153056 0 529978633 0
529978633 0 556658290 0
556658290 0 558587254 0
558587254 0 562186397 0
556658290 0 556658290 16826567
562186397 0 581043777 0
581043777 0 581043777 6652934
556658290 16826567 558587254 42502898
558587254 42502898 558587254 44008648
558587254 42502898 562186397 42502898
581043777 0 610688581 0
610688581 0 615921980 0
615921980 0 615921980 18306151
615921980 0 639389340 0
639389340 0 639389340 15706999
639389340 0 669055519 0
669055519 0 669055519 2601245
669055519 0 674853939 0
674853939 0 674853939 23931964
562186397 42502898 579122794 56382578
610688581 0 610688581 31189402
522153056 0 522153056 37401821
504598616 8797615 511189049 43953535
674853939 0 717763351 0
717763351 0 717763351 25236738
717763351 25236738 734785514 52055620
734785514 52055620 747834779 80325938
747834779 80325938 750220593 103133760
750220593 103133760 763516609 103133760
750220593 103133760 750220593 120947500
750220593 120947500 754161402 120947500
750220593 120947500 750220593 129474891
754161402 120947500 764335358 125688350
764335358 125688350 776928726 142836561
776928726 142836561 776928726 149896296
776928726 142836561 786036186 142836561
786036186 142836561 795981644 153719497
795981644 153719497 795981644 164219958
795981644 164219958 801629876 164219958
795981644 164219958 795981644 179398547
795981644 153719497 813580342 153719497
813580342 153719497 813580342 160612278
813580342 153719497 823443758 153719497
795981644 179398547 803297700 204167847
803297700 204167847 806733164 222036718
806733164 222036718 806733164 245484771
806733164 245484771 822233933 246008550
822233933 246008550 823846616 255713331
806733164 222036718 835290580 222036718
552051147 85905413 552051147 130212124
552051147 130212124 556621031 146417677
556621031 146417677 586096378 146417677
555463646 85905413 597818600 88821765
597818600 88821765 598495351 88821765
597818600 88821765 597818600 104622839
597818600 104622839 609156255 106770780
610688581 31189402 613393631 74200161
613393631 74200161 613393631 83329853
613393631 74200161 628476146 74200161
717763351 0 764674451 0
764674451 0 787565096 0
787565096 0 787565096 2590787
787565096 0 820512111 0
820512111 0 832092087 0
832092087 0 834853993 0
834853993 0 843586033 0
843586033 0 847097955 0
832092087 0 832092087 12527835
832092087 12527835 835595849 21030719
835595849 21030719 843586033 21030719
843586033 21030719 847097955 24162466
847097955 0 863183222 0
847097955 24162466 863183222 24162466
820512111 0 820512111 16432036
847097955 24162466 847097955 40862798
863183222 0 893622778 0
893622778 0 893622778 14258811
893622778 0 920028440 0
920028440 0 921852796 0
921852796 0 923956509 0
923956509 0 923956509 17247459
921852796 0 921852796 21416389
920028440 0 920028440 33251389
764674451 0 764674451 38872010
764674451 38872010 771052115 50393479
771052115 50393479 788362742 61230627
788362742 61230627 788362742 76788048
788362742 76788048 797893307 89230558
788362742 61230627 812980526 61230627
812980526 61230627 837858659 72243936
837858659 72243936 838278810 72243936
835595849 21030719 835595849 60539941
920028440 33251389 947764888 46036804
947764888 46036804 960026268 46036804
960026268 46036804 960026268 58238154
947764888 46036804 947764888 68095347
947764888 68095347 953873268 76162054
953873268 76162054 953873268 76619909
960026268 46036804 985721235 46036804
953873268 76162054 985342824 76162054
837858659 72243936 837858659 113680625
837858659 113680625 853346226 128745568
853346226 128745568 855345903 132617488
855345903 132617488 881301484 132617488
881301484 132617488 881301484 138761810
881301484 138761810 883111476 143108085
883111476 143108085 891910033 151887198
891910033 151887198 896585550 151887198
881301484 132617488 903727197 132617488
891910033 151887198 891910033 175547944
896585550 151887198 923393541 152662760
923393541 152662760 923393541 170087820
923393541 152662760 942001894 152662760
942001894 152662760 945371399 152662760
942001894 152662760 942001894 169949937
942001894 169949937 953958318 175353627
953958318 175353627 973853688 175353627
973853688 175353627 997265575 181994614
891910033 175547944 894784753 207376808
894784753 207376808 895777255 207376808
894784753 207376808 894784753 214733274
894784753 214733274 896264065 227830804
896264065 227830804 904851302 227830804
896264065 227830804 896264065 247581220
904851302 227830804 922792698 230315371
922792698 230315371 922792698 247302934
922792698 247302934 938899914 269134620
938899914 269134620 938899914 283158609
938899914 283158609 945831882 293301846
945831882 293301846 945831882 310290055
938899914 269134620 957149587 269134620
945831882 293301846 965084226 293301846
965084226 293301846 965397906 318828289
953958318 175353627 953958318 217383736
953958318 217383736 953958318 226050449
953958318 217383736 963601686 217383736
963601686 217383736 964863959 222086288
964863959 222086288 970409860 230315371
945371399 152662760 983570204 160462281
957149587 269134620 993238687 281290283
750220593 129474891 761726377 166296556
761726377 166296556 768158410 206714757
768158410 206714757 774136656 219908457
774136656 219908457 777569797 263049261
777569797 263049261 786564692 263049261
786564692 263049261 799088703 270131208
777569797 263049261 777569797 295141995
777569797 295141995 810252243 311200400
810252243 311200400 838545339 328557305
838545339 328557305 838545339 333714112
838545339 333714112 840394316 337387788
840394316 337387788 844322313 337939726
844322313 337939726 848136377 337939726
848136377 337939726 848136377 343427390
844322313 337939726 844322313 347545705
844322313 347545705 851539412 352545403
848136377 337939726 866084076 337939726
866084076 337939726 866084076 341691277
866084076 337939726 881910567 337939726
838545339 328557305 883135706 328557305
883135706 328557305 922346928 333194887
922346928 333194887 934198747 340688121
934198747 340688121 936618127 340688121
934198747 340688121 934198747 347581281
838278810 72243936 857423834 101917843
857423834 101917843 857423834 105605000
857423834 101917843 869892278 101917843
881910567 337939726 892450733 376830140
823443758 153719497 833536715 194036941
833536715 194036941 862937891 194203111
869892278 101917843 897727842 125678693
897727842 125678693 918044829 126959544
918044829 126959544 945371399 148708907
945371399 148708907 980315927 148708907
980315927 148708907 991633894 155761676
985342824 76162054 991633894 122594567
991633894 122594567 996521078 122594567
847097955 40862798 887086687 53790506
887086687 53790506 905870674 80438055
905870674 80438055 909315260 87569107
909315260 87569107 914759700 119008350
674853939 23931964 687036669 65267119
687036669 65267119 690637696 65267119
690637696 65267119 697712478 79128997
697712478 79128997 697712478 84081926
697712478 79128997 723754670 79128997
723754670 79128997 735737403 118999286
934198747 347581281 946155112 391349814
965397906 318828289 993885112 346233144
993885112 346233144 997916009 346233144
993885112 346233144 993885112 377706819
953873268 76619909 984437900 101996644
855345903 132617488 855345903 188602043
866084076 341691277 879534031 384450420
586096378 146417677 603458098 185367819
603458098 185367819 603458098 193188387
603458098 185367819 622586390 185367819
622586390 185367819 631109797 188993398
631109797 188993398 631109797 192434852
631109797 192434852 634874663 203900713
631109797 188993398 662089907 188993398
662089907 188993398 672356201 195184580
672356201 195184580 672356201 214214859
672356201 195184580 695387422 195184580
695387422 195184580 704830139 199743433
704830139 199743433 725511349 199743433
725511349 199743433 725511349 209625491
725511349 209625491 751830355 210765997
725511349 199743433 753623875 199743433
634874663 203900713 652381554 220146355
704830139 199743433 704830139 233558828
704830139 233558828 708466776 237824661
708466776 237824661 708466776 254107362
708466776 254107362 713370651 254107362
708466776 254107362 708466776 268942741
713370651 254107362 717601054 265601278
717601054 265601278 717616313 296414741
708466776 237824661 751532042 237824661
672356201 214214859 687647445 252363019
687647445 252363019 694146809 253275503
694146809 253275503 694146809 274636591
694146809 253275503 738947130 253275503
669055519 2601245 672615867 55715948
556621031 146417677 556621031 204642463
556621031 204642463 560658501 205345555
560658501 205345555 560658501 205902637
560658501 205345555 561275092 205345555
561275092 205345555 590091128 229807701
687036669 65267119 687036669 124332546
609156255 106770780 645149788 130988425
645149788 130988425 654647262 157027430
654647262 157027430 662089907 172830565
662089907 172830565 710432035 172830565
710432035 172830565 744720211 173756041
687036669 124332546 717586092 156962477
717586092 156962477 732090241 172505151
652381554 220146355 667580373 272019918
748588580 848696870 784686385 891379107
784686385 891379107 788738637 908277221
788738637 908277221 803012339 908277221
788738637 908277221 788738637 948787317
788738637 948787317 793213042 962941147
793213042 962941147 799354859 972561888
182537875 208387862 194688995 276456801
194688995 276456801 196832202 304695344
196832202 304695344 204077621 304695344
204077621 304695344 209919057 312540890
209919057 312540890 209919057 324653652
209919057 324653652 211961635 356074283
196832202 304695344 196832202 341045952
209919057 312540890 255029147 312540890
502879059 854789198 519696439 918339924
519696439 918339924 541058449 928575585
378908418 165298227 378908418 246729387
994519176 623519848 997827633 701808610
354331639 477128856 433045604 480484403
433045604 480484403 438609043 501671309
438609043 501671309 455361695 523664802
455361695 523664802 465981013 534769108
359477820 936598998 396369313 982538627
214246878 537931642 250172305 585058089
250172305 585058089 268972139 587558764
268972139 587558764 278592047 596856922
263493641 642037307 286261678 705894187
49997110 238611315 102019080 276252103
102019080 276252103 103279709 276252103
102019080 276252103 102019080 312585352
103279709 276252103 138170643 280625911
138170643 280625911 139191751 280625911
138170643 280625911 138170643 316296720
138170643 316296720 155024085 335874823
291662359 238270368 366787541 255175152
823846616 255713331 882914538 288721949
882914538 288721949 886284259 288721949
882914538 288721949 882914538 302302367
902430265 698287984 954653941 741623425
0 599348632 0 695773838
0 695773838 14317920 695773838
0 695773838 0 726492554
0 726492554 0 752395585
0 752395585 25450545 752395585
0 726492554 26600208 726492554
26600208 726492554 50851235 727116145
0 752395585 0 789831307
0 789831307 0 801307775
0 801307775 0 805542551
0 805542551 0 805928375
0 805928375 0 806424631
0 805542551 8063306 805542551
8063306 805542551 11673617 805928375
11673617 805928375 36922461 806424631
0 789831307 30233093 789831307
30233093 789831307 39851031 797703673
39851031 797703673 39851031 801307775
0 806424631 0 843134742
0 843134742 6015521 843134742
0 843134742 0 855720527
0 855720527 0 886961870
0 886961870 0 901630215
0 901630215 4904621 901630215
0 901630215 0 923593163
0 923593163 0 928055889
0 928055889 0 940466060
0 940466060 0 944457667
0 923593163 20726197 923593163
20726197 923593163 21469528 928055889
21469528 928055889 29192579 940466060
29192579 940466060 35819827 940466060
35819827 940466060 39586730 944457667
39586730 944457667 39586730 951292808
39586730 951292808 44559195 951292808
39586730 944457667 47406740 944457667
39586730 951292808 39586730 970441904
29192579 940466060 29192579 965607369
39586730 970441904 55616284 980996356
55616284 980996356 61558404 980996356
55616284 980996356 55616284 989746734
0 855720527 49716578 855720527
49716578 855720527 56048490 865833834
56048490 865833834 56048490 881209835
56048490 881209835 67336086 881209835
56048490 881209835 56048490 895246209
56048490 865833834 72176133 865833834
72176133 865833834 98325017 866654811
98325017 866654811 108360479 866654811
98325017 866654811 98325017 880820874
108360479 866654811 125906116 869869382
125906116 869869382 152269671 870286388
152269671 870286388 156774772 870286388
156774772 870286388 156774772 871212586
156774772 870286388 161651348 870286388
161651348 870286388 161651348 870970893
152269671 870286388 152269671 886227543
152269671 886227543 155505046 886878649
161651348 870286388 184874642 870286388
56048490 895246209 69778405 929986963
4904621 901630215 50456681 906483820
184874642 870286388 192738680 914029283
69778405 929986963 115196234 938594847
115196234 938594847 125916746 938594847
115196234 938594847 115196234 949610539
115196234 949610539 115196234 951359880
115196234 949610539 121167138 949610539
125916746 938594847 147826598 940354349
147826598 940354349 152058544 940354349
147826598 940354349 147826598 948220963
121167138 949610539 136965635 968939685
136965635 968939685 138754696 971961949
138754696 971961949 138754696 980689350
138754696 980689350 139772477 980689350
138754696 980689350 138754696 986173204
138754696 971961949 187992762 971961949
187992762 971961949 210076369 993416305
155505046 886878649 169264779 937789180
39851031 797703673 104881142 797703673
104881142 797703673 110015609 817526360
110015609 817526360 125468627 829731458
50851235 727116145 133679811 734118474
133679811 734118474 147616383 734118474
133679811 734118474 133679811 764913484
133679811 764913484 149688931 770419137
149688931 770419137 149688931 780519272
149688931 780519272 150513790 783622002
149688931 770419137 161279862 770419137
150513790 783622002 164965742 797302558
164965742 797302558 183528125 861628065
183528125 861628065 188092953 862708774
14317920 695773838 102528922 697709362
102528922 697709362 119295544 721600416
119295544 721600416 130624154 721600416
130624154 721600416 130624154 725252289
130624154 721600416 139834909 721600416
119295544 721600416 119295544 759780339
119295544 759780339 132241924 776138267
36922461 806424631 99134058 834970520
666249328 900405290 727338262 937195003
308716088 454428538 407278136 454428538
407278136 454428538 431074597 518808432
