1457
0 0 0 8024300
0 8024300 0 17143204
0 17143204 0 26867150
0 26867150 0 30113492
0 30113492 0 44602000
0 44602000 0 49745619
0 49745619 0 53298821
0 53298821 0 53688100
0 53298821 14072219 53298821
0 0 14616928 0
14616928 0 16864215 0
16864215 0 18704140 0
18704140 0 18704140 8024300
0 49745619 14616928 49745619
0 26867150 16864215 26867150
18704140 0 35784340 0
35784340 0 36250807 0
36250807 0 44149290 0
35784340 0 35784340 17143204
35784340 17143204 36250807 30113492
36250807 30113492 44149290 30113492
36250807 30113492 36250807 44602000
36250807 44602000 43705933 53688100
44149290 0 62729042 0
62729042 0 62729042 4275056
62729042 0 84942718 0
84942718 0 84942718 957002
43705933 53688100 49685263 70951878
49685263 70951878 49685263 74072889
49685263 74072889 54423298 74072889
49685263 74072889 49685263 83272498
49685263 83272498 64247078 88459755
64247078 88459755 79603717 88674623
79603717 88674623 88203743 88674623
79603717 88674623 79603717 99911052
79603717 99911052 96490734 103229320
96490734 103229320 102565364 103229320
96490734 103229320 96490734 130479172
96490734 130479172 96490734 131130850
96490734 130479172 101350591 130479172
101350591 130479172 109783169 143239232
109783169 143239232 109783169 161008247
109783169 161008247 109783169 170245567
109783169 161008247 127256574 161008247
127256574 161008247 128332549 175756619
109783169 143239232 127698433 143239232
128332549 175756619 147670426 175756619
147670426 175756619 161566879 177998256
127698433 143239232 141217184 151014506
161566879 177998256 161566879 199342983
161566879 199342983 164184548 220943752
141217184 151014506 167017301 152051498
88203743 88674623 114420151 91768184
0 53688100 0 83272498
0 83272498 0 90568787
0 90568787 0 105274302
0 105274302 20171331 105274302
161566879 177998256 193970451 177998256
193970451 177998256 193970451 181059466
193970451 177998256 203270138 177998256
203270138 177998256 208415856 179021385
208415856 179021385 208415856 211934421
208415856 211934421 212610657 227728661
212610657 227728661 228384685 229306016
0 105274302 0 140429587
0 140429587 0 151079569
0 151079569 0 160429010
0 160429010 10667847 160429010
0 140429587 12417025 140429587
0 160429010 0 177112431
0 177112431 0 190204398
0 190204398 12953617 190204398
0 190204398 0 204889993
0 204889993 0 224459489
0 224459489 0 243405306
0 243405306 1540964 243405306
0 243405306 0 261845754
0 261845754 0 265537973
0 265537973 0 266881723
0 266881723 3729476 266881723
0 261845754 9422165 261845754
9422165 261845754 16943815 265537973
0 266881723 0 286631778
0 286631778 0 293385588
0 177112431 21255249 177112431
0 224459489 22131596 224459489
12417025 140429587 30327144 151079569
0 204889993 30986938 204889993
0 286631778 32834551 286631778
32834551 286631778 49384068 293385588
49384068 293385588 55979124 315351560
55979124 315351560 55979124 316009238
55979124 316009238 66149244 316009238
55979124 316009238 55979124 328692578
55979124 328692578 62671685 332394870
62671685 332394870 62671685 336057763
62671685 332394870 67258087 332394870
67258087 332394870 67258087 339520682
67258087 332394870 76370960 332394870
76370960 332394870 96256159 339118484
96256159 339118484 122820438 339118484
122820438 339118484 126469706 339118484
126469706 339118484 132890309 347887651
132890309 347887651 145539028 351858816
145539028 351858816 145539028 354986817
122820438 339118484 122820438 361083796
30986938 204889993 64150590 206788585
64150590 206788585 72830283 206788585
64150590 206788585 64150590 219944564
0 90568787 36684319 90568787
145539028 351858816 182948025 351858816
182948025 351858816 192261346 353616492
192261346 353616492 192261346 354405984
192261346 354405984 196304907 359892472
196304907 359892472 197648398 359892472
197648398 359892472 209257578 374024872
209257578 374024872 209257578 381022026
209257578 374024872 223720687 374024872
192261346 353616492 223720687 353616492
223720687 353616492 244723867 353616492
244723867 353616492 254464282 371392248
49685263 70951878 88165354 70951878
254464282 371392248 261978823 402980382
261978823 402980382 266353053 431646714
266353053 431646714 266353053 446967689
266353053 431646714 304521184 431646714
304521184 431646714 311253652 436196402
311253652 436196402 318217590 436196402
318217590 436196402 341082114 440176607
223720687 374024872 238219891 399511238
238219891 399511238 252150030 400657503
122820438 361083796 126382224 398390842
126382224 398390842 129111903 417403251
96256159 339118484 96256159 383753679
96256159 383753679 96369170 404411892
96369170 404411892 96717834 415943328
96717834 415943328 98357839 415943328
98357839 415943328 98611302 439958326
98611302 439958326 98944874 439958326
98611302 439958326 98611302 457645987
98944874 439958326 125118763 455323893
96717834 415943328 96717834 458144999
96717834 458144999 97253974 458144999
96717834 458144999 96717834 487809256
96717834 487809256 112411840 515257903
112411840 515257903 119719697 522465535
119719697 522465535 119719697 548849912
119719697 548849912 127864624 548849912
127864624 548849912 129113463 553278413
129113463 553278413 143777953 553278413
143777953 553278413 149621992 553278413
143777953 553278413 143777953 563969207
143777953 563969207 144745927 575022631
144745927 575022631 147625389 579343822
147625389 579343822 149019705 579343822
129113463 553278413 129113463 587125088
147625389 579343822 147625389 614828662
147625389 614828662 160191628 614998365
119719697 522465535 155428218 522465535
155428218 522465535 163095717 522465535
155428218 522465535 155428218 539498480
160191628 614998365 180862243 634137343
119719697 548849912 119719697 591641057
119719697 591641057 121711676 594045039
121711676 594045039 123487555 594045039
121711676 594045039 121711676 629450794
121711676 629450794 132073770 660869012
132073770 660869012 142951092 695395681
142951092 695395681 142951092 697598622
142951092 697598622 156415781 698927868
156415781 698927868 166695313 698927868
166695313 698927868 173953896 712156691
173953896 712156691 176006602 712156691
173953896 712156691 173953896 732908780
142951092 695395681 177907000 695395681
84942718 0 131018507 0
131018507 0 131018507 21447175
131018507 21447175 133486571 55284804
133486571 55284804 137037147 55284804
133486571 55284804 133486571 64915037
133486571 64915037 135808201 67919430
135808201 67919430 135808201 71031796
135808201 67919430 148837619 67919430
148837619 67919430 149291888 70205649
149291888 70205649 161019538 70205649
137037147 55284804 150595577 59630770
150595577 59630770 150595577 63701504
150595577 59630770 157672310 59630770
157672310 59630770 161019538 65727282
161019538 70205649 172785861 78557225
172785861 78557225 181141709 88993740
161019538 65727282 184889511 65727282
184889511 65727282 191750342 72220463
191750342 72220463 194698707 72220463
191750342 72220463 191750342 75537619
149291888 70205649 149291888 104201381
149291888 104201381 151465610 109391100
151465610 109391100 165695831 109391100
151465610 109391100 151465610 127912753
151465610 127912753 166730064 128975337
166730064 128975337 173599005 128975337
166730064 128975337 166730064 141918274
191750342 75537619 219916465 81527982
219916465 81527982 242510547 93559910
194698707 72220463 229289720 72965279
229289720 72965279 264893777 77508502
264893777 77508502 286965449 82431992
286965449 82431992 289553597 85784623
289553597 85784623 296841997 85784623
296841997 85784623 297271801 99477157
297271801 99477157 311254739 99477157
297271801 99477157 297271801 117754608
181141709 88993740 219110297 92132741
123487555 594045039 138182166 625804972
208415856 179021385 256539186 179021385
256539186 179021385 260966885 181095193
260966885 181095193 260966885 187564542
260966885 187564542 270733834 191894736
270733834 191894736 272007671 191894736
270733834 191894736 270733834 207832916
270733834 207832916 279964719 217881940
279964719 217881940 289397142 217881940
289397142 217881940 289397142 226428811
289397142 217881940 301076131 217881940
279964719 217881940 279964719 248572299
279964719 248572299 284623972 249931816
284623972 249931816 315216796 249931816
315216796 249931816 334593299 249931816
334593299 249931816 347408118 255615552
347408118 255615552 347408118 264133571
347408118 255615552 360622803 255615552
315216796 249931816 315216796 271649525
315216796 271649525 316789578 275735331
316789578 275735331 318271622 275735331
316789578 275735331 316789578 279760936
360622803 255615552 375624558 273480470
375624558 273480470 375624558 290760475
375624558 273480470 393534047 273480470
393534047 273480470 397365907 282504995
375624558 290760475 391287717 306191097
391287717 306191097 391287717 322531052
391287717 322531052 391287717 323988593
391287717 322531052 397365907 322531052
391287717 306191097 407881263 306191097
397365907 322531052 410923428 341788094
410923428 341788094 415825056 354552307
415825056 354552307 415825056 379387842
415825056 379387842 439592103 385503091
439592103 385503091 443511430 388278027
443511430 388278027 461630328 388278027
461630328 388278027 461630328 397002059
461630328 397002059 466270342 400943093
466270342 400943093 466270342 429148950
466270342 429148950 466270342 434831614
466270342 429148950 472175579 429148950
472175579 429148950 476488121 453224660
476488121 453224660 504511701 453224660
504511701 453224660 520805289 458450561
520805289 458450561 520805289 480214860
520805289 458450561 547428790 458450561
397365907 282504995 430995545 282504995
476488121 453224660 476488121 487910687
476488121 487910687 481773063 518416853
481773063 518416853 481773063 520758671
481773063 518416853 493095700 518416853
493095700 518416853 509560605 524914765
509560605 524914765 519718397 524914765
509560605 524914765 509560605 536490909
316789578 279760936 333390033 302604093
333390033 302604093 342116924 312600414
342116924 312600414 347773751 330685866
347773751 330685866 347773751 331538659
347773751 330685866 363119084 330685866
347773751 331538659 349811117 355844240
349811117 355844240 363905068 360627100
363905068 360627100 371598918 362460986
371598918 362460986 391820918 364841651
391820918 364841651 409791733 364841651
363119084 330685866 384864963 347049874
284623972 249931816 284623972 291010803
284623972 291010803 304499793 313212402
466270342 400943093 509459769 400943093
509459769 400943093 509676900 400943093
509459769 400943093 509459769 413353516
509459769 413353516 522104332 415387129
443511430 388278027 443511430 432985920
443511430 432985920 443511430 435699691
443511430 432985920 446980033 432985920
415825056 354552307 460639078 354552307
64150590 219944564 84620868 248190969
84620868 248190969 84620868 251694270
84620868 248190969 90575905 248190969
90575905 248190969 120454856 249617774
120454856 249617774 126790687 256285759
126790687 256285759 139974384 256285759
139974384 256285759 139974384 266685201
139974384 256285759 153925277 256285759
153925277 256285759 158001754 256285759
153925277 256285759 153925277 265088876
135808201 71031796 138324186 117569335
341082114 440176607 390645050 440176607
164184548 220943752 187610639 247092020
187610639 247092020 204234561 248946687
204234561 248946687 210014119 275163116
210014119 275163116 217793359 294931749
217793359 294931749 217793359 314501590
217793359 314501590 224242133 314501590
217793359 314501590 217793359 328018959
217793359 294931749 260085019 294931749
289553597 85784623 289553597 135916742
176006602 712156691 222145073 716417419
222145073 716417419 222544779 721974684
222544779 721974684 222544779 754255993
222544779 754255993 225624992 758175344
225624992 758175344 225624992 768220702
225624992 758175344 267700315 758175344
267700315 758175344 271746521 765953160
271746521 765953160 275332600 765953160
271746521 765953160 271746521 774272163
271746521 774272163 284286410 777307492
275332600 765953160 305418208 768149338
305418208 768149338 305418208 771698412
305418208 771698412 307535877 798361027
305418208 768149338 344136759 768149338
307535877 798361027 328536488 823531130
328536488 823531130 334212735 829422647
334212735 829422647 334212735 868079051
334212735 868079051 334212735 871708476
334212735 871708476 339413903 876328857
334212735 868079051 368470371 868079051
339413903 876328857 367998507 883333773
367998507 883333773 380378714 897174811
380378714 897174811 382299177 899975611
382299177 899975611 386283240 899975611
386283240 899975611 393077994 920871469
393077994 920871469 400415915 921938731
400415915 921938731 411574107 921938731
411574107 921938731 411574107 923133572
411574107 921938731 414893735 921938731
414893735 921938731 432043443 935077109
432043443 935077109 455201922 939428881
455201922 939428881 475336889 939428881
475336889 939428881 475336889 948548877
475336889 939428881 485083081 939428881
455201922 939428881 455201922 976588728
334212735 829422647 375061279 829422647
375061279 829422647 375061279 834481597
375061279 834481597 375389996 850347431
375389996 850347431 375389996 854884959
375389996 850347431 386071554 850347431
375061279 829422647 392675936 829422647
386071554 850347431 406905972 850390643
406905972 850390643 412533652 850472239
412533652 850472239 412533652 855752825
412533652 855752825 416850807 864837724
416850807 864837724 416850807 873161697
392675936 829422647 417128978 830020480
417128978 830020480 433650072 831399711
433650072 831399711 449640273 835382005
449640273 835382005 449640273 850472239
449640273 835382005 466431878 835382005
466431878 835382005 466431878 838439199
466431878 835382005 471851635 835382005
416850807 864837724 447677541 864837724
447677541 864837724 449137012 880745692
449137012 880745692 449137012 885998406
449137012 885998406 456575770 899129482
456575770 899129482 456575770 909785197
456575770 899129482 479876228 899129482
479876228 899129482 487341972 924879962
487341972 924879962 487341972 931909194
487341972 931909194 490156052 931909194
487341972 931909194 487341972 934847789
487341972 924879962 516401562 924879962
516401562 924879962 522677310 934582265
522677310 934582265 522677310 934653717
522677310 934582265 530530668 934582265
522677310 934653717 528476742 952663666
528476742 952663666 544903932 966860686
544903932 966860686 566077776 973713908
566077776 973713908 574157754 973713908
574157754 973713908 591859623 973713908
591859623 973713908 604434968 973713908
591859623 973713908 591859623 987448824
574157754 973713908 574157754 993684237
566077776 973713908 566077776 995768021
604434968 973713908 626467704 982325699
416850807 873161697 441214874 886354907
441214874 886354907 442919927 886354907
441214874 886354907 441214874 915547533
449137012 880745692 488498697 880745692
626467704 982325699 661149691 992763772
661149691 992763772 661149691 997854950
661149691 992763772 674700722 992763772
674700722 992763772 717139586 993068642
222544779 721974684 270766794 721974684
391820918 364841651 391820918 415790705
30327144 151079569 77953171 154430000
77953171 154430000 93995126 184757435
341082114 440176607 341082114 491472834
341082114 491472834 349668274 495380553
349668274 495380553 349668274 515429111
349668274 515429111 350597580 532715466
349668274 495380553 374726283 495380553
374726283 495380553 374726283 498084904
374726283 495380553 381855314 495380553
381855314 495380553 410227187 510426894
390645050 440176607 429790376 452648896
429790376 452648896 433595892 452648896
429790376 452648896 429790376 489477880
461630328 388278027 513689227 388278027
509560605 536490909 524499335 573795407
524499335 573795407 534057775 608874100
534057775 608874100 534057775 611451381
534057775 611451381 544324594 614105552
544324594 614105552 544596326 614105552
544596326 614105552 548477082 623929383
548477082 623929383 548477082 625378535
544324594 614105552 544324594 631308303
534057775 608874100 554522092 608874100
548477082 623929383 575812025 623929383
575812025 623929383 584879874 635185395
544324594 631308303 549713392 654086454
584879874 635185395 608149171 644214741
608149171 644214741 608149171 648565288
608149171 644214741 615759688 644214741
615759688 644214741 635017434 645233801
635017434 645233801 638620412 645233801
638620412 645233801 646374530 645233801
638620412 645233801 638620412 663829731
635017434 645233801 635017434 671464210
549713392 654086454 584202112 654770717
584202112 654770717 586714996 672002345
586714996 672002345 591897465 672002345
586714996 672002345 586714996 691020865
586714996 691020865 604495549 710792833
604495549 710792833 614702687 710792833
604495549 710792833 604495549 722436127
604495549 722436127 612241319 724837342
612241319 724837342 620573548 724837342
612241319 724837342 612241319 739783780
646374530 645233801 670290119 661650160
612241319 739783780 615147780 782687183
615147780 782687183 615147780 802565441
615147780 782687183 661287792 782687183
661287792 782687183 700302610 783414740
700302610 783414740 711278339 783414740
711278339 783414740 729790880 792234442
729790880 792234442 741678881 792234442
741678881 792234442 743811476 793946964
743811476 793946964 743811476 809621862
743811476 809621862 752219107 816902245
752219107 816902245 763155432 816902245
743811476 793946964 765528990 793946964
752219107 816902245 752219107 839620285
752219107 839620285 753715318 852317552
753715318 852317552 753715318 866185367
753715318 866185367 753715318 884936663
753715318 866185367 773717903 866185367
773717903 866185367 798835913 868049040
798835913 868049040 806894874 868049040
798835913 868049040 798835913 880133901
806894874 868049040 820651460 870515836
753715318 852317552 783035582 852317552
783035582 852317552 783035582 854395918
783035582 854395918 806894874 860246677
806894874 860246677 813012854 860246677
813012854 860246677 813012854 864096621
813012854 860246677 820906685 860246677
820906685 860246677 834093653 867052389
729790880 792234442 729790880 823144787
834093653 867052389 850767752 885655539
850767752 885655539 870905642 885655539
870905642 885655539 881976851 894041578
881976851 894041578 894909659 894041578
850767752 885655539 850767752 906767863
850767752 906767863 850767752 910701180
850767752 906767863 869345409 906767863
869345409 906767863 871216094 919708937
871216094 919708937 881976851 919708937
881976851 919708937 885129454 929938229
885129454 929938229 887248122 929938229
885129454 929938229 885129454 942111914
885129454 942111914 886055130 942111914
885129454 942111914 885129454 953872826
885129454 953872826 885528060 955794399
871216094 919708937 871216094 944704620
886055130 942111914 913575745 948772816
913575745 948772816 940688330 950799653
940688330 950799653 942073056 952742173
942073056 952742173 942073056 979927159
942073056 979927159 942073056 979930029
942073056 979927159 956674393 979927159
729790880 823144787 732876953 856629666
732876953 856629666 740324876 856629666
732876953 856629666 732876953 892399067
732876953 892399067 739925222 894347932
739925222 894347932 749818443 915528369
749818443 915528369 749818443 916956442
749818443 915528369 751737523 915528369
942073056 952742173 981467291 952742173
981467291 952742173 981467723 971830202
783035582 852317552 822589873 852317552
822589873 852317552 838118770 855955507
838118770 855955507 838118770 856493303
838118770 856493303 845351132 858029979
838118770 855955507 885600300 855955507
885528060 955794399 900805484 988978486
850767752 910701180 864497980 948321654
547428790 458450561 549000386 509444864
549000386 509444864 549000386 516596559
549000386 509444864 565141122 509444864
565141122 509444864 578055056 518283520
578055056 518283520 578055056 523837832
578055056 518283520 596314806 518283520
700302610 783414740 700302610 836580639
67258087 339520682 73635608 386433228
73635608 386433228 76345607 404411892
76345607 404411892 76345607 406521791
128332549 175756619 128332549 229123027
128332549 229123027 132621746 229123027
128332549 229123027 128332549 239521512
0 293385588 0 347503091
0 347503091 0 355101432
0 347503091 12351177 347503091
12351177 347503091 36126028 355101432
0 355101432 0 402023679
0 402023679 843059 402023679
0 402023679 0 408877603
0 408877603 0 418927049
0 418927049 13954103 418927049
0 418927049 0 447900537
0 447900537 0 450257285
0 450257285 0 454288607
0 447900537 15982822 447900537
15982822 447900537 28801739 450257285
28801739 450257285 28801739 454288607
28801739 450257285 43815651 450257285
43815651 450257285 54391714 457693232
54391714 457693232 54391714 487129333
0 408877603 34623845 408877603
54391714 457693232 91402687 457693232
54391714 487129333 63144418 527288166
63144418 527288166 82251385 527288166
63144418 527288166 63144418 558362025
139974384 266685201 143569045 317223182
143569045 317223182 144055456 317223182
143569045 317223182 143569045 325514605
430995545 282504995 463793082 303943084
463793082 303943084 472490914 303943084
463793082 303943084 463793082 325103498
304499793 313212402 307370650 364714885
307370650 364714885 325563124 370404533
126790687 256285759 126790687 310791197
260966885 181095193 315509256 181095193
315509256 181095193 316549193 186137812
316549193 186137812 329164365 189242913
329164365 189242913 329164365 193748181
329164365 189242913 362158105 189242913
362158105 189242913 377608224 193075646
377608224 193075646 381799187 197477920
381799187 197477920 381799187 212549650
381799187 212549650 400870407 232705275
400870407 232705275 402447855 232705275
400870407 232705275 400870407 237841739
400870407 237841739 411186397 269777541
381799187 197477920 425082940 197477920
402447855 232705275 442103914 236540900
425082940 197477920 454987740 221785028
156415781 698927868 156415781 753908397
156415781 753908397 169460864 762703670
169460864 762703670 169460864 765236251
169460864 762703670 200263040 762703670
200263040 762703670 208690943 766793091
63144418 558362025 83891749 592743337
83891749 592743337 84397120 617572117
84397120 617572117 93150181 617572117
93150181 617572117 93150181 617907371
84397120 617572117 84397120 628507613
93150181 617572117 108260590 617572117
84397120 628507613 92519629 662675216
92519629 662675216 104964446 675705891
104964446 675705891 109202523 675705891
109202523 675705891 126076123 687891181
104964446 675705891 104964446 707109428
55979124 315351560 111161836 315351560
885600300 855955507 914921177 882793234
180862243 634137343 225990616 645500456
225990616 645500456 241814864 645500456
241814864 645500456 251156934 648268200
251156934 648268200 263343434 648268200
251156934 648268200 251156934 664900661
251156934 664900661 259423466 669693729
259423466 669693729 267958647 671932942
225990616 645500456 225990616 688191900
225990616 688191900 235949940 688729218
267958647 671932942 315832741 676890448
315832741 676890448 351472217 689183680
351472217 689183680 365921363 698298699
365921363 698298699 380535442 720759739
380535442 720759739 400033350 720759739
380535442 720759739 380535442 747036765
380535442 747036765 386466327 748760206
386466327 748760206 387316476 789091756
387316476 789091756 409936566 789091756
387316476 789091756 387316476 817738961
387316476 817738961 405450338 824127076
400033350 720759739 428395088 738886251
428395088 738886251 433332470 752959640
433332470 752959640 450987160 752959640
433332470 752959640 433332470 772634813
433332470 772634813 434034870 788278826
434034870 788278826 460261276 793864855
460261276 793864855 465131129 793864855
465131129 793864855 465131129 818202062
465131129 818202062 474246698 819838951
474246698 819838951 487358902 819838951
487358902 819838951 487358902 828593083
487358902 819838951 496363825 819838951
474246698 819838951 474246698 833434630
465131129 793864855 491322121 793864855
460261276 793864855 460261276 823781776
491322121 793864855 523508974 803749223
523508974 803749223 539717804 806422764
539717804 806422764 583795455 806422764
583795455 806422764 586784340 806422764
583795455 806422764 583795455 831753852
539717804 806422764 539717804 860707343
539717804 860707343 540389788 885370870
540389788 885370870 540389788 892444172
540389788 892444172 540389788 904371487
540389788 892444172 564275856 892444172
564275856 892444172 565438835 894830567
565438835 894830567 565438835 904168977
565438835 894830567 578706220 894830567
578706220 894830567 582637503 895991856
540389788 885370870 580563643 885370870
580563643 885370870 626042731 885859927
582637503 895991856 609537524 921623743
609537524 921623743 612525493 929119743
612525493 929119743 612525493 931829132
612525493 931829132 626467704 964803370
626467704 964803370 653181474 964803370
653181474 964803370 673212515 976260350
673212515 976260350 681081400 979158786
681081400 979158786 681081400 980186198
681081400 980186198 730549821 985093052
311253652 436196402 311253652 493764606
311253652 493764606 328154012 513511064
635017434 671464210 654961328 709338230
654961328 709338230 679163279 717291254
679163279 717291254 683877876 717291254
683877876 717291254 686739594 717291254
683877876 717291254 683877876 732741507
679163279 717291254 679163279 760412421
683877876 732741507 726432605 744598581
726432605 744598581 729968048 750358140
729968048 750358140 729968048 765482196
729968048 765482196 732527317 765482196
729968048 765482196 729968048 779067578
729968048 779067578 741678881 781630171
732527317 765482196 740453247 773729787
729968048 750358140 754754772 750358140
741678881 781630171 773970355 781630171
773970355 781630171 776086649 781630171
773970355 781630171 773970355 790737213
776086649 781630171 797823001 784850908
797823001 784850908 797823001 788294429
797823001 788294429 827605275 805228114
827605275 805228114 827605275 812909546
827605275 812909546 829660967 830322515
827605275 805228114 850323369 805228114
850323369 805228114 850323369 805319785
850323369 805228114 858609082 805228114
797823001 784850908 853531208 784850908
853531208 784850908 903408303 788966232
903408303 788966232 903408303 792381661
903408303 788966232 907949394 788966232
907949394 788966232 913594446 815527153
913594446 815527153 937634222 822818935
937634222 822818935 950702913 822818935
937634222 822818935 937634222 836714314
950702913 822818935 966772141 829052954
966772141 829052954 969635067 847416506
969635067 847416506 969635067 855106040
969635067 855106040 969635067 855182123
969635067 855106040 971373799 855106040
969635067 847416506 982629921 847416506
982629921 847416506 984685703 847416506
982629921 847416506 982629921 850261499
982629921 850261499 990786867 857709956
971373799 855106040 974698589 908678185
104964446 707109428 110307170 759804514
110307170 759804514 112446527 765236251
112446527 765236251 112446527 783166394
112446527 783166394 127005716 796850849
127005716 796850849 129309465 832703490
129309465 832703490 129309465 841178526
129309465 832703490 140901973 832703490
129309465 841178526 135871093 849884356
400415915 921938731 400415915 980049278
411186397 269777541 463433773 275961944
350597580 532715466 368529449 574057265
368529449 574057265 407601825 579208644
407601825 579208644 407601825 582327531
407601825 579208644 420940398 579208644
420940398 579208644 453977605 591200979
453977605 591200979 482820391 620188209
482820391 620188209 496673862 623517183
496673862 623517183 506054966 636750248
506054966 636750248 506054966 650959835
506054966 650959835 517255913 651912721
517255913 651912721 517255913 655982508
517255913 655982508 518586011 660688670
518586011 660688670 525290356 660688670
518586011 660688670 518586011 675235973
506054966 636750248 524334773 636750248
517255913 651912721 536214779 651912721
914921177 882793234 962512350 894481987
442103914 236540900 495828222 242517445
495828222 242517445 501267294 247749262
501267294 247749262 501267294 274451334
501267294 274451334 523712567 287048245
523712567 287048245 533571090 311094809
533571090 311094809 533571090 328057204
533571090 328057204 549222877 328780294
549222877 328780294 566357322 328780294
566357322 328780294 575888825 328780294
575888825 328780294 580746947 342506529
580746947 342506529 580746947 342835378
580746947 342835378 589525127 343886903
533571090 311094809 553532309 311094809
553532309 311094809 566357322 314112415
566357322 314112415 582107929 314112415
580746947 342506529 612023433 342506529
612023433 342506529 615253832 353313352
615253832 353313352 632015806 359656158
632015806 359656158 636782869 359656158
636782869 359656158 636782869 364686432
636782869 359656158 649693042 359656158
649693042 359656158 664154670 361028620
632015806 359656158 632015806 376591288
664154670 361028620 664154670 380801380
664154670 380801380 665131204 380801380
664154670 380801380 664154670 411972659
664154670 411972659 667790950 414366796
667790950 414366796 672038585 418498782
672038585 418498782 696617629 418498782
664154670 361028620 695861098 361028620
695861098 361028620 700217601 363011848
700217601 363011848 716362530 363011848
700217601 363011848 700217601 389666163
700217601 389666163 715430656 389666163
700217601 389666163 700217601 407699992
700217601 407699992 700217601 409920377
700217601 407699992 711093088 407699992
715430656 389666163 738417276 395029982
738417276 395029982 738417276 400603506
738417276 400603506 739084398 400603506
738417276 400603506 738417276 405899741
738417276 395029982 754453017 395029982
566357322 328780294 566357322 362214934
672038585 418498782 672038585 455867752
501267294 247749262 540375881 247749262
540375881 247749262 540375881 266086917
738417276 405899741 745065832 442199048
745065832 442199048 745726874 449942872
745726874 449942872 756906618 449942872
756906618 449942872 765154306 457017462
745726874 449942872 745726874 476718990
745726874 476718990 749173988 476718990
749173988 476718990 749173988 477447000
749173988 476718990 750537546 476718990
745726874 476718990 745726874 480785306
750537546 476718990 778035983 485930577
778035983 485930577 782997346 485930577
778035983 485930577 778035983 513057488
778035983 513057488 787972625 516218657
787972625 516218657 811436471 516218657
811436471 516218657 844167968 516218657
811436471 516218657 811436471 551549696
782997346 485930577 793730116 511972074
787972625 516218657 787972625 555376985
582107929 314112415 624275250 319729952
624275250 319729952 631377728 326696725
566357322 362214934 579937041 397235664
579937041 397235664 582184763 428811698
582184763 428811698 582184763 454578398
582184763 428811698 610083793 428811698
610083793 428811698 622273782 447959236
622273782 447959236 622273782 476140581
622273782 476140581 622273782 482978788
622273782 482978788 629229268 487770966
629229268 487770966 629229268 490739181
629229268 490739181 636629869 492370238
636629869 492370238 651714068 492370238
629229268 487770966 645320670 487770966
622273782 476140581 647001756 476140581
622273782 447959236 657828459 447959236
549222877 328780294 549222877 378311032
765154306 457017462 805287694 467577636
805287694 467577636 805287694 475346381
805287694 467577636 824981167 467577636
636629869 492370238 636629869 544008427
636629869 544008427 664783402 556666270
664783402 556666270 666420119 565115624
666420119 565115624 682675921 565115624
682675921 565115624 693350979 587998505
693350979 587998505 695868887 589992007
695868887 589992007 724912432 597537458
724912432 597537458 740497389 610384212
740497389 610384212 740497389 612602434
740497389 610384212 758435967 610384212
740497389 612602434 752767594 643539950
752767594 643539950 754028802 650488249
754028802 650488249 755094001 652662385
755094001 652662385 763092137 659657158
763092137 659657158 778720011 659657158
778720011 659657158 778720011 660839938
763092137 659657158 763092137 680574884
763092137 680574884 769658396 680574884
763092137 680574884 763092137 691106847
651714068 492370238 692175464 505823189
692175464 505823189 692175464 510955155
692175464 510955155 706947000 516050087
706947000 516050087 706947000 525739889
706947000 516050087 732911964 516050087
692175464 505823189 731452407 505823189
731452407 505823189 744303659 506938974
754453017 395029982 804591395 399691068
804591395 399691068 829182111 422243873
829182111 422243873 829182111 440812748
829182111 422243873 849654562 422243873
849654562 422243873 849654562 427859206
849654562 422243873 862938674 422243873
862938674 422243873 869877294 459148774
869877294 459148774 877791603 460710007
877791603 460710007 880148870 460710007
880148870 460710007 880148870 465286648
880148870 460710007 891352096 460710007
891352096 460710007 894486222 462823735
894486222 462823735 907420020 462823735
907420020 462823735 907420020 468650667
907420020 468650667 920177497 477333812
920177497 477333812 920177497 480725528
920177497 477333812 924355107 477333812
924355107 477333812 927257640 489821779
927257640 489821779 927257640 494750641
927257640 494750641 935393366 494750641
927257640 489821779 937801608 489821779
927257640 494750641 927257640 518161660
927257640 518161660 945287076 530962223
945287076 530962223 954120146 542377235
954120146 542377235 957889069 543142987
957889069 543142987 958930579 572170801
958930579 572170801 958930579 589994419
958930579 572170801 988462523 572170801
894486222 462823735 894486222 503730390
894486222 503730390 898328805 537772514
898328805 537772514 898328805 544899126
898328805 537772514 909188699 537772514
907420020 462823735 949826309 462823735
949826309 462823735 964486058 467758278
964486058 467758278 964486058 475722677
964486058 467758278 986318134 467758278
920177497 480725528 923880789 522056913
988462523 572170801 993051190 618950370
877791603 460710007 877791603 512613002
540375881 247749262 595780225 247749262
595780225 247749262 596735230 247749262
595780225 247749262 595780225 255980485
596735230 247749262 615097165 250921300
615097165 250921300 626391380 252762168
626391380 252762168 626391380 288346381
626391380 288346381 640327918 288346381
640327918 288346381 640327918 300556029
640327918 300556029 641503529 316491063
641503529 316491063 641503529 319372345
641503529 316491063 655320378 316491063
626391380 288346381 626391380 306244622
640327918 288346381 665978221 288346381
655320378 316491063 682882229 317095525
665978221 288346381 679772106 313605034
626391380 252762168 666150085 252762168
682882229 317095525 720719505 321992936
720719505 321992936 720719505 339227741
720719505 321992936 738610087 321992936
738610087 321992936 756731214 333919997
756731214 333919997 756731214 343173384
756731214 333919997 773610640 333919997
773610640 333919997 773610640 341820181
773610640 333919997 790050675 333919997
790050675 333919997 807863578 356497557
773610640 341820181 773820940 382488422
811436471 551549696 832253901 588376306
832253901 588376306 840914063 588376306
832253901 588376306 832253901 609235974
832253901 609235974 861495266 622104881
861495266 622104881 861495266 638799765
861495266 638799765 865512137 658787402
865512137 658787402 871658781 665130759
871658781 665130759 871658781 668866080
861495266 622104881 891601755 622104881
891601755 622104881 935064292 627202385
935064292 627202385 935064292 634632884
935064292 627202385 945069891 627202385
945069891 627202385 958782312 654214509
958782312 654214509 959461982 663176827
959461982 663176827 966832256 693225384
966832256 693225384 982409720 693728870
982409720 693728870 984772119 693728870
982409720 693728870 982409720 747200204
763092137 691106847 795199088 718290068
795199088 718290068 795199088 738572993
795199088 718290068 816030481 718290068
816030481 718290068 854102761 721379010
854102761 721379010 855015835 721379010
855015835 721379010 864191115 735135853
864191115 735135853 864191115 758353727
864191115 735135853 889250612 735135853
889250612 735135853 889250612 754510073
889250612 735135853 908890881 735135853
908890881 735135853 908890881 740679202
908890881 740679202 915093828 749560537
915093828 749560537 929923937 756690138
908890881 735135853 933946212 735135853
933946212 735135853 940167243 735300619
940167243 735300619 953240454 747200204
953240454 747200204 953240454 751546232
953240454 751546232 957496186 768943827
957496186 768943827 960689617 777833287
960689617 777833287 960689617 785286747
960689617 777833287 969860139 777833287
889250612 754510073 899401131 777740482
854102761 721379010 854102761 766299262
854102761 766299262 862523348 776719713
969860139 777833287 988328896 816839502
871658781 665130759 931326413 665130759
931326413 665130759 951939846 688130290
670290119 661650160 693761799 697982326
693761799 697982326 724570647 714005714
898328805 544899126 904432343 598619068
904432343 598619068 919592021 603862854
488498697 880745692 537818643 892016914
242510547 93559910 248072605 148795788
248072605 148795788 254460528 153523625
254460528 153523625 260607650 153523625
254460528 153523625 254460528 196793372
131018507 0 192847421 0
192847421 0 192847421 14443602
192847421 0 244374793 0
244374793 0 251691702 0
251691702 0 261547845 0
261547845 0 267594302 0
244374793 0 244374793 44352894
244374793 44352894 251691702 48475079
251691702 48475079 251691702 49591039
251691702 49591039 259300884 49952833
259300884 49952833 267594302 49952833
251691702 48475079 261547845 48475079
259300884 49952833 259300884 62062398
267594302 49952833 283993400 61593623
267594302 0 312185937 0
312185937 0 342642057 0
342642057 0 385022907 0
385022907 0 392354594 0
385022907 0 385022907 12177093
385022907 12177093 392354594 21693824
392354594 0 419859319 0
419859319 0 433460758 0
433460758 0 444657465 0
444657465 0 450001546 0
450001546 0 452323746 0
452323746 0 452323746 15802
444657465 0 444657465 10270702
419859319 0 419859319 21208462
452323746 0 474555741 0
444657465 10270702 450001546 29112888
419859319 21208462 433460758 38449783
433460758 38449783 439725979 57312475
439725979 57312475 449791663 66405064
449791663 66405064 457986948 66405064
457986948 66405064 458544242 96148085
458544242 96148085 467055759 102208396
467055759 102208396 469038295 102208396
469038295 102208396 475745235 108623769
475745235 108623769 475745235 111244650
474555741 0 511243187 0
511243187 0 511243187 4640069
511243187 0 538773850 0
538773850 0 538773850 7263181
538773850 0 562447051 0
449791663 66405064 449791663 103689263
475745235 108623769 513403745 108623769
513403745 108623769 543791198 112097192
543791198 112097192 548567778 112097192
543791198 112097192 543791198 133431449
543791198 133431449 551356817 141602660
551356817 141602660 572264382 141602660
572264382 141602660 575972415 146678877
575972415 146678877 575972415 151659338
551356817 141602660 551356817 163236847
562447051 0 562447051 39316625
575972415 151659338 606567613 161785731
606567613 161785731 615124898 161785731
615124898 161785731 623862187 165317828
623862187 165317828 624345470 183474664
624345470 183474664 624387108 183474664
624387108 183474664 625119300 186803908
625119300 186803908 625119300 199264907
625119300 199264907 632560690 199264907
606567613 161785731 606567613 181085105
625119300 186803908 645460654 186803908
645460654 186803908 654469156 186803908
645460654 186803908 645460654 197778243
625119300 199264907 625119300 225699156
645460654 197778243 675683940 200329503
675683940 200329503 675683940 213216530
675683940 213216530 679314643 219136442
679314643 219136442 679314643 223114521
679314643 219136442 696885895 219136442
696885895 219136442 697041014 228517126
697041014 228517126 697041014 249008864
675683940 200329503 703126857 200329503
703126857 200329503 703126857 209629335
703126857 200329503 715291318 200329503
715291318 200329503 731406039 203912849
731406039 203912849 747650771 211613780
747650771 211613780 759782395 211613780
747650771 211613780 747650771 228517126
747650771 228517126 748080795 245202257
748080795 245202257 748080795 250287665
562447051 39316625 582434058 60415142
467055759 102208396 467055759 143512327
467055759 143512327 469075394 155625381
469075394 155625381 486796317 156851824
486796317 156851824 499981457 156851824
486796317 156851824 486796317 193740288
486796317 193740288 486796317 194253162
486796317 193740288 496867035 193740288
496867035 193740288 513590024 217937618
513590024 217937618 513590024 218566967
513590024 217937618 539196998 217937618
513590024 218566967 535088293 232100708
342642057 0 342642057 43210068
342642057 43210068 345668041 50823260
345668041 50823260 348660569 50823260
345668041 50823260 345668041 81116134
562447051 0 605816920 0
605816920 0 620096277 0
605816920 0 605816920 16443697
605816920 16443697 608142705 35282290
608142705 35282290 620096277 35282290
608142705 35282290 608142705 51740607
608142705 51740607 610823139 58252870
610823139 58252870 635907771 58252870
610823139 58252870 610823139 85188380
610823139 85188380 619285352 85188380
610823139 85188380 610823139 99657461
610823139 99657461 642449997 105226599
642449997 105226599 648181552 106460324
648181552 106460324 666813381 106460324
666813381 106460324 666813381 112471708
666813381 106460324 678188118 106460324
666813381 112471708 668724633 122420186
648181552 106460324 648181552 128466362
648181552 128466362 661747666 151122181
661747666 151122181 668791944 163894409
668791944 163894409 673839488 163894409
668791944 163894409 668791944 170935802
624345470 183474664 624345470 226989660
312185937 0 312185937 43532031
575972415 146678877 619520359 146678877
619520359 146678877 623695384 148159180
748080795 245202257 792542150 245202257
450001546 29112888 474555741 49436035
474555741 49436035 501689813 53906718
348660569 50823260 369083285 75860153
369083285 75860153 374508329 78366967
345668041 81116134 366800320 109050143
366800320 109050143 372173377 124780182
372173377 124780182 383581869 148632288
383581869 148632288 386038402 152327426
386038402 152327426 391139368 183132245
391139368 183132245 417711298 183665373
620096277 0 669311014 0
669311014 0 669944936 0
669311014 0 669311014 3660576
669311014 3660576 669944936 40538118
669944936 0 707780782 0
707780782 0 733053132 0
733053132 0 748865901 0
748865901 0 759606702 0
748865901 0 748865901 10758119
759606702 0 771348388 0
771348388 0 774874850 0
774874850 0 784858985 0
784858985 0 784968773 0
784968773 0 800575721 0
800575721 0 800575721 11181548
748865901 10758119 759606702 23331993
759606702 23331993 765758141 23556646
765758141 23556646 771348388 23556646
771348388 23556646 774874850 23556646
771348388 23556646 771348388 31444191
771348388 31444191 784858985 33916313
784858985 33916313 784968773 33916313
784858985 33916313 784858985 46395930
800575721 0 831829650 0
831829650 0 849687076 0
849687076 0 849687076 28612382
765758141 23556646 765758141 58935148
765758141 58935148 768483365 58935148
765758141 58935148 765758141 66131310
707780782 0 707780782 36682897
707780782 36682897 733053132 40171098
831829650 0 831829650 39789624
831829650 39789624 834820452 69183434
834820452 69183434 848080313 73929030
848080313 73929030 854708324 73929030
848080313 73929030 848080313 97268463
848080313 97268463 881435881 97871108
881435881 97871108 884465973 97871108
884465973 97871108 908040426 97871108
908040426 97871108 910060713 100763267
910060713 100763267 910060713 104346376
910060713 100763267 930999601 100763267
910060713 104346376 914994376 126234446
914994376 126234446 924759555 126600422
930999601 100763267 952731468 111081181
952731468 111081181 958487285 124425478
958487285 124425478 958487285 134965574
958487285 134965574 967642700 134965574
958487285 124425478 981843272 124425478
981843272 124425478 989392903 124425478
981843272 124425478 981843272 134327014
958487285 134965574 958487285 162910262
958487285 162910262 958495216 169087177
958495216 169087177 959721432 169087177
958495216 169087177 958495216 192885395
958495216 192885395 975403235 203638987
975403235 203638987 981502753 213079811
981502753 213079811 991240783 213079811
981502753 213079811 981502753 245212353
981502753 245212353 987475234 245212353
981502753 245212353 981502753 273996183
881435881 97871108 881435881 134468910
881435881 134468910 884465973 135233655
884465973 135233655 899762961 160346169
899762961 160346169 911282360 165991470
911282360 165991470 921148218 169087177
921148218 169087177 921148218 180549796
921148218 180549796 941182300 191148821
941182300 191148821 951188639 191148821
941182300 191148821 941182300 207551439
959721432 169087177 980069493 190440004
854708324 73929030 882796999 88168538
765758141 66131310 790155380 90868867
733053132 40171098 736803905 86236687
736803905 86236687 751885662 89144396
751885662 89144396 758795922 110813801
758795922 110813801 758795922 122260715
758795922 122260715 760896645 136155674
758795922 110813801 789674515 110813801
789674515 110813801 799247929 136517003
799247929 136517003 823620134 136517003
823620134 136517003 830524784 146560747
799247929 136517003 799247929 171365722
799247929 171365722 808624560 171365722
808624560 171365722 808624560 172739548
808624560 171365722 811836577 171365722
799247929 171365722 799247929 184034150
799247929 184034150 810095505 205418280
810095505 205418280 820211127 213877531
820211127 213877531 820211127 221094830
820211127 221094830 823041477 232181521
823041477 232181521 824760841 232181521
820211127 213877531 849049550 213877531
849049550 213877531 856003660 226226667
823041477 232181521 823041477 271210944
823041477 271210944 824619824 274680706
824619824 274680706 824619824 295337706
824619824 274680706 865239782 274680706
865239782 274680706 865239782 276707260
865239782 276707260 870875595 298494402
870875595 298494402 870875595 310563655
870875595 298494402 896560080 298494402
896560080 298494402 906069119 298695417
906069119 298695417 911609502 298695417
911609502 298695417 911609502 305959610
906069119 298695417 906069119 308754737
906069119 308754737 906379867 310574969
906379867 310574969 906534714 310574969
865239782 274680706 895222899 274680706
911609502 298695417 952574536 298695417
952574536 298695417 952836680 318071984
952836680 318071984 958164102 330767625
911609502 305959610 912618978 353216237
912618978 353216237 949068600 359388415
949068600 359388415 949228514 370580977
949228514 370580977 959165789 403577838
959165789 403577838 959165789 418471313
959165789 418471313 964486058 419725467
964486058 419725467 985359655 419725467
985359655 419725467 986318134 435623532
986318134 435623532 996372439 435623532
959165789 403577838 991372782 403577838
635907771 58252870 663135887 82326120
663135887 82326120 696020270 91858723
669944936 40538118 697333828 68152969
697333828 68152969 702077666 76139517
906379867 310574969 906379867 366898179
792542150 245202257 800794195 293877906
800794195 293877906 814265745 294455432
814265745 294455432 850487983 294455432
850487983 294455432 864435408 316064509
814265745 294455432 814265745 332652006
814265745 332652006 817465755 333461694
856003660 226226667 905573741 234442084
760896645 136155674 770567237 185614254
770567237 185614254 798409992 186254998
518586011 675235973 533105328 722611575
533105328 722611575 538172259 728951973
538172259 728951973 552969538 756654070
552969538 756654070 555161925 760048720
555161925 760048720 555161925 766656227
555161925 766656227 587710930 775196400
587710930 775196400 591560541 776758442
555161925 760048720 602153675 760048720
843059 402023679 56905624 407974711
225624992 768220702 236426792 819441708
236426792 819441708 271514677 837887778
681081400 979158786 743269407 979158786
429790376 489477880 471999203 509494202
471999203 509494202 475468920 538049897
475468920 538049897 486666596 579085341
486666596 579085341 486666596 587426392
486666596 579085341 495769072 579085341
495769072 579085341 517151588 617946184
778720011 659657158 841237081 659657158
0 454288607 0 516912666
0 516912666 0 521400828
0 516912666 39374882 516912666
39374882 516912666 44975291 521400828
0 521400828 0 562732169
0 562732169 0 563993697
0 563993697 22493308 563993697
22493308 563993697 58040059 566791798
0 563993697 0 609733504
0 609733504 0 622582393
0 622582393 0 631846084
0 631846084 0 650164979
0 622582393 22504549 622582393
0 650164979 0 680780575
0 680780575 0 683830508
0 683830508 4639058 683830508
0 683830508 0 714127493
0 714127493 16935288 714127493
0 714127493 0 732828164
0 732828164 0 738486973
0 738486973 8377148 738486973
0 732828164 28758908 732828164
22504549 622582393 47200558 631846084
47200558 631846084 59207638 648683323
28758908 732828164 52606599 743547455
52606599 743547455 74066787 743547455
74066787 743547455 78624518 743547455
74066787 743547455 74066787 750347411
74066787 750347411 86192646 759804514
52606599 743547455 52606599 770391706
0 680780575 35861082 680780575
0 609733504 37921439 609733504
0 738486973 0 777772625
0 777772625 33327326 777772625
0 650164979 41849021 650164979
0 777772625 0 823601830
0 823601830 0 858692380
0 858692380 0 860913286
0 860913286 2266323 860913286
0 860913286 0 872273362
0 872273362 16708474 872273362
0 858692380 44609550 858692380
44609550 858692380 54879258 867643299
54879258 867643299 54879258 911821899
54879258 911821899 55836357 911934879
55836357 911934879 55836357 930722371
55836357 930722371 77084168 948605830
77084168 948605830 89978588 948605830
77084168 948605830 77084168 990074839
0 823601830 47652372 823601830
47652372 823601830 54695504 853244375
86192646 759804514 86192646 809583269
16935288 714127493 52202769 729817731
0 872273362 0 928752112
0 928752112 2267181 928752112
2267181 928752112 10699507 928752112
2267181 928752112 2267181 981419205
55836357 911934879 112921352 911934879
112921352 911934879 155053348 920099403
155053348 920099403 155639433 922695364
155639433 922695364 166991813 922695364
166991813 922695364 166991813 930857065
166991813 922695364 180519356 922695364
180519356 922695364 187261422 923885234
187261422 923885234 187261422 940113603
155639433 922695364 155639433 940334563
155639433 940334563 160012327 964629409
160012327 964629409 162661790 964629409
160012327 964629409 160012327 968151204
160012327 968151204 165896656 984914208
187261422 923885234 217533313 923885234
217533313 923885234 218808763 923885234
217533313 923885234 217533313 934603783
218808763 923885234 249909383 926436203
249909383 926436203 251265607 928487689
251265607 928487689 271111845 951409938
217533313 934603783 248418705 947345383
666420119 565115624 666420119 628080666
455201922 976588728 512982844 981915932
271514677 837887778 291969929 880598579
291969929 880598579 294057684 880598579
291969929 880598579 291969929 884193684
291969929 884193684 295501061 889249886
295501061 889249886 299610010 889249886
299610010 889249886 299610010 892771698
295501061 889249886 295501061 899299832
299610010 889249886 312896294 889249886
312896294 889249886 333884334 906846551
35861082 680780575 86761966 693791593
86761966 693791593 100227964 725668902
228384685 229306016 260309116 261473240
895222899 274680706 957560096 277010981
957560096 277010981 968432682 277010981
957560096 277010981 957560096 295172022
501689813 53906718 538923060 82224932
540375881 266086917 594292238 278530551
208690943 766793091 222442403 820054193
222442403 820054193 226702711 830319406
226702711 830319406 229437123 888869492
229437123 888869492 232226126 892993403
232226126 892993403 268558855 901411301
54879258 867643299 121909234 867643299
121909234 867643299 123004908 876622308
123004908 876622308 123004908 879904776
612525493 929119743 680395345 929119743
680395345 929119743 690887163 930423337
690887163 930423337 708764986 930423337
690887163 930423337 690887163 957986329
606567613 181085105 618477050 237307603
123004908 876622308 192458357 876622308
192458357 876622308 192458357 878912689
192458357 876622308 201878832 876622308
201878832 876622308 224723459 904679994
224723459 904679994 224904392 919096218
463793082 325103498 520257070 338948294
209257578 381022026 221783977 439676035
221783977 439676035 221823157 477577962
221823157 477577962 224248949 477577962
221823157 477577962 221823157 485041045
224248949 477577962 244949294 478145440
244949294 478145440 250412706 482315320
250412706 482315320 254149837 489757187
254149837 489757187 267217173 518387471
267217173 518387471 267217173 524558067
267217173 518387471 281602374 518387471
281602374 518387471 288728437 527800999
288728437 527800999 292477176 547865658
292477176 547865658 310828349 547865658
292477176 547865658 292477176 574278808
292477176 574278808 302823768 574278808
292477176 574278808 292477176 592215635
292477176 592215635 302219833 609317043
302219833 609317043 302219833 622321826
302219833 622321826 315832741 622673445
315832741 622673445 320056256 622673445
315832741 622673445 315832741 644169446
315832741 644169446 318570056 644169446
302219833 609317043 328017462 609317043
318570056 644169446 345830969 649231518
345830969 649231518 345830969 665317033
345830969 665317033 362582037 672117572
362582037 672117572 362582037 680060773
345830969 649231518 386285597 649231518
386285597 649231518 405288518 652502495
405288518 652502495 422152411 652502495
422152411 652502495 429658968 660475548
405288518 652502495 405288518 672117572
405288518 672117572 413987450 687956454
413987450 687956454 442597902 698072135
442597902 698072135 442597902 713908859
442597902 698072135 466412670 698072135
221823157 485041045 238023894 513748675
238023894 513748675 240438102 533643013
429658968 660475548 479211379 662720555
479211379 662720555 483157730 695772647
483157730 695772647 494016801 727636224
494016801 727636224 508933126 749225232
508933126 749225232 516322612 767633820
516322612 767633820 516322612 768259202
516322612 767633820 526102316 767633820
516322612 768259202 521192076 784020806
410227187 510426894 433193565 559100413
433193565 559100413 453050161 577721684
129111903 417403251 180690981 438011273
180690981 438011273 190850436 474331250
240438102 533643013 261290737 585153321
261290737 585153321 273468139 626176880
273468139 626176880 273468139 626401884
273468139 626176880 283980341 626176880
196304907 359892472 196304907 432596056
673839488 163894409 743949795 167146148
743949795 167146148 756903622 191276720
798835913 880133901 811917470 940513719
811917470 940513719 812746814 940513719
811917470 940513719 811917470 942664388
811917470 942664388 814858766 982852188
824981167 467577636 860010953 506112369
744303659 506938974 754416542 571891957
849687076 28612382 888725182 66115633
888725182 66115633 925684485 86145496
925684485 86145496 962078370 89409816
962078370 89409816 991576495 90592885
991576495 90592885 995202519 90592885
991576495 90592885 991576495 96020781
626042731 885859927 686180214 902394735
686180214 902394735 686441486 924441128
578055056 523837832 587728713 591799864
587728713 591799864 611980110 613919779
611980110 613919779 635651279 618504686
635651279 618504686 640597137 623637583
640597137 623637583 640597137 636318780
640597137 623637583 654244815 623637583
123004908 879904776 183779823 897765913
596314806 518283520 625664542 567597520
625664542 567597520 626554922 567597520
625664542 567597520 625664542 573988308
748080795 250287665 770040543 307573672
770040543 307573672 780681280 318690981
780681280 318690981 789816937 320034564
149019705 579343822 209551986 598119256
209551986 598119256 240221475 613531742
240221475 613531742 240221475 616995067
240221475 613531742 245927431 613531742
615147780 802565441 654203879 844497825
654203879 844497825 661037095 844497825
654203879 844497825 654203879 853064365
654203879 853064365 657942695 875180729
807863578 356497557 862807559 393558633
862807559 393558633 881975505 418792789
382299177 899975611 382299177 995260354
382299177 995260354 388968627 998120364
751737523 915528369 788588544 975329087
758435967 610384212 831862765 635988689
871658781 668866080 928296621 720676120
333884334 906846551 356837768 994024381
849687076 0 965022909 0
965022909 0 969751425 50978837
