1467
0 0 0 0
0 0 136137 0
0 0 0 5123616
136137 0 6431780 0
0 5123616 0 28509000
0 28509000 136137 28509000
0 28509000 0 39897891
0 39897891 6431780 39897891
6431780 0 31798662 0
31798662 0 33692899 0
33692899 0 33692899 5123616
33692899 0 53369977 0
53369977 0 53369977 5600565
0 39897891 0 74310320
0 74310320 1497073 74310320
53369977 0 117932666 0
117932666 0 122170635 0
122170635 0 127838920 0
127838920 0 138063728 0
127838920 0 127838920 10813664
138063728 0 160775584 0
160775584 0 160775584 10896082
160775584 0 180018563 0
180018563 0 180018563 17420524
127838920 10813664 138063728 28391909
180018563 0 213544270 0
213544270 0 219623596 0
219623596 0 223247309 0
223247309 0 231346715 0
231346715 0 231346715 10723217
223247309 0 223247309 19690780
213544270 0 213544270 24809884
213544270 24809884 219623596 40004024
219623596 40004024 234790130 50971236
234790130 50971236 234790130 68767119
234790130 50971236 268976495 50971236
268976495 50971236 276903008 50971236
268976495 50971236 268976495 62883809
180018563 17420524 183737292 53114646
183737292 53114646 192854373 62450833
117932666 0 117932666 42603681
117932666 42603681 122170635 44415744
122170635 44415744 127729615 58568762
127729615 58568762 127729615 65314359
127729615 58568762 151711876 58568762
151711876 58568762 164713857 74648903
164713857 74648903 179861042 74648903
164713857 74648903 164713857 104612127
164713857 104612127 192044638 106217655
192044638 106217655 202544799 106217655
202544799 106217655 202544799 115105339
202544799 115105339 204150868 115105339
202544799 115105339 202544799 118162553
202544799 118162553 202825898 118168653
202825898 118168653 204601599 118168653
202825898 118168653 202825898 135625060
202825898 135625060 223690268 138789063
223690268 138789063 223690268 163180645
223690268 163180645 224303143 179076422
224303143 179076422 224303143 196133931
224303143 196133931 224303143 196414486
224303143 196133931 241277210 196133931
224303143 179076422 243710487 179076422
223690268 138789063 248631594 138789063
248631594 138789063 251098659 139066165
202544799 106217655 228281930 106217655
224303143 196414486 232314010 216853204
232314010 216853204 241050770 228050651
241050770 228050651 241050770 233450239
241050770 228050651 265248844 228050651
265248844 228050651 271411187 241268222
271411187 241268222 280056238 251780797
280056238 251780797 310258794 251780797
310258794 251780797 312460780 251780797
312460780 251780797 317355263 260709121
317355263 260709121 317355263 267578402
317355263 267578402 323341219 273196675
310258794 251780797 310258794 269804281
323341219 273196675 343384022 273196675
343384022 273196675 352156697 273196675
343384022 273196675 343384022 293442239
310258794 269804281 311322718 290554333
352156697 273196675 362126524 285740969
311322718 290554333 317894654 308346851
317894654 308346851 323341219 308346851
323341219 308346851 323341219 312978756
323341219 308346851 332404976 308346851
317894654 308346851 317894654 324934775
332404976 308346851 337767687 321011902
337767687 321011902 341506451 337870492
341506451 337870492 341506451 338670932
317355263 260709121 343047348 260709121
343047348 260709121 343047348 261055796
343047348 261055796 358138484 266635826
341506451 338670932 354222783 355401076
354222783 355401076 354222783 362193081
354222783 362193081 358818475 385001397
358818475 385001397 387621107 385001397
358818475 385001397 358818475 415887624
358818475 415887624 358818475 419490751
358818475 419490751 362386152 419490751
358818475 419490751 358818475 423925753
358818475 415887624 366635521 415887624
192044638 106217655 192044638 138667045
317894654 324934775 318094328 363375255
318094328 363375255 324252731 363375255
318094328 363375255 318094328 384818786
280056238 251780797 280056238 290658400
280056238 290658400 280056238 290844116
280056238 290658400 285108166 290658400
192044638 138667045 192497232 179796309
192497232 179796309 192497232 189222579
192497232 179796309 202499588 179796309
202499588 179796309 223062682 194548488
223062682 194548488 223167362 211056011
223167362 211056011 225961590 229687992
225961590 229687992 229566070 229687992
225961590 229687992 225961590 236036843
225961590 236036843 231767064 237689956
231767064 237689956 232073903 260359824
232073903 260359824 238734977 293493194
366635521 415887624 411732720 418499139
411732720 418499139 427034601 425036198
427034601 425036198 447476946 427968785
447476946 427968785 450988514 427968785
450988514 427968785 461472028 436443947
461472028 436443947 461472028 455131512
447476946 427968785 447476946 454256556
461472028 436443947 504070871 436443947
504070871 436443947 517468336 437506313
517468336 437506313 535089990 451017580
535089990 451017580 548235422 451017580
548235422 451017580 557937751 453081791
557937751 453081791 557937751 474281636
557937751 474281636 559262331 494675037
557937751 453081791 590618595 453081791
535089990 451017580 535089990 493482629
535089990 493482629 551885117 527208798
354222783 355401076 404927688 355401076
404927688 355401076 432474094 373917064
432474094 373917064 432474094 376446976
432474094 376446976 436694496 382071810
436694496 382071810 452992335 390938225
452992335 390938225 461472028 395194549
432474094 373917064 459255522 373917064
461472028 395194549 489183964 395194549
489183964 395194549 506608878 395194549
489183964 395194549 489183964 414517070
506608878 395194549 521952485 403227423
387621107 385001397 411732720 411774652
411732720 411774652 420436657 411774652
420436657 411774652 423718033 415960257
228281930 106217655 262515629 123008499
551885117 527208798 591182597 539791252
591182597 539791252 611209962 563247256
611209962 563247256 614858266 565464276
614858266 565464276 618976619 572288186
618976619 572288186 637424532 572288186
637424532 572288186 642138374 573548532
642138374 573548532 642138374 595139205
618976619 572288186 618976619 608370302
642138374 595139205 662645701 610849085
662645701 610849085 686139668 610849085
662645701 610849085 662645701 636863868
662645701 636863868 665494199 637496937
665494199 637496937 683030561 637496937
683030561 637496937 683030561 640838298
683030561 637496937 710152905 637496937
665494199 637496937 665494199 667127510
665494199 667127510 665494199 673334452
665494199 673334452 669087484 673334452
665494199 673334452 665494199 683878163
665494199 683878163 668993084 683878163
665494199 667127510 678504888 667127510
678504888 667127510 685996565 682162320
685996565 682162320 690117671 702810799
690117671 702810799 690117671 707547907
690117671 707547907 692575137 711110586
665494199 683878163 665494199 711841858
690117671 702810799 724235563 702810799
724235563 702810799 727302448 704510106
727302448 704510106 733506571 704510106
733506571 704510106 739441781 705060707
739441781 705060707 749028371 705060707
739441781 705060707 739441781 726479210
749028371 705060707 759711304 725817278
759711304 725817278 771673423 728407765
771673423 728407765 771673423 748633891
771673423 728407765 795365763 728407765
795365763 728407765 797941060 734020202
797941060 734020202 817574839 734020202
686139668 610849085 721429525 614919474
721429525 614919474 721429525 621566776
721429525 621566776 740356063 635018629
740356063 635018629 745360126 665292965
745360126 665292965 749028371 673100759
749028371 673100759 786044347 673100759
786044347 673100759 788051064 686837069
788051064 686837069 800666601 686837069
788051064 686837069 788051064 717712357
788051064 717712357 818904584 719321822
818904584 719321822 819197315 719321822
818904584 719321822 818904584 720777809
818904584 720777809 845770612 721370837
845770612 721370837 845770612 725457294
845770612 721370837 850722125 721370837
850722125 721370837 863859549 723655308
863859549 723655308 879523201 723655308
863859549 723655308 863859549 754220739
863859549 754220739 864123747 756129293
864123747 756129293 864123747 762435731
864123747 756129293 884233275 756129293
879523201 723655308 884233275 753171756
884233275 753171756 896735442 753171756
896735442 753171756 900232932 774549182
900232932 774549182 930507347 777134428
930507347 777134428 938622931 777134428
938622931 777134428 952796801 782533114
952796801 782533114 958798757 809814890
958798757 809814890 962832392 825811047
962832392 825811047 963733573 846639056
963733573 846639056 983829921 846639056
983829921 846639056 997344037 854675937
963733573 846639056 963733573 886122956
963733573 886122956 969714099 907175399
969714099 907175399 969714099 907717681
969714099 907175399 970633547 907175399
970633547 907175399 983466352 914623251
771673423 748633891 776824701 784116964
776824701 784116964 795173101 796914704
795173101 796914704 822314752 807009417
822314752 807009417 822314752 817164188
822314752 807009417 835541322 807009417
835541322 807009417 843553038 815050984
843553038 815050984 862541422 821403409
862541422 821403409 874088637 821403409
862541422 821403409 862541422 833561729
862541422 833561729 890943685 845040136
890943685 845040136 896913645 845040136
890943685 845040136 890943685 877243514
890943685 877243514 896590999 901809815
896590999 901809815 896590999 912414097
896590999 912414097 896590999 919691770
896590999 901809815 912366784 901809815
912366784 901809815 912366784 908950661
912366784 908950661 914460502 912414097
912366784 901809815 922250052 901809815
896590999 919691770 904668861 934250526
904668861 934250526 917626966 934250526
917626966 934250526 918063770 935368062
918063770 935368062 918063770 940962372
918063770 935368062 928954463 935368062
904668861 934250526 904668861 953363706
930507347 777134428 930507347 818431174
930507347 818431174 938130909 850021834
938130909 850021834 938130909 852601894
938130909 850021834 942381640 850021834
800666601 686837069 826573907 702463736
826573907 702463736 845770612 710724657
845770612 710724657 857769786 710724657
857769786 710724657 879523201 712383326
879523201 712383326 899008049 712383326
899008049 712383326 919279738 730077908
919279738 730077908 940094765 735051403
940094765 735051403 943019474 735051403
940094765 735051403 940094765 747534915
940094765 747534915 948044008 763510334
948044008 763510334 952796801 765545916
952796801 765545916 974823717 765545916
727302448 704510106 727302448 746103659
727302448 746103659 744212019 763999180
642138374 573548532 686660214 573548532
797941060 734020202 797941060 780950475
797941060 780950475 797941060 781400709
797941060 780950475 810650241 780950475
810650241 780950475 854225402 782202771
822314752 817164188 832334554 855941995
832334554 855941995 839064147 894179000
839064147 894179000 868102258 904789860
868102258 904789860 869846129 908950661
869846129 908950661 869846129 911454290
665494199 711841858 667294397 762557884
667294397 762557884 667959152 773378567
667959152 773378567 669620772 783484191
669620772 783484191 669620772 813378948
669620772 813378948 685623262 817439198
685623262 817439198 685623262 833888946
685623262 817439198 703757427 817439198
669620772 783484191 703624971 783484191
703624971 783484191 703624971 787958741
703624971 783484191 716828659 783484191
268976495 62883809 314143716 71189583
314143716 71189583 326016965 71189583
326016965 71189583 343336240 73139955
343336240 73139955 343336240 83277533
314143716 71189583 314143716 96655070
314143716 96655070 320006389 102200769
320006389 102200769 320006389 105296877
320006389 102200769 329695879 102200769
329695879 102200769 329695879 112222158
329695879 102200769 342566040 102200769
320006389 105296877 329487598 112222158
329695879 112222158 331953873 135914446
331953873 135914446 354823850 139836412
354823850 139836412 355043541 139836412
355043541 139836412 355904874 142229325
355904874 142229325 355904874 156400583
354823850 139836412 354823850 165093722
354823850 165093722 369718710 168930092
355904874 142229325 383749339 142229325
343336240 73139955 380477943 73139955
380477943 73139955 393012178 77138162
393012178 77138162 393012178 100018538
393012178 100018538 403098459 106134292
393012178 77138162 424100047 77138162
424100047 77138162 450545100 85140693
450545100 85140693 466177255 85140693
466177255 85140693 466177255 88300562
466177255 85140693 474134546 85140693
450545100 85140693 450545100 101798307
450545100 101798307 457681503 133496879
457681503 133496879 469374036 162344979
469374036 162344979 481427184 162344979
481427184 162344979 487024499 173909636
469374036 162344979 469374036 182625584
469374036 182625584 471945867 182625584
469374036 182625584 469374036 214338395
469374036 214338395 480609029 219391584
480609029 219391584 480609029 244605669
480609029 244605669 485034898 244605669
485034898 244605669 485911870 247596550
480609029 244605669 480609029 249630907
485911870 247596550 485911870 263366924
485911870 263366924 488897726 283479956
480609029 219391584 518951904 219391584
518951904 219391584 525953352 233204851
525953352 233204851 531936732 247596550
531936732 247596550 533597963 277899364
533597963 277899364 534900993 300406351
534900993 300406351 559548120 300406351
534900993 300406351 534900993 339301803
534900993 339301803 534900993 346121800
534900993 339301803 553762866 339301803
534900993 346121800 539447071 366704834
539447071 366704834 542074735 366704834
539447071 366704834 539447071 383074771
539447071 383074771 541174611 387593930
541174611 387593930 541174611 392591727
541174611 387593930 573870271 387593930
573870271 387593930 576106190 399567365
576106190 399567365 597619718 412027405
553762866 339301803 594351460 339316399
597619718 412027405 612261546 448550515
612261546 448550515 617184927 448684026
617184927 448684026 637190722 448684026
637190722 448684026 639650038 448684026
637190722 448684026 637190722 461383242
637190722 461383242 638809838 472546123
638809838 472546123 638809838 483463655
638809838 472546123 662568290 472546123
638809838 483463655 646244149 514938854
646244149 514938854 647110887 514938854
646244149 514938854 646244149 523633660
647110887 514938854 681917701 517758768
681917701 517758768 686015294 540242027
686015294 540242027 686660214 555423816
646244149 523633660 674901727 536186430
686660214 555423816 730020213 555423816
639650038 448684026 677143338 458103913
677143338 458103913 700758927 467233052
700758927 467233052 720161619 467233052
720161619 467233052 731617925 467233052
731617925 467233052 741869632 467319343
741869632 467319343 754916298 467319343
754916298 467319343 754916298 471388867
754916298 471388867 754916298 477141520
754916298 471388867 771128274 471388867
741869632 467319343 741869632 486377512
741869632 486377512 746723672 511262033
746723672 511262033 746723672 513860369
746723672 511262033 751190971 511262033
720161619 467233052 720161619 497507269
720161619 497507269 720161619 500464155
720161619 497507269 724602153 497507269
771128274 471388867 783278495 491632972
754916298 467319343 790059947 467319343
790059947 467319343 796488714 467815632
796488714 467815632 796488714 468964416
796488714 467815632 841589156 467815632
796488714 468964416 831748892 479515848
831748892 479515848 832496417 479515848
831748892 479515848 831748892 487550847
831748892 487550847 833952154 492656319
833952154 492656319 833952154 509690648
833952154 509690648 847171331 509690648
833952154 509690648 833952154 523471443
833952154 523471443 848762012 536714581
848762012 536714581 858538955 536714581
858538955 536714581 858538955 545422731
858538955 536714581 870657886 536714581
870657886 536714581 883739300 540953142
848762012 536714581 848762012 568732685
848762012 568732685 850164767 568732685
848762012 568732685 848762012 602541071
848762012 602541071 862957755 604916744
862957755 604916744 871618135 604916744
871618135 604916744 879796116 615612257
879796116 615612257 884436255 615612257
879796116 615612257 879796116 625533881
862957755 604916744 862957755 625691473
862957755 625691473 869776308 646439906
884436255 615612257 906986321 624381408
906986321 624381408 912888471 624381408
906986321 624381408 906986321 632163320
906986321 632163320 909762701 643750184
909762701 643750184 917762923 643750184
909762701 643750184 909762701 681363485
909762701 681363485 914075480 690750028
914075480 690750028 914075480 700525706
914075480 700525706 919279738 701294946
914075480 690750028 946043522 690750028
946043522 690750028 952172654 697469609
952172654 697469609 952172654 701294946
952172654 697469609 964188249 697469609
964188249 697469609 970005828 723570591
970005828 723570591 972004374 725395022
952172654 701294946 957544300 728787633
883739300 540953142 884340393 582150055
884340393 582150055 884340393 599289683
884340393 582150055 902167321 582150055
902167321 582150055 906986321 607840090
906986321 607840090 937801641 607840090
937801641 607840090 959803846 611583346
959803846 611583346 960857869 618391913
960857869 618391913 967594648 618391913
833952154 492656319 876778214 492656319
876778214 492656319 885719157 523986311
885719157 523986311 885719157 529378756
885719157 523986311 913595714 523986311
700758927 467233052 700758927 513826280
972004374 725395022 986547245 757890313
960857869 618391913 960857869 665996256
841589156 467815632 889827327 472670315
889827327 472670315 931011210 478387093
541174611 392591727 562398695 425083358
562398695 425083358 594447221 438999942
594447221 438999942 626894589 442551981
487024499 173909636 518604458 197683974
518604458 197683974 526308227 197683974
518604458 197683974 518604458 214084809
526308227 197683974 546906861 201404945
546906861 201404945 557116730 201404945
557116730 201404945 557116730 203157270
546906861 201404945 546906861 211912538
557116730 201404945 575467630 201404945
575467630 201404945 580631301 210927505
580631301 210927505 601352695 210927505
580631301 210927505 580631301 237198734
580631301 237198734 606411335 244183871
606411335 244183871 624395486 244183871
624395486 244183871 624395486 245995320
624395486 244183871 642292723 244183871
642292723 244183871 653010101 253304647
606411335 244183871 606411335 270597178
606411335 270597178 617269399 290570148
617269399 290570148 643073755 308845363
643073755 308845363 643073755 312039340
643073755 312039340 648510484 322638530
648510484 322638530 648510484 334045617
648510484 322638530 667589984 322638530
648510484 334045617 655451851 347094542
655451851 347094542 657392743 347094542
655451851 347094542 655451851 359649539
655451851 359649539 659549135 370784865
659549135 370784865 677778049 370784865
677778049 370784865 677778049 371296265
677778049 370784865 704894021 370784865
704894021 370784865 705698607 403047896
705698607 403047896 711715805 403537098
711715805 403537098 711715805 419045708
711715805 403537098 748684934 403537098
748684934 403537098 749363479 403537098
748684934 403537098 748684934 406138834
749363479 403537098 754752587 403765761
754752587 403765761 771154787 403765761
771154787 403765761 788808473 407187150
754752587 403765761 754752587 431114002
788808473 407187150 790059947 455392418
790059947 455392418 837255466 455392418
837255466 455392418 878846179 458411001
659549135 370784865 659549135 421530179
692575137 711110586 702625924 756640283
702625924 756640283 702625924 762263579
702625924 756640283 719189616 756640283
719189616 756640283 719394536 774572212
721429525 614919474 777036631 614919474
318094328 384818786 324314208 434286427
459255522 373917064 509092172 379900157
509092172 379900157 509092172 383113559
509092172 379900157 518933094 379900157
744212019 763999180 755694858 808804155
755694858 808804155 757894622 848382549
757894622 848382549 759658294 848382549
757894622 848382549 757894622 850800523
757894622 850800523 765621495 851418491
765621495 851418491 765621495 857139412
765621495 851418491 813791484 851418491
813791484 851418491 819137327 891021716
819137327 891021716 827655185 917261393
827655185 917261393 829235165 917872979
829235165 917872979 829235165 934094848
829235165 917872979 863275991 917872979
863275991 917872979 863498075 951848314
863498075 951848314 869602191 951848314
863498075 951848314 863498075 967695229
863498075 967695229 870942448 981855454
869602191 951848314 880890242 964399841
829235165 934094848 841147498 969858573
841147498 969858573 841147498 972013958
841147498 972013958 841160439 972013958
841147498 972013958 841147498 978651052
841160439 972013958 849206767 975917935
841147498 969858573 854005977 969858573
849206767 975917935 862886743 981855454
862886743 981855454 862886743 985040132
643073755 308845363 699401058 308845363
699401058 308845363 736477014 310583060
736477014 310583060 758217625 338135869
758217625 338135869 758924627 345126311
758924627 345126311 780225842 345126311
780225842 345126311 795710534 348661278
795710534 348661278 795710534 356889749
795710534 348661278 818367948 348661278
795710534 356889749 810508784 377250712
758924627 345126311 758924627 387824014
758924627 387824014 776916259 390567302
818367948 348661278 846155777 370183986
846155777 370183986 860054073 371558123
860054073 371558123 870347367 371558123
870347367 371558123 870347367 382939668
870347367 371558123 885662692 371558123
885662692 371558123 889154376 386190363
889154376 386190363 898750200 386190363
889154376 386190363 889154376 396941530
889154376 396941530 903854604 406575183
860054073 371558123 860054073 404496519
903854604 406575183 941985545 417272366
941985545 417272366 981870539 424799693
329487598 112222158 329487598 168604286
703757427 817439198 732133539 846219407
732133539 846219407 735635927 890997464
735635927 890997464 742930296 891742970
742930296 891742970 755807377 891742970
742930296 891742970 742930296 913674838
742930296 913674838 757242286 938898011
757242286 938898011 757242286 951508213
757242286 938898011 783747971 938898011
783747971 938898011 786190881 966859766
786190881 966859766 786190881 968315393
786190881 966859766 815372055 966859766
757242286 951508213 775711831 968315393
775711831 968315393 775711831 999066768
815372055 966859766 825179000 996316601
241277210 196133931 282638466 214474181
282638466 214474181 292699459 223425090
231346715 0 291562980 0
291562980 0 293869197 0
293869197 0 306807653 0
306807653 0 310356156 0
310356156 0 310356156 14728818
310356156 0 326101548 0
326101548 0 345573526 0
345573526 0 356389675 0
356389675 0 356389675 3877482
345573526 0 345573526 15910808
326101548 0 326101548 23652063
356389675 0 383602870 0
293869197 0 293869197 32817495
293869197 32817495 306807653 38891629
383602870 0 383602870 35862150
291562980 0 291562980 44503486
383602870 0 439467508 0
439467508 0 439467508 384459
439467508 0 446478069 0
446478069 0 446478069 5165565
446478069 0 487141405 0
487141405 0 505731527 0
505731527 0 520265160 0
520265160 0 525261109 0
487141405 0 487141405 33678786
487141405 33678786 490083139 35816552
490083139 35816552 505731527 35816552
505731527 35816552 506280612 38529280
506280612 38529280 520265160 38529280
520265160 38529280 525261109 48240782
525261109 48240782 526977641 53662499
526977641 53662499 539096792 53662499
539096792 53662499 539096792 58103357
539096792 58103357 539999611 61174165
526977641 53662499 526977641 66669843
526977641 66669843 530002048 67396134
506280612 38529280 506280612 70696626
539096792 53662499 573882845 53662499
490083139 35816552 490083139 82653700
539999611 61174165 544007063 109606311
544007063 109606311 566412153 109606311
566412153 109606311 567015082 131985824
567015082 131985824 567015082 140831964
567015082 131985824 578242961 131985824
544007063 109606311 544007063 141490780
544007063 141490780 544007063 149648283
544007063 141490780 558611853 141490780
578242961 131985824 607403889 149543492
607403889 149543492 616762840 168348059
616762840 168348059 620221886 168348059
616762840 168348059 616762840 175037996
616762840 175037996 623446408 200084039
623446408 200084039 659065033 206438762
659065033 206438762 674488620 206438762
659065033 206438762 659065033 232294961
446478069 5165565 450304406 54771359
450304406 54771359 479042503 74708001
479042503 74708001 480348237 83088386
567015082 140831964 576859662 185086820
525261109 0 580129947 0
580129947 0 580129947 12808661
580129947 0 595838449 0
595838449 0 603101258 0
603101258 0 608443120 0
608443120 0 624106476 0
624106476 0 639156061 0
639156061 0 652284039 0
652284039 0 654793711 0
654793711 0 673102911 0
673102911 0 673102911 6919170
624106476 0 624106476 24824138
624106476 24824138 632829788 41546609
632829788 41546609 639156061 41546609
639156061 41546609 647418657 41918189
647418657 41918189 652284039 41918189
608443120 0 608443120 26362401
647418657 41918189 647418657 73813093
647418657 73813093 657002425 86221767
654793711 0 654793711 34520060
603101258 0 603101258 37656718
632829788 41546609 632829788 79535882
632829788 79535882 636993504 79535882
632829788 79535882 632829788 85833697
673102911 0 711701178 0
711701178 0 711701178 3073927
711701178 0 722136534 0
722136534 0 728715048 0
728715048 0 728715048 3698459
722136534 0 722136534 12747658
728715048 0 760340919 0
760340919 0 789771257 0
789771257 0 819388964 0
819388964 0 820489871 0
820489871 0 820489871 23797890
819388964 0 819388964 28959392
760340919 0 760340919 33510781
760340919 33510781 768846267 36452518
768846267 36452518 789771257 36452518
768846267 36452518 768846267 72123967
768846267 72123967 776889184 72123967
768846267 72123967 768846267 81328366
776889184 72123967 784784564 77061323
784784564 77061323 807593203 77061323
807593203 77061323 814910842 77061323
807593203 77061323 807593203 92281400
807593203 92281400 809733508 92896194
784784564 77061323 784784564 101910786
784784564 101910786 796313115 121130850
796313115 121130850 804222762 131274520
804222762 131274520 804222762 149153372
804222762 149153372 817003045 149153372
817003045 149153372 820844577 149153372
817003045 149153372 817003045 158649257
804222762 149153372 804222762 170257585
804222762 170257585 814324116 170904571
814324116 170904571 815117176 170904571
814324116 170904571 814324116 186105232
815117176 170904571 833882574 171389392
833882574 171389392 835816840 171389392
833882574 171389392 833882574 175853046
817003045 158649257 835816840 161125479
835816840 161125479 843429045 161125479
595838449 0 595838449 39316902
820489871 0 860431170 0
860431170 0 860431170 6110769
860431170 0 867779530 0
867779530 0 867779530 1564399
867779530 0 893305384 0
893305384 0 911057553 0
911057553 0 921248460 0
921248460 0 921248460 7663028
921248460 0 933217029 0
933217029 0 934908567 0
934908567 0 934908567 8199713
934908567 0 948852443 0
948852443 0 948852443 880272
933217029 0 933217029 25329234
893305384 0 893305384 27995110
893305384 27995110 893308697 49914326
893308697 49914326 893308697 63854236
893308697 63854236 894725144 66464129
894725144 66464129 895729084 70242787
895729084 70242787 895729084 71897073
895729084 71897073 898003541 79434697
898003541 79434697 898003541 85719497
893308697 49914326 911057553 49914326
898003541 85719497 902498802 114780660
902498802 114780660 921521245 114780660
921521245 114780660 921521245 117869953
921521245 114780660 926042441 114780660
926042441 114780660 934468466 122734364
902498802 114780660 902498802 138470501
902498802 138470501 918388782 150455865
918388782 150455865 918659850 150455865
918388782 150455865 918388782 162805870
898003541 79434697 936869183 79434697
936869183 79434697 942905539 114698358
942905539 114698358 980338541 117787591
980338541 117787591 992769038 141005158
918388782 162805870 922787932 200806605
922787932 200806605 929110628 217098639
929110628 217098639 940603357 219519400
895729084 70242787 939327664 70242787
939327664 70242787 942905539 70915670
942905539 70915670 949513185 70915670
949513185 70915670 971602779 72403440
804222762 131274520 848463413 131274520
652284039 41918189 674944798 63990447
948852443 880272 974011943 21034728
843429045 161125479 892825184 161810867
892825184 161810867 900564454 162805870
900564454 162805870 900564454 169090924
900564454 169090924 904958664 186534196
904958664 186534196 912087188 200806605
912087188 200806605 912087188 222266043
833882574 175853046 879483859 181745094
879483859 181745094 890172651 187906048
911057553 49914326 953014832 61661740
657002425 86221767 688362426 111235026
688362426 111235026 688362426 119394338
688362426 119394338 689237195 137075407
689237195 137075407 689237195 160445691
689237195 160445691 691849774 160445691
689237195 160445691 689237195 167395067
689237195 137075407 721573396 137075407
721573396 137075407 729770281 173580172
729770281 173580172 766001673 174794877
766001673 174794877 778561740 205472370
778561740 205472370 778680589 217774923
778680589 217774923 788404402 228222216
788404402 228222216 796896622 228222216
796896622 228222216 812475212 230955880
812475212 230955880 817787257 244529179
817787257 244529179 817787257 253191208
817787257 244529179 852283824 244529179
852283824 244529179 886292772 250581818
886292772 250581818 886292772 252786653
886292772 250581818 895455456 250581818
886292772 252786653 886345539 274906763
886345539 274906763 889944894 274906763
886345539 274906763 886345539 303258743
886345539 303258743 902550596 314331573
902550596 314331573 913890053 334918631
913890053 334918631 949456494 335464892
949456494 335464892 949456494 345970254
949456494 345970254 968613809 348212083
968613809 348212083 977319519 348212083
968613809 348212083 968613809 368274593
949456494 335464892 971753526 335464892
971753526 335464892 977801955 337000398
968613809 368274593 978238613 383780736
978238613 383780736 981870539 384551289
981870539 384551289 990098303 384551289
990098303 384551289 997528375 402534755
895455456 250581818 918020705 273943941
817787257 253191208 841621170 275651378
841621170 275651378 841621170 276433477
841621170 275651378 843066773 275651378
843066773 275651378 844537157 305137451
844537157 305137451 844595588 312197011
844595588 312197011 846155777 324292347
846155777 324292347 846155777 331143448
846155777 331143448 848245249 331143448
846155777 324292347 857674781 324292347
857674781 324292347 866574955 338553876
788404402 228222216 788404402 280391768
788404402 280391768 789801675 287590681
789801675 287590681 789801675 289627425
789801675 287590681 803915319 287590681
803915319 287590681 804023265 287590681
803915319 287590681 803915319 290600831
803915319 290600831 808778225 305721211
808778225 305721211 815219443 307861380
688362426 111235026 743009736 111235026
573882845 53662499 591503827 94964141
591503827 94964141 607403889 98589190
607403889 98589190 624124305 98589190
981870539 424799693 995071085 472364752
995071085 472364752 997038794 526271821
997038794 526271821 997455104 526271821
997038794 526271821 997038794 531134076
809733508 92896194 853390105 111546128
730020213 555423816 780387152 568164601
780387152 568164601 780387152 591036208
780387152 591036208 780387152 604685742
780387152 591036208 798023012 591036208
780387152 568164601 812978763 568164601
755807377 891742970 804575562 906410196
918020705 273943941 971956723 284326123
971956723 284326123 977311929 284326123
977311929 284326123 977311929 288985734
971956723 284326123 971956723 302984570
977311929 284326123 998146464 284326123
971956723 302984570 987119309 328393030
461472028 455131512 463642335 517364714
463642335 517364714 464652601 520637099
464652601 520637099 464652601 538252045
464652601 538252045 466489516 538252045
464652601 520637099 504278150 520637099
504278150 520637099 519669930 527208798
519669930 527208798 519669930 571475720
519669930 571475720 532449099 582895999
532449099 582895999 532449099 583318215
532449099 582895999 536860170 582895999
536860170 582895999 542222924 589773265
542222924 589773265 543771112 603611822
543771112 603611822 558071361 603611822
543771112 603611822 543771112 620168689
543771112 620168689 544752008 620168689
543771112 620168689 543771112 626961106
543771112 626961106 566965418 634693143
464652601 538252045 464652601 584882776
464652601 584882776 466536869 586503337
466536869 586503337 466536869 586865553
466536869 586865553 467651844 596409004
467651844 596409004 479016795 596409004
467651844 596409004 467651844 616312286
467651844 616312286 482896427 624377536
482896427 624377536 485448908 624377536
485448908 624377536 485448908 631037004
485448908 624377536 495550381 624377536
495550381 624377536 496308102 636684973
496308102 636684973 502313633 636684973
496308102 636684973 496308102 647651528
496308102 647651528 513602265 659003384
513602265 659003384 519954262 659003384
519954262 659003384 519954262 663311021
519954262 659003384 530103914 659003384
466536869 586503337 495944803 586503337
482896427 624377536 482896427 655057662
530103914 659003384 537880709 687696952
513602265 659003384 513602265 700334532
495944803 586503337 516756504 613526257
513602265 700334532 519410779 746076623
519410779 746076623 533686389 751227628
533686389 751227628 547715505 751227628
547715505 751227628 552513629 757629341
552513629 757629341 552513629 757893646
552513629 757629341 553059531 757629341
533686389 751227628 533686389 772980562
533686389 772980562 536899098 793903003
536899098 793903003 536950469 800049408
536950469 800049408 539971455 800049408
536950469 800049408 536950469 830460278
536950469 830460278 543400647 841116459
543400647 841116459 543400647 851367976
543400647 851367976 543556080 851367976
543400647 841116459 559149273 841116459
543400647 851367976 543400647 868709488
543556080 851367976 550181429 863839074
550181429 863839074 569989921 864353135
569989921 864353135 569989921 887664348
569989921 887664348 570274908 908173647
570274908 908173647 592774769 908173647
592774769 908173647 599600325 916013727
569989921 864353135 595482991 864353135
595482991 864353135 595482991 875435433
595482991 864353135 617705257 864353135
617705257 864353135 636799909 867068519
636799909 867068519 636799909 874779581
636799909 867068519 651045260 867068519
651045260 867068519 670081753 872451734
670081753 872451734 672601549 872451734
599600325 916013727 628197502 916013727
628197502 916013727 636623245 919674885
636623245 919674885 636623245 930654019
636623245 930654019 642991153 945661856
672601549 872451734 681286153 897149306
681286153 897149306 684931571 897149306
681286153 897149306 681286153 904428277
681286153 904428277 681415472 921852622
681415472 921852622 690152033 921852622
636623245 919674885 670081753 919674885
570274908 908173647 570274908 944357043
570274908 944357043 575015171 944357043
570274908 944357043 570274908 969285842
575015171 944357043 599600325 956101951
599600325 956101951 619549839 956746394
619549839 956746394 625250366 983294762
625250366 983294762 626106244 983294762
626106244 983294762 627679677 994544203
625250366 983294762 625250366 997332888
690152033 921852622 703801228 945280651
703801228 945280651 703801228 952114767
703801228 945280651 718454911 945280651
703801228 952114767 716724040 954460342
716724040 954460342 716898138 954460342
716724040 954460342 716724040 989144043
642991153 945661856 654386221 974964377
570274908 969285842 587458322 993051547
681415472 921852622 681415472 970643352
553059531 757629341 599312172 769044661
599312172 769044661 642825033 784528566
642825033 784528566 664524206 813378948
664524206 813378948 664524206 832010759
664524206 832010759 668722453 855309311
913595714 523986311 954350262 548879459
537880709 687696952 568607827 723168596
568607827 723168596 574427361 723168596
568607827 723168596 568607827 731161367
574427361 723168596 613086009 726346222
613086009 726346222 615551513 726696197
615551513 726696197 619626146 726696197
615551513 726696197 615551513 753429704
1497073 74310320 51537679 90576368
51537679 90576368 59884487 90576368
51537679 90576368 51537679 116093953
59884487 90576368 95609254 107195467
95609254 107195467 100198457 121670102
860054073 404496519 878846179 452852510
878846179 452852510 878860411 452852510
624124305 98589190 643863781 146761307
643863781 146761307 663454012 163147656
663454012 163147656 674488620 194245449
674488620 194245449 677836483 194245449
100198457 121670102 136722961 153651379
136722961 153651379 139220218 165596891
139220218 165596891 139220218 186296484
139220218 186296484 144439769 191392263
144439769 191392263 165999801 191392263
139220218 165596891 176249217 165596891
176249217 165596891 180703872 165596891
176249217 165596891 176249217 173791584
176249217 173791584 182715558 179965460
182715558 179965460 184570272 221403748
184570272 221403748 188359802 221403748
184570272 221403748 184570272 254132164
184570272 254132164 188334840 257731451
188334840 257731451 202466850 257731451
202466850 257731451 217966173 262362763
217966173 262362763 219009611 279033174
219009611 279033174 219727486 279033174
219009611 279033174 219009611 328025447
188334840 257731451 188334840 322363403
188334840 322363403 195925286 337167494
195925286 337167494 209664231 337167494
195925286 337167494 195925286 376681374
195925286 376681374 208585083 380929986
208585083 380929986 214388079 380929986
208585083 380929986 208585083 399694556
208585083 399694556 221638814 407536398
221638814 407536398 221638814 421820387
221638814 421820387 230277338 421820387
221638814 421820387 221638814 444332793
221638814 444332793 227721535 454637039
227721535 454637039 258727601 454637039
221638814 407536398 256140999 407536398
256140999 407536398 256140999 417388861
256140999 407536398 272853539 407536398
272853539 407536398 276593374 421606000
276593374 421606000 287207132 432346245
287207132 432346245 287207132 435318509
287207132 435318509 289922766 443300820
289922766 443300820 289986038 443300820
287207132 432346245 311073958 432346245
227721535 454637039 227721535 493495986
227721535 493495986 246458876 505062072
246458876 505062072 251423894 506515245
251423894 506515245 266891396 506515245
266891396 506515245 266891396 512738737
266891396 512738737 268483627 516923904
268483627 516923904 268958600 516923904
251423894 506515245 251423894 522397869
268958600 516923904 271017555 538310382
271017555 538310382 288194101 538310382
266891396 506515245 292051833 506515245
292051833 506515245 310604829 513712449
209664231 337167494 214039012 373736424
289986038 443300820 305563803 469649103
305563803 469649103 310604829 501113570
310604829 501113570 311295568 501113570
271017555 538310382 271017555 582072139
288194101 538310382 321280420 552296965
321280420 552296965 329560930 555057577
329560930 555057577 329560930 559398348
329560930 559398348 331454629 559398348
329560930 559398348 329560930 566862987
329560930 555057577 351426708 555057577
351426708 555057577 356567995 585138572
356567995 585138572 358657277 612813862
358657277 612813862 358657277 625030476
358657277 612813862 372402008 612813862
311295568 501113570 348459485 513003308
348459485 513003308 351426708 538974265
351426708 538974265 372822079 538974265
372822079 538974265 395085703 550121873
395085703 550121873 408692765 550121873
408692765 550121873 419408988 550121873
395085703 550121873 395085703 570960705
395085703 570960705 408692765 581143515
408692765 581143515 410792413 587509892
410792413 587509892 424898000 587509892
424898000 587509892 424898000 593774540
424898000 593774540 428526918 604352566
428526918 604352566 428526918 611077765
424898000 587509892 444459570 587509892
428526918 604352566 449242759 604352566
449242759 604352566 453150538 624639265
453150538 624639265 456837686 624639265
456837686 624639265 457741027 635257615
457741027 635257615 458869325 636766788
458869325 636766788 466988980 636766788
458869325 636766788 458869325 645881017
453150538 624639265 453150538 641387473
410792413 587509892 410792413 624349607
428526918 611077765 439144777 646634062
439144777 646634062 447649922 680802442
447649922 680802442 447649922 680910158
447649922 680802442 450392831 680802442
450392831 680802442 453943327 688310379
453943327 688310379 453943327 716279174
453943327 716279174 455221758 724192824
453943327 688310379 482050930 688310379
482050930 688310379 482317216 688310379
482050930 688310379 482050930 702206424
455221758 724192824 465732228 752918945
465732228 752918945 476967050 770751314
476967050 770751314 487460828 777769990
487460828 777769990 487460828 796858689
487460828 796858689 487460828 806798378
487460828 796858689 502830798 796858689
487460828 777769990 511284274 777769990
329560930 566862987 347026549 599537307
271017555 582072139 294198248 613815276
294198248 613815276 300307095 618983687
300307095 618983687 300307095 625190564
300307095 625190564 303130926 625190564
303130926 625190564 306692467 643036207
306692467 643036207 325116676 643036207
306692467 643036207 306692467 662296662
306692467 662296662 329066827 663699704
329066827 663699704 331792239 663699704
329066827 663699704 329066827 681196092
325116676 643036207 351269074 644387921
300307095 618983687 329360741 618983687
329066827 681196092 331977592 711246074
351269074 644387921 352005317 681065565
352005317 681065565 363689599 703925889
300307095 625190564 300307095 675352622
289922766 443300820 289922766 502419286
144439769 191392263 144439769 256332237
144439769 256332237 156223352 256332237
144439769 256332237 144439769 268290744
716898138 954460342 754354471 986455925
358818475 423925753 374719686 477577632
374719686 477577632 380713463 478979252
380713463 478979252 403708889 509109531
403708889 509109531 403708889 527312813
403708889 509109531 423349010 509109531
423349010 509109531 423349010 510189324
423349010 509109531 434938949 509109531
869776308 646439906 887643893 699299801
363689599 703925889 409980772 730782387
409980772 730782387 424748232 730782387
409980772 730782387 409980772 755617653
424748232 730782387 440816978 749487106
440816978 749487106 454520214 783658484
454520214 783658484 457727869 783658484
454520214 783658484 454520214 795322054
454520214 795322054 454802762 822777573
454802762 822777573 459277905 822777573
454802762 822777573 454802762 852375121
454802762 852375121 457694065 874917577
457694065 874917577 457694065 886451864
457694065 874917577 477998355 874917577
477998355 874917577 483761078 878488516
483761078 878488516 484845386 888293100
484845386 888293100 488194416 921842921
488194416 921842921 503824470 921842921
488194416 921842921 488194416 939591432
488194416 939591432 490582851 943756267
490582851 943756267 490582851 969244653
490582851 969244653 490582851 997631525
490582851 969244653 524953119 969244653
524953119 969244653 548757377 974666120
548757377 974666120 548757377 978224885
548757377 974666120 564758764 974666120
490582851 943756267 531053724 943756267
531053724 943756267 534883517 948165928
409980772 755617653 434439659 781037225
653010101 253304647 723554715 256771201
723554715 256771201 723555666 269340616
723555666 269340616 749107561 269340616
749107561 269340616 749107561 270022332
749107561 269340616 765193956 269340616
723555666 269340616 723555666 298960795
765193956 269340616 772366382 293020218
772366382 293020218 780747974 306796870
617184927 448684026 617184927 523487502
559149273 841116459 630374919 845005214
285108166 290658400 286277802 365934512
286277802 365934512 306458428 388325483
53369977 5600565 74583885 61693766
74583885 61693766 84605695 86389299
341506451 337870492 419997477 337870492
419997477 337870492 454651453 340878427
566965418 634693143 608352705 672297236
608352705 672297236 624861820 695753242
624861820 695753242 628535335 695753242
624861820 695753242 624861820 716811663
628535335 695753242 642449167 706836239
268483627 516923904 268483627 597557303
777036631 614919474 809628591 664781803
331977592 711246074 333112668 793838637
333112668 793838637 333112668 805780345
333112668 805780345 341051465 809953390
341051465 809953390 343054371 809953390
341051465 809953390 341051465 820315591
333112668 793838637 382466410 793838637
382466410 793838637 389757359 801338379
389757359 801338379 414324822 804115657
414324822 804115657 432735733 804115657
432735733 804115657 433731444 804115657
432735733 804115657 432735733 842688957
414324822 804115657 414324822 849253116
414324822 849253116 420941073 857035116
420941073 857035116 428384218 857035116
420941073 857035116 420941073 870961087
420941073 870961087 426601410 913236544
84605695 86389299 90981415 163761098
90981415 163761098 94279697 182755354
94279697 182755354 124219795 182755354
124219795 182755354 129701564 208815829
129701564 208815829 139043308 208815829
129701564 208815829 129701564 240319857
129701564 240319857 137934853 251404865
137934853 251404865 137934853 252721344
137934853 251404865 160043339 251404865
94279697 182755354 94279697 224404346
94279697 224404346 94918621 284686623
94918621 284686623 94918621 286011933
94918621 284686623 126180924 284686623
94918621 286011933 115556468 315382127
115556468 315382127 123656250 315382127
115556468 315382127 115556468 340769062
123656250 315382127 169314889 329704716
169314889 329704716 169314889 330830397
169314889 329704716 180250134 329704716
169314889 330830397 170057636 359031717
170057636 359031717 174028763 359031717
170057636 359031717 170057636 364396701
170057636 364396701 173844405 365019604
173844405 365019604 179560040 365019604
173844405 365019604 173844405 374926106
115556468 340769062 152192566 376936654
152192566 376936654 161959927 376936654
161959927 376936654 163824030 399310139
152192566 376936654 152192566 406748216
163824030 399310139 186011142 436507007
186011142 436507007 188831400 436507007
186011142 436507007 186011142 458990383
186011142 458990383 188149846 462860480
152192566 406748216 154794272 468161982
154794272 468161982 166223763 510476309
166223763 510476309 166223763 519896373
166223763 510476309 183595301 510476309
166223763 519896373 176335769 528817443
176335769 528817443 177910126 545423727
177910126 545423727 177910126 565347941
183595301 510476309 193838921 527339816
177910126 545423727 213436429 545423727
177910126 565347941 198773149 589673250
213436429 545423727 222030872 584103223
222030872 584103223 250629631 595850948
250629631 595850948 265882699 595850948
250629631 595850948 250629631 618739363
250629631 618739363 254463943 653357705
188149846 462860480 214942804 502106896
198773149 589673250 217315912 639793101
217315912 639793101 234277040 660866395
234277040 660866395 244885756 681683982
244885756 681683982 249061739 681683982
249061739 681683982 251885573 689166626
251885573 689166626 266749714 716951367
266749714 716951367 272519904 754842758
272519904 754842758 279309929 764621509
279309929 764621509 279309929 774005837
279309929 774005837 280998746 774005837
280998746 774005837 291257320 774008506
291257320 774008506 301550034 774008506
279309929 764621509 293854860 764621509
293854860 764621509 293854860 772826229
291257320 774008506 291257320 798595325
291257320 798595325 294265137 798595325
291257320 798595325 291257320 809283599
293854860 764621509 318834256 764621509
318834256 764621509 327568201 767369987
327568201 767369987 327568201 790697783
279309929 774005837 279309929 802173192
291257320 809283599 295450969 863209435
295450969 863209435 295450969 878283834
295450969 863209435 311793834 863209435
295450969 878283834 296858646 899732224
296858646 899732224 309785527 899732224
296858646 899732224 296858646 915868194
296858646 915868194 303923340 960098737
303923340 960098737 303923340 963527396
303923340 963527396 309483626 966234633
303923340 960098737 326764813 960098737
309483626 966234633 309483626 996188048
326764813 960098737 361621275 965136086
361621275 965136086 361621275 966234633
361621275 965136086 366707165 965136086
327568201 767369987 398063365 767369987
398063365 767369987 407179858 767369987
398063365 767369987 398063365 789728571
244885756 681683982 244885756 753640828
309785527 899732224 369059674 915053289
369059674 915053289 382613056 915053289
369059674 915053289 369059674 949531392
382613056 915053289 412678419 944172078
311793834 863209435 368945164 890030404
368945164 890030404 384845522 897100898
343047348 260709121 427962375 260709121
427962375 260709121 436081533 299500951
436081533 299500951 443997946 326888570
443997946 326888570 454651453 329502213
454651453 329502213 471959785 329502213
471959785 329502213 519682863 368255478
412678419 944172078 470695583 983301818
51537679 116093953 74556902 191313047
251098659 139066165 312615804 177144588
369718710 168930092 446763443 192639006
446763443 192639006 460426129 236425482
0 74310320 0 198465535
0 198465535 0 198938111
0 198938111 2380075 198938111
0 198938111 0 235342955
0 235342955 9149534 235342955
0 235342955 0 257915411
0 257915411 0 272069641
0 272069641 0 282651801
0 282651801 154521 282651801
0 282651801 0 298557929
0 298557929 0 316045921
0 316045921 0 325029631
0 325029631 0 326368911
0 298557929 31335482 298557929
31335482 298557929 34613825 308618603
34613825 308618603 34613825 316045921
34613825 316045921 37664282 325029631
37664282 325029631 47641593 345173961
47641593 345173961 58623137 345173961
47641593 345173961 47641593 360344761
0 326368911 0 360344761
34613825 308618603 69326478 308618603
47641593 360344761 82138251 361677562
0 272069641 40416854 272069641
0 360344761 0 401476085
0 401476085 38963648 401476085
40416854 272069641 73288875 280420491
0 257915411 42833144 257915411
42833144 257915411 59663129 267173496
0 198465535 45199995 198465535
0 401476085 0 446917520
0 446917520 0 448486093
0 448486093 0 450563350
0 446917520 6235074 446917520
0 450563350 0 462156660
0 462156660 19562253 462156660
6235074 446917520 36810470 448486093
36810470 448486093 36810470 450563350
36810470 448486093 48427853 448486093
48427853 448486093 58296770 492486354
58296770 492486354 81909547 496482539
81909547 496482539 81909547 508013405
81909547 496482539 95532672 496482539
95532672 496482539 111502395 518603714
111502395 518603714 127712247 525143902
127712247 525143902 161529275 525143902
127712247 525143902 127712247 567562594
0 462156660 0 518906861
0 518906861 0 531365466
0 531365466 0 540172537
0 540172537 0 547378929
0 547378929 0 554131924
0 554131924 0 563316295
0 563316295 9050172 563316295
0 531365466 18157092 531365466
0 563316295 0 586243020
0 586243020 0 598708450
0 598708450 0 614021328
0 614021328 0 620355396
0 620355396 0 622033785
18157092 531365466 32674076 540172537
32674076 540172537 43160776 547378929
0 598708450 26728572 598708450
26728572 598708450 33152128 614021328
33152128 614021328 33152128 620355396
33152128 620355396 42089876 622033785
33152128 614021328 44466867 614021328
42089876 622033785 60090134 635332836
60090134 635332836 67180524 635332836
67180524 635332836 67180524 646597784
67180524 646597784 67530392 652656389
67530392 652656389 88883076 652656389
67530392 652656389 67530392 679718721
67530392 679718721 73533412 679719850
73533412 679719850 76763799 679719850
76763799 679719850 79420127 684466433
79420127 684466433 89013146 684466433
89013146 684466433 91216180 684466433
89013146 684466433 89013146 690838497
0 554131924 31472703 554131924
91216180 684466433 121750970 689402230
88883076 652656389 126290426 653981881
126290426 653981881 136889826 656741057
136889826 656741057 141997841 678409325
141997841 678409325 147840797 681754554
147840797 681754554 156417183 681754554
67180524 635332836 107218833 635332836
107218833 635332836 108730784 635332836
107218833 635332836 107218833 641594993
0 586243020 40750999 586243020
0 518906861 43171298 518906861
60090134 635332836 60090134 678515189
43160776 547378929 64039952 571248501
147840797 681754554 147840797 726961635
147840797 726961635 165858776 734575857
165858776 734575857 169355092 734575857
165858776 734575857 165858776 749444703
165858776 749444703 192001798 749837813
192001798 749837813 209477724 750061148
209477724 750061148 212685855 750061148
209477724 750061148 209477724 796003937
64039952 571248501 111290735 574404226
111290735 574404226 120912295 574404226
120912295 574404226 122910578 578624302
111290735 574404226 111290735 589567270
122910578 578624302 126648497 590141498
79420127 684466433 79420127 735020678
79420127 735020678 96727321 766273792
96727321 766273792 118315314 781096985
118315314 781096985 137085780 781096985
118315314 781096985 118315314 815668012
118315314 815668012 120341753 816134355
120341753 816134355 137901108 816134355
137901108 816134355 137901108 822895259
137901108 816134355 169052404 816134355
137901108 822895259 157821855 844216177
157821855 844216177 158461982 844658372
158461982 844658372 161665228 844658372
161665228 844658372 183961872 856948906
183961872 856948906 226647513 857296999
226647513 857296999 239127129 857296999
226647513 857296999 226647513 873555412
226647513 873555412 235746793 882924328
235746793 882924328 247242069 882924328
235746793 882924328 235746793 905214324
247242069 882924328 269627222 886925001
269627222 886925001 271209556 889657452
271209556 889657452 277141356 923214549
277141356 923214549 287113658 929352190
120341753 816134355 120341753 866130110
120341753 866130110 124085702 866130110
124085702 866130110 126785457 873560082
126785457 873560082 132748415 874233260
132748415 874233260 133769154 877105238
133769154 877105238 135898429 877105238
120341753 866130110 120341753 881884735
133769154 877105238 133769154 901823003
133769154 901823003 141442390 902398021
141442390 902398021 141442390 927399971
141442390 927399971 152836428 927399971
141442390 927399971 141442390 947062044
141442390 902398021 172700038 902398021
172700038 902398021 185543656 920809223
185543656 920809223 185543656 935174228
185543656 935174228 192090155 940912359
192090155 940912359 210713259 940912359
185543656 920809223 205131858 920809223
192090155 940912359 192090155 965919911
210713259 940912359 234801919 947962797
120341753 881884735 122697917 920375689
135898429 877105238 158461982 900106250
235746793 905214324 254315718 937576068
38963648 401476085 81849623 415984891
81849623 415984891 96248689 447054025
96248689 447054025 98107327 480693495
98107327 480693495 98107327 483546552
98107327 483546552 106785136 483873792
106785136 483873792 137580406 489541027
98107327 480693495 147925755 480693495
141442390 947062044 167377317 980917161
156417183 681754554 190020950 714724816
126648497 590141498 152687164 632511601
152687164 632511601 168457073 646128154
287113658 929352190 297529794 987633101
73533412 679719850 73533412 750135412
0 622033785 0 700186696
0 700186696 3510170 700186696
0 700186696 0 705588132
0 705588132 21720695 705588132
0 705588132 0 743308027
0 743308027 0 746257768
0 743308027 29903011 743308027
29903011 743308027 40774220 746257768
0 746257768 0 785512961
0 785512961 16484533 785512961
0 785512961 0 816139835
0 816139835 98055 816139835
0 816139835 0 832579419
0 832579419 44187190 832579419
44187190 832579419 51428379 833850862
51428379 833850862 51428379 849958986
51428379 849958986 58193181 867148532
58193181 867148532 86297291 878213982
51428379 833850862 90817600 833850862
90817600 833850862 92046432 863591066
92046432 863591066 92046432 865360777
92046432 863591066 97447266 863591066
0 832579419 0 881542749
0 881542749 0 898506819
0 898506819 0 919559676
0 919559676 12078015 919559676
0 919559676 0 940544303
0 940544303 346661 940544303
346661 940544303 346661 950366094
346661 950366094 6304872 950366094
346661 940544303 28416739 940544303
28416739 940544303 36537354 945552587
36537354 945552587 60152632 945552587
60152632 945552587 66038888 961178826
66038888 961178826 66038888 963774217
66038888 961178826 69835337 961178826
36537354 945552587 36537354 975149311
36537354 975149311 59791321 975697118
59791321 975697118 63652754 983090970
346661 950366094 346661 980576362
0 898506819 34420238 898506819
34420238 898506819 57663725 918464505
57663725 918464505 63251038 922115621
63251038 922115621 63251038 928824089
63251038 922115621 92995627 922115621
92995627 922115621 113573936 937949108
113573936 937949108 122389306 950266613
0 881542749 46450257 881542749
40774220 746257768 60941183 781339326
60941183 781339326 69788852 794538020
122389306 950266613 141106210 988205536
86297291 878213982 110693459 917190063
254315718 937576068 274852739 995552568
