1444
0 0 0 4001706
0 4001706 0 12290955
0 0 9740892 0
9740892 0 9740892 4001706
9740892 0 16889898 0
16889898 0 16889898 12290955
16889898 0 29507250 0
0 12290955 0 28370202
29507250 0 50000815 0
50000815 0 50000815 2688306
50000815 0 54217607 0
54217607 0 55956896 0
55956896 0 55956896 20706
55956896 0 65617848 0
65617848 0 65617848 8411779
65617848 0 91355648 0
91355648 0 94445022 0
94445022 0 97134961 0
97134961 0 103590805 0
103590805 0 106392849 0
103590805 0 103590805 4625855
106392849 0 115810894 0
115810894 0 128366302 0
128366302 0 139700597 0
97134961 0 97134961 12653513
97134961 12653513 106392849 18962381
106392849 18962381 115810894 22393510
115810894 22393510 128366302 27104462
128366302 27104462 139700597 40678627
139700597 40678627 146127657 54357883
146127657 54357883 147631679 54357883
147631679 54357883 151678368 57004380
151678368 57004380 151678368 62644472
29507250 0 29507250 28370202
29507250 28370202 54217607 31378133
94445022 0 94445022 28427681
146127657 54357883 146127657 92965189
91355648 0 91355648 41079179
151678368 62644472 172137426 84287238
172137426 84287238 185517191 90409347
185517191 90409347 194301666 90409347
194301666 90409347 194301666 101705788
194301666 90409347 205921316 90409347
185517191 90409347 185517191 119781257
185517191 119781257 190202075 127357146
205921316 90409347 217642355 109224385
151678368 57004380 194460292 57004380
194460292 57004380 196460030 73695297
196460030 73695297 199949687 78950407
0 28370202 0 74870769
0 74870769 15936034 74870769
0 74870769 0 98855795
0 98855795 0 114617035
0 114617035 0 123661235
0 114617035 21313754 114617035
21313754 114617035 28859235 123661235
0 98855795 31207091 98855795
0 123661235 0 164773938
0 164773938 0 169073265
0 169073265 0 182891423
0 182891423 1422710 182891423
0 182891423 0 188303899
0 188303899 0 202126580
0 202126580 0 217355496
0 164773938 17039139 164773938
17039139 164773938 30061602 169073265
30061602 169073265 32054536 180343245
32054536 180343245 32054536 188303899
32054536 188303899 37187734 196127321
37187734 196127321 37187734 202126580
37187734 196127321 53381325 196127321
0 217355496 0 238818232
37187734 202126580 43997445 217355496
43997445 217355496 48923144 238818232
48923144 238818232 73765859 242273863
73765859 242273863 89351925 248681526
89351925 248681526 91022764 258088075
91022764 258088075 91022764 285203348
91022764 285203348 91022764 289389041
91022764 285203348 119418674 285203348
32054536 180343245 62031965 180343245
119418674 285203348 141724553 295218229
91022764 258088075 123355950 258088075
91022764 289389041 93568574 321693714
62031965 180343245 87260671 194053642
87260671 194053642 88552776 205625312
88552776 205625312 100951523 205625312
88552776 205625312 88552776 220937508
88552776 220937508 113402020 223285385
113402020 223285385 113402020 223301440
113402020 223285385 126913522 223285385
93568574 321693714 125643303 332802097
125643303 332802097 128227445 332802097
125643303 332802097 125643303 361380845
128227445 332802097 165451864 335229057
126913522 223285385 152686409 241490307
152686409 241490307 182402526 252353148
28859235 123661235 63044685 134525696
63044685 134525696 90917199 151411074
90917199 151411074 123095524 160893754
123095524 160893754 139110119 175186914
139110119 175186914 139110119 177356570
139110119 175186914 157813430 175186914
157813430 175186914 159901608 184081123
159901608 184081123 159901608 192885307
139110119 177356570 152416309 192885307
152416309 192885307 152416309 210852702
159901608 192885307 196428015 200254700
196428015 200254700 204066217 217924005
204066217 217924005 234266077 217924005
234266077 217924005 235665517 217924005
234266077 217924005 234266077 237172649
235665517 217924005 248664025 227490457
248664025 227490457 253688574 227490457
253688574 227490457 253688574 228967774
248664025 227490457 248664025 233919914
204066217 217924005 204066217 251162427
253688574 227490457 296446192 227490457
0 238818232 0 286220620
0 286220620 0 303697214
0 303697214 8826809 303697214
0 303697214 0 322987621
0 322987621 0 324793895
0 324793895 14758233 324793895
0 322987621 18822769 322987621
0 324793895 0 344918619
0 344918619 0 356689092
0 356689092 20555519 356689092
0 356689092 0 378228733
0 378228733 6084216 378228733
0 344918619 21969953 344918619
0 286220620 28123477 286220620
0 378228733 0 410996917
0 410996917 4874164 410996917
0 410996917 0 425933652
0 425933652 35979427 425933652
35979427 425933652 61190793 438280304
61190793 438280304 66733163 449655145
66733163 449655145 82924394 449655145
66733163 449655145 66733163 466655242
66733163 466655242 73402254 483247594
73402254 483247594 73402254 495842779
73402254 495842779 80918989 495842779
73402254 495842779 73402254 514738271
0 425933652 0 468567136
0 468567136 4829895 468567136
0 468567136 0 476567314
0 476567314 0 508336439
0 508336439 0 514636318
0 514636318 0 522965774
0 522965774 0 526311409
0 522965774 16801416 522965774
16801416 522965774 17206480 526311409
0 514636318 16806460 514636318
0 508336439 20381084 508336439
0 476567314 35409948 476567314
17206480 526311409 52109413 529771515
52109413 529771515 55202631 552820909
55202631 552820909 56113030 559596034
56113030 559596034 56113030 570431652
56113030 570431652 56113030 573080271
56113030 570431652 65101156 570431652
56113030 559596034 86067359 559596034
86067359 559596034 109002592 566017677
65101156 570431652 69291876 605861657
69291876 605861657 74270684 623083340
74270684 623083340 95822539 623083340
95822539 623083340 123143908 630903603
123143908 630903603 131686901 635109273
131686901 635109273 131686901 644880944
131686901 644880944 136509421 644880944
136509421 644880944 143379787 648595402
131686901 644880944 131686901 664518204
131686901 664518204 134134703 672103173
131686901 635109273 170365902 635109273
109002592 566017677 115719822 600350359
134134703 672103173 156920892 690688062
156920892 690688062 156920892 709352707
156920892 709352707 174447948 723849896
174447948 723849896 179815706 736668550
179815706 736668550 185693365 744094517
185693365 744094517 198465432 746875247
198465432 746875247 201055889 762808365
156920892 690688062 195330128 690688062
74270684 623083340 74270684 665693937
73402254 483247594 117923389 483247594
117923389 483247594 119859243 483275614
119859243 483275614 119859243 507008174
119859243 507008174 123476591 507008174
119859243 507008174 119859243 542424645
119859243 542424645 137668370 549250035
137668370 549250035 144903791 549250035
144903791 549250035 144903791 554460764
137668370 549250035 137668370 557247988
144903791 549250035 178128754 549250035
178128754 549250035 191142173 577701697
191142173 577701697 191142173 579911456
191142173 577701697 213849017 577701697
213849017 577701697 222250127 580397125
222250127 580397125 222250127 586216365
222250127 586216365 246272559 592315300
246272559 592315300 246272559 600458414
246272559 600458414 254203652 604622897
254203652 604622897 260165362 604622897
260165362 604622897 260165362 611443716
260165362 604622897 277600926 604622897
246272559 592315300 272177721 592315300
272177721 592315300 281945594 596316643
277600926 604622897 304077418 606342820
304077418 606342820 304855454 606342820
304855454 606342820 322227948 612103857
304077418 606342820 304077418 631406711
254203652 604622897 254203652 636865212
254203652 636865212 254203652 641199241
254203652 636865212 270664372 636865212
254203652 641199241 264066380 660653685
264066380 660653685 264501241 672566491
264501241 672566491 264501241 706320811
28123477 286220620 58381702 300534467
144903791 554460764 148384851 599021853
148384851 599021853 166052847 629715415
166052847 629715415 211404257 630298853
211404257 630298853 215680361 647382149
215680361 647382149 229179572 649668156
229179572 649668156 231884197 660653685
231884197 660653685 231884197 664158548
231884197 664158548 233118066 688828221
233118066 688828221 234753235 730230099
222250127 580397125 270730480 580397125
264501241 672566491 314517368 672566491
314517368 672566491 319792623 699398276
319792623 699398276 325262044 699398276
325262044 699398276 329376878 708186265
329376878 708186265 347362113 708186265
347362113 708186265 347362113 714923763
347362113 708186265 360396173 708186265
329376878 708186265 329376878 747154173
182402526 252353148 195411350 289791815
74270684 665693937 95797164 695324470
95797164 695324470 109974757 727132378
109974757 727132378 121340573 727132378
121340573 727132378 123351797 739379031
123351797 739379031 137347999 739379031
123351797 739379031 123351797 761880319
109974757 727132378 109974757 750362420
109974757 750362420 116664306 750362420
109974757 750362420 109974757 758007387
119859243 483275614 171281330 483275614
125643303 361380845 129806940 409071095
129806940 409071095 129806940 417200821
129806940 409071095 144821457 409071095
144821457 409071095 144821457 412345396
144821457 409071095 155778152 409071095
155778152 409071095 181955420 415694842
181955420 415694842 187003269 429541968
187003269 429541968 203662986 439502042
203662986 439502042 209679957 445908450
209679957 445908450 209679957 476848533
209679957 476848533 225502236 481654209
225502236 481654209 225502236 483371697
225502236 481654209 231242837 481654209
209679957 445908450 261403673 445908450
261403673 445908450 261403673 455458769
261403673 445908450 277341708 445908450
277341708 445908450 309432743 464617435
309432743 464617435 312943829 506418070
312943829 506418070 317036909 512195065
317036909 512195065 317036909 523933832
329376878 747154173 351120604 777560331
317036909 512195065 369348902 512195065
369348902 512195065 369592988 514993272
204066217 251162427 223687928 286150503
223687928 286150503 252767688 295653360
252767688 295653360 253429651 303951857
253429651 303951857 274248441 325165971
274248441 325165971 279806129 328850476
279806129 328850476 289083977 329331998
289083977 329331998 289083977 349943180
289083977 329331998 310368214 329331998
310368214 329331998 318198322 329331998
310368214 329331998 310368214 340528052
310368214 340528052 317859664 340528052
310368214 340528052 310368214 349029809
310368214 349029809 329132823 349401639
329132823 349401639 329132823 351299018
329132823 349401639 368839408 349401639
368839408 349401639 377743797 357948328
377743797 357948328 388849349 357948328
388849349 357948328 388849349 358514140
388849349 357948328 392252595 357948328
392252595 357948328 401266941 362262076
401266941 362262076 402362744 362262076
401266941 362262076 401266941 373869020
377743797 357948328 377743797 377218192
401266941 373869020 420673010 376298651
420673010 376298651 420673010 383291259
420673010 376298651 444310900 376298651
444310900 376298651 447820155 376298651
289083977 349943180 297209275 382922727
444310900 376298651 444310900 420447626
444310900 420447626 468287884 420780575
468287884 420780575 470402632 427402727
470402632 427402727 486509321 444738527
402362744 362262076 440044594 370659010
199949687 78950407 249189765 84539490
249189765 84539490 252493642 105913351
252493642 105913351 272674547 105913351
272674547 105913351 274040223 106735199
252493642 105913351 252493642 149646575
274040223 106735199 287378794 146328924
287378794 146328924 321473258 157991769
321473258 157991769 326070204 157991769
321473258 157991769 321473258 163760171
326070204 157991769 337106586 161000298
337106586 161000298 337106586 171470620
337106586 161000298 351769748 161000298
304077418 631406711 347036255 643847621
347036255 643847621 351353661 643847621
347036255 643847621 347036255 654264429
351353661 643847621 353474316 652709083
353474316 652709083 387279646 655925098
387279646 655925098 397287079 664016040
397287079 664016040 406642315 664016040
406642315 664016040 406674999 664483409
406674999 664483409 411071828 674427202
411071828 674427202 412351831 674427202
412351831 674427202 412351831 675582288
411071828 674427202 411071828 675907590
412351831 675582288 418175673 693670399
418175673 693670399 418175673 697337469
418175673 693670399 425091232 693670399
412351831 674427202 439596971 674427202
397287079 664016040 397287079 705615226
439596971 674427202 479276580 676822368
479276580 676822368 509210653 683050089
397287079 705615226 402247311 746828644
418175673 697337469 422789379 740051021
422789379 740051021 437536979 741984017
437536979 741984017 448701145 741984017
437536979 741984017 437536979 781042633
437536979 781042633 445334346 792874811
448701145 741984017 465175514 767281069
465175514 767281069 467404653 771674430
467404653 771674430 486567361 771674430
486567361 771674430 518596092 783607867
518596092 783607867 541114347 801541257
541114347 801541257 542776991 843514400
542776991 843514400 550137739 848226669
550137739 848226669 570673614 848226669
570673614 848226669 585950585 855384123
550137739 848226669 550137739 876039860
550137739 876039860 562592675 876348710
562592675 876348710 569589999 876348710
569589999 876348710 570266423 876348710
569589999 876348710 569589999 879294639
569589999 879294639 587848724 883137401
587848724 883137401 587848724 885528660
587848724 883137401 611779288 883137401
611779288 883137401 619080880 897287944
619080880 897287944 619080880 903716939
619080880 903716939 627104162 920641243
627104162 920641243 634435550 920988186
634435550 920988186 634435550 923626082
634435550 920988186 650481900 920988186
562592675 876348710 562592675 903412580
634435550 923626082 647894622 943218672
647894622 943218672 666189429 951119599
666189429 951119599 670658681 951119599
670658681 951119599 670658681 952108411
666189429 951119599 666189429 979709883
587848724 885528660 610200353 897287944
610200353 897287944 610200353 911237155
670658681 951119599 707094196 951119599
707094196 951119599 708550140 960017530
708550140 960017530 717660836 960017530
708550140 960017530 708550140 986093029
619080880 897287944 660607369 897287944
467404653 771674430 467404653 816178741
467404653 816178741 475437358 820748630
475437358 820748630 475437358 831058361
475437358 831058361 478641737 831058361
475437358 820748630 508558281 820748630
508558281 820748630 516559701 824538412
478641737 831058361 504558629 848519480
504558629 848519480 515371862 860924614
515371862 860924614 519399459 901208800
519399459 901208800 522678460 918331719
522678460 918331719 522979773 918557632
522979773 918557632 549064017 918557632
522979773 918557632 522979773 946211610
522979773 946211610 522979773 959401873
522979773 946211610 541074280 946211610
541074280 946211610 546373104 956892693
522979773 959401873 536381767 973078050
546373104 956892693 569828792 960717255
569828792 960717255 569828792 963088938
569828792 960717255 580110583 960717255
536381767 973078050 545929242 995624928
377743797 377218192 380535054 432009223
380535054 432009223 409854227 439174859
409854227 439174859 409854227 449672587
409854227 439174859 428401494 439174859
509210653 683050089 520393595 729454371
520393595 729454371 520393595 730739455
520393595 729454371 534524898 729454371
520393595 730739455 521516674 754182395
521516674 754182395 548879152 775431293
548879152 775431293 548879152 780957532
548879152 775431293 573618498 775431293
573618498 775431293 574277843 778585250
574277843 778585250 622700019 789482521
622700019 789482521 636557135 809670847
636557135 809670847 636557135 812455192
636557135 812455192 637118235 812455192
636557135 812455192 636557135 831631606
636557135 831631606 643762927 839627504
637118235 812455192 643762927 826791351
643762927 826791351 653169071 826791351
653169071 826791351 670413594 837828411
643762927 839627504 652540690 864847140
652540690 864847140 657473796 874402652
657473796 874402652 657473796 877110867
657473796 877110867 657473796 878859624
657473796 877110867 660275748 877110867
660275748 877110867 679853073 883456872
679853073 883456872 679853073 893962315
679853073 883456872 697544014 883456872
697544014 883456872 710782861 883556214
636557135 809670847 671733815 809670847
710782861 883556214 716065879 929306345
716065879 929306345 718815380 935263173
718815380 935263173 718815380 947861958
718815380 935263173 752175944 935263173
752175944 935263173 766990895 948034453
766990895 948034453 766990895 951566743
766990895 951566743 766990895 952588908
766990895 948034453 774744620 948034453
774744620 948034453 776949359 951566743
718815380 947861958 752065110 950369630
776949359 951566743 810822488 956094929
810822488 956094929 821938500 956094929
821938500 956094929 822350635 956094929
821938500 956094929 821938500 965549585
822350635 956094929 851023772 964701088
810822488 956094929 810822488 994510074
766990895 952588908 769967803 995209959
447820155 376298651 493142247 390704080
475437358 831058361 475437358 891920541
475437358 891920541 485340517 914108391
485340517 914108391 485340517 925367401
485340517 914108391 503644568 914108391
503644568 914108391 508146865 925367401
369592988 514993272 369592988 576753490
369592988 576753490 377547585 579283152
377547585 579283152 387749749 579283152
377547585 579283152 377547585 596234526
377547585 596234526 388957990 616564707
388957990 616564707 395424321 616564707
388957990 616564707 388957990 631403828
395424321 616564707 410107376 625384597
410107376 625384597 416584549 625384597
416584549 625384597 428527074 630728071
410107376 625384597 410107376 647969935
139700597 0 201631664 0
201631664 0 202425765 0
201631664 0 201631664 2480766
202425765 0 216799724 0
216799724 0 216799724 1865310
201631664 2480766 202425765 24854976
216799724 0 246576441 0
246576441 0 256979488 0
256979488 0 268778677 0
268778677 0 268778677 5979215
256979488 0 256979488 21264048
268778677 0 290874135 0
290874135 0 290874135 444512
246576441 0 246576441 26271571
290874135 0 324167084 0
324167084 0 326781806 0
324167084 0 324167084 35979489
324167084 35979489 326781806 45173122
326781806 45173122 327993428 90698598
327993428 90698598 344718957 111375334
344718957 111375334 352229758 118455517
352229758 118455517 352229758 128246551
352229758 128246551 355393827 128801509
355393827 128801509 355393827 137543453
355393827 128801509 374775463 128801509
352229758 118455517 399885876 118455517
399885876 118455517 401249044 119489478
401249044 119489478 408718512 119489478
408718512 119489478 408718512 126984753
408718512 119489478 420929427 119489478
420929427 119489478 439330481 120725643
439330481 120725643 455330233 120725643
439330481 120725643 439330481 139115146
408718512 126984753 413872819 148593398
413872819 148593398 415832727 157223832
415832727 157223832 415832727 169131633
415832727 169131633 419744017 169131633
415832727 169131633 415832727 181756226
415832727 157223832 435722834 157223832
415832727 181756226 419022136 199535586
419022136 199535586 447943685 199535586
447943685 199535586 447943685 211468807
447943685 199535586 462950980 199535586
447943685 211468807 449975228 225066796
449975228 225066796 449975228 230687389
449975228 225066796 481794904 225066796
439330481 139115146 470421618 143330516
470421618 143330516 474187816 143330516
470421618 143330516 470421618 155679057
470421618 155679057 475073583 156407808
475073583 156407808 475073583 160659764
475073583 156407808 486240391 156407808
474187816 143330516 486240391 154184379
486240391 154184379 486639953 154184379
486240391 156407808 489737340 177624207
489737340 177624207 489737340 195758008
489737340 177624207 525628422 177624207
525628422 177624207 537316321 189390622
537316321 189390622 537316321 205599307
537316321 205599307 537316321 218583638
537316321 218583638 543930424 223877304
543930424 223877304 545010425 223877304
537316321 205599307 555116699 205599307
555116699 205599307 559993415 207162259
559993415 207162259 559993415 213066045
559993415 207162259 572569277 207162259
559993415 213066045 567211558 221191074
567211558 221191074 569116845 221191074
569116845 221191074 570637131 235738130
570637131 235738130 570930619 235823492
570930619 235823492 572569277 235823492
570930619 235823492 570930619 250991438
570930619 250991438 575879701 254633229
575879701 254633229 575879701 260843520
575879701 260843520 575879701 261357985
575879701 260843520 577890980 260843520
575879701 254633229 591220183 254633229
537316321 189390622 555745640 189390622
555745640 189390622 559993415 193323789
559993415 193323789 570741567 193323789
572569277 207162259 591171141 207162259
591171141 207162259 601886249 208231240
567211558 221191074 567211558 242911216
601886249 208231240 620042179 212328822
620042179 212328822 620042179 226008312
620042179 212328822 637104148 212328822
637104148 212328822 648141059 225421421
648141059 225421421 648141059 235439794
648141059 225421421 676276425 225421421
577890980 260843520 578342930 290647365
578342930 290647365 583738406 302063040
583738406 302063040 596872811 303543311
596872811 303543311 616839136 303543311
616839136 303543311 616839136 318402114
596872811 303543311 596872811 325314993
616839136 318402114 628563109 335768372
628563109 335768372 633879139 338474792
591220183 254633229 608378766 268916228
543930424 223877304 543930424 257467275
543930424 257467275 549626226 282049279
549626226 282049279 568637633 299671149
633879139 338474792 651218799 358314084
568637633 299671149 570925213 336829768
449975228 230687389 462884416 258292391
462884416 258292391 462962796 270857304
462962796 270857304 470175924 270857304
462962796 270857304 462962796 299872728
470175924 270857304 488455699 282498435
488455699 282498435 500290946 293749735
500290946 293749735 500290946 305750265
500290946 305750265 500714655 316126059
500714655 316126059 500714655 326766235
500714655 326766235 501306525 338139875
501306525 338139875 501306525 340900732
501306525 338139875 510804024 338139875
500714655 316126059 528861361 316126059
528861361 316126059 529879536 327258308
529879536 327258308 546785220 331212254
546785220 331212254 556955602 331212254
556955602 331212254 566696980 336829768
566696980 336829768 566696980 338970480
546785220 331212254 546785220 360756240
546785220 360756240 562638955 368727128
562638955 368727128 562638955 369516264
562638955 368727128 570492844 368727128
510804024 338139875 521006873 360917956
521006873 360917956 536962263 363171305
536962263 363171305 537540375 369516264
537540375 369516264 537540375 385722799
500290946 293749735 540094860 293749735
570492844 368727128 597994876 381890473
597994876 381890473 635086002 383560615
635086002 383560615 635141244 383560615
635141244 383560615 636015020 396405423
635086002 383560615 635086002 419208064
635086002 419208064 649965295 421992764
649965295 421992764 670197591 421992764
670197591 421992764 675271275 439558983
675271275 439558983 678544456 439558983
675271275 439558983 675271275 460109095
675271275 460109095 687290272 466925786
687290272 466925786 704816599 466925786
704816599 466925786 704816599 477343400
704816599 477343400 714630427 488385275
704816599 466925786 730222940 466925786
730222940 466925786 732192571 466925786
730222940 466925786 730222940 476826764
730222940 476826764 748466726 478344236
748466726 478344236 748466726 496280828
748466726 478344236 775123462 478344236
687290272 466925786 687290272 495266960
714630427 488385275 725393426 509542780
725393426 509542780 732141385 509542780
725393426 509542780 725393426 518940020
649965295 421992764 649965295 455434601
649965295 455434601 664582596 467063763
636015020 396405423 665013966 409432240
665013966 409432240 665013966 417293687
665013966 409432240 680513735 409432240
680513735 409432240 680513735 415788777
680513735 409432240 700892155 409432240
419022136 199535586 419022136 241971153
419022136 241971153 432558204 241971153
419022136 241971153 419022136 261310580
419022136 261310580 420705059 261733918
420705059 261733918 436045608 261733918
436045608 261733918 438612472 275015635
438612472 275015635 438937252 283365514
438937252 283365514 439081115 298322171
439081115 298322171 443503516 298322171
443503516 298322171 443503516 301544981
439081115 298322171 439081115 303716129
439081115 303716129 440386507 303716129
443503516 298322171 451777995 298322171
439081115 303716129 439081115 315444015
443503516 301544981 445200942 314567471
420705059 261733918 420705059 280311844
439081115 315444015 441452091 342680435
441452091 342680435 451253880 351529810
451253880 351529810 451253880 370634914
451253880 351529810 472875864 351529810
616839136 303543311 660638289 303543311
660638289 303543311 675000041 319334723
675000041 319334723 675000041 324319791
675000041 319334723 687790128 319334723
687790128 319334723 688338229 324262515
688338229 324262515 699362944 327362509
699362944 327362509 716610630 332092145
716610630 332092145 719084057 332092145
719084057 332092145 719084057 339351590
719084057 332092145 734836731 332092145
734836731 332092145 752444037 349748547
700892155 409432240 725364571 429908208
725364571 429908208 725364571 430988880
725364571 430988880 730222940 441193758
730222940 441193758 730222940 444109296
730222940 444109296 738313439 444109296
730222940 441193758 741245777 441193758
738313439 444109296 739747031 462289681
725364571 429908208 755117858 429908208
755117858 429908208 769729624 440564212
769729624 440564212 795411900 441988153
795411900 441988153 795411900 463182056
795411900 441988153 824148690 441988153
824148690 441988153 836917282 441988153
824148690 441988153 824148690 455750106
836917282 441988153 853704884 451691768
853704884 451691768 858528216 451691768
858528216 451691768 862185050 470571408
853704884 451691768 853704884 474975829
795411900 463182056 819845716 474975829
862185050 470571408 865928412 505337604
865928412 505337604 866897692 509520931
866897692 509520931 870730637 509520931
866897692 509520931 866897692 528121008
866897692 528121008 884940420 531438933
884940420 531438933 884940420 550035069
819845716 474975829 819845716 515101556
884940420 550035069 899502197 575798245
899502197 575798245 899502197 592034314
899502197 575798245 917010237 575798245
917010237 575798245 938754087 578469959
938754087 578469959 938754087 603986272
938754087 578469959 981541625 578469959
981541625 578469959 993724608 595105734
993724608 595105734 999382727 618649711
596872811 325314993 611322157 358575937
938754087 603986272 964604093 626378218
964604093 626378218 971952135 658928487
971952135 658928487 971952135 674569396
971952135 658928487 994839907 658928487
994839907 658928487 996224955 689896847
971952135 674569396 990448187 689177961
990448187 689177961 992979132 689896847
992979132 689896847 992979132 729758789
992979132 729758789 993510786 761838304
993510786 761838304 999399032 794084507
256979488 21264048 262335195 64238551
262335195 64238551 274467418 64238551
262335195 64238551 262335195 77163690
455330233 120725643 501104162 129279309
501104162 129279309 529528518 139473143
529528518 139473143 546262542 153323274
546262542 153323274 555745640 154889931
555745640 154889931 564768390 154889931
564768390 154889931 600872395 171113874
600872395 171113874 602038839 171113874
602038839 171113874 602038839 171989844
600872395 171113874 600872395 175625491
602038839 171113874 614708596 171113874
614708596 171113874 617125292 179455501
617125292 179455501 631169361 185880527
631169361 185880527 658894762 198921523
658894762 198921523 658894762 200133539
658894762 198921523 665545993 198921523
687290272 495266960 691810865 546023649
562638955 369516264 563035552 425209294
563035552 425209294 574685393 425209294
574685393 425209294 605669118 445996344
605669118 445996344 625954591 455434601
625954591 455434601 631626714 455434601
631626714 455434601 631626714 459664427
631626714 459664427 644573538 467063763
644573538 467063763 644573538 477543648
625954591 455434601 625954591 484578925
644573538 477543648 648205772 510336640
648205772 510336640 651442969 510336640
648205772 510336640 648205772 521631994
648205772 521631994 654132440 552995353
654132440 552995353 657096226 601992842
657096226 601992842 657096226 608261483
657096226 601992842 665947083 601992842
665947083 601992842 668723534 608811777
668723534 608811777 682121854 612352149
682121854 612352149 702384115 612352149
702384115 612352149 702384115 637115627
702384115 637115627 711686284 650837453
711686284 650837453 711686284 650956414
711686284 650837453 714173778 650837453
702384115 612352149 729762057 612352149
729762057 612352149 752045187 612352149
752045187 612352149 752433626 612585706
752433626 612585706 752433626 624652276
752433626 624652276 758948707 630134990
729762057 612352149 729762057 635227761
729762057 635227761 749089686 647041667
749089686 647041667 752904205 660872941
752904205 660872941 758410943 679776733
758410943 679776733 764381658 679776733
758410943 679776733 758410943 687177207
758410943 687177207 781710145 693961114
781710145 693961114 781710145 697568716
781710145 693961114 789967282 693961114
789967282 693961114 802067419 699954812
802067419 699954812 816916871 699954812
802067419 699954812 802067419 734769687
802067419 734769687 802140389 740994496
802140389 740994496 805858380 740994496
805858380 740994496 812466147 749614153
812466147 749614153 817304376 760728705
817304376 760728705 840085217 775324532
752433626 612585706 790288479 612585706
802140389 740994496 802140389 785550421
802140389 785550421 811932018 809584802
811932018 809584802 811932018 812851430
811932018 812851430 822751547 812851430
822751547 812851430 829607607 814199651
829607607 814199651 829607607 833709604
829607607 833709604 842443990 835290721
842443990 835290721 863601832 835290721
863601832 835290721 867350961 839655077
867350961 839655077 869195968 847700220
869195968 847700220 869195968 848783609
829607607 814199651 852152832 814199651
811932018 809584802 836114365 809584802
842443990 835290721 842443990 859845812
836114365 809584802 841044642 832117254
842443990 859845812 851395256 879553142
869195968 848783609 882894030 871564144
811932018 812851430 811932018 849699751
811932018 849699751 811932018 849824853
811932018 849699751 819566853 849699751
819566853 849699751 835021797 866361575
869195968 847700220 909595476 847700220
909595476 847700220 916139439 870683708
790288479 612585706 797741965 652478840
797741965 652478840 800757808 663774963
800757808 663774963 815427703 664844457
815427703 664844457 815427703 690441349
815427703 664844457 853583264 664844457
853583264 664844457 855006416 690102831
855006416 690102831 855006416 694754234
855006416 690102831 859800360 690102831
859800360 690102831 864029222 695865923
864029222 695865923 864029222 705770368
864029222 705770368 871970421 705770368
864029222 705770368 864029222 731108895
682121854 612352149 682121854 660071054
682121854 660071054 682712288 682566390
682712288 682566390 684651339 682566390
682712288 682566390 682712288 710171755
682712288 710171755 704889151 714639201
704889151 714639201 715747865 716460575
715747865 716460575 727818585 716460575
715747865 716460575 715747865 732931577
715747865 732931577 716795158 732931577
716795158 732931577 731432026 737004567
731432026 737004567 735902155 737004567
731432026 737004567 731432026 741702278
715747865 732931577 715747865 752425308
715747865 752425308 720401041 756182568
720401041 756182568 743328390 763561679
743328390 763561679 751826502 766646715
751826502 766646715 767622929 766646715
767622929 766646715 770219561 783556827
751826502 766646715 751826502 807755912
882894030 871564144 904937626 898196901
904937626 898196901 908831913 898196901
904937626 898196901 904937626 905938896
904937626 905938896 907723899 911380203
907723899 911380203 911134727 931565858
911134727 931565858 911134727 955807566
911134727 955807566 911134727 968837608
911134727 968837608 916233169 969981932
911134727 955807566 924479540 955807566
924479540 955807566 924479540 960759970
924479540 955807566 930423025 955807566
916233169 969981932 929361790 982329800
911134727 931565858 939778530 931565858
908831913 898196901 942424958 903885921
942424958 903885921 960546428 907295154
960546428 907295154 960546428 912715637
960546428 912715637 977718592 917610227
960546428 907295154 995913613 907295154
977718592 917610227 986031890 950704621
986031890 950704621 986115226 986511180
986115226 986511180 998638814 995007929
851395256 879553142 852610524 930219743
852610524 930219743 866741940 930219743
852610524 930219743 852610524 954712888
716610630 332092145 716610630 389269706
716610630 389269706 751956344 400096735
751956344 400096735 773286217 403369686
773286217 403369686 773286217 420104252
773286217 403369686 811613325 403369686
811613325 403369686 814329821 403369686
811613325 403369686 811613325 412248730
811613325 412248730 836917282 414991184
836917282 414991184 836917282 427908727
836917282 427908727 851118923 427908727
851118923 427908727 870692181 432351850
870692181 432351850 870692181 440174187
870692181 432351850 884571253 432351850
836917282 414991184 870433806 414991184
537540375 385722799 556818483 423738155
884940420 531438933 943341503 531438933
864029222 731108895 897780780 756206691
897780780 756206691 901728379 759817519
901728379 759817519 915441922 759817519
915441922 759817519 915441922 760571910
915441922 759817519 924573206 759817519
901728379 759817519 901728379 786607139
924573206 759817519 959664990 765141926
959664990 765141926 981385275 774365620
981385275 774365620 982361727 782390181
982361727 782390181 991867847 782390181
982361727 782390181 982361727 825816263
420705059 280311844 426541862 333885684
426541862 333885684 434984681 354823666
360396173 708186265 387252837 743681614
387252837 743681614 394542512 746828644
394542512 746828644 394542512 748473369
319792623 699398276 319792623 762002324
319792623 762002324 323723744 771147577
323723744 771147577 327416983 802495757
327416983 802495757 342705515 802495757
342705515 802495757 345229985 811047893
345229985 811047893 345568478 811047893
345229985 811047893 345229985 816394000
345229985 816394000 349993087 823530234
349993087 823530234 349993087 830660519
327416983 802495757 327416983 826794382
327416983 826794382 331796921 826794382
331796921 826794382 339830524 830660519
339830524 830660519 339830524 838563585
327416983 826794382 327416983 838975422
327416983 838975422 331751759 854386435
331751759 854386435 333596822 859299149
333596822 859299149 333596822 878547957
333596822 878547957 338618267 880461115
338618267 880461115 339124980 880461115
339124980 880461115 339124980 883612155
338618267 880461115 338618267 928584314
338618267 928584314 338618267 935906524
338618267 928584314 369438823 928584314
339124980 880461115 387619839 880461115
387619839 880461115 398848215 884184545
398848215 884184545 398848215 907188520
398848215 907188520 398848215 915509985
398848215 915509985 426221353 922644007
426221353 922644007 456850791 922644007
456850791 922644007 456850791 927682808
456850791 927682808 456850791 930224044
456850791 930224044 459068397 930224044
456850791 927682808 460269403 927682808
460269403 927682808 462785805 927718685
456850791 922644007 473889432 922644007
456850791 930224044 456850791 950205498
426221353 922644007 426221353 981751265
398848215 884184545 460256663 884184545
460256663 884184545 470857221 907188520
657473796 874402652 720587791 874402652
141724553 295218229 178094601 322168123
178094601 322168123 192399754 328682410
563035552 425209294 563035552 488834064
563035552 488834064 575514968 502984378
575514968 502984378 584778477 512566851
584778477 512566851 613594420 512566851
613594420 512566851 623893906 512566851
613594420 512566851 613594420 528370235
584778477 512566851 584778477 543064048
349993087 823530234 413661882 823530234
165451864 335229057 178064131 386904213
178064131 386904213 181955420 387999667
181955420 387999667 199234011 387999667
199234011 387999667 211410683 391283261
211410683 391283261 223632743 391283261
211410683 391283261 211410683 406780976
211410683 406780976 211410683 408620078
211410683 406780976 214836671 406780976
214836671 406780976 257980349 423089500
257980349 423089500 280698795 427164897
280698795 427164897 290257704 427164897
290257704 427164897 290257704 434803078
280698795 427164897 280698795 438558778
280698795 438558778 282835492 438558778
280698795 438558778 280698795 444178462
290257704 434803078 309432743 438126851
309432743 438126851 320529949 438126851
320529949 438126851 322432316 445094956
322432316 445094956 322432316 457103727
322432316 445094956 360275409 445094956
360275409 445094956 369120585 446080698
369120585 446080698 370322606 446080698
370322606 446080698 371345899 476732602
369120585 446080698 369120585 495568894
290257704 427164897 342217928 427164897
322432316 457103727 331332683 505818919
351769748 161000298 362383532 214795487
362383532 214795487 408904477 232070759
408904477 232070759 414098259 232772938
369592988 514993272 434210328 514993272
434210328 514993272 468865044 514993272
468865044 514993272 468865044 526858341
468865044 526858341 471419186 526858341
468865044 526858341 468865044 533794363
468865044 533794363 492618974 535833036
492618974 535833036 495392440 535833036
495392440 535833036 504593698 535833036
495392440 535833036 495392440 557092362
492618974 535833036 492618974 568127695
492618974 568127695 499262318 593838229
499262318 593838229 499262318 612260595
499262318 612260595 499262318 619163426
499262318 619163426 500628263 619163426
499262318 612260595 516971973 612260595
516971973 612260595 518439441 613291967
518439441 613291967 519165246 613291967
518439441 613291967 518439441 625494472
519165246 613291967 531291047 613397565
531291047 613397565 543775647 625186345
543775647 625186345 564689244 625186345
564689244 625186345 570814439 625186345
564689244 625186345 564689244 640091512
543775647 625186345 543775647 646573607
543775647 646573607 543775647 649960519
543775647 646573607 553429993 646573607
543775647 649960519 552436158 653333079
552436158 653333079 563358891 653333079
552436158 653333079 552436158 673305217
499262318 593838229 528777471 593838229
528777471 593838229 533353100 593838229
528777471 593838229 528777471 602441753
533353100 593838229 555841926 595463034
555841926 595463034 555841926 606398842
555841926 595463034 569636259 595463034
569636259 595463034 570814439 612449595
468865044 514993272 501935888 514993272
499262318 619163426 499262318 652471583
570814439 612449595 605043849 612449595
605043849 612449595 611776561 638540899
611776561 638540899 619144508 638540899
611776561 638540899 611776561 661171982
619144508 638540899 623969166 661043625
623969166 661043625 630559614 674726499
501935888 514993272 537522758 515696243
537522758 515696243 537522758 518237824
537522758 515696243 547959787 515696243
547959787 515696243 553929755 529695320
553929755 529695320 562855577 561559181
562855577 561559181 572987811 561559181
562855577 561559181 562855577 584711441
572987811 561559181 577484074 580858673
434210328 514993272 434210328 571445756
434210328 571445756 445104263 571615952
445104263 571615952 466997286 588717882
630559614 674726499 633298653 730746071
633298653 730746071 660327142 739414301
660327142 739414301 677403738 739414301
660327142 739414301 660327142 772002526
660327142 772002526 661967540 785282404
472875864 351529810 485460921 404766237
811932018 849824853 815540364 912064360
815540364 912064360 822777836 918730782
552436158 673305217 583087291 708641219
583087291 708641219 604288315 742315835
901728379 786607139 942512636 812413812
942512636 812413812 942512636 814422438
942512636 812413812 951607456 812413812
123351797 761880319 131090544 820738046
131090544 820738046 131090544 827627673
131090544 827627673 138059473 838244112
138059473 838244112 138059473 844400562
138059473 844400562 161845428 863450403
161845428 863450403 164565235 863699689
164565235 863699689 164565235 892074236
164565235 892074236 167999003 892074236
167999003 892074236 173378312 894666018
173378312 894666018 186411451 894666018
164565235 863699689 198458377 863699689
131090544 820738046 177882802 820738046
177882802 820738046 195604403 838244112
186411451 894666018 221287149 907626888
221287149 907626888 221287149 919944945
221287149 919944945 230941022 931511455
221287149 907626888 243810584 907626888
243810584 907626888 252094042 917835665
252094042 917835665 252094042 919088515
252094042 917835665 258390627 917835665
258390627 917835665 277014252 919880977
277014252 919880977 277014252 931581173
277014252 931581173 292598726 936990886
292598726 936990886 299962753 941612077
299962753 941612077 308546104 941612077
299962753 941612077 299962753 955533655
252094042 919088515 253241596 944674571
299962753 955533655 325939203 971475756
277014252 919880977 320377149 919880977
173378312 894666018 173378312 943132450
173378312 943132450 174034401 959501587
174034401 959501587 174034401 982900651
174034401 959501587 211884749 959501587
211884749 959501587 243559905 969116398
195604403 838244112 223768245 863153024
223768245 863153024 267651423 875254138
267651423 875254138 319103471 879024235
164565235 892074236 164565235 953657723
326781806 0 393837243 0
393837243 0 399690247 0
399690247 0 399690247 239803
399690247 0 404636676 0
404636676 0 405184656 0
405184656 0 411334349 0
411334349 0 425164225 0
425164225 0 438927980 0
438927980 0 442948159 0
442948159 0 443314421 0
443314421 0 453435029 0
453435029 0 453435029 3460169
443314421 0 443314421 19572368
393837243 0 393837243 20602354
393837243 20602354 403602104 21076008
403602104 21076008 405184656 21076008
405184656 21076008 411334349 26597685
411334349 26597685 425164225 28833771
425164225 28833771 434213906 39600338
434213906 39600338 438927980 39600338
438927980 39600338 450290952 52786269
450290952 52786269 452882732 52786269
450290952 52786269 450290952 57943652
450290952 57943652 450688366 81199352
442948159 0 442948159 27647969
453435029 0 487852323 0
487852323 0 498457040 0
498457040 0 503204821 0
487852323 0 487852323 33045652
487852323 33045652 497388662 36888757
497388662 36888757 498457040 36888757
498457040 36888757 503204821 37499062
497388662 36888757 497388662 65783817
497388662 65783817 509310942 75223714
509310942 75223714 514330636 95349511
503204821 37499062 519541775 51448119
519541775 51448119 531476812 51926845
531476812 51926845 533220389 51926845
533220389 51926845 533220389 60170036
531476812 51926845 531476812 65258181
531476812 65258181 531476812 65728938
531476812 65258181 532982758 65258181
533220389 60170036 543542424 64273940
533220389 51926845 566749542 51926845
566749542 51926845 583221375 62921138
583221375 62921138 612395202 62921138
612395202 62921138 612395202 69380676
612395202 62921138 641828413 62921138
612395202 69380676 623000750 96188985
623000750 96188985 623000750 111397105
623000750 96188985 650792155 96188985
650792155 96188985 663051256 97159352
663051256 97159352 663051256 124714647
663051256 97159352 691427869 97159352
691427869 97159352 691427869 104760951
691427869 104760951 695110013 105106306
695110013 105106306 706972908 105106306
691427869 97159352 712767403 97159352
706972908 105106306 717651247 120871748
695110013 105106306 695110013 141339745
695110013 141339745 706332914 143921043
450688366 81199352 458372817 111152335
458372817 111152335 476696814 113456069
717651247 120871748 754571828 121787774
754571828 121787774 773345105 133989980
773345105 133989980 779732544 133989980
773345105 133989980 773345105 174392341
773345105 174392341 775425485 180022953
775425485 180022953 777330584 180022953
775425485 180022953 775425485 193116488
777330584 180022953 789679903 182314638
789679903 182314638 790772177 182314638
790772177 182314638 790772177 185591380
790772177 182314638 794641412 182314638
789679903 182314638 789679903 191304827
789679903 191304827 800687922 206085166
794641412 182314638 834856653 184525017
834856653 184525017 839091503 197945229
839091503 197945229 839091503 215564911
583221375 62921138 583221375 108167343
583221375 108167343 583221375 120496217
583221375 108167343 598179183 108167343
598179183 108167343 602040660 108167343
598179183 108167343 598179183 113363774
598179183 113363774 604488876 116528819
604488876 116528819 606802647 140034775
839091503 215564911 866053070 234762026
434213906 39600338 434213906 90766600
434213906 90766600 442890312 103782244
442890312 103782244 446426412 103782244
442890312 103782244 442890312 117877555
839091503 197945229 891569431 197945229
891569431 197945229 914464877 201759957
914464877 201759957 914464877 207836119
914464877 207836119 917908894 210861794
917908894 210861794 917908894 214987977
917908894 210861794 934953950 210861794
914464877 201759957 935843824 201759957
934953950 210861794 937534295 234351097
937534295 234351097 947083353 234351097
947083353 234351097 947083353 247483285
947083353 247483285 947083353 248772093
947083353 247483285 952730374 247483285
947083353 234351097 962002644 234351097
952730374 247483285 961829817 259835413
937534295 234351097 937534295 259835413
937534295 259835413 937534295 284909986
937534295 284909986 938611527 293173770
938611527 293173770 938611527 296277122
938611527 296277122 947650157 296277122
938611527 293173770 949685727 293173770
949685727 293173770 954717808 293206608
938611527 296277122 938611527 316432859
938611527 316432859 941030511 327578409
941030511 327578409 955700373 327578409
961829817 259835413 972601314 277676856
917908894 214987977 932441789 234248017
962002644 234351097 998634595 243112983
866053070 234762026 903360100 252387821
955700373 327578409 978603991 359739305
978603991 359739305 979964536 386852733
979964536 386852733 993674188 419909016
641828413 62921138 694812809 65454435
694812809 65454435 722030583 86471019
722030583 86471019 748762913 91516483
748762913 91516483 790222492 94139026
941030511 327578409 941030511 387367838
775425485 193116488 775520771 257902550
775520771 257902550 776094807 286688731
776094807 286688731 776094807 310446911
776094807 310446911 804409976 323566874
804409976 323566874 827240500 333884200
827240500 333884200 844778427 333884200
844778427 333884200 844778427 359072053
844778427 359072053 854468930 360378732
844778427 333884200 872119685 333884200
827240500 333884200 827240500 361958542
827240500 361958542 830149046 361958542
827240500 361958542 827240500 388191845
827240500 388191845 827533628 394944867
830149046 361958542 844005405 376039987
844005405 376039987 870433806 379036665
870433806 379036665 870886037 379036665
870886037 379036665 872589066 405860201
776094807 286688731 830247696 286688731
830247696 286688731 833253210 290631045
833253210 290631045 849950801 292592459
849950801 292592459 869956409 315887673
706332914 143921043 739319836 176528391
739319836 176528391 740949377 195182424
740949377 195182424 743238116 215430132
743238116 215430132 753750214 255330941
753750214 255330941 763498854 257902550
763498854 257902550 763498854 313741561
425091232 693670399 462184549 724275205
869956409 315887673 928882024 324669880
928882024 324669880 932617958 371977361
932617958 371977361 940363421 399828640
333596822 859299149 401494175 859299149
940363421 399828640 947517152 460678976
947517152 460678976 949017680 482148760
949017680 482148760 958443858 496682547
958443858 496682547 986598106 501802044
986598106 501802044 990349951 562444602
990349951 562444602 990706463 562444602
990349951 562444602 990349951 566965576
670413594 837828411 721436308 855400738
721436308 855400738 772724748 870326177
772724748 870326177 782474814 873574048
782474814 873574048 808363936 911660638
337106586 171470620 351385465 225822168
351385465 225822168 361876873 245892775
361876873 245892775 389559456 277396953
389559456 277396953 401569024 279942373
317859664 340528052 386445877 340650486
386445877 340650486 402584605 352233458
403602104 21076008 403602104 90571906
403602104 90571906 422332727 98941498
485340517 925367401 485340517 994917553
15936034 74870769 67248916 93536666
67248916 93536666 95828815 127940324
95828815 127940324 130285265 132596761
130285265 132596761 130285265 134902868
130285265 132596761 136572016 132596761
136572016 132596761 144839087 146654080
339124980 883612155 386147987 906924681
775123462 478344236 789615878 534456991
789615878 534456991 792237648 534456991
789615878 534456991 789615878 540892612
789615878 540892612 789883013 607349401
171281330 483275614 204267718 521504776
720587791 874402652 741355698 925669987
741355698 925669987 763098518 926300040
864029222 695865923 936795913 695865923
936795913 695865923 940810627 705061651
940810627 705061651 944986306 705061651
940810627 705061651 940810627 721984219
940810627 721984219 954644622 734540472
944986306 705061651 960380370 716505480
56113030 573080271 61389145 640962340
61389145 640962340 64124801 662348087
64124801 662348087 69009876 662348087
64124801 662348087 64124801 690312933
64124801 690312933 67979149 690312933
64124801 690312933 64124801 723799167
64124801 723799167 68497316 748708279
68497316 748708279 68497316 767900153
68497316 748708279 93652969 748708279
68497316 767900153 68893731 801173198
68893731 801173198 82200709 816785501
82200709 816785501 106989765 817565491
106989765 817565491 121741879 820738046
121741879 820738046 121741879 863930398
943341503 531438933 985648630 562444602
985648630 562444602 985648630 569610486
252493642 149646575 284242795 192047772
284242795 192047772 294930356 214378217
294930356 214378217 308911305 216609589
676276425 225421421 715313254 262138071
715313254 262138071 715313254 277887999
715313254 277887999 715313254 279289108
715313254 277887999 723998989 277887999
715313254 262138071 732171260 262138071
723998989 277887999 732211743 297173776
503204821 0 579005022 0
579005022 0 579005022 37336835
579005022 0 644200340 0
644200340 0 665657040 0
665657040 0 665657040 21439040
644200340 0 644200340 49285062
644200340 49285062 692702983 52177590
692702983 52177590 700248883 52177590
692702983 52177590 692702983 61660574
692702983 61660574 703556846 62880878
665657040 0 719377820 0
719377820 0 719377820 3768280
719377820 0 743189634 0
743189634 0 747441675 0
747441675 0 747441675 600194
743189634 0 743189634 15505689
747441675 0 781567969 0
781567969 0 798502076 0
798502076 0 803889912 0
803889912 0 806551031 0
806551031 0 807004806 0
807004806 0 815651289 0
815651289 0 820866966 0
815651289 0 815651289 7969505
798502076 0 798502076 21623729
798502076 21623729 803889912 29217233
803889912 29217233 806551031 36699964
806551031 36699964 806551031 39742960
806551031 39742960 807004806 40876041
806551031 36699964 820866966 36699964
807004806 40876041 814776027 64015713
820866966 0 865667686 0
865667686 0 881559906 0
881559906 0 881577552 0
881577552 0 898860101 0
898860101 0 899970574 0
898860101 0 898860101 9332207
898860101 9332207 899970574 14542532
899970574 0 909599274 0
909599274 0 913165084 0
881577552 0 881577552 18186843
881559906 0 881559906 20475205
899970574 14542532 909599274 28360814
909599274 28360814 913165084 28360814
909599274 28360814 909599274 38078233
909599274 38078233 915492877 63895715
913165084 0 949594642 0
949594642 0 949594642 19628753
949594642 19628753 949594642 23793027
949594642 19628753 956554343 19628753
949594642 23793027 953689631 28401486
953689631 28401486 956074648 28401486
956554343 19628753 978872825 20196241
953689631 28401486 953689631 56239623
953689631 56239623 955538694 83367368
955538694 83367368 961254396 83367368
961254396 83367368 961254396 84568957
961254396 83367368 975851862 83367368
955538694 83367368 955538694 102144277
978872825 20196241 980326910 50120585
915492877 63895715 916398219 107832331
916398219 107832331 918399512 116177056
918399512 116177056 918399512 128526922
918399512 128526922 927206659 128526922
918399512 128526922 918399512 143509415
918399512 143509415 925873291 147846024
925873291 147846024 925873291 161569164
918399512 116177056 933870599 116177056
925873291 147846024 957384400 147846024
957384400 147846024 957384400 157968227
957384400 147846024 968022461 147846024
820866966 36699964 853033772 50379943
781567969 0 781567969 48592494
781567969 48592494 790222492 58417284
790222492 58417284 792657473 58417284
865667686 0 865667686 49720554
865667686 49720554 873447830 81968310
873447830 81968310 877316671 88927464
877316671 88927464 878677059 88927464
878677059 88927464 884997066 89779898
884997066 89779898 884997066 103076902
884997066 89779898 900972746 89779898
877316671 88927464 877316671 115621633
743189634 15505689 749559424 62094718
925873291 161569164 948920556 192729488
948920556 192729488 979552269 199600736
877316671 115621633 908531378 143956911
908531378 143956911 908566094 148850498
428401494 439174859 431375478 512104410
4874164 410996917 73947892 418783083
204267718 521504776 267258946 537387425
267258946 537387425 267258946 542561418
267258946 537387425 284960636 537387425
284960636 537387425 308855800 540681996
267258946 542561418 274050062 576957641
486509321 444738527 542775418 467743327
542775418 467743327 543663774 497206961
543663774 497206961 561857626 508464519
790222492 94139026 850257278 113734558
253688574 228967774 285538732 277571318
285538732 277571318 321562909 305141942
321562909 305141942 330856305 321618932
871970421 705770368 935546597 723078051
192399754 328682410 230060986 372129128
230060986 372129128 239359322 372129128
230060986 372129128 230060986 385267471
159901608 184081123 245476190 184081123
234753235 730230099 253490900 797180704
253490900 797180704 254047806 797180704
253490900 797180704 253490900 815965655
253490900 815965655 279152314 825836212
279152314 825836212 303137605 825836212
279152314 825836212 279152314 858174555
279152314 858174555 291373289 869886772
303137605 825836212 318760247 849722360
819845716 515101556 854166717 569889921
401249044 119489478 401249044 208691633
854166717 569889921 880951852 633935194
880951852 633935194 889228083 646508482
748466726 496280828 758127129 580879739
264501241 706320811 294669849 770922826
294669849 770922826 299625218 770922826
294669849 770922826 294669849 787978359
0 526311409 0 623428808
0 623428808 35319248 623428808
0 623428808 0 663012690
0 663012690 14388807 663012690
0 663012690 0 694404267
0 694404267 8514039 694404267
0 694404267 0 750737433
0 750737433 0 779406571
0 779406571 20318665 779406571
0 750737433 35583899 750737433
20318665 779406571 60369578 794443621
60369578 794443621 61762453 825921677
61762453 825921677 72968102 850721693
8514039 694404267 55265330 718566830
55265330 718566830 59127924 730324781
72968102 850721693 73665750 938128394
73665750 938128394 82985572 955540185
82985572 955540185 82985572 965561498
82985572 965561498 93338492 965561498
93338492 965561498 100866373 967077243
82985572 965561498 82985572 987848107
82985572 955540185 112375407 955540185
82985572 987848107 164230729 990112311
0 779406571 0 868564380
0 868564380 14940316 868564380
0 868564380 0 890065066
0 890065066 0 922843187
0 922843187 14949418 922843187
14949418 922843187 24488769 933939666
24488769 933939666 62050719 933939666
24488769 933939666 24488769 976613247
24488769 976613247 24488769 979707701
24488769 979707701 34160339 990353047
24488769 976613247 45409822 976613247
6084216 378228733 88861495 404041700
88861495 404041700 120123201 404912047
758127129 580879739 850708862 607099704
