1435
0 0 67390976 0
67390976 0 71264628 0
71264628 0 76402668 0
76402668 0 76402668 11478059
71264628 0 71264628 22225139
67390976 0 67390976 57924861
67390976 57924861 83854110 75316477
83854110 75316477 83854110 91602262
83854110 91602262 95457539 96891337
95457539 96891337 100495401 96891337
95457539 96891337 95457539 116793526
95457539 116793526 97771512 116857691
100495401 96891337 118778524 107410593
83854110 75316477 118314245 75316477
118314245 75316477 121807803 75316477
118314245 75316477 118314245 88710085
118778524 107410593 149222567 118719315
149222567 118719315 181025323 122753664
181025323 122753664 184301829 122753664
184301829 122753664 185180787 129842520
185180787 129842520 187347364 137467733
187347364 137467733 187347364 138371782
187347364 138371782 187347364 146664618
187347364 137467733 197284070 137467733
197284070 137467733 197284070 138371782
197284070 137467733 204600012 137467733
181025323 122753664 181025323 137706196
204600012 137467733 207502475 151298261
207502475 151298261 214578296 158006455
214578296 158006455 214578296 160916330
214578296 160916330 256218321 163112422
256218321 163112422 256218321 183995472
256218321 183995472 260629353 183995472
256218321 183995472 256218321 198328780
256218321 163112422 294030844 163112422
294030844 163112422 308944136 174435137
308944136 174435137 335497254 174746567
335497254 174746567 351317184 174746567
351317184 174746567 354379029 174746567
351317184 174746567 351317184 180073231
351317184 180073231 352769357 187403881
335497254 174746567 335497254 193379429
335497254 193379429 350399745 196880781
97771512 116857691 102698618 156288750
102698618 156288750 103695887 162489017
103695887 162489017 132011655 162489017
103695887 162489017 103695887 202336645
103695887 202336645 103695887 218180191
103695887 202336645 127860621 202336645
127860621 202336645 135401166 221801909
135401166 221801909 141414678 221801909
141414678 221801909 145183386 221801909
141414678 221801909 141414678 231353900
135401166 221801909 135401166 254860451
141414678 231353900 174227901 238615172
174227901 238615172 174227901 240462636
174227901 238615172 195224892 238615172
195224892 238615172 213683575 259864905
213683575 259864905 215397071 263275935
215397071 263275935 215397071 281799382
215397071 281799382 220209914 282248325
220209914 282248325 251491850 282248325
220209914 282248325 220209914 320639892
220209914 320639892 220209914 329971639
220209914 329971639 234613509 337294073
234613509 337294073 234613509 353403785
234613509 337294073 254350694 337294073
220209914 320639892 244141975 320639892
254350694 337294073 277245991 339892369
277245991 339892369 287301327 348608658
287301327 348608658 300375745 348608658
287301327 348608658 287301327 365073437
287301327 365073437 287301327 365643529
287301327 365073437 294799413 365073437
294799413 365073437 312404862 374869301
312404862 374869301 319594834 402217622
300375745 348608658 336221318 356636233
336221318 356636233 361393345 362155244
361393345 362155244 361393345 364228604
361393345 362155244 382935484 362155244
382935484 362155244 394066916 366252365
394066916 366252365 414041293 386063648
414041293 386063648 431974478 390266955
431974478 390266955 431974478 413779466
431974478 390266955 466253077 390266955
466253077 390266955 468737273 396246531
431974478 413779466 444210288 439279573
444210288 439279573 467047951 440988053
467047951 440988053 467047951 452669264
467047951 440988053 488001426 440988053
467047951 452669264 472866177 471045232
472866177 471045232 472866177 483031910
472866177 471045232 492367744 471045232
492367744 471045232 502815506 477873300
488001426 440988053 512629303 445437188
512629303 445437188 523030592 445437188
523030592 445437188 528421940 448321738
528421940 448321738 530420335 448321738
528421940 448321738 528421940 460391852
528421940 460391852 543454594 462558964
543454594 462558964 551428235 462558964
551428235 462558964 557993228 465036649
557993228 465036649 557993228 470832529
512629303 445437188 512629303 469150129
472866177 483031910 473459153 513252574
473459153 513252574 498502645 519807604
498502645 519807604 510892264 527583446
510892264 527583446 510892264 539502522
510892264 527583446 531153300 527583446
530420335 448321738 560845307 450007435
543454594 462558964 543454594 496362817
510892264 539502522 521281014 565680922
521281014 565680922 523206412 586695102
523206412 586695102 523206412 592924069
523206412 592924069 526656060 592924069
526656060 592924069 526656060 594843797
526656060 592924069 528793923 592924069
528793923 592924069 533321257 595042677
523206412 592924069 523206412 612170720
523206412 612170720 526468001 612170720
523206412 612170720 523206412 630508832
523206412 586695102 550220970 586695102
550220970 586695102 560523943 603528023
560523943 603528023 582329101 610526282
582329101 610526282 589238857 618567435
589238857 618567435 604970486 627519993
543454594 496362817 569748643 507551676
569748643 507551676 580391536 508815473
580391536 508815473 621141185 508815473
621141185 508815473 636646027 512533085
636646027 512533085 636646027 514230929
636646027 512533085 651021925 512533085
580391536 508815473 580391536 549803381
580391536 549803381 582570587 562208298
582570587 562208298 582570587 578096982
582570587 578096982 592215973 590918049
582570587 562208298 623651623 562208298
623651623 562208298 628195777 568396162
628195777 568396162 662366959 571479099
662366959 571479099 669107156 583779714
669107156 583779714 669107156 595512180
669107156 595512180 673769841 595512180
673769841 595512180 682590603 596166143
669107156 595512180 669107156 606733841
669107156 606733841 669810608 612320436
669810608 612320436 683562421 612498549
683562421 612498549 694111152 612498549
694111152 612498549 694111152 615558033
694111152 615558033 697979060 620775084
697979060 620775084 697979060 634851622
697979060 634851622 700023802 646984586
700023802 646984586 712991592 646984586
700023802 646984586 700023802 664153420
700023802 664153420 707457777 664519289
697979060 620775084 716043471 620775084
694111152 612498549 717720856 612498549
683562421 612498549 683562421 641460308
683562421 641460308 684340651 641772395
716043471 620775084 752871041 623001095
752871041 623001095 761479385 629201850
761479385 629201850 762289539 634023922
762289539 634023922 771074888 634023922
762289539 634023922 762289539 660101968
762289539 660101968 784269758 660661475
784269758 660661475 784269758 661600837
784269758 660661475 815004572 660661475
815004572 660661475 820185667 662460841
820185667 662460841 820185667 677020823
820185667 677020823 823053275 692238365
820185667 662460841 844535706 662460841
844535706 662460841 856033900 664502013
856033900 664502013 856033900 666928829
823053275 692238365 831414914 709465934
831414914 709465934 833015954 716196296
856033900 664502013 884664724 664502013
833015954 716196296 842313515 740973992
842313515 740973992 842313515 745494330
842313515 745494330 843849253 745494330
842313515 745494330 842313515 769454055
707457777 664519289 737337855 674254327
737337855 674254327 739971794 682203934
739971794 682203934 748464178 682203934
748464178 682203934 748667906 682203934
748464178 682203934 748464178 684560359
748464178 684560359 748580976 693656611
748580976 693656611 760600938 704345574
739971794 682203934 739971794 721769218
712991592 646984586 737698245 663773292
737698245 663773292 746025101 666402532
604970486 627519993 629686949 644508946
629686949 644508946 642149029 644508946
629686949 644508946 629686949 662431563
629686949 662431563 642151761 667054019
642151761 667054019 642151761 673201030
642151761 667054019 658664798 667054019
658664798 667054019 659790661 667149578
642151761 673201030 652365881 684930456
652365881 684930456 655900308 684930456
652365881 684930456 652365881 690963174
652365881 690963174 656904890 706656784
656904890 706656784 670247090 719875547
670247090 719875547 673606731 719875547
670247090 719875547 670247090 745974300
670247090 745974300 670673948 747130280
670673948 747130280 696165194 747130280
696165194 747130280 696165194 753066161
696165194 753066161 702216346 758783443
702216346 758783443 708732782 767282675
708732782 767282675 708732782 767559392
708732782 767282675 723997016 767282675
708732782 767559392 713009455 783633993
713009455 783633993 720009826 798456411
720009826 798456411 720009826 806250659
720009826 806250659 720009826 810094557
720009826 806250659 732324296 806250659
720009826 798456411 739727415 798456411
696165194 747130280 724524348 747130280
724524348 747130280 724524348 751261980
724524348 747130280 732779702 747130280
670673948 747130280 670673948 778269204
670673948 778269204 688866384 791396106
688866384 791396106 692482354 791396106
732324296 806250659 735181469 836422458
735181469 836422458 735181469 839638481
735181469 839638481 743756286 841310608
743756286 841310608 744572999 844618768
744572999 844618768 770287932 844618768
770287932 844618768 770287932 845947582
770287932 844618768 793880783 844618768
793880783 844618768 793918917 860390212
720009826 810094557 732054656 832440264
732779702 747130280 756091847 761747052
756091847 761747052 769151918 775505770
642149029 644508946 678188853 647189527
744572999 844618768 744572999 884421723
744572999 884421723 757914486 884421723
757914486 884421723 757914486 885637118
757914486 884421723 761835970 884421723
744572999 884421723 744572999 904438777
744572999 904438777 747785844 904438777
744572999 904438777 744572999 910622431
747785844 904438777 761377431 909738759
761377431 909738759 769462843 919407923
744572999 910622431 755776191 923598569
769462843 919407923 774490108 941876395
774490108 941876395 785230962 962488561
785230962 962488561 807288062 973127244
807288062 973127244 807288062 978829808
807288062 978829808 810880505 989491647
810880505 989491647 842267631 989896790
807288062 973127244 846286788 973127244
688866384 791396106 688866384 832151745
784269758 661600837 810630412 677020823
810630412 677020823 810630412 698249270
760600938 704345574 780343354 726560579
780343354 726560579 794186238 731342982
794186238 731342982 794186238 735820848
794186238 735820848 807651090 740629390
807651090 740629390 813198035 745494330
794186238 731342982 828938969 731342982
813198035 745494330 813198035 781497765
813198035 781497765 822135670 788539735
822135670 788539735 824598795 814650728
843849253 745494330 870441230 762718769
842313515 740973992 886409460 740973992
103695887 218180191 106185851 260217177
106185851 260217177 113066452 282308677
113066452 282308677 131404758 290370163
131404758 290370163 154182190 290370163
154182190 290370163 154182190 300713955
154182190 290370163 167478653 290370163
167478653 290370163 181844965 291712385
181844965 291712385 190177388 291712385
131404758 290370163 131404758 324706079
121807803 75316477 162987575 80788776
162987575 80788776 183218477 100243239
183218477 100243239 183218477 104081557
183218477 100243239 209483924 100243239
793918917 860390212 823972165 877633595
823972165 877633595 852715575 896201124
852715575 896201124 867013454 902669110
867013454 902669110 874203649 902669110
874203649 902669110 874463319 902669110
874203649 902669110 874203649 916787062
867013454 902669110 867013454 934242546
867013454 934242546 868236865 939000083
868236865 939000083 890633182 955967366
890633182 955967366 891400580 990222866
874203649 916787062 899900224 934065440
899900224 934065440 919186266 944507454
919186266 944507454 919186266 945241526
919186266 944507454 930110700 944507454
930110700 944507454 964479890 945088246
964479890 945088246 986480024 948568849
919186266 945241526 920963609 983774074
234613509 353403785 248551608 386888391
248551608 386888391 255843385 395791005
255843385 395791005 257242180 395791005
257242180 395791005 259363733 421853696
259363733 421853696 260716733 421853696
259363733 421853696 259363733 435248393
260716733 421853696 263254945 433520536
263254945 433520536 276265965 448573071
276265965 448573071 284099914 448573071
284099914 448573071 285250641 464335648
276265965 448573071 276265965 470860710
285250641 464335648 314553009 471032077
314553009 471032077 314988838 488878208
314988838 488878208 314988838 494498055
314988838 488878208 327739344 488878208
314988838 494498055 325790446 501379525
325790446 501379525 338307716 501379525
338307716 501379525 340144394 503371760
340144394 503371760 350087141 514712145
350087141 514712145 350087141 521403798
325790446 501379525 325790446 527050865
325790446 527050865 333284343 530594148
333284343 530594148 338271781 549492173
338271781 549492173 342586663 560980526
350087141 521403798 359975275 539024926
359975275 539024926 359975275 541944413
359975275 539024926 381306440 539024926
381306440 539024926 397876952 548401359
350087141 514712145 382521239 514712145
397876952 548401359 429590670 552109280
259363733 435248393 262202187 478257545
255843385 395791005 255843385 443298948
669107156 583779714 716621494 583779714
688866384 832151745 690434966 878300255
690434966 878300255 690434966 885421166
690434966 878300255 699986951 878300255
870441230 762718769 906237859 776269345
906237859 776269345 917289485 776269345
906237859 776269345 906237859 795020285
906237859 795020285 908618726 795020285
906237859 795020285 906237859 805902670
906237859 805902670 927708800 810777163
927708800 810777163 927708800 811645656
927708800 810777163 931041163 810777163
931041163 810777163 966676445 821100129
966676445 821100129 982226463 821100129
917289485 776269345 949880950 790144414
276265965 470860710 280987041 516725499
280987041 516725499 284514446 516725499
280987041 516725499 280987041 537467298
280987041 537467298 282505608 580130682
284514446 516725499 313108415 537202007
313108415 537202007 315440904 556326607
315440904 556326607 321579866 595913544
321579866 595913544 344295979 611573167
344295979 611573167 354707755 612600204
354707755 612600204 368759562 612600204
368759562 612600204 371681341 615560764
371681341 615560764 376476444 637421551
376476444 637421551 376476444 662242194
376476444 662242194 376476444 670454097
376476444 662242194 394559552 662242194
376476444 670454097 379663409 685700013
379663409 685700013 379663409 705107155
379663409 705107155 388010144 711293643
388010144 711293643 388010144 733268959
388010144 733268959 396022123 741157112
396022123 741157112 396022123 762152618
396022123 741157112 419090092 741157112
379663409 685700013 404281935 685700013
388010144 711293643 412679849 711293643
419090092 741157112 431310294 760042011
431310294 760042011 431310294 762542880
431310294 762542880 436223809 762542880
431310294 760042011 458004855 760042011
404281935 685700013 438582255 688521404
438582255 688521404 438582255 688899659
438582255 688521404 442985977 688521404
431310294 762542880 431310294 806389962
431310294 806389962 444550519 815907494
444550519 815907494 444550519 821422113
444550519 815907494 465083128 815907494
465083128 815907494 474875788 819041319
474875788 819041319 475395132 841117674
475395132 841117674 475395132 843016137
475395132 841117674 487218504 841117674
442985977 688521404 466576175 709295526
466576175 709295526 479160271 719535690
479160271 719535690 484459392 719535690
479160271 719535690 479160271 734907377
487218504 841117674 488204226 885741904
488204226 885741904 488204226 899068601
488204226 899068601 489387969 906515631
489387969 906515631 489387969 917858924
489387969 917858924 493044888 924326018
488204226 885741904 507027853 885741904
493044888 924326018 508335308 946352758
458004855 760042011 465083128 799079189
465083128 799079189 490174780 799079189
490174780 799079189 505499241 799079189
490174780 799079189 490174780 814653053
489387969 906515631 536007174 906515631
536007174 906515631 572376895 917052525
572376895 917052525 603985751 919093937
603985751 919093937 612948492 919093937
612948492 919093937 612948492 923537081
603985751 919093937 603985751 930609680
612948492 919093937 629746261 919093937
629746261 919093937 637336574 945094956
637336574 945094956 646215681 947083797
646215681 947083797 660971964 947083797
660971964 947083797 660971964 954303834
660971964 947083797 690259326 947083797
690259326 947083797 692937421 978139474
692937421 978139474 692937421 992543652
692937421 978139474 720174919 978139474
646215681 947083797 646215681 985015452
479160271 734907377 514425605 747425623
514425605 747425623 519456605 772711602
519456605 772711602 538851707 796234199
538851707 796234199 549905719 811835153
549905719 811835153 549905719 824566091
549905719 824566091 553840595 824566091
549905719 824566091 549905719 841421975
549905719 841421975 551539361 847927437
551539361 847927437 566702901 859819453
566702901 859819453 566702901 873614628
566702901 873614628 567360852 896927245
567360852 896927245 577152297 896927245
567360852 896927245 567360852 925348288
567360852 925348288 568243919 925348288
567360852 925348288 567360852 931395617
567360852 931395617 576741763 962054630
576741763 962054630 595812926 962054630
576741763 962054630 576741763 996855791
566702901 859819453 607100558 859819453
607100558 859819453 607100558 860287143
607100558 859819453 610103395 859819453
610103395 859819453 630578579 871296960
630578579 871296960 630578579 877397986
630578579 871296960 640574077 871296960
640574077 871296960 658615335 879108973
658615335 879108973 660393029 879108973
658615335 879108973 658615335 893032750
576741763 996855791 620594329 997602679
660971964 954303834 682512452 983524708
595812926 962054630 620594329 988237818
620594329 988237818 621726810 988237818
886409460 740973992 934606890 744355593
255843385 443298948 308647072 443408133
308647072 443408133 340246657 445730927
340246657 445730927 345023638 445730927
345023638 445730927 345080621 445730927
345023638 445730927 345023638 449024422
345023638 449024422 346793053 456904576
340246657 445730927 340246657 469614139
557993228 465036649 611076722 465036649
319594834 402217622 350310351 425082712
350310351 425082712 372400903 431181529
372400903 431181529 376656666 431181529
372400903 431181529 372400903 438713756
468737273 396246531 492729743 426351055
492729743 426351055 520160083 431707549
884664724 664502013 890466520 713932626
890466520 713932626 890466520 716179844
890466520 713932626 901811479 713932626
890466520 716179844 897101860 739982878
549905719 811835153 605472386 811835153
605472386 811835153 622134473 822410662
622134473 822410662 636002068 826530165
636002068 826530165 650899815 830970183
716621494 583779714 744694670 611430325
181844965 291712385 181844965 347630229
181844965 347630229 206626109 353403785
206626109 353403785 206626109 362521998
215397071 263275935 271428925 263275935
271428925 263275935 277414470 266668499
277414470 266668499 277896553 266668499
277414470 266668499 277414470 275203875
277414470 275203875 309213141 289234147
309213141 289234147 349691453 295472469
349691453 295472469 352874035 295472469
349691453 295472469 349691453 301450915
349691453 301450915 363259117 332308969
949880950 790144414 992137309 804159960
611076722 465036649 650248147 482651075
132011655 162489017 168551468 183799922
168551468 183799922 168551468 185064931
168551468 183799922 179371502 183799922
354707755 612600204 354707755 671202227
354707755 671202227 362320849 691671908
362320849 691671908 375451339 737259986
375451339 737259986 383867200 772900529
966676445 821100129 966676445 880046013
131404758 324706079 157680729 358746911
157680729 358746911 165315317 358746911
157680729 358746911 157680729 371998570
165315317 358746911 179076850 363419812
179076850 363419812 180977148 379362306
157680729 371998570 161338882 409170380
874463319 902669110 923476506 915541603
934606890 744355593 983439281 757896884
372400903 438713756 408627937 466880658
408627937 466880658 413227226 466880658
413227226 466880658 413227226 468878255
413227226 466880658 417367783 466880658
408627937 466880658 408627937 479233026
408627937 479233026 425968439 493038347
651021925 512533085 694409310 534085205
256218321 198328780 269560063 250852236
363259117 332308969 403341542 360523585
327739344 488878208 386026492 499057933
179371502 183799922 214326955 218867205
214326955 218867205 229729026 231900480
735181469 836422458 805686048 836422458
650248147 482651075 703323859 500519251
703323859 500519251 725698932 502481611
725698932 502481611 740736787 502481611
740736787 502481611 744855270 502481611
740736787 502481611 740736787 511686992
725698932 502481611 725698932 523989456
744855270 502481611 773275159 509996164
773275159 509996164 784362615 515425999
784362615 515425999 793435830 515425999
784362615 515425999 784362615 558971986
784362615 558971986 809019029 563524655
809019029 563524655 817235637 575065733
817235637 575065733 849961158 575065733
849961158 575065733 849961158 587777651
849961158 575065733 874425736 575065733
874425736 575065733 900808158 576062850
900808158 576062850 918320814 576062850
918320814 576062850 922969026 582671565
922969026 582671565 922969026 605626380
922969026 605626380 932659431 608963652
932659431 608963652 947281161 608963652
947281161 608963652 962060969 610458309
962060969 610458309 977439069 610458309
977439069 610458309 985334873 614042991
985334873 614042991 999541206 614042991
985334873 614042991 985334873 636305708
985334873 636305708 994953600 649499830
994953600 649499830 998773811 676467289
962060969 610458309 962060969 642714650
922969026 582671565 956574644 582671565
956574644 582671565 962466775 601714334
962466775 601714334 974216933 602571833
932659431 608963652 932659431 647409903
817235637 575065733 817235637 615265657
900808158 576062850 900808158 620431978
793435830 515425999 804401828 550268658
962060969 642714650 983173762 667580849
740736787 511686992 746716546 559114517
983173762 667580849 998692175 715422579
725698932 523989456 769191090 552027965
269560063 250852236 329716394 262630362
329716394 262630362 356528287 283736295
356528287 283736295 382078898 289163682
382078898 289163682 425824871 290696479
425824871 290696479 431092312 290696479
425824871 290696479 425824871 305385532
425824871 305385532 430756264 305385532
425824871 305385532 425824871 331400707
425824871 331400707 436985562 332163871
436985562 332163871 448127449 338581867
430756264 305385532 436985562 328076416
436985562 328076416 446158147 328076416
448127449 338581867 471168121 345516401
471168121 345516401 476424331 353724289
476424331 353724289 476424331 376617316
476424331 376617316 490683056 386998938
476424331 353724289 514587245 353724289
514587245 353724289 514587245 364229512
514587245 353724289 542065755 353724289
542065755 353724289 542065755 359512140
542065755 359512140 543069940 359512140
542065755 359512140 542065755 360756860
542065755 360756860 550491785 364127805
550491785 364127805 582353516 364127805
550491785 364127805 550491785 400471096
550491785 400471096 582170420 403751456
582170420 403751456 582170420 409331979
582170420 409331979 587254120 409331979
582170420 409331979 582170420 426148791
582353516 364127805 617366143 365556902
617366143 365556902 623591285 366370631
623591285 366370631 623591285 378947786
623591285 366370631 646702354 366370631
542065755 353724289 580889567 353724289
580889567 353724289 598517600 357017098
598517600 357017098 619377058 363865829
619377058 363865829 621124238 398643638
621124238 398643638 623555379 403751456
646702354 366370631 662889580 390182982
662889580 390182982 681208181 395082757
681208181 395082757 688451058 396606965
688451058 396606965 688451058 410784262
688451058 410784262 709818172 423517299
709818172 423517299 715376900 424543754
715376900 424543754 735987921 424871758
735987921 424871758 764217075 424871758
735987921 424871758 735987921 471090627
735987921 471090627 735987921 481679494
735987921 481679494 756197348 482610760
756197348 482610760 759914703 482610760
756197348 482610760 756197348 499561007
735987921 471090627 759155594 471090627
759155594 471090627 802252413 471956949
802252413 471956949 802252413 499114406
802252413 471956949 830872162 471956949
802252413 499114406 825844466 507822810
688451058 396606965 738756192 396606965
738756192 396606965 780899321 402377542
780899321 402377542 813495908 415747621
813495908 415747621 839898157 427522206
839898157 427522206 842180978 427522206
839898157 427522206 839898157 438947159
842180978 427522206 877608363 433528454
877608363 433528454 879760760 433528454
877608363 433528454 877608363 437828130
877608363 437828130 881646458 438859399
881646458 438859399 890257808 438859399
890257808 438859399 890257808 444110062
890257808 444110062 901674198 446918121
901674198 446918121 901674198 455361498
901674198 455361498 902288548 461397382
902288548 461397382 912733836 464026747
912733836 464026747 919550977 475868403
919550977 475868403 928211687 475868403
919550977 475868403 919550977 491433619
901674198 446918121 932022287 446918121
919550977 491433619 948047745 501171329
948047745 501171329 951303342 501597540
951303342 501597540 957431330 501597540
957431330 501597540 957431330 507227540
951303342 501597540 951303342 522055629
951303342 522055629 954338453 522055629
951303342 522055629 951303342 541319088
951303342 541319088 953835114 544007357
954338453 522055629 983551237 523992346
957431330 501597540 989131682 501597540
953835114 544007357 956098774 575295091
957431330 507227540 987807470 517851528
932022287 446918121 971297464 454089443
971297464 454089443 976180194 484307936
890257808 438859399 937503514 438859399
881646458 438859399 881646458 486831932
623555379 403751456 634659400 448544661
634659400 448544661 643689243 451050226
881646458 486831932 890763105 540010760
890763105 540010760 893087803 540010760
890763105 540010760 890763105 545381655
893087803 540010760 906612193 543549186
764217075 424871758 797605285 457256535
514587245 364229512 525833293 421306186
525833293 421306186 538011766 428453112
538011766 428453112 579354910 428913510
673606731 719875547 735286819 733129374
214578296 158006455 293415501 158006455
209483924 100243239 282582648 107232169
282582648 107232169 286709034 110370611
286709034 110370611 319478533 125774203
319478533 125774203 333552743 125774203
333552743 125774203 338169269 133515956
319478533 125774203 319478533 144207071
338169269 133515956 361400868 143068318
361400868 143068318 376289253 149301377
376289253 149301377 404209784 170254673
404209784 170254673 404209784 172860237
404209784 170254673 420101827 170254673
420101827 170254673 429923385 171324891
404209784 172860237 406026893 229646280
406026893 229646280 419862652 229646280
406026893 229646280 406026893 246882719
406026893 246882719 406026893 246939647
406026893 246882719 418694019 246882719
418694019 246882719 439029973 250169155
439029973 250169155 443139734 258483708
443139734 258483708 467052578 261145527
429923385 171324891 469841528 191643239
469841528 191643239 469841528 202132544
469841528 202132544 480566728 203327543
469841528 191643239 497986247 191643239
497986247 191643239 500894471 194066170
500894471 194066170 521979938 194066170
500894471 194066170 500894471 221497663
500894471 221497663 563562806 232359883
563562806 232359883 567472236 232359883
563562806 232359883 563562806 240318522
567472236 232359883 583896310 233953964
583896310 233953964 583896310 247177583
583896310 247177583 587654511 271160724
587654511 271160724 588931195 271160724
587654511 271160724 587654511 289644184
588931195 271160724 598372500 284849612
583896310 233953964 613506424 233953964
613506424 233953964 616039766 245243997
616039766 245243997 616039766 256090187
616039766 245243997 631531376 245243997
587654511 289644184 595919409 315137887
631531376 245243997 660557336 255211351
660557336 255211351 667882507 255856824
667882507 255856824 672738525 261265810
672738525 261265810 672738525 294430680
672738525 294430680 677952555 298338628
677952555 298338628 677952555 320638922
677952555 298338628 703567276 298338628
595919409 315137887 625424749 329737281
625424749 329737281 627043281 329737281
625424749 329737281 625424749 340125499
625424749 340125499 654314270 342474436
654314270 342474436 655690905 342474436
655690905 342474436 658820763 348819468
654314270 342474436 654314270 359338923
627043281 329737281 651824657 338295298
703567276 298338628 715001454 333431246
715001454 333431246 724734128 333431246
715001454 333431246 715001454 347809293
598372500 284849612 650127634 294576701
650127634 294576701 659592050 294576701
650127634 294576701 650127634 314300459
672738525 261265810 734750962 261265810
734750962 261265810 752370260 280130521
752370260 280130521 752370260 287322002
752370260 287322002 753352291 288622680
753352291 288622680 753352291 297191889
752370260 280130521 771244122 280130521
771244122 280130521 776041202 285906689
776041202 285906689 776041202 288622680
776041202 285906689 791333327 285906689
791333327 285906689 819314152 289371372
819314152 289371372 832721994 289371372
819314152 289371372 819314152 305582581
776041202 288622680 782030861 316580561
782030861 316580561 782030861 333231044
782030861 333231044 782030861 339544094
782030861 339544094 786932309 339544094
782030861 333231044 790221654 333231044
786932309 339544094 795480749 344595100
795480749 344595100 800257597 352825380
800257597 352825380 800257597 372663991
800257597 372663991 812486868 372663991
812486868 372663991 812486868 377932804
812486868 372663991 820223552 372663991
820223552 372663991 822473287 378688339
822473287 378688339 822473287 388104038
800257597 372663991 800257597 387107546
822473287 388104038 839287178 390308685
839287178 390308685 841617631 390308685
841617631 390308685 846758003 395920870
846758003 395920870 846758003 397563834
839287178 390308685 839287178 402001689
782030861 316580561 803416875 316580561
800257597 352825380 827324186 352825380
827324186 352825380 828958290 355600911
828958290 355600911 844279665 358558359
844279665 358558359 845292445 358558359
844279665 358558359 844279665 362642128
845292445 358558359 851196981 361408476
851196981 361408476 852863687 378688339
782030861 339544094 782030861 381268105
832721994 289371372 866858007 301010101
866858007 301010101 894475482 318145830
894475482 318145830 903193936 345533045
903193936 345533045 903193936 349265843
903193936 345533045 932515300 345533045
903193936 349265843 918055509 363987367
918055509 363987367 930065149 366319915
930065149 366319915 936903700 379168465
936903700 379168465 943325526 398051549
846758003 395920870 893154841 395920870
893154841 395920870 897289017 398051549
897289017 398051549 897289017 404669374
897289017 404669374 897289017 407338166
897289017 404669374 900651770 404669374
897289017 398051549 914241727 398051549
914241727 398051549 914241727 400598622
846758003 397563834 879035511 414810817
932515300 345533045 981581701 354950249
383867200 772900529 402407364 835733487
402407364 835733487 416105308 835733487
402407364 835733487 402407364 855289435
402407364 855289435 406237564 893770399
406237564 893770399 419670667 897792242
419670667 897792242 430586367 897792242
430586367 897792242 430586367 913065314
430586367 897792242 468048501 897792242
468048501 897792242 470363555 897792242
468048501 897792242 468048501 910810454
470363555 897792242 479497765 908099455
430586367 913065314 457784644 926107552
457784644 926107552 460138512 958211266
460138512 958211266 467892040 958211266
460138512 958211266 460138512 974200584
460138512 974200584 460183827 987634689
460183827 987634689 472015516 997043495
419670667 897792242 419670667 943750229
419670667 943750229 419885046 943750229
419670667 943750229 419670667 949103340
419670667 949103340 423323374 980255524
376476444 637421551 459491159 637421551
459491159 637421551 487508463 673129445
487508463 673129445 487508463 677151574
487508463 673129445 498388548 673129445
498388548 673129445 511707156 680470864
511707156 680470864 511707156 693156731
511707156 693156731 534190619 711546082
534190619 711546082 554691891 712036226
511707156 680470864 557013601 680470864
554691891 712036226 591466442 721932842
591466442 721932842 601333131 721932842
591466442 721932842 591466442 741305281
591466442 741305281 602512894 741608484
602512894 741608484 602512894 747400203
602512894 747400203 610895696 754313851
602512894 741608484 621080390 741608484
610895696 754313851 646406345 780322279
646406345 780322279 656369996 786597301
0 0 0 83290637
0 83290637 0 87135954
0 87135954 0 92041765
0 87135954 18327495 87135954
18327495 87135954 18552670 92041765
0 92041765 0 113552464
0 113552464 0 129192087
0 129192087 0 131658346
0 129192087 8466995 129192087
8466995 129192087 15060401 131658346
0 131658346 0 146839869
0 146839869 0 150466411
0 113552464 23562298 113552464
0 150466411 0 176948173
0 176948173 0 183188876
0 183188876 24097487 183188876
0 150466411 35530612 150466411
35530612 150466411 46085972 157896133
46085972 157896133 46085972 176948173
46085972 176948173 52771693 190320367
46085972 157896133 70237691 157896133
52771693 190320367 66329753 209140104
0 146839869 36985696 146839869
70237691 157896133 86174290 181824571
0 83290637 49561834 83290637
49561834 83290637 61668138 86627015
0 183188876 0 246720457
0 246720457 0 257397211
0 257397211 22837506 257397211
0 246720457 26693669 246720457
0 257397211 0 287081549
0 287081549 0 292030780
0 292030780 11085023 292030780
0 292030780 0 323813750
0 323813750 0 324769043
0 323813750 3241888 323813750
0 324769043 0 341681412
0 341681412 828183 341681412
0 341681412 0 350366453
0 350366453 0 370624868
0 370624868 0 370655193
0 370624868 11444625 370624868
0 370655193 0 396008721
0 396008721 0 400155896
0 400155896 0 420601470
0 420601470 3530153 420601470
0 420601470 0 428153057
0 428153057 0 440355991
0 440355991 0 465688834
0 465688834 0 470430486
0 470430486 0 483017052
0 483017052 0 493707318
0 493707318 0 502278589
0 502278589 0 502689921
0 502278589 5424096 502278589
0 502689921 0 509323353
0 509323353 0 519752763
0 400155896 27880428 400155896
5424096 502278589 34732941 502689921
34732941 502689921 47955520 509323353
47955520 509323353 49261412 509323353
47955520 509323353 47955520 519752763
49261412 509323353 59868150 510423609
11444625 370624868 42779472 370655193
0 519752763 0 551221104
0 551221104 0 559129281
0 559129281 0 563931519
0 563931519 3636748 563931519
0 559129281 5845995 559129281
42779472 370655193 58214740 386851089
0 493707318 31898710 493707318
0 396008721 34455164 396008721
0 483017052 37493014 483017052
0 287081549 40895236 287081549
40895236 287081549 47475245 315993692
47475245 315993692 47475245 324769043
47475245 315993692 75052518 315993692
75052518 315993692 76056568 340705347
76056568 340705347 76056568 342406728
76056568 342406728 86900865 347809132
86900865 347809132 99637373 347809132
86900865 347809132 86900865 374060897
76056568 340705347 102588111 340705347
99637373 347809132 118317365 362357201
118317365 362357201 130754118 370114427
130754118 370114427 145767047 391334048
145767047 391334048 145767047 397537782
145767047 397537782 147436276 397537782
145767047 397537782 145767047 401680560
145767047 391334048 157243011 391334048
86900865 374060897 88830655 409179642
88830655 409179642 88830655 410196877
88830655 409179642 96744921 409179642
37493014 483017052 76308184 485098907
76308184 485098907 76308184 496638540
76308184 485098907 106958150 485098907
106958150 485098907 117798425 503652052
117798425 503652052 129403158 503652052
129403158 503652052 138267965 515207267
138267965 515207267 164252284 516248109
164252284 516248109 173916522 521179064
173916522 521179064 185191536 521179064
173916522 521179064 173916522 543881894
173916522 543881894 183415385 543881894
173916522 543881894 173916522 559630672
117798425 503652052 117798425 534290059
0 440355991 42852883 440355991
42852883 440355991 43658559 465688834
43658559 465688834 46095439 465688834
46095439 465688834 50548646 465821069
43658559 465688834 43658559 470430486
50548646 465821069 50548646 480104164
50548646 480104164 65943033 480704434
65943033 480704434 69621004 481490389
0 350366453 43761962 350366453
157243011 391334048 157541109 436107791
173916522 559630672 178431043 601879188
178431043 601879188 189206960 601879188
178431043 601879188 178431043 622102860
189206960 601879188 208807241 608723449
208807241 608723449 236887382 608723449
236887382 608723449 254285985 612514241
208807241 608723449 208807241 641996567
208807241 641996567 211191103 657776992
211191103 657776992 211191103 675232770
211191103 675232770 212901126 685862559
212901126 685862559 224955872 685862559
224955872 685862559 241959915 689100554
241959915 689100554 253407501 689100554
241959915 689100554 241959915 705589715
212901126 685862559 212901126 707288137
211191103 657776992 246127906 657776992
241959915 705589715 246122903 740221371
246122903 740221371 256194851 760857006
256194851 760857006 271953857 779296705
271953857 779296705 272462507 779296705
271953857 779296705 271953857 797038788
271953857 797038788 286824547 813736650
286824547 813736650 291529486 813736650
286824547 813736650 286824547 821064014
291529486 813736650 318396175 817331072
318396175 817331072 334655449 830922855
334655449 830922855 354366490 830922855
334655449 830922855 334655449 856628375
334655449 856628375 334655449 857256556
334655449 856628375 350816995 856628375
272462507 779296705 299473823 785210216
350816995 856628375 361256288 880581153
178431043 622102860 183466840 657176292
183466840 657176292 189517957 661291158
189517957 661291158 198304171 661291158
198304171 661291158 205216331 661291158
198304171 661291158 198304171 671025155
189517957 661291158 189517957 699151501
189517957 699151501 190400675 699151501
189517957 699151501 189517957 703267034
189517957 703267034 192398939 718258599
192398939 718258599 199780515 749308474
299473823 785210216 318396175 812928701
318396175 812928701 323073945 812928701
212901126 707288137 227777981 739589277
0 551221104 47561385 551221104
47561385 551221104 57956069 558474484
57956069 558474484 61068145 558474484
61068145 558474484 61068145 560497534
61068145 560497534 65895099 562252948
65895099 562252948 71338539 562252948
61068145 558474484 70411446 558474484
71338539 562252948 82720976 562252948
71338539 562252948 71338539 581638663
71338539 581638663 72827732 584785195
72827732 584785195 72827732 599357639
65895099 562252948 65895099 609899495
65895099 609899495 71418507 618268942
71418507 618268942 71418507 631840089
71418507 618268942 103475054 618268942
246127906 657776992 276707691 674869759
276707691 674869759 276707691 682818159
276707691 674869759 291881626 674869759
291881626 674869759 306715658 684557077
306715658 684557077 306715658 684932203
306715658 684932203 314591887 684932203
306715658 684557077 322266184 684557077
306715658 684932203 306715658 705078480
306715658 705078480 336498299 719994975
276707691 682818159 287105676 721978342
287105676 721978342 289726749 730251652
183415385 543881894 230166092 553626407
230166092 553626407 241025221 576251143
241025221 576251143 254285985 590222286
254285985 590222286 254843407 590222286
254843407 590222286 259125552 594586691
72827732 584785195 132474945 584785195
103475054 618268942 144110857 638605021
57956069 558474484 57956069 619837892
58214740 386851089 79945577 429486857
71418507 631840089 86680224 681413459
86680224 681413459 94099525 682861332
94099525 682861332 99120067 682861332
94099525 682861332 94099525 700290314
94099525 700290314 98838529 700290314
99120067 682861332 114716506 691841976
94099525 700290314 94099525 732711258
94099525 732711258 95159856 732711258
94099525 732711258 94099525 754737576
95159856 732711258 122067817 736401459
122067817 736401459 124669009 759320797
98838529 700290314 112140920 724029180
112140920 724029180 122067817 729603289
122067817 729603289 138430771 729603289
124669009 759320797 136757246 787208968
136757246 787208968 162012077 799144608
162012077 799144608 168314631 799144608
168314631 799144608 179491408 815238422
179491408 815238422 197034656 815238422
197034656 815238422 207902727 817646831
179491408 815238422 179491408 848508615
179491408 848508615 179491408 855098399
179491408 855098399 184139690 855098399
179491408 848508615 195064758 848508615
179491408 855098399 179491408 882614968
179491408 882614968 191526378 883773214
114716506 691841976 158756820 697652954
158756820 697652954 160455014 697652954
158756820 697652954 158756820 718308664
191526378 883773214 245346678 883773214
245346678 883773214 255101223 885323884
255101223 885323884 255101223 899908370
255101223 885323884 278452968 885323884
278452968 885323884 278452968 886953392
278452968 886953392 279416979 886953392
278452968 886953392 278452968 888602421
278452968 885323884 280685950 885323884
278452968 888602421 321214493 900550044
185191536 521179064 228687641 542591104
228687641 542591104 259300554 546257597
336498299 719994975 353773652 768672065
353773652 768672065 363984179 768672065
353773652 768672065 353773652 783807085
353773652 783807085 375858421 810419618
375858421 810419618 379494910 810419618
375858421 810419618 375858421 827654521
375858421 827654521 378375250 828304760
191526378 883773214 191526378 950084259
191526378 950084259 199600422 952859994
199600422 952859994 199600422 981562560
199600422 952859994 238811838 952859994
238811838 952859994 258498901 976466768
258498901 976466768 268331266 976466768
258498901 976466768 258498901 999965983
268331266 976466768 286431603 989580255
286431603 989580255 334888303 993421999
334888303 993421999 373018891 995268541
255101223 899908370 271034739 952109721
271034739 952109721 314755866 960887794
314755866 960887794 334888303 972406596
334888303 972406596 388816314 972406596
388816314 972406596 398944208 972406596
388816314 972406596 388816314 989692526
157541109 436107791 218903725 445381146
218903725 445381146 227258571 461626710
227258571 461626710 245329006 494406088
245329006 494406088 250038740 511264699
94099525 754737576 120061869 802059139
162012077 799144608 162012077 873281833
162012077 873281833 162419457 884944703
22837506 257397211 93517190 262830162
93517190 262830162 101550520 262830162
93517190 262830162 93517190 285049067
50548646 465821069 126934159 465821069
195064758 848508615 264748781 857150592
264748781 857150592 278452968 878423650
278452968 878423650 278452968 880181862
278452968 880181862 279787972 880181862
278452968 878423650 313973232 878423650
429590670 552109280 468515584 598535812
468515584 598535812 482136228 609839112
482136228 609839112 487508463 622856849
487508463 622856849 503901201 622856849
503901201 622856849 520522138 631595436
520522138 631595436 522516100 666541380
824598795 814650728 893635784 833265161
76402668 0 171255169 0
171255169 0 198659348 0
198659348 0 211798900 0
211798900 0 211798900 9838359
198659348 0 198659348 32140508
171255169 0 171255169 38257202
171255169 38257202 179025145 52998100
179025145 52998100 195752945 69145071
195752945 69145071 209483924 70272787
209483924 70272787 257455177 70272787
257455177 70272787 283850185 82375942
283850185 82375942 284083237 82375942
283850185 82375942 283850185 85880917
284083237 82375942 286709034 85412762
286709034 85412762 329482592 85412762
329482592 85412762 335484784 85412762
335484784 85412762 338169269 92943140
329482592 85412762 329482592 106814601
338169269 92943140 387828681 92943140
387828681 92943140 388418333 97667990
388418333 97667990 396099105 97667990
396099105 97667990 400402304 100628013
388418333 97667990 388418333 123173286
388418333 123173286 415489940 123475687
415489940 123475687 420101827 132816157
420101827 132816157 420101827 146581272
420101827 146581272 421662406 146581272
421662406 146581272 422253417 147118399
420101827 132816157 456243049 132816157
456243049 132816157 511949739 137573789
511949739 137573789 515293455 137573789
511949739 137573789 511949739 148729197
400402304 100628013 450696639 111192070
511949739 148729197 532903887 189033772
211798900 0 276195465 0
276195465 0 276195465 43548096
276195465 0 324349341 0
324349341 0 324349341 2401534
324349341 0 328391901 0
328391901 0 357575113 0
357575113 0 367541118 0
367541118 0 375999826 0
375999826 0 375999826 2000895
367541118 0 367541118 16988230
375999826 0 401855551 0
401855551 0 403326976 0
403326976 0 404984633 0
401855551 0 401855551 9544985
401855551 9544985 403326976 15782827
404984633 0 417504809 0
328391901 0 328391901 29406991
417504809 0 446967490 0
446967490 0 456283267 0
456283267 0 456283267 10736743
456283267 0 468316671 0
446967490 0 446967490 16873031
403326976 15782827 404984633 46413171
404984633 46413171 405350669 48761145
405350669 48761145 417504809 48761145
405350669 48761145 405350669 63199716
417504809 48761145 431026823 57000616
328391901 29406991 357575113 34525905
357575113 34525905 363508488 66336923
456283267 10736743 458604625 50927556
458604625 50927556 467275011 52861124
467275011 52861124 482806620 52861124
467275011 52861124 467275011 95702653
468316671 0 468316671 44685081
468316671 0 517429455 0
517429455 0 530943028 0
530943028 0 533032201 0
533032201 0 533889796 0
533889796 0 547093329 0
547093329 0 565090017 0
533889796 0 533889796 18185080
533889796 18185080 534499736 38622500
534499736 38622500 534499736 51021929
534499736 51021929 542101510 51021929
534499736 38622500 547093329 38622500
534499736 51021929 534499736 71588430
517429455 0 517429455 22888891
517429455 22888891 529858777 27142884
529858777 27142884 530943028 27142884
530943028 27142884 533032201 27142884
530943028 27142884 530943028 29849934
565090017 0 565090017 32291621
565090017 32291621 579645011 51521993
579645011 51521993 581407219 70187203
565090017 0 600650778 0
600650778 0 605096710 0
605096710 0 606816795 0
606816795 0 606816795 1589727
606816795 0 628725975 0
628725975 0 629640290 0
605096710 0 605096710 32012647
605096710 32012647 628725975 42063184
628725975 42063184 629640290 45352795
629640290 45352795 640841691 67585323
640841691 67585323 663471199 67585323
640841691 67585323 640841691 95539576
640841691 95539576 641109517 96312549
641109517 96312549 641109517 115529081
641109517 115529081 643690500 122749430
643690500 122749430 644818953 122749430
641109517 96312549 662286240 96312549
662286240 96312549 671526671 99315567
643690500 122749430 643690500 147438860
643690500 147438860 648355430 160738615
648355430 160738615 661309790 160738615
648355430 160738615 648355430 194389616
648355430 194389616 648493174 200859335
648493174 200859335 660557336 215710246
660557336 215710246 660557336 241755379
660557336 241755379 676474799 241755379
671526671 99315567 685758389 119309612
685758389 119309612 689669586 136327281
689669586 136327281 689669586 151254170
689669586 136327281 709777694 136327281
709777694 136327281 721018683 142979228
721018683 142979228 727912412 146013761
663471199 67585323 683722692 82316089
660557336 215710246 698067409 215710246
534499736 71588430 551282018 98660314
551282018 98660314 551282018 108616005
551282018 98660314 575212948 98660314
689669586 151254170 704277683 184418032
704277683 184418032 710064060 186400309
727912412 146013761 746466059 176071142
746466059 176071142 749898888 205403834
749898888 205403834 749898888 217302240
749898888 217302240 758997305 217302240
749898888 217302240 749898888 241683833
749898888 241683833 762087418 241829305
762087418 241829305 762087418 254136272
762087418 241829305 775589584 241829305
749898888 205403834 775481118 205403834
775481118 205403834 802210923 206622248
802210923 206622248 802210923 214653938
802210923 206622248 824121531 206622248
758997305 217302240 772849088 233336668
802210923 214653938 821562555 229718821
824121531 206622248 850161665 217410667
850161665 217410667 853011340 219808616
853011340 219808616 856028015 219808616
856028015 219808616 856028015 219951095
856028015 219808616 857421187 219808616
857421187 219808616 858459612 251135643
858459612 251135643 858459612 252641282
853011340 219808616 853011340 268386663
853011340 268386663 890862908 279026881
575212948 98660314 588112199 136790974
588112199 136790974 588112199 144935403
588112199 144935403 613750361 144935403
588112199 136790974 616594058 136790974
588112199 144935403 588112199 174350058
588112199 174350058 588112199 181276513
588112199 174350058 600397344 174350058
629640290 0 682778057 0
682778057 0 682778057 35103052
682778057 35103052 683722692 52864791
683722692 52864791 709458243 52864791
709458243 52864791 710403819 55222815
710403819 55222815 710749382 55222815
710403819 55222815 710403819 77265323
710403819 77265323 729130409 90745115
710749382 55222815 740017302 59760627
740017302 59760627 749109416 59760627
749109416 59760627 749109416 64015656
740017302 59760627 740017302 71138381
749109416 59760627 764873038 59760627
764873038 59760627 768039986 62508354
768039986 62508354 793716450 62508354
768039986 62508354 768039986 88285034
768039986 88285034 775539432 88285034
768039986 88285034 768039986 99222581
768039986 99222581 769390193 116927399
769390193 116927399 769390193 133966420
769390193 133966420 783447183 144964295
769390193 116927399 799243252 116927399
793716450 62508354 836246190 69960580
836246190 69960580 844611266 77458043
844611266 77458043 844611266 82062355
844611266 77458043 853085754 77458043
844611266 82062355 846936771 89594199
846936771 89594199 866352956 101292874
866352956 101292874 869759908 107129380
869759908 107129380 883514372 107129380
883514372 107129380 897234559 114344318
897234559 114344318 902289685 114344318
902289685 114344318 906129768 114344318
902289685 114344318 902289685 125205608
897234559 114344318 897234559 141134903
902289685 125205608 922347922 140311224
922347922 140311224 932364970 153793443
932364970 153793443 950586496 153793443
950586496 153793443 950586496 158717052
950586496 153793443 958038846 153793443
950586496 158717052 953167818 177719944
853085754 77458043 890402983 78830129
890402983 78830129 890402983 79213733
890402983 78830129 891411940 78830129
891411940 78830129 896572990 79829523
896572990 79829523 896572990 80828712
896572990 79829523 931627371 79829523
931627371 79829523 932264065 93387129
896572990 80828712 926189655 87203744
869759908 107129380 869759908 147419842
932264065 93387129 948004826 121438094
958038846 153793443 990194404 166456060
990194404 166456060 997385127 181791559
932364970 153793443 932364970 202349617
932364970 202349617 945260326 209486769
945260326 209486769 945260326 232773132
945260326 232773132 951355491 232773132
945260326 209486769 974117468 209486769
951355491 232773132 973706634 239848482
945260326 232773132 945260326 263873168
945260326 263873168 946306776 277614316
973706634 239848482 980331191 270185155
980331191 270185155 981817950 272634985
946306776 277614316 969304156 293881255
969304156 293881255 986465528 312833584
986465528 312833584 996045986 326494311
783447183 144964295 821218607 159193612
821218607 159193612 826502692 159193612
826502692 159193612 834192580 159193612
826502692 159193612 826502692 169192138
834192580 159193612 838614504 166444472
838614504 166444472 848877744 166444472
848877744 166444472 850596792 166444472
848877744 166444472 848877744 171341320
838614504 166444472 838614504 199673525
821218607 159193612 821218607 200306329
467275011 95702653 513478313 102770071
513478313 102770071 524107460 102770071
513478313 102770071 513478313 118521020
513478313 118521020 538030781 132966341
529858777 27142884 529858777 82808130
858459612 252641282 909113140 257745063
909113140 257745063 924857236 266483676
682778057 0 743642295 0
743642295 0 743642295 18792109
743642295 0 770172775 0
770172775 0 773413469 0
773413469 0 773413469 5677715
770172775 0 770172775 20548290
773413469 0 817596183 0
817596183 0 840861901 0
840861901 0 846033740 0
846033740 0 851302412 0
851302412 0 851302412 510674
851302412 0 873454090 0
873454090 0 873454090 10618272
873454090 0 884815748 0
884815748 0 917930323 0
917930323 0 917930323 2714264
917930323 0 939335930 0
939335930 0 942791899 0
942791899 0 942791899 33849450
942791899 33849450 947007457 46175313
947007457 46175313 974968922 46175313
974968922 46175313 986599742 46175313
974968922 46175313 974968922 67685397
986599742 46175313 989030494 66844592
947007457 46175313 947007457 76385850
840861901 0 840861901 36353874
840861901 36353874 846033740 48645955
846033740 48645955 866977671 59417906
884815748 0 884815748 44072005
817596183 0 817596183 44348523
939335930 0 939335930 48898616
858459612 251135643 919408185 251135643
600397344 174350058 611189896 225163405
611189896 225163405 611189896 228137160
611189896 225163405 635861448 225163405
611189896 228137160 634667739 229664613
805686048 836422458 881718810 858237703
0 563931519 0 665921411
0 665921411 0 671952586
0 671952586 0 711531580
0 711531580 0 727585321
0 727585321 0 729772341
0 729772341 0 732719149
0 732719149 0 743071449
0 743071449 0 768106367
0 729772341 27413494 729772341
27413494 729772341 40400765 732719149
40400765 732719149 44406274 732719149
40400765 732719149 40400765 743071449
40400765 743071449 41494388 768106367
41494388 768106367 64000189 776333368
64000189 776333368 69140466 782241478
69140466 782241478 69140466 794326365
69140466 782241478 81615410 782241478
69140466 794326365 73563414 806040098
0 711531580 32219809 711531580
32219809 711531580 33561909 727585321
0 768106367 0 810551152
0 810551152 0 810812690
0 810812690 1033415 810812690
0 810551152 35685625 810551152
0 665921411 44218170 665921411
44218170 665921411 45752151 671952586
0 810812690 0 873442967
0 873442967 0 878021723
0 878021723 0 903996706
0 903996706 0 925895097
0 878021723 28443390 878021723
28443390 878021723 28821772 886760683
28821772 886760683 28821772 903996706
28821772 886760683 50877828 886760683
50877828 886760683 67722914 896816632
67722914 896816632 71445953 899986808
71445953 899986808 89156889 899986808
89156889 899986808 89156889 900652855
89156889 900652855 89211417 923728091
89211417 923728091 89211417 931049799
89211417 923728091 98058067 923728091
28821772 903996706 33866825 925895097
89156889 899986808 128388529 899986808
128388529 899986808 148226389 902162136
148226389 902162136 149243723 902162136
148226389 902162136 148226389 929851695
0 873442967 46150216 873442967
46150216 873442967 76011301 873568763
148226389 929851695 154972847 975249514
71445953 899986808 71445953 960154560
71445953 960154560 74044756 961174739
74044756 961174739 74044756 962099619
74044756 962099619 82638783 970759898
74044756 961174739 127681759 961174739
82638783 970759898 123464647 987920687
123464647 987920687 126370644 987920687
123464647 987920687 123464647 997414401
35685625 810551152 62302535 848430209
33866825 925895097 64687653 966298271
64687653 966298271 64687653 966315345
64687653 966298271 65957055 966298271
76011301 873568763 158020489 879111506
71264628 22225139 169577313 54662349
