1438
0 0 0 9120080
0 9120080 0 12762575
0 0 15186672 0
15186672 0 15186672 9120080
15186672 0 38556969 0
38556969 0 38556969 12762575
38556969 0 56720363 0
56720363 0 56720363 3866563
56720363 0 62647753 0
62647753 0 66050583 0
62647753 0 62647753 6545396
62647753 6545396 66050583 34058932
66050583 34058932 77218714 54145443
77218714 54145443 82948095 91349864
82948095 91349864 82948095 100189753
82948095 100189753 82948095 108926663
82948095 108926663 85019320 108926663
82948095 108926663 82948095 117303552
82948095 117303552 86489604 126685134
86489604 126685134 92346822 135796149
92346822 135796149 92346822 143016868
92346822 135796149 103966857 135796149
103966857 135796149 112668631 139190773
112668631 139190773 115897787 143228218
115897787 143228218 115897787 157022348
115897787 157022348 115897787 162103945
115897787 157022348 122463716 157022348
122463716 157022348 136829199 160881893
136829199 160881893 141509849 160881893
141509849 160881893 141852519 166923182
141852519 166923182 141852519 178565017
141852519 178565017 149829996 178565017
141852519 166923182 153883465 166923182
149829996 178565017 158159439 188306577
158159439 188306577 167803197 188664607
167803197 188664607 168960659 188664607
141852519 178565017 141852519 200766641
167803197 188664607 167803197 212244469
82948095 100189753 106843916 100189753
115897787 143228218 144924853 143228218
144924853 143228218 144924853 149815884
144924853 149815884 159350512 153941352
92346822 143016868 101159524 164330733
101159524 164330733 103368683 174404206
141852519 200766641 149123370 227889737
167803197 212244469 200006857 224108579
200006857 224108579 206369233 230874964
206369233 230874964 214102550 266395689
168960659 188664607 209777008 193880719
209777008 193880719 228095015 200102590
228095015 200102590 236363725 202685415
236363725 202685415 240826045 202685415
236363725 202685415 236363725 214974075
236363725 214974075 251271820 240555525
251271820 240555525 251651278 245779423
251651278 245779423 269530734 245779423
251651278 245779423 251651278 284466354
159350512 153941352 203851690 158694978
203851690 158694978 211246289 174117435
211246289 174117435 212774177 174117435
211246289 174117435 211246289 182645475
212774177 174117435 238395156 177039597
238395156 177039597 239970875 192238859
144924853 143228218 194610535 143228218
194610535 143228218 200795940 143770830
200795940 143770830 200795940 148830387
200795940 143770830 229672472 143770830
82948095 91349864 136524485 91349864
149123370 227889737 159118131 280639789
159118131 280639789 161166448 296414473
161166448 296414473 173202332 312011207
173202332 312011207 177104630 312011207
173202332 312011207 173202332 326028751
173202332 326028751 178293816 341062344
178293816 341062344 178293816 350543322
178293816 350543322 188075118 353691391
188075118 353691391 188075118 364842906
188075118 353691391 206157625 353691391
206157625 353691391 247054296 355575171
247054296 355575171 273518727 366876035
273518727 366876035 273518727 368338976
273518727 368338976 289087766 370602382
289087766 370602382 289087766 394512863
289087766 394512863 290065099 408218882
273518727 366876035 300685914 366876035
300685914 366876035 318621012 370602382
318621012 370602382 327118212 370602382
318621012 370602382 318621012 384024466
318621012 384024466 318621012 388480587
318621012 384024466 324246593 384024466
327118212 370602382 350050257 375060225
350050257 375060225 353899771 378522777
353899771 378522777 353899771 391099209
353899771 378522777 375427306 378522777
353899771 391099209 373023718 394079163
373023718 394079163 373772719 394079163
373772719 394079163 379875756 400109981
379875756 400109981 389625124 400109981
379875756 400109981 379875756 417725331
379875756 417725331 406609269 418021285
373023718 394079163 373023718 423990778
290065099 408218882 299373043 431531650
299373043 431531650 301545372 438482849
301545372 438482849 307520486 443972188
307520486 443972188 307520486 461103877
307520486 461103877 313144381 478841720
313144381 478841720 313144381 505939491
313144381 505939491 316136437 525746122
316136437 525746122 318247452 525746122
316136437 525746122 316136437 538904508
318247452 525746122 329459102 532103914
329459102 532103914 337719234 543365224
316136437 538904508 320386469 566057255
313144381 478841720 346180924 478841720
346180924 478841720 349394476 483476103
349394476 483476103 349394476 484985898
349394476 484985898 366807613 493612400
366807613 493612400 385538932 498256920
385538932 498256920 387322310 531454933
349394476 483476103 385538932 483476103
385538932 483476103 420231696 483476103
420231696 483476103 426109856 510932916
426109856 510932916 426109856 512925943
426109856 512925943 427393343 512925943
427393343 512925943 427919897 519814371
427919897 519814371 430034473 528690220
430034473 528690220 430034473 530053460
426109856 512925943 426109856 524238104
430034473 528690220 445964480 528690220
445964480 528690220 455875790 536201794
426109856 510932916 454208261 510932916
455875790 536201794 473640765 548134998
473640765 548134998 486629231 553286989
486629231 553286989 486629231 563902318
486629231 563902318 487019639 563902318
486629231 553286989 506825858 553286989
506825858 553286989 506825858 559592120
506825858 553286989 515692455 553286989
487019639 563902318 500414941 577263191
500414941 577263191 501090507 580373910
501090507 580373910 524434603 580373910
524434603 580373910 544961401 585377526
544961401 585377526 552993313 585377526
552993313 585377526 561389970 585377526
561389970 585377526 565972926 590975427
565972926 590975427 565972926 601927435
552993313 585377526 552993313 597601908
544961401 585377526 544961401 603003586
501090507 580373910 501090507 609155670
565972926 590975427 597958719 590975427
486629231 563902318 486629231 604915640
406609269 418021285 426367798 440917402
426367798 440917402 442957955 446869557
442957955 446869557 454917655 450757459
454917655 450757459 454917655 470848604
454917655 450757459 482296657 450757459
482296657 450757459 500217713 451972966
500217713 451972966 534348540 451972966
534348540 451972966 534348540 452495980
534348540 451972966 548826999 451972966
548826999 451972966 552781350 452330526
552781350 452330526 563996653 452330526
552781350 452330526 552781350 482813971
552781350 482813971 556245616 482813971
556245616 482813971 564421936 487853494
564421936 487853494 564421936 503300653
564421936 503300653 564434904 509365635
564434904 509365635 566008043 541925859
552781350 482813971 552781350 519956816
564421936 487853494 602528715 487853494
602528715 487853494 607819688 519028407
607819688 519028407 607941358 531520662
607941358 531520662 607941358 531891019
607941358 531520662 631129301 531520662
566008043 541925859 603506139 542958894
307520486 443972188 351865817 443972188
351865817 443972188 371882034 464068802
597958719 590975427 614338349 620146638
614338349 620146638 621518749 620146638
614338349 620146638 614338349 631255222
621518749 620146638 633243100 628953636
633243100 628953636 633243100 648970163
633243100 628953636 659143991 628953636
659143991 628953636 659143991 629810349
659143991 629810349 682335528 635224110
682335528 635224110 690602909 635224110
690602909 635224110 692366918 635224110
692366918 635224110 697110144 637725645
690602909 635224110 690602909 645784472
633243100 648970163 642727385 674585752
642727385 674585752 643654234 676485298
643654234 676485298 643654234 708474840
643654234 708474840 657640369 721959604
657640369 721959604 657640369 722710541
657640369 721959604 672147937 721959604
672147937 721959604 674411224 731360590
674411224 731360590 674411224 738720952
674411224 738720952 677888819 738720952
674411224 731360590 698118579 731360590
698118579 731360590 698118579 736232139
698118579 731360590 707268620 731360590
698118579 736232139 703201588 753599654
703201588 753599654 705719065 753599654
703201588 753599654 703201588 757892062
703201588 757892062 706234424 772982193
706234424 772982193 718686856 790853821
718686856 790853821 718686856 803663042
718686856 803663042 720865605 815855174
720865605 815855174 720865605 821533879
720865605 821533879 720865605 828847336
720865605 821533879 729330139 821533879
720865605 815855174 735918602 815855174
718686856 790853821 744693138 790853821
744693138 790853821 744693138 798893066
744693138 790853821 765562326 790853821
674411224 738720952 674411224 772210529
674411224 772210529 680658668 772982193
680658668 772982193 680658668 804820882
659143991 628953636 696719105 628953636
682335528 635224110 682335528 673258601
682335528 673258601 685760611 676485298
685760611 676485298 685760611 704672192
685760611 704672192 686524186 705029876
765562326 790853821 787450510 808794288
787450510 808794288 796769407 811201014
796769407 811201014 798138801 811201014
796769407 811201014 796769407 830051242
614338349 631255222 625413712 663012982
625413712 663012982 631506418 674585752
631506418 674585752 631506418 705773032
500217713 451972966 500217713 498384269
796769407 830051242 836826952 837840515
836826952 837840515 844555855 862673313
844555855 862673313 863308556 862673313
844555855 862673313 844555855 883738128
844555855 883738128 867702675 885521087
188075118 364842906 189578689 412872265
189578689 412872265 198010324 412872265
189578689 412872265 189578689 431280125
189578689 431280125 206695633 432619558
206695633 432619558 206695633 458310959
206695633 432619558 241206894 432619558
206695633 458310959 231996753 475527798
231996753 475527798 238261057 475527798
238261057 475527798 240337704 478155236
231996753 475527798 231996753 497118053
240337704 478155236 261829557 489678852
261829557 489678852 266272090 489678852
261829557 489678852 261829557 515072147
261829557 515072147 265099081 533563335
265099081 533563335 265099081 542014130
265099081 533563335 282860107 533563335
282860107 533563335 298814112 541103932
266272090 489678852 285570055 514292444
265099081 542014130 282154622 573367016
603506139 542958894 617603751 578937366
617603751 578937366 619950438 579212011
619950438 579212011 621518749 588959767
621518749 588959767 640258576 588959767
640258576 588959767 651343665 593371497
651343665 593371497 661067725 593371497
661067725 593371497 670028120 593371497
661067725 593371497 661067725 602527591
651343665 593371497 651343665 614060736
563996653 452330526 600602816 467242944
600602816 467242944 639446692 468758269
639446692 468758269 656877517 471245809
656877517 471245809 667121659 494362762
667121659 494362762 667121659 498397466
667121659 498397466 667121659 514117347
667121659 498397466 683863740 498397466
667121659 514117347 672948930 528928374
672948930 528928374 677799749 528928374
677799749 528928374 681761472 546208480
681761472 546208480 687831885 546208480
681761472 546208480 681761472 573713586
667121659 494362762 699381213 494362762
672948930 528928374 672948930 567345035
699381213 494362762 721812329 518994899
552993313 597601908 563709607 638656333
563709607 638656333 589527478 648112195
589527478 648112195 591231503 654821795
591231503 654821795 606483742 654821795
178293816 341062344 231798279 341062344
721812329 518994899 751672293 544606258
751672293 544606258 757849595 558922511
757849595 558922511 776102084 558922511
757849595 558922511 757849595 578277861
757849595 578277861 765009322 578277861
757849595 578277861 757849595 595448115
776102084 558922511 801324850 565313428
801324850 565313428 801324850 574170843
801324850 574170843 806358216 603556311
806358216 603556311 813760729 607024614
813760729 607024614 825263064 607024614
825263064 607024614 832641657 623252016
832641657 623252016 832641657 623643045
801324850 565313428 836385646 565313428
813760729 607024614 813760729 645219477
813760729 645219477 814989107 645219477
813760729 645219477 813760729 653622465
813760729 653622465 820148851 653831122
820148851 653831122 826521174 664684498
826521174 664684498 826521174 692340344
826521174 692340344 827334642 694986029
827334642 694986029 827334642 697855561
826521174 664684498 861714007 664684498
861714007 664684498 868653623 686979316
868653623 686979316 873463196 686979316
868653623 686979316 868653623 694986029
873463196 686979316 896434322 693591179
836385646 565313428 865635843 575840512
865635843 575840512 880331179 575840512
865635843 575840512 865635843 597915235
865635843 597915235 872837283 623252016
872837283 623252016 879118215 624224987
880331179 575840512 917950996 575986806
917950996 575986806 918462254 577785260
918462254 577785260 934215362 577785260
918462254 577785260 918462254 614551040
918462254 614551040 940285522 615557804
940285522 615557804 941733688 621873865
941733688 621873865 948074294 625650743
948074294 625650743 948074294 628831884
948074294 628831884 966819934 635653406
879118215 624224987 894477280 648082606
894477280 648082606 896434322 662455178
896434322 662455178 905221005 662455178
905221005 662455178 915742028 668192828
915742028 668192828 915742028 678156149
915742028 668192828 934047090 668192828
934047090 668192828 934047090 675874890
934047090 668192828 957803666 668192828
948074294 625650743 998909295 625650743
757849595 595448115 799339486 608131781
868653623 694986029 880708273 737120232
880708273 737120232 880708273 738477828
880708273 737120232 882965796 737120232
882965796 737120232 884908506 752691567
884908506 752691567 884908506 764738607
884908506 752691567 918094949 752691567
918094949 752691567 929126027 788087423
929126027 788087423 939766703 813252141
939766703 813252141 976260006 815726140
976260006 815726140 997334488 824225025
884908506 764738607 896632751 808375153
735918602 815855174 746204269 861347814
746204269 861347814 750592715 863260161
750592715 863260161 775787838 863260161
750592715 863260161 750592715 910300983
750592715 910300983 756752589 947049001
775787838 863260161 816664944 872354099
816664944 872354099 821187245 872354099
821187245 872354099 830200309 876731403
830200309 876731403 835721202 876731403
830200309 876731403 830200309 884634012
830200309 884634012 831999083 891761797
816664944 872354099 816664944 896330518
816664944 896330518 819502907 935792660
819502907 935792660 820857035 935792660
819502907 935792660 819502907 937471261
819502907 937471261 835555325 943143897
835555325 943143897 864463554 943143897
864463554 943143897 878705306 944943880
878705306 944943880 878705306 950342663
878705306 944943880 906283989 944943880
835555325 943143897 835555325 975095562
835555325 975095562 838475571 992803680
838475571 992803680 870808660 992892714
231996753 497118053 232563799 552817948
232563799 552817948 247207818 570617508
247207818 570617508 248875944 593439218
248875944 593439218 248875944 604169430
248875944 593439218 266569511 593439218
248875944 604169430 261650679 613702904
261650679 613702904 261708891 613702904
261650679 613702904 261650679 648467617
261650679 648467617 262200789 666899708
262200789 666899708 268662103 666899708
268662103 666899708 273286353 671249981
273286353 671249981 302145917 675892144
302145917 675892144 306348817 677565399
306348817 677565399 314043885 677565399
262200789 666899708 262200789 707859315
262200789 707859315 266518482 718231421
266518482 718231421 299936361 718231421
299936361 718231421 306348817 720463117
314043885 677565399 334384719 705728991
334384719 705728991 342515961 709039125
342515961 709039125 368707440 712370125
368707440 712370125 369961684 719084165
369961684 719084165 383009868 719084165
383009868 719084165 389373124 755261912
389373124 755261912 391777413 760386317
391777413 760386317 391777413 799313729
391777413 799313729 423798785 799313729
423798785 799313729 434320842 799313729
423798785 799313729 423798785 829992971
423798785 829992971 436868847 844640998
436868847 844640998 442683386 872700750
391777413 760386317 435420186 760386317
435420186 760386317 435420186 760403001
435420186 760386317 436380932 760386317
436380932 760386317 444818595 761102728
444818595 761102728 445188088 761102728
444818595 761102728 444818595 776625697
444818595 776625697 448888822 798247072
448888822 798247072 466460074 798247072
448888822 798247072 448888822 829343210
466460074 798247072 506977493 798277737
506977493 798277737 508364020 799282339
508364020 799282339 508364020 806014448
508364020 806014448 513633675 806014448
508364020 806014448 508364020 812119074
513633675 806014448 539802124 806732745
539802124 806732745 552856407 812333811
508364020 812119074 513170287 841081110
508364020 799282339 545304375 799282339
445188088 761102728 482297444 772054284
391777413 799313729 391777413 850602189
391777413 850602189 391777413 855107116
391777413 855107116 418152257 857654525
391777413 850602189 421388138 850602189
418152257 857654525 433589707 889543568
433589707 889543568 457540585 909846744
457540585 909846744 460661962 932850048
460661962 932850048 460661962 954420298
460661962 954420298 460661962 966897952
460661962 966897952 482911816 974735205
460661962 954420298 499580583 954420298
266518482 718231421 266518482 770376914
266518482 770376914 266518482 773972878
266518482 770376914 276892818 770376914
276892818 770376914 282655187 772026010
282655187 772026010 301427968 772026010
301427968 772026010 314092590 781472021
314092590 781472021 326157569 781472021
314092590 781472021 314092590 810950075
314092590 810950075 318958902 825287903
318958902 825287903 322272930 825287903
318958902 825287903 318958902 844156384
318958902 844156384 319491996 872061195
319491996 872061195 319491996 905550492
319491996 905550492 334969330 921341348
334969330 921341348 339938877 921341348
334969330 921341348 334969330 930441911
334969330 930441911 359503503 945779800
359503503 945779800 376165112 946992530
376165112 946992530 376165112 950075772
376165112 946992530 394761763 946992530
319491996 872061195 362064885 872061195
362064885 872061195 379492609 881960397
379492609 881960397 380659999 881960397
379492609 881960397 379492609 891236886
379492609 891236886 406900107 899123682
326157569 781472021 376084833 781800039
376084833 781800039 382310400 781800039
376084833 781800039 376084833 788806639
369961684 719084165 369961684 771361628
460661962 932850048 514486295 932850048
482297444 772054284 526014859 782553951
526014859 782553951 526014859 783643974
526014859 783643974 556200805 784601505
556200805 784601505 557592247 785702569
526014859 782553951 578592069 782553951
578592069 782553951 604604197 795317456
604604197 795317456 610757668 795317456
604604197 795317456 604604197 808029241
604604197 808029241 609431095 814533144
609431095 814533144 616182164 820422083
616182164 820422083 616182164 835838072
616182164 820422083 637015893 820422083
637015893 820422083 638455369 828353311
638455369 828353311 656602358 828353311
610757668 795317456 640065764 797392474
640065764 797392474 649062102 820222605
638455369 828353311 638455369 862637660
638455369 862637660 646259324 878245177
646259324 878245177 646259324 898646224
646259324 878245177 675011310 878245177
675011310 878245177 687993624 881695058
687993624 881695058 700319003 881695058
700319003 881695058 700319003 894685913
700319003 894685913 700319003 899204369
700319003 894685913 705512712 894685913
700319003 881695058 719870062 881695058
719870062 881695058 725996998 884422067
725996998 884422067 743540884 897501764
743540884 897501764 743838761 897501764
743540884 897501764 743540884 920873397
687993624 881695058 687993624 917655516
687993624 917655516 687993624 920878419
687993624 917655516 692536563 917655516
692536563 917655516 712317488 929689350
712317488 929689350 718459659 963410385
718459659 963410385 721864599 976458255
721864599 976458255 752920047 987137150
646259324 898646224 648548660 950618060
648548660 950618060 650261081 956382306
650261081 956382306 671506472 956382306
650261081 956382306 650261081 988779039
671506472 956382306 697267627 970499001
697267627 970499001 697267627 973229381
697267627 970499001 707114373 970499001
697267627 973229381 699345156 995880724
261708891 613702904 308543828 621755264
308543828 621755264 346953563 632013354
346953563 632013354 364206659 635140565
364206659 635140565 395155938 645303389
395155938 645303389 398701688 649540911
398701688 649540911 398701688 672844433
398701688 672844433 403695643 683719015
403695643 683719015 407098526 683719015
403695643 683719015 403695643 695835304
403695643 695835304 424450199 700794208
398701688 649540911 430577380 649540911
430577380 649540911 430577380 656910590
430577380 656910590 435117632 657843362
435117632 657843362 435117632 658730738
435117632 657843362 436065515 657843362
430577380 649540911 450022504 649540911
450022504 649540911 468081279 657606974
468081279 657606974 468081279 668509459
468081279 657606974 480901063 657606974
480901063 657606974 489189500 690911921
489189500 690911921 489189500 716997284
489189500 716997284 499447260 722508746
499447260 722508746 499447260 722752580
499447260 722752580 504563965 728034982
504563965 728034982 504563965 737441117
504563965 737441117 508536512 737441117
508536512 737441117 509501137 741739241
509501137 741739241 513985041 741739241
509501137 741739241 509501137 749230843
509501137 749230843 515312485 749462322
515312485 749462322 515312485 757868714
504563965 737441117 504563965 747092299
515312485 749462322 525201204 749462322
504563965 728034982 531223108 728034982
489189500 690911921 520709806 690911921
499447260 722508746 531474064 722508746
448888822 829343210 492211062 841674075
492211062 841674075 501240065 852223081
934047090 675874890 937944190 728630819
937944190 728630819 939215575 729963541
939215575 729963541 942013161 729963541
939215575 729963541 939215575 744253044
942013161 729963541 955117905 738826099
955117905 738826099 955117905 739605218
955117905 738826099 972756415 738826099
972756415 738826099 981243226 740142275
981243226 740142275 989102499 770617666
989102499 770617666 994863347 772990161
552781350 519956816 563711767 565821896
501090507 609155670 531860916 635833790
531860916 635833790 551965520 666944643
551965520 666944643 553069581 720004997
553069581 720004997 581941276 737005365
581941276 737005365 581941276 737909469
581941276 737005365 587357590 737005365
587357590 737005365 597693736 738977958
597693736 738977958 607061564 738977958
607061564 738977958 607061564 742629088
607061564 738977958 611717760 738977958
611717760 738977958 623217430 749174424
597693736 738977958 597693736 780939923
623217430 749174424 642950784 777930229
406900107 899123682 427520265 936644181
427520265 936644181 430512857 937518537
430512857 937518537 453013030 952628466
870808660 992892714 927580005 994656664
375427306 378522777 426143725 386583537
426143725 386583537 443040639 406960807
443040639 406960807 451257892 415433961
451257892 415433961 451257892 432352140
451257892 432352140 457593742 435177523
457593742 435177523 457593742 435816844
457593742 435177523 474475215 435177523
451257892 415433961 485826243 415433961
685760611 676485298 747262333 676485298
747262333 676485298 750542437 687746270
750542437 687746270 750542437 712602206
750542437 687746270 775844280 687746270
775844280 687746270 791377804 694612788
394761763 946992530 413780905 989767545
413780905 989767545 413780905 990684889
413780905 989767545 418667982 989767545
591231503 654821795 591231503 718384603
591231503 718384603 619095238 723638803
680658668 804820882 696014644 854067166
906283989 944943880 938468910 978226309
938468910 978226309 960853917 991186218
251651278 284466354 287312996 314757822
287312996 314757822 289558600 314757822
287312996 314757822 287312996 323269922
287312996 323269922 303691221 328604167
303691221 328604167 310423530 329934177
310423530 329934177 339947223 329934177
339947223 329934177 365570017 335768999
365570017 335768999 375629308 342963304
375629308 342963304 375629308 343638684
375629308 343638684 375629308 357994013
375629308 343638684 390232717 343638684
310423530 329934177 310423530 363963285
375629308 342963304 423280970 342963304
390232717 343638684 417382778 365442651
417382778 365442651 453116096 381477992
453116096 381477992 453116096 384154030
453116096 381477992 469623826 381477992
289558600 314757822 339947223 322474174
339947223 322474174 343688658 322474174
343688658 322474174 364729545 325998432
282655187 772026010 282655187 838527073
282655187 838527073 282655187 849884034
282655187 838527073 294758789 838527073
294758789 838527073 294758789 841132289
294758789 838527073 297808966 838527073
423280970 342963304 484736657 348362048
484736657 348362048 524688433 355705269
750542437 712602206 771192758 758813640
771192758 758813640 786999786 767200587
786999786 767200587 786999786 770180390
786999786 767200587 834541386 767200587
834541386 767200587 848217967 797965838
786999786 770180390 820456308 798916974
513170287 841081110 534255167 887020001
534255167 887020001 547138217 889376652
547138217 889376652 562906903 900856989
562906903 900856989 562906903 924244946
562906903 900856989 607659927 900856989
607659927 900856989 613293702 904053900
613293702 904053900 616229502 904053900
613293702 904053900 613293702 938892213
613293702 938892213 615621100 942891834
615621100 942891834 623357871 978542358
623357871 978542358 626918555 998293868
867702675 885521087 931487992 888783588
931487992 888783588 942261759 888783588
942261759 888783588 942261759 895497945
931487992 888783588 931487992 904416232
942261759 888783588 962189470 888783588
942261759 895497945 956152255 905968850
956152255 905968850 972017553 912012607
972017553 912012607 974931861 912012607
972017553 912012607 972017553 921972048
972017553 921972048 975348787 944472497
975348787 944472497 988504120 959078097
988504120 959078097 998222072 975188565
269530734 245779423 312900980 270562920
312900980 270562920 317792879 273320067
317792879 273320067 317792879 295899170
317792879 295899170 331179372 307711281
331179372 307711281 331179372 311337914
331179372 307711281 357979560 307711281
357979560 307711281 357979560 308433898
357979560 307711281 363034091 307711281
317792879 273320067 361055699 273320067
361055699 273320067 367444505 273320067
361055699 273320067 361055699 280589477
361055699 280589477 398729862 283029442
398729862 283029442 398729862 291138911
398729862 291138911 408886006 293756123
408886006 293756123 411661735 293756123
408886006 293756123 408886006 299757429
398729862 283029442 413601992 283029442
413601992 283029442 445550926 285840032
445550926 285840032 468340013 292588619
468340013 292588619 469460417 297788117
469460417 297788117 476243743 297788117
469460417 297788117 469460417 310611689
469460417 310611689 474968432 318851881
474968432 318851881 484736657 323973776
484736657 323973776 488829968 323973776
488829968 323973776 508569313 336559236
508569313 336559236 524688433 344198173
524688433 344198173 532204022 344198173
476243743 297788117 501320806 305123255
501320806 305123255 501320806 307424717
501320806 305123255 511825166 305123255
511825166 305123255 550109600 306077672
550109600 306077672 550109600 310695857
550109600 306077672 568861775 306077672
568861775 306077672 582726333 319713101
582726333 319713101 592380820 326673942
592380820 326673942 609069241 330289614
320386469 566057255 344435476 611677964
344435476 611677964 344435476 612094570
344435476 612094570 346149116 612094570
344435476 612094570 344435476 616321929
344435476 611677964 382759810 611677964
524688433 355705269 563305613 387869599
563305613 387869599 572573239 400694690
572573239 400694690 572573239 411713928
572573239 411713928 586715351 428311910
586715351 428311910 637219025 437977139
637219025 437977139 640018500 437977139
637219025 437977139 637219025 446497396
637219025 446497396 639586156 455512172
639586156 455512172 639586156 457083547
639586156 455512172 663312817 455512172
640018500 437977139 676836551 440032294
676836551 440032294 739595714 440676041
739595714 440676041 739857366 441951927
739857366 441951927 754495531 441951927
739857366 441951927 739857366 483261016
572573239 400694690 640022360 400694690
640022360 400694690 659781676 426371376
896632751 808375153 925965012 851152239
552856407 812333811 587234279 850764044
827334642 697855561 858453130 739930641
66050583 0 139281293 0
139281293 0 139281293 13657649
139281293 0 154485823 0
154485823 0 160794702 0
160794702 0 176165132 0
176165132 0 176165132 13823383
154485823 0 154485823 20636258
176165132 0 198600415 0
198600415 0 201657760 0
198600415 0 198600415 3927558
201657760 0 209035324 0
209035324 0 219726338 0
219726338 0 228638071 0
228638071 0 239571414 0
239571414 0 242646696 0
242646696 0 249432872 0
239571414 0 239571414 12990727
249432872 0 268057631 0
268057631 0 278545042 0
278545042 0 289843737 0
219726338 0 219726338 19515507
239571414 12990727 242646696 30760489
242646696 30760489 249432872 30760489
242646696 30760489 242646696 38756959
249432872 30760489 268183767 32362042
268183767 32362042 268183767 38147542
268183767 38147542 278545042 38147542
268183767 32362042 289843737 32362042
154485823 20636258 160794702 36798364
268057631 0 268057631 24609368
198600415 3927558 200444698 27509771
200444698 27509771 201657760 27509771
201657760 27509771 206202904 44388499
206202904 44388499 209035324 44388499
206202904 44388499 206202904 51847785
209035324 44388499 228638071 47738276
160794702 36798364 166162416 71046448
289843737 32362042 299842035 62148710
299842035 62148710 299842035 65835797
299842035 62148710 329714421 62148710
200444698 27509771 200444698 70222583
289843737 0 336145526 0
336145526 0 336145526 15806649
336145526 0 352538499 0
352538499 0 352538499 9709570
352538499 0 389472061 0
389472061 0 394080074 0
389472061 0 389472061 13795872
268183767 38147542 268183767 84804409
389472061 13795872 400167781 51065345
400167781 51065345 400167781 58545639
400167781 51065345 415013632 51065345
415013632 51065345 419074762 92587845
419074762 92587845 419626303 98368744
419626303 98368744 431140581 104567964
431140581 104567964 431140581 128435204
431140581 104567964 461781951 104567964
461781951 104567964 467209503 104567964
461781951 104567964 461781951 115763093
461781951 115763093 465618309 115763093
461781951 115763093 461781951 120169691
461781951 120169691 461883034 149528311
461883034 149528311 461883034 168097651
461883034 168097651 467472432 201872701
467472432 201872701 473643115 208254412
473643115 208254412 483005075 208254412
473643115 208254412 473643115 233770096
483005075 208254412 502775040 214894099
502775040 214894099 509714246 227521092
509714246 227521092 513186346 230335557
513186346 230335557 539132902 230335557
461883034 149528311 504993503 149528311
504993503 149528311 508532309 149528311
504993503 149528311 504993503 155064815
504993503 155064815 523004423 159995523
523004423 159995523 540012578 159995523
540012578 159995523 541484347 165728981
523004423 159995523 523004423 193224575
523004423 193224575 527908044 198156254
527908044 198156254 527908044 199767899
527908044 198156254 553185356 198156254
465618309 115763093 509204242 117968600
509204242 117968600 512667357 118528172
512667357 118528172 512667357 121513767
512667357 121513767 530270122 127215756
512667357 118528172 545938072 118528172
299842035 65835797 302603037 111115949
302603037 111115949 313718949 111246973
313718949 111246973 313718949 128340888
313718949 128340888 328388610 147232247
328388610 147232247 329108667 147232247
329108667 147232247 354259501 148166886
354259501 148166886 378883346 148166886
354259501 148166886 354259501 181346593
354259501 181346593 358220133 188107774
358220133 188107774 358220133 194357858
358220133 188107774 389417297 188107774
378883346 148166886 401973114 158792785
401973114 158792785 410275339 158792785
401973114 158792785 401973114 170273160
545938072 118528172 561586042 151147567
561586042 151147567 561586042 153137308
561586042 153137308 571105419 156582860
571105419 156582860 582356222 156582860
561586042 151147567 579610004 151147567
582356222 156582860 593614493 165010338
593614493 165010338 622072073 165010338
593614493 165010338 593614493 193918701
593614493 193918701 595509998 207142814
595509998 207142814 595626041 207142814
595509998 207142814 595509998 219663419
595509998 219663419 609452229 223087211
609452229 223087211 609452229 234074819
609452229 223087211 620774985 223087211
609452229 234074819 614078131 247797804
614078131 247797804 617340299 247797804
617340299 247797804 620158719 248254808
620158719 248254808 634579916 248254808
634579916 248254808 641956058 248254808
634579916 248254808 634579916 257174403
620158719 248254808 620158719 267647589
620158719 267647589 620610473 278010592
620610473 278010592 628048392 278010592
620610473 278010592 620610473 286603178
614078131 247797804 614078131 272614161
620610473 286603178 635943100 310359456
635943100 310359456 660726631 319472412
660726631 319472412 665077798 319472412
660726631 319472412 660726631 358258080
660726631 358258080 671759067 382584447
571105419 156582860 571105419 196025075
671759067 382584447 699138033 395644981
699138033 395644981 729509080 409720526
641956058 248254808 682794493 256773407
682794493 256773407 724877660 256773407
724877660 256773407 725679181 256773407
724877660 256773407 724877660 292352104
724877660 292352104 746800343 294719338
746800343 294719338 754931595 294719338
746800343 294719338 746800343 336636300
746800343 336636300 762402001 337843303
762402001 337843303 762402001 349011503
762402001 349011503 765897990 349011503
762402001 349011503 762402001 364322546
762402001 364322546 779976578 368676194
762402001 337843303 795597388 337843303
795597388 337843303 804686337 346316314
804686337 346316314 804686337 360207873
804686337 360207873 804686337 365327288
804686337 360207873 816841659 360207873
804686337 346316314 843160013 346316314
843160013 346316314 844214569 347401844
844214569 347401844 844214569 348150174
844214569 348150174 846925212 369334541
846925212 369334541 846925212 375830774
846925212 375830774 861190040 388075376
846925212 369334541 889333449 369334541
889333449 369334541 900984434 371046397
900984434 371046397 900984434 393303770
900984434 393303770 906361957 396654095
900984434 371046397 946867582 371046397
682794493 256773407 682794493 304803301
682794493 304803301 703096775 307247522
513186346 230335557 513186346 280499879
513186346 280499879 513186346 282122838
513186346 280499879 530980152 280499879
513186346 282122838 524386812 292153059
530980152 280499879 555564950 283742113
555564950 283742113 555564950 289676991
555564950 289676991 585471524 299569177
585471524 299569177 613464726 312255029
555564950 283742113 597396071 283742113
394080074 0 444522778 0
444522778 0 455107156 0
455107156 0 455107156 3468170
455107156 0 476293334 0
476293334 0 496076904 0
496076904 0 516575423 0
516575423 0 527534068 0
527534068 0 545583143 0
545583143 0 559957127 0
559957127 0 559957127 6162594
559957127 0 568778788 0
568778788 0 574047917 0
574047917 0 580966648 0
568778788 0 568778788 14222467
568778788 14222467 574047917 17817078
574047917 17817078 580966648 17817078
574047917 17817078 574047917 27926856
580966648 0 597065480 0
597065480 0 603439139 0
545583143 0 545583143 17701482
516575423 0 516575423 22095379
476293334 0 476293334 23573615
516575423 22095379 526030323 36878389
526030323 36878389 527534068 36878389
526030323 36878389 526030323 67540730
526030323 67540730 535553209 73489193
535553209 73489193 548201817 73489193
548201817 73489193 551346216 89726819
551346216 89726819 563056512 89726819
551346216 89726819 551346216 107210964
551346216 107210964 555231068 115827343
535553209 73489193 535553209 103663179
574047917 27926856 597065480 35701738
597065480 35701738 603439139 37760609
476293334 23573615 496076904 37304123
444522778 0 444522778 33541115
725679181 256773407 754931595 278165908
754931595 278165908 762467912 278165908
539132902 230335557 550470011 270133975
550470011 270133975 550470011 277516922
550470011 270133975 560026635 270133975
946867582 371046397 947693895 422673658
947693895 422673658 947693895 436232833
947693895 436232833 948336199 436885800
948336199 436885800 948336199 447134557
948336199 436885800 963775931 436885800
947693895 422673658 965297667 422673658
948336199 447134557 950432843 467975276
950432843 467975276 950919258 476010196
950919258 476010196 959502294 476010196
959502294 476010196 970709581 484965663
950919258 476010196 950919258 500713371
950919258 500713371 951531287 525590364
951531287 525590364 967648767 534106463
967648767 534106463 982586154 534106463
967648767 534106463 967648767 570208933
963775931 436885800 992712436 445586289
313718949 111246973 366273893 111246973
366273893 111246973 368808374 142438640
368808374 142438640 414378296 145357272
328388610 147232247 328388610 200615000
328388610 200615000 342420470 228969914
342420470 228969914 350119236 228969914
342420470 228969914 342420470 245231789
342420470 245231789 349529145 263883374
350119236 228969914 368503208 240744297
368503208 240744297 404277185 243041135
603439139 37760609 623683742 71979932
623683742 71979932 629897410 71979932
623683742 71979932 623683742 88213753
555231068 115827343 589066277 138425965
844214569 347401844 901119973 347401844
389417297 188107774 439800331 195139788
439800331 195139788 439800331 200761092
439800331 195139788 453472388 195139788
453472388 195139788 456441851 196555674
456441851 196555674 456441851 209712486
456441851 196555674 499151127 196555674
268183767 84804409 270576059 141686407
401973114 170273160 457980823 178114788
623683742 88213753 642445686 133439883
563056512 89726819 614785939 102966371
620774985 223087211 665610160 245183302
779976578 368676194 790768822 424824137
790768822 424824137 824400634 431719989
824400634 431719989 836199749 431719989
836199749 431719989 844078267 448587886
844078267 448587886 844078267 456517464
844078267 456517464 864123600 460765879
864123600 460765879 869721517 483398886
869721517 483398886 869721517 490028506
869721517 490028506 881070987 502939358
881070987 502939358 886562049 506039744
869721517 483398886 898984282 483398886
844078267 448587886 874982857 448587886
886562049 506039744 920847313 506039744
920847313 506039744 920847313 522272132
920847313 506039744 941590892 506039744
941590892 506039744 942367539 525590364
942367539 525590364 942367539 531476568
824400634 431719989 824400634 477883377
920847313 522272132 925589054 566795813
886562049 506039744 886562049 561848115
824400634 477883377 848534967 518183344
848534967 518183344 855915305 518183344
855915305 518183344 855915305 519583898
855915305 519583898 859374211 522252745
859374211 522252745 859374211 524786011
859374211 522252745 862646199 522252745
855915305 518183344 863160768 518183344
848534967 518183344 848534967 527565831
729509080 409720526 778663204 428175497
614785939 102966371 671079655 117322645
671079655 117322645 671079655 123891291
671079655 123891291 677378641 123891291
671079655 123891291 671079655 132406517
671079655 117322645 715951806 117322645
715951806 117322645 735175511 167226876
735175511 167226876 736498411 174264887
736498411 174264887 765902205 174264887
765902205 174264887 769660312 174264887
765902205 174264887 765902205 197711640
769660312 174264887 800397773 178209348
736498411 174264887 736498411 212991239
800397773 178209348 826527562 198718946
826527562 198718946 826527562 204462346
826527562 204462346 830186145 210997539
830186145 210997539 830186145 215272062
830186145 210997539 844208948 210997539
826527562 198718946 844131088 198718946
844131088 198718946 844131088 199057839
844131088 198718946 851836730 198718946
851836730 198718946 869164358 199152392
844208948 210997539 853677810 231357183
853677810 231357183 866207957 240218340
866207957 240218340 866207957 255726143
866207957 240218340 909398898 240218340
909398898 240218340 923568234 257179279
923568234 257179279 924102123 257179279
923568234 257179279 923568234 277651261
924102123 257179279 950775270 259423972
950775270 259423972 950775270 261997145
950775270 259423972 967713051 259423972
967713051 259423972 984899128 263030363
984899128 263030363 991588944 265762818
950775270 261997145 956823204 285913244
956823204 285913244 963236886 285913244
956823204 285913244 956823204 327615211
956823204 327615211 986023927 346487304
869164358 199152392 922095649 203361654
830186145 215272062 838691482 266232640
922095649 203361654 978803809 208252071
978803809 208252071 990311638 208252071
978803809 208252071 978803809 232721305
978803809 232721305 994809760 239731255
991588944 265762818 992935391 326916743
866207957 255726143 873048831 319428001
873048831 319428001 873048831 325562307
873048831 319428001 880512774 319428001
880512774 319428001 915428382 321321445
915428382 321321445 954534224 337858699
986023927 346487304 995459812 409360465
0 12762575 0 86371772
0 86371772 27845684 86371772
27845684 86371772 55684145 107383017
562906903 924244946 596757134 964216583
596757134 964216583 600802082 964216583
596757134 964216583 596757134 972240705
739857366 483261016 783023004 516747354
783023004 516747354 793225671 518183344
793225671 518183344 793225671 540986447
957803666 668192828 975977089 726784908
214102550 266395689 248890672 309269723
474475215 435177523 546744296 440910615
546744296 440910615 548926460 444425531
430034473 530053460 440305165 597929112
440305165 597929112 441316981 597929112
440305165 597929112 440305165 599263107
239970875 192238859 309670963 200692647
309670963 200692647 321781935 213693290
671079655 132406517 685138988 197265867
685138988 197265867 697002028 221252661
697002028 221252661 697002028 241154579
697002028 221252661 721888507 221252661
721888507 221252661 736100931 249587148
736100931 249587148 798822115 250396548
798822115 250396548 814918243 254865089
814918243 254865089 822723005 266209049
0 86371772 0 166815049
0 166815049 0 169582743
0 169582743 13246526 169582743
0 166815049 32611993 166815049
0 169582743 0 226283126
0 226283126 39686938 226283126
0 226283126 0 281213869
0 281213869 16159384 281213869
0 281213869 0 329299099
0 329299099 782652 329299099
0 329299099 0 335327694
0 335327694 0 340509068
0 340509068 8357425 340509068
0 335327694 11591621 335327694
0 340509068 0 372038929
0 372038929 0 374621458
0 374621458 0 377560099
0 377560099 0 378509310
0 377560099 2079732 377560099
0 378509310 0 380851465
0 372038929 3514787 372038929
0 380851465 0 402596666
0 402596666 7812784 402596666
0 402596666 0 436622507
0 436622507 0 437923574
0 437923574 0 441058074
0 441058074 0 446448277
0 446448277 0 447828336
0 447828336 0 447897034
0 447897034 5350259 447897034
0 447897034 0 456667236
0 456667236 2087798 456667236
0 456667236 0 459056470
0 459056470 731650 459056470
0 446448277 13039525 446448277
13039525 446448277 18850340 447828336
0 436622507 18035747 436622507
18035747 436622507 30708409 437923574
30708409 437923574 30708409 441058074
30708409 437923574 46203103 437923574
0 459056470 0 491711389
0 491711389 20336636 491711389
46203103 437923574 59484134 458963625
59484134 458963625 71614980 458963625
71614980 458963625 71614980 460325640
59484134 458963625 59484134 476738060
59484134 476738060 62403770 494975235
71614980 458963625 107665955 458963625
107665955 458963625 126504566 465056620
62403770 494975235 87983692 506064122
87983692 506064122 95906974 507561270
95906974 507561270 95906974 533868043
95906974 533868043 103737632 545208035
103737632 545208035 122154768 545208035
122154768 545208035 149478062 547037566
149478062 547037566 157301380 567588007
103737632 545208035 103737632 576553513
95906974 507561270 130680822 507561270
0 491711389 0 530588741
0 530588741 0 535447553
0 535447553 0 540401969
0 540401969 0 542765605
0 535447553 25119002 535447553
25119002 535447553 42425128 542765605
42425128 542765605 54224862 549428670
0 542765605 0 576263008
0 576263008 0 578390824
0 578390824 0 591004300
0 591004300 36510833 591004300
0 530588741 40005913 530588741
40005913 530588741 49839067 530833497
49839067 530833497 49839067 540401969
49839067 530833497 67175219 530833497
49839067 540401969 49849489 576263008
49849489 576263008 74307885 585359874
0 591004300 0 631567789
0 631567789 28738927 631567789
28738927 631567789 56555154 641565929
130680822 507561270 165797807 513656566
165797807 513656566 166517187 516685534
0 380851465 43149316 380851465
43149316 380851465 52141589 391019299
52141589 391019299 67652643 391019299
67652643 391019299 71784034 403274392
52141589 391019299 52141589 411700787
52141589 411700787 61792471 414173107
71784034 403274392 110303061 406123354
2079732 377560099 45983702 378509310
126504566 465056620 162683736 474022983
162683736 474022983 192806147 476587656
192806147 476587656 205268931 476587656
192806147 476587656 192806147 493240132
192806147 493240132 203373447 498874143
3514787 372038929 48098003 374621458
56555154 641565929 98640280 647382919
98640280 647382919 101630061 647382919
101630061 647382919 102016718 647382919
101630061 647382919 101630061 649860017
102016718 647382919 113847062 649543728
98640280 647382919 98640280 662134512
113847062 649543728 153943204 659986234
153943204 659986234 181892544 669055994
181892544 669055994 196463008 669055994
196463008 669055994 197432333 669055994
196463008 669055994 196463008 677095292
196463008 677095292 214892024 689537052
214892024 689537052 214892024 696647981
214892024 689537052 223486017 689537052
181892544 669055994 181892544 704267056
181892544 704267056 187225111 725053024
187225111 725053024 201508807 747745265
166517187 516685534 190578306 546753080
190578306 546753080 192175858 563184966
192175858 563184966 194211076 607862586
194211076 607862586 198245638 607862586
194211076 607862586 194211076 628600531
194211076 628600531 222445169 632793656
222445169 632793656 222445169 637008985
222445169 632793656 231229169 632793656
222445169 637008985 229870039 656316052
98640280 662134512 101731637 720571519
101731637 720571519 101731637 732909365
101731637 720571519 126607067 720571519
126607067 720571519 130996268 725053024
130996268 725053024 130996268 751542569
130996268 751542569 130996268 754689646
130996268 754689646 136689407 755313463
136689407 755313463 136689407 770291202
136689407 755313463 160589573 755313463
160589573 755313463 172807769 786358766
130996268 751542569 174851598 751542569
136689407 770291202 147176974 818477591
147176974 818477591 148056744 831968460
148056744 831968460 160717527 831968460
160717527 831968460 168414535 836115245
168414535 836115245 192315602 836115245
192315602 836115245 198880003 836453937
198880003 836453937 198880003 864730125
198880003 864730125 211212889 883134951
211212889 883134951 221337358 883134951
221337358 883134951 225363150 895820253
211212889 883134951 211212889 907693660
211212889 907693660 212479981 928784659
168414535 836115245 168414535 885207482
168414535 885207482 183647699 900985976
183647699 900985976 188748612 907693660
188748612 907693660 188748612 919997498
188748612 919997498 210108641 928784659
210108641 928784659 210108641 928990440
148056744 831968460 148056744 884097551
148056744 884097551 157034374 884097551
148056744 884097551 148056744 911435355
148056744 911435355 149768335 917334095
149768335 917334095 150034554 917334095
149768335 917334095 149768335 959268181
149768335 959268181 168538035 973365311
168538035 973365311 181040548 994549596
212479981 928784659 235196190 958412793
235196190 958412793 235196190 972911486
235196190 958412793 287643643 958412793
287643643 958412793 318949376 987379786
318949376 987379786 332535774 995679808
198880003 836453937 263828238 836453937
16159384 281213869 74931248 287433140
74931248 287433140 79352217 287433140
79352217 287433140 82297613 297405453
82297613 297405453 82297613 312946511
82297613 312946511 82297613 316019715
82297613 312946511 94844291 312946511
82297613 316019715 89040283 326416265
82297613 297405453 105885201 297405453
74931248 287433140 74931248 314197875
105885201 297405453 125508295 304608526
125508295 304608526 128246793 304608526
125508295 304608526 125508295 309031723
94844291 312946511 114337958 323313008
114337958 323313008 128168320 349738783
128168320 349738783 129765634 363522855
129765634 363522855 147866142 363522855
129765634 363522855 129765634 403186468
147866142 363522855 169704311 382851523
203373447 498874143 228192392 542322342
228192392 542322342 231798662 597888599
8357425 340509068 66696711 350799999
129765634 403186468 168137948 434790634
168137948 434790634 175506170 446281937
0 631567789 0 704407225
0 704407225 0 705178914
0 705178914 8669084 705178914
0 704407225 28574852 704407225
0 705178914 0 737321113
0 737321113 35007730 737321113
0 737321113 0 779557832
0 779557832 0 790201025
0 790201025 16048066 790201025
0 790201025 0 806824584
0 806824584 0 807316551
0 806824584 2964760 806824584
0 807316551 0 815084497
0 815084497 2857046 815084497
0 815084497 0 834273719
0 834273719 0 835946256
0 834273719 7353407 834273719
7353407 834273719 30385489 835946256
0 835946256 0 863449377
0 863449377 30238378 863449377
2964760 806824584 35387905 807316551
35387905 807316551 51914923 814090682
0 779557832 38673131 779557832
38673131 779557832 50816132 785711312
50816132 785711312 73334824 794988023
0 863449377 0 906133263
0 906133263 2202969 906133263
0 906133263 0 915641911
0 915641911 0 927571584
0 927571584 0 935189183
0 935189183 16423436 935189183
0 915641911 18579583 915641911
18579583 915641911 44338252 915745977
44338252 915745977 44338252 927218788
44338252 927218788 44338252 927571584
44338252 927218788 51039722 927218788
44338252 915745977 62645762 915745977
44338252 927571584 45770982 959727522
45770982 959727522 48859968 974160006
48859968 974160006 48859968 983583870
48859968 974160006 70274530 974160006
70274530 974160006 83740051 979975699
62645762 915745977 79741894 940389780
79741894 940389780 80414957 940389780
79741894 940389780 79741894 951279851
30385489 835946256 63921466 848473747
63921466 848473747 70293802 848473747
63921466 848473747 63921466 859575884
63921466 859575884 76342644 870057709
76342644 870057709 91192767 871502658
91192767 871502658 98473447 875114143
98473447 875114143 98473447 880385160
98473447 875114143 140063049 875114143
98473447 880385160 108760886 927066017
73334824 794988023 103128426 824683882
103128426 824683882 126579567 835203833
28574852 704407225 88787282 707358984
16423436 935189183 33318710 984169985
35007730 737321113 64274716 775173985
64274716 775173985 79856234 780417903
157301380 567588007 160034181 644213787
160034181 644213787 181895328 647136551
822723005 266209049 837442979 334200751
603439139 0 686263933 0
686263933 0 690500749 0
686263933 0 686263933 16606962
686263933 16606962 690500749 25521693
690500749 25521693 716433796 57901103
716433796 57901103 716433796 70235858
716433796 70235858 718118662 75038169
718118662 75038169 729718126 75038169
729718126 75038169 738035325 79780143
738035325 79780143 738035325 82345785
716433796 57901103 736458285 57901103
738035325 82345785 758095509 88654727
718118662 75038169 718118662 104669167
758095509 88654727 774066967 108528032
774066967 108528032 790086381 112179778
790086381 112179778 790086381 135255015
790086381 135255015 800397773 154525158
800397773 154525158 810774456 154525158
790086381 112179778 823752206 112179778
823752206 112179778 840922735 114709665
840922735 114709665 840922735 130931580
840922735 130931580 852049129 130931580
852049129 130931580 859971382 133389275
840922735 114709665 859853742 114709665
859853742 114709665 859971382 120643540
859971382 120643540 859971382 123466574
859971382 123466574 868099959 123466574
840922735 130931580 840922735 151448064
868099959 123466574 896601331 124461501
896601331 124461501 911971691 124894436
911971691 124894436 911971691 139388957
911971691 139388957 921943983 150452096
921943983 150452096 922095649 153959433
922095649 153959433 930123443 153959433
859971382 120643540 891591232 120643540
930123443 153959433 940090422 178830160
940090422 178830160 940090422 181048982
940090422 181048982 945237124 181048982
940090422 181048982 940090422 187228131
945237124 181048982 950962915 185575806
950962915 185575806 950962915 187276227
950962915 187276227 952520225 188385953
952520225 188385953 964883421 188385953
952520225 188385953 952520225 201569109
950962915 185575806 968518893 185575806
940090422 178830160 961824554 178830160
840922735 151448064 852977834 174651779
852977834 174651779 871282968 176537043
911971691 124894436 953837389 124894436
738035325 79780143 788486124 79780143
690500749 0 755333314 0
755333314 0 766461899 0
766461899 0 766461899 1327088
766461899 0 778178480 0
778178480 0 778178480 1873098
755333314 0 755333314 24524976
778178480 0 809335018 0
809335018 0 821500361 0
821500361 0 821500361 4424897
821500361 0 830532523 0
830532523 0 830532523 9099667
830532523 0 861572959 0
861572959 0 863961145 0
863961145 0 869207149 0
869207149 0 874875282 0
874875282 0 874875282 6978789
874875282 0 887106027 0
887106027 0 887106027 11692223
887106027 0 899007912 0
899007912 0 907207158 0
899007912 0 899007912 12273355
899007912 12273355 902942971 19312484
902942971 19312484 907207158 19312484
907207158 0 924801826 0
924801826 0 926324312 0
926324312 0 939809048 0
869207149 0 869207149 19559795
863961145 0 863961145 22227885
907207158 19312484 924801826 32473184
924801826 32473184 926324312 32473184
926324312 32473184 939809048 33725863
939809048 33725863 939809048 44781911
924801826 32473184 924801826 49969337
809335018 0 809335018 34650484
939809048 33725863 978417669 33725863
978417669 33725863 995677999 46448157
939809048 44781911 957977984 66387788
957977984 66387788 958171725 104962358
861572959 0 861572959 41404534
939809048 0 991721003 667238
991721003 667238 995265073 667238
991721003 667238 991721003 10176750
902942971 19312484 902942971 73607196
902942971 73607196 905018143 84811059
905018143 84811059 905018143 97908767
905018143 84811059 920739602 84811059
920739602 84811059 948163309 98601867
809335018 34650484 848079011 56592949
848079011 56592949 857103935 89083021
857103935 89083021 859853742 94558691
859853742 94558691 897338581 94558691
136829199 160881893 136829199 245252389
201508807 747745265 258967758 775203607
258967758 775203607 259987651 792452869
259987651 792452869 259987651 792781795
259987651 792452869 263611843 792452869
259987651 792781795 262505308 824572873
262505308 824572873 296378898 831908591
103737632 576553513 130668057 636172330
130668057 636172330 145394180 637891833
424450199 700794208 461558894 751535676
103368683 174404206 109854165 255810669
109854165 255810669 120230083 283391058
120230083 283391058 122536498 284603897
39686938 226283126 98658381 257177470
329714421 62148710 385386525 96352084
242646696 38756959 259786524 116001566
387322310 531454933 417890830 600692256
417890830 600692256 420005237 600790904
