1468
0 0 514809 0
514809 0 9184090 0
0 0 0 13013201
0 13013201 0 16831190
0 16831190 0 20357819
0 20357819 514809 20357819
0 16831190 9184090 16831190
0 20357819 0 34734593
0 34734593 0 56238264
0 56238264 0 78799149
9184090 0 34871668 0
34871668 0 34871668 13013201
34871668 0 48047412 0
48047412 0 61447760 0
61447760 0 64841142 0
64841142 0 68164601 0
68164601 0 69709581 0
64841142 0 64841142 10956919
69709581 0 85565415 0
85565415 0 87665505 0
87665505 0 87665505 4606497
87665505 0 96785236 0
85565415 0 85565415 10527515
61447760 0 61447760 26515528
61447760 26515528 68164601 45396366
68164601 45396366 69709581 45396366
68164601 45396366 68164601 48461370
0 78799149 29115897 78799149
96785236 0 96785236 32366267
96785236 32366267 100017748 56672990
100017748 56672990 100017748 71242006
100017748 71242006 109782187 72942693
109782187 72942693 109782187 86130459
109782187 86130459 112721182 86130459
112721182 86130459 120636458 87825101
120636458 87825101 145090087 87825101
109782187 72942693 135920350 72942693
135920350 72942693 154964220 80076336
0 56238264 33976016 56238264
48047412 0 48047412 34734593
154964220 80076336 180093439 91991468
180093439 91991468 194128656 109001474
194128656 109001474 194128656 137965204
194128656 137965204 195970898 138216387
195970898 138216387 215872852 138216387
215872852 138216387 218925875 145983809
218925875 145983809 218925875 155583567
218925875 145983809 229541389 145983809
229541389 145983809 229541389 146276647
229541389 145983809 242609134 145983809
242609134 145983809 252730837 172825987
194128656 109001474 238471715 109001474
238471715 109001474 240419343 109001474
238471715 109001474 238471715 130399461
240419343 109001474 258267277 112955380
258267277 112955380 258267277 118952446
258267277 112955380 265072740 112955380
265072740 112955380 265249048 122958998
265249048 122958998 265249048 137705764
265249048 122958998 295696771 122958998
295696771 122958998 322142943 132503691
322142943 132503691 340450763 132503691
322142943 132503691 322142943 160790324
340450763 132503691 349801655 152012807
349801655 152012807 349801655 155102625
349801655 152012807 375587031 152012807
375587031 152012807 393491160 153902043
393491160 153902043 399117563 158597652
399117563 158597652 399117563 176127449
399117563 176127449 406862502 204785596
406862502 204785596 413036657 206350374
413036657 206350374 423399784 206350374
423399784 206350374 423399784 219576460
423399784 206350374 448532586 206350374
448532586 206350374 448532586 213354754
448532586 213354754 467974804 214372497
467974804 214372497 487896486 214372497
448532586 206350374 470586548 206350374
467974804 214372497 467974804 239350703
467974804 239350703 468097551 239350703
468097551 239350703 470450161 241895842
467974804 239350703 467974804 246773716
413036657 206350374 413036657 240681463
413036657 240681463 413067632 241895842
413067632 241895842 413067632 244215938
68164601 48461370 68652229 93101070
487896486 214372497 511498639 237981275
100017748 56672990 149054940 56672990
149054940 56672990 191383649 61854284
195970898 138216387 195970898 190290352
195970898 190290352 201653647 201650636
201653647 201650636 222023508 205028872
222023508 205028872 222023508 219591867
222023508 219591867 228337816 237784412
228337816 237784412 239842275 251289944
239842275 251289944 248279443 259052014
248279443 259052014 248279443 274485899
248279443 259052014 266870409 259052014
266870409 259052014 269920093 259052014
266870409 259052014 266870409 270544445
248279443 274485899 258705271 284019062
258705271 284019062 265920444 284019062
258705271 284019062 258705271 295317005
258705271 295317005 274320977 296217874
274320977 296217874 296722174 296217874
296722174 296217874 298472922 296217874
296722174 296217874 296722174 319616823
296722174 319616823 298725243 320023764
298725243 320023764 298725243 331541854
298725243 331541854 308296102 338928284
308296102 338928284 311686032 338928284
311686032 338928284 316252921 344682826
298725243 320023764 315975662 320023764
315975662 320023764 315975662 323411239
315975662 320023764 322955240 320023764
298472922 296217874 302228619 316538975
222023508 205028872 247486860 205028872
316252921 344682826 316252921 375481743
316252921 375481743 322514128 385999908
322514128 385999908 327822579 403697736
327822579 403697736 327822579 414194988
247486860 205028872 266063757 222563207
266063757 222563207 266063757 226554353
327822579 403697736 366719471 403697736
366719471 403697736 373816401 405215450
373816401 405215450 373816401 405567079
373816401 405215450 398913068 405215450
274320977 296217874 274320977 335766977
274320977 335766977 280067630 348597873
266063757 226554353 288956231 243973698
288956231 243973698 314337442 262733832
314337442 262733832 316923964 287970483
327822579 414194988 342529281 445604064
342529281 445604064 348084796 456953935
348084796 456953935 371930729 456953935
371930729 456953935 382137772 456966600
348084796 456953935 348084796 493894784
348084796 493894784 348084796 498735852
348084796 493894784 366801346 493894784
398913068 405215450 428175705 423180552
428175705 423180552 428175705 443823044
428175705 443823044 429851897 443992324
429851897 443992324 443537221 443992324
443537221 443992324 444055064 463440839
444055064 463440839 447557575 463440839
444055064 463440839 444055064 479293898
428175705 423180552 456844670 423180552
456844670 423180552 468297015 430085548
468297015 430085548 468297015 430485184
468297015 430485184 481457869 437239807
481457869 437239807 485166998 439767768
468297015 430085548 498881863 430085548
447557575 463440839 465692497 479283199
465692497 479283199 479674927 488393623
479674927 488393623 479674927 507216001
479674927 507216001 482322441 507216001
482322441 507216001 502197798 508798682
502197798 508798682 502197798 518455574
502197798 508798682 524277600 508798682
524277600 508798682 525159396 510718469
525159396 510718469 525159396 511335115
525159396 510718469 535495990 510718469
479674927 507216001 479674927 532037066
535495990 510718469 557670264 515062921
557670264 515062921 572919967 520714978
572919967 520714978 572919967 527305731
572919967 520714978 588757815 520714978
498881863 430085548 523758979 440109673
523758979 440109673 532864244 453178186
525159396 511335115 535274916 537842976
479674927 488393623 516521785 488393623
516521785 488393623 544323127 488860443
544323127 488860443 552346040 488860443
552346040 488860443 561753143 490718163
561753143 490718163 561753143 493143657
544323127 488860443 544323127 506293812
561753143 493143657 592051756 495420144
592051756 495420144 619640141 504436955
619640141 504436955 621138825 518679337
621138825 518679337 643690671 518679337
621138825 518679337 621138825 552635845
621138825 552635845 624786745 552635845
621138825 552635845 621138825 571992393
429851897 443992324 429851897 482727188
429851897 482727188 434485099 483766397
621138825 571992393 656601694 577271903
656601694 577271903 658443156 578606871
658443156 578606871 658443156 596472477
658443156 596472477 672898247 596472477
658443156 578606871 681648343 578606871
681648343 578606871 688644794 585344697
688644794 585344697 708652201 586223825
708652201 586223825 720153104 586223825
672898247 596472477 676557136 628816608
676557136 628816608 677369638 628816608
677369638 628816608 685894612 632366231
685894612 632366231 706737231 650825380
708652201 586223825 708652201 628120711
444055064 479293898 462453110 503083841
720153104 586223825 743610569 608414143
743610569 608414143 746324637 608414143
743610569 608414143 743610569 614772196
746324637 608414143 752298396 610368272
752298396 610368272 760665406 610368272
752298396 610368272 752298396 631716716
752298396 631716716 755846011 656260122
755846011 656260122 755846011 659959406
755846011 659959406 764121127 659959406
755846011 659959406 755846011 679049754
764121127 659959406 776678184 674229645
776678184 674229645 792421933 688826966
792421933 688826966 796686982 688826966
796686982 688826966 799181528 697228017
799181528 697228017 799284789 697228017
799284789 697228017 809003069 706414478
809003069 706414478 809003069 717939218
809003069 717939218 814272817 717939218
809003069 717939218 809003069 736639164
809003069 706414478 832809234 706414478
832809234 706414478 832809234 710039748
832809234 706414478 837358330 706414478
837358330 706414478 867705974 709497039
867705974 709497039 874368731 733598309
874368731 733598309 874368731 744323537
874368731 744323537 895725941 744323537
895725941 744323537 914890098 755052269
914890098 755052269 921096882 783369508
921096882 783369508 944173979 783369508
921096882 783369508 921096882 814594965
755846011 656260122 792655671 656260122
944173979 783369508 978050204 788327795
978050204 788327795 994605876 788327795
978050204 788327795 978050204 811283343
799181528 697228017 799181528 736272423
874368731 733598309 915934495 733598309
676557136 628816608 676557136 674522696
676557136 674522696 678682641 697880671
678682641 697880671 687809899 711465877
687809899 711465877 687809899 726669474
687809899 711465877 706058512 711465877
561753143 490718163 608585277 490718163
479674927 532037066 491668608 567101926
491668608 567101926 491668608 567231085
491668608 567101926 500736085 567101926
500736085 567101926 508075074 567624439
508075074 567624439 515377544 588247260
515377544 588247260 533350539 588247260
533350539 588247260 533350539 592400380
533350539 592400380 541009588 603884201
533350539 588247260 552687441 588247260
552687441 588247260 552687441 588262334
552687441 588247260 558766344 588247260
558766344 588247260 559361814 592393017
515377544 588247260 515377544 609243796
515377544 609243796 515377544 618291956
515377544 618291956 520268511 619671033
515377544 609243796 525183102 609243796
520268511 619671033 528389671 642762048
541009588 603884201 544303095 638619368
544303095 638619368 544303095 641436042
544303095 638619368 550322967 638619368
544303095 641436042 546212246 667281471
546212246 667281471 559815612 667281471
559815612 667281471 565371367 668707491
565371367 668707491 565371367 670086381
565371367 668707491 566851590 668707491
546212246 667281471 546212246 693767346
546212246 693767346 550498612 712376608
550498612 712376608 552137331 713981663
552137331 713981663 562440173 713981663
562440173 713981663 562440173 716438138
562440173 716438138 587201009 720563714
587201009 720563714 604420536 726180506
562440173 713981663 592996117 713981663
566851590 668707491 597238492 672354405
597238492 672354405 599779973 672354405
597238492 672354405 597238492 703428023
597238492 703428023 624166413 710648176
624166413 710648176 644999438 721030098
644999438 721030098 649766282 721030098
649766282 721030098 663048756 726669474
663048756 726669474 663048756 727964708
644999438 721030098 644999438 746378470
663048756 727964708 675347786 746147782
675347786 746147782 678307196 746147782
678307196 746147782 680115308 752623095
675347786 746147782 675347786 767394110
675347786 767394110 691276296 780967737
691276296 780967737 700669934 780967737
700669934 780967737 700669934 783953120
700669934 780967737 727843159 780967737
550322967 638619368 570112628 655692804
570112628 655692804 585583531 659858481
644999438 746378470 656618055 773097810
656618055 773097810 656618055 775174575
656618055 773097810 661488971 773097810
559361814 592393017 559361814 632231563
559361814 632231563 594109109 636805404
559361814 592393017 601757318 592393017
601757318 592393017 602192262 592393017
601757318 592393017 601757318 609776529
874368731 744323537 874368731 793883987
874368731 793883987 880336894 795910639
880336894 795910639 888653743 795910639
888653743 795910639 891744391 800081021
891744391 800081021 893851177 800081021
891744391 800081021 891744391 805187688
880336894 795910639 880336894 830141626
880336894 830141626 902245289 830141626
880336894 830141626 880336894 871150050
308296102 338928284 308296102 389064604
308296102 389064604 308887688 400779972
792421933 688826966 792421933 739421465
316252921 344682826 367476739 344682826
367476739 344682826 367476739 348637999
367476739 344682826 387540029 344682826
387540029 344682826 401873258 355285006
401873258 355285006 401873258 376446241
401873258 355285006 428467662 355285006
266063757 222563207 317524376 222563207
317524376 222563207 345028887 232427709
345028887 232427709 352602427 232427709
345028887 232427709 345028887 262619498
352602427 232427709 388232789 239052740
388232789 239052740 399409783 240681463
399409783 240681463 399409783 288319152
552137331 713981663 552137331 765912599
552137331 765912599 564443308 770792710
564443308 770792710 581371434 770792710
564443308 770792710 564443308 816976252
564443308 816976252 591622584 830621875
591622584 830621875 596747358 871469270
581371434 770792710 592933018 805929067
691276296 780967737 691276296 834555181
727843159 780967737 747917363 814771225
747917363 814771225 748214274 814771225
747917363 814771225 747917363 820864909
747917363 820864909 749617910 844931312
749617910 844931312 759520019 848961362
759520019 848961362 778041409 848961362
759520019 848961362 759520019 870106211
759520019 870106211 764849859 873779672
764849859 873779672 764849859 925796104
764849859 925796104 787378417 929734399
787378417 929734399 822961152 932593364
822961152 932593364 841966224 938598260
841966224 938598260 862260665 938598260
862260665 938598260 865675760 954967566
865675760 954967566 865675760 970137041
865675760 970137041 873515347 971203086
873515347 971203086 885384840 971203086
885384840 971203086 885384840 978194989
873515347 971203086 873515347 989205742
885384840 971203086 904772965 971203086
865675760 954967566 891100391 954967566
841966224 938598260 841966224 971587415
841966224 971587415 843743848 974103402
843743848 974103402 843743848 978449934
843743848 974103402 849197167 974103402
849197167 974103402 851248820 998763493
921096882 814594965 925717317 863869528
925717317 863869528 937402283 872504865
937402283 872504865 958041925 872504865
958041925 872504865 959962105 872504865
959962105 872504865 963844326 879001962
963844326 879001962 963844326 880469613
963844326 879001962 983009465 879001962
958041925 872504865 958041925 893094386
937402283 872504865 937402283 901607669
937402283 901607669 939739251 931222626
958041925 893094386 977779026 905800004
977779026 905800004 999423514 917063463
939739251 931222626 959673607 952714156
959673607 952714156 976267534 957419929
976267534 957419929 981522654 957419929
981522654 957419929 981522654 959488467
981522654 957419929 998001945 957419929
976267534 957419929 976267534 977179081
434485099 483766397 442056220 532109074
442056220 532109074 445330935 551715227
445330935 551715227 445330935 551820855
445330935 551715227 456211984 551715227
456211984 551715227 478869626 577304068
478869626 577304068 488814903 596154385
488814903 596154385 504529436 622209342
120636458 87825101 120636458 144017078
120636458 144017078 135577933 144991339
135577933 144991339 164855124 144991339
164855124 144991339 167467779 154738386
167467779 154738386 174441633 159742851
174441633 159742851 174441633 163300729
174441633 159742851 179558862 159742851
179558862 159742851 183838361 165186299
135577933 144991339 135577933 180333168
135577933 180333168 158019076 181914956
880336894 871150050 913685040 894247240
109782187 86130459 109782187 143196689
109782187 143196689 117697451 185277014
117697451 185277014 129914243 200541737
129914243 200541737 130565339 200541737
129914243 200541737 129914243 212049726
129914243 212049726 134043291 212049726
129914243 212049726 129914243 249837702
134043291 212049726 174811129 225476634
174811129 225476634 177538701 226024263
177538701 226024263 177538701 228036725
177538701 226024263 189048118 226024263
189048118 226024263 191331981 230790323
191331981 230790323 201305529 262581122
201305529 262581122 201305529 269193806
201305529 262581122 216391568 262581122
201305529 269193806 215291793 280520213
177538701 228036725 179400427 273367809
179400427 273367809 199106179 280520213
199106179 280520213 199106179 324276226
199106179 324276226 221125654 355869626
221125654 355869626 235248831 356704296
235248831 356704296 247076562 356704296
235248831 356704296 235248831 402344231
235248831 402344231 245711054 404166098
245711054 404166098 247601632 408222991
247601632 408222991 254858448 408222991
247601632 408222991 247601632 433552975
247601632 433552975 250461886 433765990
250461886 433765990 250461886 445969483
250461886 433765990 305871813 433765990
305871813 433765990 306010419 447016776
306010419 447016776 319810115 482486364
319810115 482486364 322349832 482486364
319810115 482486364 319810115 505031022
319810115 505031022 320512187 505031022
319810115 505031022 319810115 505827336
428467662 355285006 471114771 369726563
471114771 369726563 495126355 369726563
495126355 369726563 505088946 377482544
505088946 377482544 505088946 383270177
505088946 377482544 520367085 377482544
520367085 377482544 520367085 381414630
520367085 377482544 524972620 377482544
471114771 369726563 471114771 393791687
399409783 288319152 445696429 300215898
445696429 300215898 456438435 308919736
456438435 308919736 456438435 315841011
456438435 308919736 465269175 308919736
465269175 308919736 515094060 314132737
515094060 314132737 517073730 314132737
515094060 314132737 515094060 320175082
517073730 314132737 536500826 318466990
536500826 318466990 537655228 319964318
537655228 319964318 537655228 345158264
537655228 345158264 537655228 356238997
537655228 356238997 547470640 356238997
537655228 356238997 537655228 367333883
537655228 345158264 551126297 345158264
537655228 319964318 564416691 319964318
564416691 319964318 564416691 335436763
564416691 319964318 586210475 319964318
564416691 335436763 578486646 345511473
578486646 345511473 579780637 350333004
579780637 350333004 581259723 364096693
581259723 364096693 584300119 364096693
584300119 364096693 589638375 387051667
589638375 387051667 594906396 387051667
594906396 387051667 599229576 399299926
599229576 399299926 612572217 399299926
599229576 399299926 599229576 412913323
589638375 387051667 589638375 407136759
586210475 319964318 604444762 331937764
604444762 331937764 608044768 332786810
608044768 332786810 635076385 332786810
608044768 332786810 608044768 361721756
608044768 361721756 635966392 369740916
635966392 369740916 662922100 391678834
662922100 391678834 679593745 391678834
679593745 391678834 683740430 394960037
683740430 394960037 688240124 403315442
662922100 391678834 662922100 410587422
688240124 403315442 708193757 403315442
708193757 403315442 708329945 405027131
708329945 405027131 708329945 412107291
688240124 403315442 688240124 430053165
688240124 430053165 704931448 430053165
704931448 430053165 716555850 432640733
716555850 432640733 718513156 437651257
708329945 405027131 738148649 405027131
738148649 405027131 766743826 415510506
766743826 415510506 774361942 415510506
766743826 415510506 766743826 423460098
766743826 423460098 780489635 427342211
780489635 427342211 786259679 427342211
786259679 427342211 797757113 431839502
780489635 427342211 780489635 454400527
780489635 454400527 785535508 454400527
780489635 454400527 780489635 460478100
780489635 460478100 803189984 475897786
803189984 475897786 810991769 475897786
810991769 475897786 811109199 477939021
811109199 477939021 811109199 484552313
811109199 477939021 819239235 477939021
819239235 477939021 835244502 484576534
835244502 484576534 839015737 484576534
835244502 484576534 835244502 510261095
839015737 484576534 862540913 493123869
862540913 493123869 862540913 497161000
862540913 493123869 897704128 493123869
862540913 497161000 873729211 528625755
873729211 528625755 873729211 537809670
873729211 537809670 880704150 537809670
873729211 528625755 892949575 528625755
880704150 537809670 892309945 553647348
892309945 553647348 900261024 554840606
900261024 554840606 925934008 554840606
900261024 554840606 900261024 583704358
900261024 583704358 910493684 590242965
910493684 590242965 913601189 590242965
910493684 590242965 910493684 598896689
910493684 598896689 912728150 619469330
912728150 619469330 916391086 619469330
912728150 619469330 912728150 646917126
912728150 646917126 914955966 652464589
914955966 652464589 916416059 654153779
916416059 654153779 924949145 671783298
924949145 671783298 936834745 689944397
873729211 537809670 873729211 572713618
936834745 689944397 944448923 718817027
944448923 718817027 944448923 725556608
944448923 718817027 952450120 718817027
952450120 718817027 958623693 725952340
916391086 619469330 952098615 625678140
952098615 625678140 952098615 640616023
952098615 625678140 970401822 625678140
970401822 625678140 970401822 625782752
970401822 625678140 974855454 625678140
974855454 625678140 978556373 632013706
897704128 493123869 924351484 509834906
924351484 509834906 924351484 511071733
924351484 509834906 925763397 509834906
924351484 511071733 925091211 524282453
925091211 524282453 946273406 535186833
946273406 535186833 946273406 536023879
946273406 535186833 980639898 535186833
980639898 535186833 994606761 556834927
811109199 484552313 811459383 528095158
803189984 475897786 803189984 523398951
688240124 430053165 688240124 478101937
515094060 320175082 520367085 369331376
520367085 369331376 523983765 369331376
589638375 407136759 593083495 460549260
399117563 158597652 457829443 158597652
457829443 158597652 475773997 171958046
475773997 171958046 481693474 178975245
481693474 178975245 481693474 189627732
481693474 178975245 521058503 178975245
521058503 178975245 538292666 188063661
538292666 188063661 540552162 188063661
538292666 188063661 538292666 196604909
538292666 196604909 543001162 202632389
543001162 202632389 551471300 202632389
543001162 202632389 543001162 235184667
543001162 235184667 550564880 275778407
551471300 202632389 608648442 204046449
608648442 204046449 618002386 207122862
618002386 207122862 618002386 229204107
618002386 229204107 618293660 230732903
618293660 230732903 624920206 230732903
618293660 230732903 618293660 249012926
618293660 249012926 620102840 249012926
618002386 207122862 653888649 207122862
653888649 207122862 666206906 207122862
653888649 207122862 653888649 220230384
666206906 207122862 678670071 212087789
678670071 212087789 678701598 217455056
678701598 217455056 694154171 227828318
694154171 227828318 712126475 235677367
712126475 235677367 713607566 235677367
713607566 235677367 730873085 242990005
730873085 242990005 730873085 260216827
653888649 220230384 667126454 233339904
667126454 233339904 672060053 235677367
730873085 242990005 769650808 242990005
769650808 242990005 776057401 243355212
776057401 243355212 780415470 262668624
780415470 262668624 780415470 282090553
780415470 262668624 817862421 262668624
817862421 262668624 824246710 264967763
824246710 264967763 848082547 264967763
848082547 264967763 871281047 266730432
871281047 266730432 884178777 277157948
884178777 277157948 898275249 277157948
898275249 277157948 901901929 281405872
901901929 281405872 901901929 285604244
824246710 264967763 824246710 291481150
884178777 277157948 884178777 312962502
618293660 249012926 618293660 289358114
618293660 289358114 635076385 295617561
635076385 295617561 639217955 295617561
639217955 295617561 655777266 307610231
655777266 307610231 655777266 316763867
655777266 307610231 665240118 307610231
665240118 307610231 666930957 307610231
665240118 307610231 665240118 310617647
901901929 281405872 947218378 281405872
947218378 281405872 965091828 286408868
965091828 286408868 973349021 286408868
973349021 286408868 974623704 286408868
973349021 286408868 973349021 301768679
974623704 286408868 988136995 288320982
965091828 286408868 965091828 310565370
988136995 288320982 993365896 312197680
780415470 282090553 791728820 319108021
791728820 319108021 807050627 324144842
807050627 324144842 829627853 335914375
829627853 335914375 834111240 335914375
829627853 335914375 829627853 347229265
829627853 347229265 847036295 353764674
847036295 353764674 848125810 355637374
848125810 355637374 848125810 363870690
848125810 363870690 853507592 363870690
853507592 363870690 862585395 364658225
848125810 363870690 848125810 378094477
862585395 364658225 876536572 368951868
876536572 368951868 878873697 408627148
878873697 408627148 879641752 417968912
879641752 417968912 888484594 417968912
879641752 417968912 879641752 438860429
879641752 438860429 906639255 444503748
906639255 444503748 906639255 456302016
906639255 456302016 908444531 465140130
908444531 465140130 908444531 471254812
906639255 444503748 920565995 444503748
920565995 444503748 920565995 452963055
920565995 444503748 939525750 444503748
908444531 465140130 938372384 465140130
939525750 444503748 960641290 457479354
960641290 457479354 985304035 462959577
712126475 235677367 712126475 285533235
712126475 285533235 720795104 308988258
720795104 308988258 747302383 309279760
747302383 309279760 747518934 309279760
747302383 309279760 747302383 311333849
747302383 311333849 752498592 319108021
752498592 319108021 773697697 319108021
773697697 319108021 773697697 328506668
752498592 319108021 752498592 347195829
752498592 347195829 760800301 347195829
760800301 347195829 772129660 354690858
772129660 354690858 782989434 369502748
782989434 369502748 786259679 385330217
786259679 385330217 786259679 415361230
773697697 328506668 791166821 341451943
786259679 415361230 820192550 415361230
786259679 385330217 823107902 385330217
823107902 385330217 846404841 386694394
752498592 347195829 752498592 387275959
752498592 387275959 755637135 391195318
672060053 235677367 672060053 287051369
672060053 287051369 678790907 290794788
764849859 873779672 823930023 873779672
823930023 873779672 848341148 877756768
848341148 877756768 855425050 894713275
855425050 894713275 867755655 908295691
867755655 908295691 877255641 908295691
867755655 908295691 867755655 927610731
877255641 908295691 912386593 913906408
658443156 596472477 658443156 658200106
965091828 310565370 979300780 358440996
599779973 672354405 656196234 678950133
656196234 678950133 656545736 697880671
656545736 697880671 656545736 700146916
643690671 518679337 676790979 548652884
676790979 548652884 701317444 577119353
701317444 577119353 720494637 578807054
345028887 262619498 382510098 288319152
382510098 288319152 382510098 309310070
382510098 309310070 399264237 331492746
958623693 725952340 981620954 767074483
981620954 767074483 987311560 767074483
987311560 767074483 987311560 771394050
987311560 767074483 997032368 767074483
981620954 767074483 981620954 777346022
581259723 364096693 581259723 428676999
901901929 285604244 946714008 305977284
946714008 305977284 955515305 354920799
785535508 454400527 848973236 457171997
848973236 457171997 848973236 458447670
848973236 457171997 851415738 457171997
96785236 0 163340015 0
163340015 0 166133143 0
166133143 0 175036574 0
175036574 0 179831787 0
179831787 0 182702760 0
175036574 0 175036574 17518166
175036574 17518166 182702760 33878748
182702760 33878748 191383649 53553363
191383649 53553363 192362017 53553363
166133143 0 166133143 28432309
163340015 0 163340015 34469451
182702760 0 239893206 0
239893206 0 239893206 23935262
239893206 0 288822325 0
288822325 0 288822325 11158862
288822325 0 306778459 0
306778459 0 306778459 5709630
306778459 0 332819763 0
332819763 0 332819763 6274925
332819763 0 342602087 0
342602087 0 370290667 0
370290667 0 389521655 0
389521655 0 394153885 0
370290667 0 370290667 31438486
370290667 31438486 389521655 39382023
389521655 39382023 394153885 39906214
394153885 39906214 401811666 50969726
401811666 50969726 413604412 50969726
401811666 50969726 401811666 65164667
401811666 65164667 401811666 69496520
401811666 65164667 407028699 65164667
407028699 65164667 416104030 66910886
416104030 66910886 416104030 92419810
342602087 0 342602087 33929440
394153885 0 441587203 0
441587203 0 441587203 10352818
441587203 0 466288903 0
466288903 0 482722559 0
466288903 0 466288903 24109947
466288903 24109947 482722559 24397338
416104030 66910886 464066583 66910886
464066583 66910886 473234850 108066833
473234850 108066833 473234850 116721423
473234850 116721423 477169128 116721423
477169128 116721423 495669303 122301962
495669303 122301962 519221785 124454405
519221785 124454405 520360594 135863824
520360594 135863824 521058503 147390195
521058503 147390195 521058503 163082335
521058503 163082335 521475262 163082335
521475262 163082335 521475262 165508506
521475262 163082335 541971813 163082335
521475262 165508506 540552162 171388724
540552162 171388724 541453883 171388724
541453883 171388724 553025572 179334876
553025572 179334876 553025572 180710605
553025572 179334876 572030591 179334876
473234850 116721423 473234850 143405253
473234850 108066833 504909483 108066833
504909483 108066833 518079371 110560362
518079371 110560362 518079371 118706801
518079371 110560362 529677245 110560362
521058503 147390195 568070675 147390195
482722559 24397338 510885641 51620975
510885641 51620975 510885641 53005783
510885641 53005783 518079371 58577733
518079371 58577733 519066112 58577733
519066112 58577733 521277884 60867705
521277884 60867705 521277884 65147827
521277884 65147827 524653434 65147827
521277884 65147827 521277884 84203517
521277884 60867705 543551763 60867705
543551763 60867705 548717256 61818106
548717256 61818106 548717256 62319818
548717256 61818106 560109245 61818106
510885641 51620975 543375515 51620975
560109245 61818106 601485176 71154215
601485176 71154215 606518436 71191624
606518436 71191624 606518436 79421663
606518436 79421663 610836797 89222316
610836797 89222316 612063076 99480206
612063076 99480206 619561038 99480206
606518436 71191624 626771022 71191624
626771022 71191624 639389612 71804307
639389612 71804307 659611189 82257305
659611189 82257305 664390919 95634427
664390919 95634427 672173532 99055070
672173532 99055070 672173532 104530847
672173532 99055070 710023748 99055070
710023748 99055070 713848379 133388979
713848379 133388979 713848379 155256881
619561038 99480206 623290274 134036170
623290274 134036170 627284307 134939960
627284307 134939960 653478937 134939960
627284307 134939960 627284307 170875213
627284307 170875213 649675968 182051149
649675968 182051149 666206906 192296750
666206906 192296750 675256949 192296750
675256949 192296750 675256949 197091944
675256949 192296750 701637634 192296750
612063076 99480206 612063076 138610833
612063076 138610833 623108697 149937245
623108697 149937245 627214017 172293000
713848379 133388979 760599544 133388979
760599544 133388979 760599544 137691951
760599544 133388979 782464136 133388979
760599544 137691951 771818892 149365025
771818892 149365025 773327327 154823741
773327327 154823741 798109543 157709405
798109543 157709405 829683254 157709405
829683254 157709405 853139359 162508987
853139359 162508987 853139359 169264068
853139359 169264068 861399998 169703311
861399998 169703311 865147002 169703311
861399998 169703311 861399998 183746916
861399998 183746916 880291466 183783076
880291466 183783076 883976259 193265889
883976259 193265889 886657292 193265889
886657292 193265889 886657292 207365824
886657292 207365824 886838066 207800239
886838066 207800239 886838066 210840929
886838066 210840929 886838066 211827221
886838066 210840929 888224417 210840929
883976259 193265889 883976259 217294359
853139359 162508987 878523096 162508987
886657292 193265889 917531893 193265889
917531893 193265889 917531893 197737371
917531893 197737371 919678694 207800239
919678694 207800239 929835807 213851347
929835807 213851347 929835807 241779324
929835807 241779324 929835807 257739632
929835807 241779324 952945520 241779324
952945520 241779324 963829047 245038653
929835807 213851347 958677393 213851347
917531893 193265889 947523682 193265889
798109543 157709405 798109543 197014709
798109543 197014709 807883662 197014709
798109543 197014709 798109543 211173194
798109543 211173194 813060972 212588606
813060972 212588606 838325171 226262140
838325171 226262140 852838006 234611470
713848379 155256881 747414239 173035129
627214017 172293000 649190107 202477966
239893206 23935262 268682290 51620449
268682290 51620449 279059058 51620449
268682290 51620449 268682290 69602369
268682290 69602369 290594782 77132513
290594782 77132513 301151789 77132513
301151789 77132513 301285649 77132513
301151789 77132513 301151789 92037251
301151789 92037251 316411392 95524379
316411392 95524379 316411392 97483030
316411392 95524379 332524568 95524379
316411392 97483030 319204917 121771687
290594782 77132513 290594782 104349673
290594782 104349673 290594782 107702046
290594782 104349673 298995638 104349673
701637634 192296750 740487730 212820462
740487730 212820462 769650808 223751635
769650808 223751635 773824737 223751635
773824737 223751635 776057401 226262140
332524568 95524379 385636745 105782171
511498639 237981275 533433102 283225731
533433102 283225731 533433102 291550415
533433102 283225731 542446954 283225731
533433102 291550415 541677195 308831707
445330935 551820855 451093671 614020772
451093671 614020772 451093671 614980733
451093671 614020772 466431426 614020772
451093671 614980733 451989197 660924150
451989197 660924150 452910626 696413491
452910626 696413491 475709588 697184126
475709588 697184126 483738885 697184126
483738885 697184126 483738885 707180017
475709588 697184126 475709588 720541136
483738885 697184126 511844179 697184126
511844179 697184126 516021545 724171319
516021545 724171319 516021545 730216909
516021545 730216909 516021545 731703565
516021545 730216909 523724499 730216909
516021545 724171319 545876678 724171319
475709588 720541136 494552718 763953897
494552718 763953897 494552718 770375852
494552718 763953897 507310290 763953897
507310290 763953897 508017696 766776730
494552718 770375852 494590511 786921147
494590511 786921147 538775837 786921147
494590511 786921147 494590511 833522806
366801346 493894784 413717783 515009279
413717783 515009279 421282830 558065035
421282830 558065035 422694321 592441758
422694321 592441758 439667128 592441758
439667128 592441758 442503759 614020772
442503759 614020772 442503759 616443384
422694321 592441758 422694321 622151949
422694321 622151949 427523971 654078847
427523971 654078847 445240742 660924150
445240742 660924150 445240742 700331400
848125810 355637374 920678722 355637374
920678722 355637374 920678722 356153769
920678722 355637374 940637384 355637374
940637384 355637374 945511702 360240880
688240124 478101937 714479130 525560648
714479130 525560648 714479130 544524952
714479130 525560648 748214123 525560648
714479130 544524952 743774812 565677734
743774812 565677734 743774812 575362229
743774812 565677734 785163714 565677734
785163714 565677734 785457463 582525312
785457463 582525312 799915654 587868072
799915654 587868072 799915654 608549448
799915654 608549448 821672367 609199613
821672367 609199613 827068873 626741489
827068873 626741489 827068873 641351094
827068873 626741489 855706122 626741489
799915654 587868072 843567150 587868072
743774812 575362229 779631852 602453643
855706122 626741489 888176529 663649323
888176529 663649323 909354533 671063056
0 78799149 0 153017887
0 153017887 0 164480040
0 164480040 911496 164480040
0 164480040 0 166036518
0 166036518 0 166853178
0 166853178 15068218 166853178
0 153017887 16085583 153017887
0 166853178 0 189063571
16085583 153017887 30848286 166036518
30848286 166036518 41190209 185482783
41190209 185482783 41190209 189063571
41190209 185482783 70133090 185482783
70133090 185482783 78110032 200541737
78110032 200541737 101767786 200541737
101767786 200541737 101767786 210882336
78110032 200541737 78110032 225529496
0 189063571 0 227082434
0 227082434 0 238229677
0 227082434 14257711 227082434
0 238229677 0 275019710
0 275019710 0 288355532
0 288355532 0 303225008
0 303225008 0 305024757
0 305024757 0 312687349
0 312687349 6241041 312687349
0 312687349 0 332246421
0 332246421 0 332559391
0 332559391 0 341112152
0 341112152 0 346265945
0 332559391 23493206 332559391
23493206 332559391 23592055 341112152
23592055 341112152 30321422 344933106
30321422 344933106 30321422 346265945
0 332246421 23920750 332246421
0 303225008 24011951 303225008
24011951 303225008 33873570 305024757
30321422 346265945 57099676 349352808
57099676 349352808 67945235 349352808
0 275019710 38135292 275019710
38135292 275019710 41204267 288355532
14257711 227082434 41449633 238229677
41449633 238229677 53941205 246677006
53941205 246677006 63466513 246677006
53941205 246677006 53941205 256373687
53941205 256373687 61258967 258150346
61258967 258150346 85120324 258803432
85120324 258803432 93501251 263254067
93501251 263254067 100227393 266697306
100227393 266697306 109328735 266697306
109328735 266697306 113848496 266697306
109328735 266697306 109328735 272968430
100227393 266697306 100227393 285516721
100227393 285516721 101575872 296852360
101575872 296852360 102058127 296852360
109328735 272968430 128666613 275605139
102058127 296852360 106520479 315658288
106520479 315658288 145991938 316309746
101575872 296852360 101575872 338762444
101575872 338762444 114517225 351603894
114517225 351603894 132209948 351603894
114517225 351603894 114517225 374201909
132209948 351603894 159505406 354113850
159505406 354113850 159505406 371350656
159505406 354113850 192703539 354113850
192703539 354113850 193874990 357662120
193874990 357662120 205970164 386283932
41204267 288355532 82611726 293044677
57099676 349352808 57099676 397136815
57099676 397136815 85052152 398431048
85052152 398431048 87966093 398431048
85052152 398431048 85052152 413392536
85052152 413392536 90250547 424424250
90250547 424424250 96140471 424424250
90250547 424424250 90250547 438208720
96140471 424424250 114843609 429484548
114843609 429484548 133221798 433266304
133221798 433266304 148941497 433266304
133221798 433266304 133221798 462634281
133221798 462634281 149467848 487282415
149467848 487282415 149467848 507737537
149467848 507737537 156499391 523867314
156499391 523867314 159819158 544739970
159819158 544739970 159819158 550430545
159819158 544739970 203586653 544739970
203586653 544739970 214909001 562672461
214909001 562672461 224747461 578478209
224747461 578478209 242286509 578478209
242286509 578478209 243073943 584631372
243073943 584631372 243073943 603613773
224747461 578478209 224747461 606857029
149467848 487282415 199896046 487282415
199896046 487282415 204188183 501947609
204188183 501947609 232078349 506734818
232078349 506734818 244917066 509831493
205970164 386283932 222036965 421466692
243073943 603613773 287550992 611189701
287550992 611189701 291729427 631320662
291729427 631320662 291729427 635799992
291729427 635799992 323511580 638937866
323511580 638937866 336216426 646302945
336216426 646302945 339408448 646302945
339408448 646302945 341671144 653778180
341671144 653778180 341671144 657753376
341671144 657753376 348515299 657753376
341671144 653778180 351139724 653778180
351139724 653778180 359023119 653849956
359023119 653849956 359023119 663886107
341671144 657753376 341671144 671496379
341671144 671496379 345365235 702138800
345365235 702138800 364543417 722232648
364543417 722232648 370816404 730466463
370816404 730466463 373312229 738147320
373312229 738147320 396512570 738147320
373312229 738147320 373312229 770194518
373312229 770194518 387108834 770194518
373312229 770194518 373312229 784200449
359023119 663886107 380931173 685007909
359023119 653849956 402058137 653849956
396512570 738147320 426904324 751715872
426904324 751715872 431725963 764931357
431725963 764931357 431725963 787071355
431725963 787071355 435282342 787071355
435282342 787071355 438133890 788203411
438133890 788203411 438133890 793008718
431725963 787071355 431725963 798822128
431725963 798822128 432303479 798822128
431725963 798822128 431725963 818100948
431725963 764931357 460069956 764931357
460069956 764931357 460069956 766508402
460069956 764931357 468785954 764931357
468785954 764931357 481282753 788203411
438133890 793008718 464266576 812556521
464266576 812556521 479152008 813371272
479152008 813371272 490097475 827451800
291729427 631320662 339180595 631320662
339180595 631320662 355512824 635471268
336216426 646302945 336216426 696537356
30321422 344933106 82600364 344933106
82600364 344933106 86528333 383291461
243073943 584631372 297649716 584631372
114517225 374201909 149618914 395083694
149618914 395083694 152786214 395083694
149618914 395083694 149618914 404150354
222036965 421466692 222970809 479064048
222970809 479064048 223863033 480868038
223863033 480868038 223863033 484184916
223863033 484184916 227852777 484443017
223863033 480868038 246493983 480868038
297649716 584631372 344360991 597714167
344360991 597714167 362531232 601620351
362531232 601620351 362531232 602753228
362531232 602753228 364366131 606837297
364366131 606837297 364366131 623787310
364366131 606837297 396381796 606837297
362531232 601620351 398777546 601620351
396381796 606837297 408148250 644624565
244917066 509831493 286931182 532401742
286931182 532401742 286931182 553873647
286931182 553873647 298781604 555489110
298781604 555489110 298781604 561636111
298781604 555489110 316742456 555489110
286931182 532401742 312369057 532401742
312369057 532401742 318617254 543231170
0 346265945 0 413479733
0 413479733 0 414990011
0 414990011 0 420922103
0 420922103 38605892 420922103
0 414990011 43253981 414990011
0 413479733 44977612 413479733
0 420922103 0 466352119
0 466352119 0 475871026
0 475871026 6790761 475871026
0 475871026 0 484988825
0 484988825 0 492648629
0 492648629 0 498686814
0 484988825 20314370 484988825
20314370 484988825 25681915 490804431
25681915 490804431 31464482 490804431
31464482 490804431 31464482 492648629
25681915 490804431 25681915 498686814
0 466352119 32329647 466352119
31464482 490804431 88751727 490804431
88751727 490804431 93965953 511802643
93965953 511802643 93965953 514843477
93965953 514843477 109719693 514843477
109719693 514843477 114974303 518232906
114974303 518232906 128740270 518232906
93965953 511802643 124525010 511802643
114974303 518232906 114974303 559999110
114974303 559999110 115944166 606271132
115944166 606271132 115944166 608992386
115944166 606271132 146346125 606271132
146346125 606271132 173707671 608604734
173707671 608604734 194233323 608604734
173707671 608604734 173707671 645410104
173707671 645410104 188857704 669967930
188857704 669967930 189990414 680638501
189990414 680638501 208532366 690023371
208532366 690023371 237542643 692118648
237542643 692118648 249670865 692767994
249670865 692767994 267192994 692767994
267192994 692767994 272929766 693322668
272929766 693322668 287228292 693322668
249670865 692767994 249670865 726777074
249670865 726777074 253241769 730664093
253241769 730664093 272929766 730664093
272929766 730664093 275573245 745565183
275573245 745565183 291466180 745565183
275573245 745565183 275573245 766545191
275573245 766545191 285422843 766545191
275573245 766545191 275573245 776630328
291466180 745565183 314316636 750176426
275573245 776630328 300954601 785662476
253241769 730664093 253241769 773054428
253241769 773054428 254407889 791666855
254407889 791666855 257730971 794835924
300954601 785662476 318559750 822790866
257730971 794835924 260582966 846842260
260582966 846842260 262183751 846842260
262183751 846842260 264883810 852372577
264883810 852372577 264883810 864544763
264883810 864544763 264883810 865677611
264883810 864544763 274690043 864544763
264883810 852372577 291810855 852372577
291810855 852372577 291810855 857338867
291810855 852372577 317161873 852372577
317161873 852372577 330142774 866644631
330142774 866644631 330142774 867143707
260582966 846842260 260582966 879460130
330142774 867143707 339248325 891995284
339248325 891995284 343997194 896881668
343997194 896881668 343997194 944659339
343997194 944659339 350674366 982942930
291810855 857338867 292952237 906006347
292952237 906006347 292952237 919158126
292952237 919158126 299321158 926017066
299321158 926017066 303778481 926017066
303778481 926017066 303778481 929225240
303778481 926017066 316273560 926017066
292952237 906006347 315136419 906006347
299321158 926017066 299321158 959533885
93965953 514843477 93965953 569866738
93965953 569866738 95428227 596516708
95428227 596516708 108798589 613107326
108798589 613107326 115542543 640234047
115542543 640234047 125351979 670441645
125351979 670441645 125351979 670756824
125351979 670756824 125351979 672991709
125351979 670756824 137433160 670756824
137433160 670756824 137433160 671580807
137433160 670756824 145774719 670756824
137433160 671580807 139182634 680638501
139182634 680638501 139182634 702295709
139182634 702295709 147585462 717733194
147585462 717733194 187837562 717733194
125351979 670441645 168263845 670441645
316273560 926017066 365610085 936509837
365610085 936509837 365610085 937504205
365610085 936509837 370781690 936509837
370781690 936509837 403170337 956460455
403170337 956460455 403728535 956460455
403728535 956460455 410754235 963971959
403170337 956460455 403170337 977667223
403170337 977667223 430757825 990873435
430757825 990873435 430757825 996860313
430757825 990873435 462534424 990873435
462534424 990873435 517903068 996580517
343997194 896881668 408069601 896881668
408069601 896881668 419737911 907851024
419737911 907851024 446845032 913056066
446845032 913056066 446845032 921505534
446845032 913056066 472983602 913056066
472983602 913056066 477645024 922224971
477645024 922224971 477645024 934424435
477645024 934424435 493627874 970099745
493627874 970099745 517903068 976224693
517903068 976224693 538576343 976224693
477645024 922224971 536620353 922224971
536620353 922224971 546456514 932784084
546456514 932784084 547005452 946180689
547005452 946180689 547005452 960456924
547005452 946180689 573509410 946180689
573509410 946180689 573509410 954285482
573509410 954285482 578127924 957084196
573509410 946180689 588405272 946180689
578127924 957084196 608558222 967766880
608558222 967766880 616844772 983185914
616844772 983185914 641874367 987987894
641874367 987987894 686265039 998787758
147585462 717733194 147585462 783505541
147585462 783505541 153646421 790960099
153646421 790960099 178971836 808874969
178971836 808874969 203877617 808874969
178971836 808874969 178971836 844308360
178971836 844308360 186933788 844308360
178971836 844308360 178971836 868015616
178971836 868015616 185933186 868015616
178971836 868015616 178971836 883089560
178971836 883089560 179594258 889248929
185933186 868015616 210617307 881661009
179594258 889248929 185431091 924245573
185431091 924245573 187636525 926366422
187636525 926366422 208120431 926366422
187636525 926366422 187636525 964119693
187636525 964119693 188856710 964119693
188856710 964119693 194307581 966210875
194307581 966210875 194307581 968213547
187636525 964119693 187636525 972684927
187636525 972684927 187958728 989551367
194307581 968213547 203625995 981452323
194307581 966210875 228495856 966210875
228495856 966210875 228495856 976175887
228495856 966210875 240724414 966210875
240724414 966210875 259179218 974160899
259179218 974160899 259179218 994670419
259179218 974160899 285996445 974160899
285996445 974160899 289134532 984371271
289134532 984371271 291153717 984371271
289134532 984371271 289134532 994973439
289134532 994973439 336842687 996854645
330142774 866644631 396535948 866644631
396535948 866644631 419103996 880611148
419103996 880611148 419103996 883616609
419103996 883616609 422963178 893019404
419103996 880611148 459991759 880611148
459991759 880611148 513751498 891485993
513751498 891485993 515144476 902516352
515144476 902516352 561546795 910981663
287228292 693322668 331728530 717594044
380931173 685007909 426895244 707858109
90250547 438208720 109858238 490484897
208120431 926366422 247838716 959306239
247838716 959306239 248153595 963830305
653478937 134939960 699917142 164288889
820192550 415361230 863162853 448825342
755846011 679049754 757916816 754045952
757916816 754045952 760451870 773347471
760451870 773347471 788628482 801865013
788628482 801865013 827519460 805294526
827519460 805294526 839968846 805294526
827519460 805294526 827519460 826425762
827519460 826425762 831365482 828631769
831365482 828631769 831365482 834575373
831365482 828631769 856182107 828631769
260582966 879460130 280079152 937192323
884178777 312962502 940992803 334507985
940992803 334507985 946119959 346828508
467974804 246773716 509303931 284556351
509303931 284556351 511124615 284556351
509303931 284556351 509303931 293464955
509303931 293464955 528909075 306390932
210617307 881661009 253144662 918332228
253144662 918332228 272641200 952869260
187837562 717733194 218220118 767356609
218220118 767356609 218220118 767807544
218220118 767356609 223537401 767356609
537655228 367333883 563459124 424326193
563459124 424326193 576880549 437890537
561546795 910981663 633572769 922814282
633572769 922814282 633572769 927342605
633572769 922814282 661936572 922814282
633572769 927342605 661215837 944728921
661215837 944728921 661215837 964936976
661215837 944728921 685163505 944728921
685163505 944728921 700928177 945315006
661936572 922814282 699745503 936581616
318617254 543231170 406050514 547616091
68652229 93101070 94555140 160455477
661488971 773097810 669640798 859990221
669640798 859990221 684193010 902073207
684193010 902073207 711369836 912850486
711369836 912850486 711369836 923413629
711369836 912850486 741933378 912850486
29115897 78799149 54940600 150561354
482722559 0 594570556 0
594570556 0 597166469 0
597166469 0 622350901 0
622350901 0 622350901 6473021
597166469 0 597166469 32123047
622350901 0 660291292 0
660291292 0 660291292 3156751
660291292 0 677695700 0
677695700 0 677695700 25098856
677695700 0 706101662 0
706101662 0 706101662 11096313
706101662 0 725694978 0
725694978 0 729059210 0
729059210 0 736696292 0
736696292 0 736696292 4247496
736696292 0 741586087 0
725694978 0 725694978 9448265
725694978 9448265 729059210 10372839
741586087 0 757190628 0
757190628 0 761444087 0
761444087 0 773409943 0
757190628 0 757190628 12715678
773409943 0 773409943 18172939
757190628 12715678 761444087 43471208
761444087 43471208 775138742 55720560
775138742 55720560 775138742 73593808
775138742 55720560 813564328 55720560
813564328 55720560 829740100 64634968
829740100 64634968 829740100 71050883
829740100 71050883 829740100 73454314
829740100 71050883 833065927 71050883
829740100 64634968 841736721 64634968
829740100 73454314 830989729 107502168
830989729 107502168 830989729 110698451
830989729 107502168 838885782 107502168
838885782 107502168 852510664 118722455
852510664 118722455 880236211 122569029
880236211 122569029 885113612 122569029
880236211 122569029 880236211 155272715
885113612 122569029 911900589 135455487
911900589 135455487 933451606 139421206
933451606 139421206 936352195 148123955
741586087 0 741586087 39840337
741586087 39840337 759806547 52528247
773409943 0 816593535 0
816593535 0 816593535 10859889
816593535 0 839937561 0
839937561 0 855722771 0
839937561 0 839937561 25080464
839937561 25080464 841736721 43288072
841736721 43288072 849826066 43288072
849826066 43288072 855722771 43288072
849826066 43288072 849826066 62675326
855722771 0 887042098 0
887042098 0 887042098 16760
887042098 0 902457916 0
902457916 0 918868560 0
918868560 0 919292038 0
919292038 0 921977759 0
921977759 0 928292714 0
928292714 0 928292714 3904028
902457916 0 902457916 18925891
928292714 3904028 928292714 29565240
902457916 18925891 918868560 35591480
918868560 35591480 919292038 39545046
919292038 39545046 921977759 39545046
919292038 39545046 919292038 48464875
594570556 0 594570556 45099796
849826066 62675326 870005410 88397595
870005410 88397595 870005410 93189358
870005410 88397595 894059643 88397595
894059643 88397595 900385248 97305329
900385248 97305329 900385248 107309795
900385248 107309795 902568455 117966416
900385248 97305329 929161740 97305329
870005410 93189358 885113612 107309795
929161740 97305329 954265942 106830173
954265942 106830173 965226774 134254403
965226774 134254403 990341287 160856130
928292714 3904028 982613632 3904028
677695700 25098856 690861158 67394483
690861158 67394483 720531579 76008436
775138742 73593808 806969690 98712606
919292038 48464875 971503370 63221687
971503370 63221687 976892591 63221687
971503370 63221687 971503370 81536927
971503370 81536927 974490384 95421569
974490384 95421569 988680529 102033334
809003069 736639164 858771670 801501827
25681915 498686814 67283765 573934409
67283765 573934409 70482917 573934409
67283765 573934409 67283765 587369789
70482917 573934409 79078499 581035244
0 498686814 0 619907551
0 619907551 0 627396679
0 619907551 20961379 619907551
20961379 619907551 32702255 627396679
0 627396679 0 669472827
0 669472827 15665014 669472827
0 669472827 0 724190894
0 724190894 0 731906408
0 731906408 0 742210937
0 742210937 0 763511467
0 763511467 0 786106758
0 786106758 6766755 786106758
0 786106758 0 793674315
0 763511467 24413712 763511467
0 793674315 0 818133307
0 818133307 9750355 818133307
0 818133307 0 838451030
0 838451030 0 856561257
0 856561257 0 859953833
0 742210937 26184529 742210937
0 859953833 0 886571208
0 886571208 0 894015182
0 894015182 0 894220749
0 894015182 2496307 894015182
0 894220749 0 901732309
0 901732309 4339495 901732309
0 901732309 0 909569865
0 909569865 0 922412759
0 922412759 0 933402064
0 933402064 0 952421174
0 952421174 1357245 952822200
1357245 952822200 1357245 960967040
1357245 960967040 7321890 960967040
7321890 960967040 7421559 960967040
7321890 960967040 7321890 961471344
7321890 961471344 7422046 974908110
7422046 974908110 13327861 974908110
7422046 974908110 7422046 994839045
7422046 994839045 28439299 998963502
1357245 952822200 29671592 952822200
2496307 894015182 33689634 894220749
33689634 894220749 39847719 894220749
33689634 894220749 33689634 909569865
33689634 909569865 37457065 915492942
37457065 915492942 37457065 922412759
37457065 922412759 39164661 922412759
37457065 922412759 37457065 933402064
37457065 915492942 66945195 915492942
0 838451030 31425266 838451030
31425266 838451030 39436635 856561257
39436635 856561257 40711159 859953833
1357245 960967040 1357245 993382833
0 886571208 32646049 886571208
24413712 763511467 51971510 770380419
51971510 770380419 51971510 794897749
51971510 794897749 68591629 804242732
68591629 804242732 69436748 817375380
69436748 817375380 69436748 837103577
51971510 770380419 78906053 770380419
78906053 770380419 79663976 786030232
0 731906408 36933698 731906408
36933698 731906408 51613997 758206479
69436748 817375380 113036956 817375380
0 793674315 45468114 793674315
0 724190894 48416928 724190894
29671592 952822200 77148111 954891681
77148111 954891681 78697808 957443691
78697808 957443691 86136963 957443691
78697808 957443691 78697808 966119836
86136963 957443691 102034361 958958662
102034361 958958662 102034361 965675250
102034361 965675250 102488078 977766747
102488078 977766747 117826080 987710141
117826080 987710141 117826080 993901514
117826080 987710141 138541452 987710141
138541452 987710141 155422313 991489636
117826080 993901514 135409024 999431330
102034361 958958662 135474689 958958662
135474689 958958662 135474689 960438612
135474689 958958662 159085419 958958662
135474689 960438612 157343759 965693566
48416928 724190894 82901289 742644564
82901289 742644564 82901289 757254397
82901289 742644564 107879059 742644564
113036956 817375380 136323544 847613055
66945195 915492942 85603783 950884802
79663976 786030232 123965436 804231109
15665014 669472827 57012366 691180959
57012366 691180959 72804148 715104098
72804148 715104098 72804148 716680458
72804148 716680458 73938379 716680458
72804148 716680458 72804148 719894857
72804148 715104098 81920558 715104098
136323544 847613055 145623053 925353493
145623053 925353493 145623053 928734628
145623053 925353493 156760510 925353493
