1445
0 0 0 2301855
0 0 42852929 0
42852929 0 42852929 2301855
42852929 0 60484170 0
60484170 0 75623960 0
75623960 0 75623960 30777291
60484170 0 60484170 39276033
75623960 0 120977703 0
120977703 0 130780080 0
130780080 0 130780080 11809857
120977703 0 120977703 29192080
130780080 0 174208215 0
174208215 0 194637518 0
174208215 0 174208215 25668583
174208215 25668583 194637518 41331426
194637518 0 239058258 0
239058258 0 239058258 9710933
239058258 0 282080510 0
282080510 0 282080510 9252452
282080510 0 294608489 0
294608489 0 310303308 0
310303308 0 321591704 0
321591704 0 326114908 0
321591704 0 321591704 27123669
321591704 27123669 326114908 36803845
326114908 0 355714127 0
355714127 0 358219521 0
355714127 0 355714127 6281348
358219521 0 366542825 0
366542825 0 381902431 0
294608489 0 294608489 30616490
294608489 30616490 296466586 47149761
296466586 47149761 303994070 47149761
303994070 47149761 303994070 51259421
303994070 47149761 310303308 47149761
296466586 47149761 296466586 56663337
381902431 0 381902431 36343614
310303308 47149761 322927774 70894888
326114908 36803845 358219521 41579471
358219521 41579471 366542825 45922833
296466586 56663337 302426851 93001412
302426851 93001412 302611870 93160062
302611870 93160062 318457107 95396594
318457107 95396594 350924003 95396594
350924003 95396594 369333608 117757889
369333608 117757889 377608538 117757889
369333608 117757889 369333608 148109090
369333608 148109090 370223702 151046205
370223702 151046205 370223702 169670226
370223702 151046205 398463739 151046205
398463739 151046205 398463739 175423709
398463739 175423709 408764405 178353543
398463739 151046205 422930421 151046205
408764405 178353543 423087784 193176058
423087784 193176058 438853911 193176058
423087784 193176058 423087784 211466769
423087784 211466769 423087784 211764081
423087784 211466769 426900688 211466769
426900688 211466769 428331171 222532519
428331171 222532519 428331171 228624775
428331171 228624775 430982793 245729959
430982793 245729959 430982793 253532939
430982793 245729959 449485813 245729959
377608538 117757889 382374272 147989934
370223702 169670226 381708559 194297648
194637518 41331426 221795971 60995497
221795971 60995497 236846590 61222631
236846590 61222631 236846590 68614984
236846590 61222631 249655004 61222631
0 2301855 0 50781510
0 50781510 13642915 50781510
0 50781510 0 78185589
0 78185589 0 89115057
0 78185589 21790574 78185589
21790574 78185589 29517435 89115057
29517435 89115057 43624489 91473668
43624489 91473668 43624489 113171798
43624489 91473668 66799233 91473668
0 89115057 0 113171798
43624489 113171798 61554115 133731642
61554115 133731642 79168470 137763073
79168470 137763073 85592157 156628349
85592157 156628349 85592157 157443677
85592157 157443677 91147899 157443677
91147899 157443677 91147899 158363909
91147899 157443677 94474428 157443677
85592157 157443677 85592157 169042627
85592157 156628349 107404475 156628349
85592157 169042627 100759050 196995400
100759050 196995400 103514304 203739979
103514304 203739979 103514304 229414177
103514304 229414177 126790109 250140996
126790109 250140996 143067329 250140996
143067329 250140996 149636942 255588549
149636942 255588549 154577035 258276096
154577035 258276096 173748152 259599188
173748152 259599188 180929733 267933868
180929733 267933868 180929733 285280292
126790109 250140996 126790109 278790085
180929733 267933868 210803347 267933868
210803347 267933868 223453911 272252720
223453911 272252720 232272164 272252720
223453911 272252720 223453911 297677051
223453911 297677051 224646560 297677051
223453911 297677051 223453911 319068764
223453911 319068764 230897834 323848332
230897834 323848332 232748913 323848332
230897834 323848332 230897834 338710660
126790109 278790085 142045932 299923747
142045932 299923747 142791481 312575177
142791481 312575177 146084561 312575177
142791481 312575177 142791481 322297716
142791481 322297716 155561555 346066875
155561555 346066875 157597729 350642891
157597729 350642891 174582433 350642891
174582433 350642891 187217145 361064195
157597729 350642891 157597729 379634834
157597729 379634834 163577186 393620740
187217145 361064195 188982147 392427162
188982147 392427162 197169674 403776794
197169674 403776794 204444963 418486739
204444963 418486739 235277103 423039458
235277103 423039458 247967844 423039458
247967844 423039458 261933876 423039458
247967844 423039458 247967844 451245638
235277103 423039458 235277103 455463974
235277103 455463974 243110171 478284425
243110171 478284425 252696594 483543559
252696594 483543559 258431617 483543559
258431617 483543559 273965002 487569507
273965002 487569507 273965002 488568900
252696594 483543559 252696594 514576251
252696594 514576251 252696594 518625032
252696594 514576251 258117054 514576251
232272164 272252720 244671632 297179324
180929733 285280292 184262832 322636486
184262832 322636486 187756681 322636486
184262832 322636486 184262832 331660292
187756681 322636486 200004344 323848332
200004344 323848332 200004344 335244426
381902431 36343614 415546704 51743388
415546704 51743388 416617149 51743388
415546704 51743388 415546704 86432472
415546704 86432472 431290564 87816361
431290564 87816361 441751997 87816361
431290564 87816361 431290564 100365159
431290564 100365159 448536359 110485261
448536359 110485261 454303737 110485261
448536359 110485261 448536359 123796078
448536359 123796078 449061547 125079202
454303737 110485261 473404411 112543915
473404411 112543915 475679175 121583654
475679175 121583654 500279613 121583654
500279613 121583654 510686614 134540977
510686614 134540977 511712529 146714201
511712529 146714201 511712529 165936638
511712529 165936638 522850578 178481805
522850578 178481805 522850578 193444097
522850578 193444097 524094213 193444097
524094213 193444097 528599434 194720078
528599434 194720078 534853649 194720078
528599434 194720078 528599434 211595482
522850578 193444097 522850578 211141479
522850578 178481805 540883955 178481805
540883955 178481805 540883955 191978167
540883955 178481805 558263382 178481805
528599434 211595482 528599434 237230273
528599434 211595482 554448755 211595482
475679175 121583654 475679175 148348134
441751997 87816361 469231545 96317918
469231545 96317918 471421186 96317918
469231545 96317918 469231545 104835798
469231545 104835798 473404411 108276590
473404411 108276590 497616954 108276590
497616954 108276590 515349152 112842980
558263382 178481805 579283744 204462245
579283744 204462245 593495178 231581834
593495178 231581834 593495178 241504516
593495178 231581834 607621754 231581834
511712529 146714201 559822105 146714201
559822105 146714201 569269453 149869621
569269453 149869621 614470563 153119533
614470563 153119533 614470563 160228908
614470563 153119533 640499363 153119533
120977703 29192080 141431461 57961511
528599434 237230273 531214012 284130618
531214012 284130618 531214012 310105053
531214012 310105053 539461921 313746612
539461921 313746612 542945802 315830548
542945802 315830548 542945802 331078416
542945802 331078416 552624316 331078416
552624316 331078416 553541664 339717728
542945802 331078416 542945802 342834605
553541664 339717728 554969476 362612624
554969476 362612624 554969476 367085336
554969476 367085336 560509559 373609960
560509559 373609960 560509559 375811671
560509559 375811671 562210378 382677680
562210378 382677680 573164519 382677680
573164519 382677680 573164519 386483748
573164519 382677680 579742328 382677680
562210378 382677680 562210378 403842189
542945802 315830548 573367646 315830548
531214012 284130618 561784176 284130618
560509559 373609960 591570568 373609960
591570568 373609960 638714315 376146557
638714315 376146557 660065078 391206606
660065078 391206606 693331063 393321001
693331063 393321001 694747727 393321001
693331063 393321001 693331063 409264976
693331063 409264976 710082112 420211194
710082112 420211194 714418050 420211194
710082112 420211194 710082112 437270094
710082112 437270094 721989281 453804360
721989281 453804360 723114105 455604727
723114105 455604727 753981400 471616532
753981400 471616532 760766095 486845706
760766095 486845706 760766095 507941828
760766095 507941828 760766095 515201407
760766095 515201407 767683173 516142892
767683173 516142892 768981723 516844406
760766095 507941828 786211633 507941828
786211633 507941828 801387730 508243194
801387730 508243194 817427927 508243194
817427927 508243194 817427927 516844406
817427927 516844406 822621068 516844406
817427927 516844406 817427927 525418405
760766095 486845706 788213835 486845706
788213835 486845706 788213835 495547129
788213835 495547129 790866511 502978625
790866511 502978625 817101277 504007065
788213835 486845706 816842393 486845706
817427927 525418405 832197158 539595290
832197158 539595290 832197158 542908475
832197158 542908475 832197158 551751767
832197158 542908475 848280033 542908475
832197158 539595290 851516508 539595290
817427927 508243194 854541549 508243194
854541549 508243194 867067967 512105860
867067967 512105860 867067967 527646177
867067967 512105860 884190092 512105860
884190092 512105860 889802842 512105860
884190092 512105860 884190092 519889913
889802842 512105860 919147135 513033285
919147135 513033285 931531493 527256889
931531493 527256889 933749104 527256889
933749104 527256889 969897856 534405610
969897856 534405610 981888723 543708144
981888723 543708144 989981902 543708144
981888723 543708144 981888723 556684064
981888723 556684064 984501879 556684064
981888723 556684064 981888723 578813269
832197158 551751767 838983646 592433171
838983646 592433171 851994263 606725372
851994263 606725372 863725704 606725372
863725704 606725372 904485775 607125746
904485775 607125746 907995199 622329817
981888723 578813269 988267596 620626852
988267596 620626852 995878793 643658160
995878793 643658160 996175885 653116748
607621754 231581834 653862919 235477296
653862919 235477296 653862919 251552591
653862919 251552591 655560544 252434182
655560544 252434182 655560544 261080442
653862919 235477296 680574346 235477296
655560544 261080442 667842591 278525811
667842591 278525811 671980123 278525811
667842591 278525811 667842591 300543025
667842591 300543025 670632298 303429737
670632298 303429737 703654093 303429737
703654093 303429737 709992623 303429737
703654093 303429737 703654093 325597260
703654093 325597260 712185246 339873997
709992623 303429737 728009564 314188208
670632298 303429737 670632298 338678714
670632298 338678714 675417601 339873997
675417601 339873997 691677409 339873997
691677409 339873997 691677409 347453922
675417601 339873997 675417601 356674400
675417601 356674400 677353618 356674400
675417601 356674400 675417601 367939795
675417601 367939795 686703216 378761610
686703216 378761610 713406475 381393263
713406475 381393263 742902190 386077976
742902190 386077976 766705610 389195647
766705610 389195647 775291553 413181772
775291553 413181772 777930734 413181772
775291553 413181772 775291553 445359072
712185246 339873997 749917877 344622924
749917877 344622924 749917877 364702437
749917877 364702437 767021953 374410294
749917877 344622924 777866352 344622924
767021953 374410294 805561424 378212197
0 113171798 0 163383633
0 163383633 0 175135814
0 175135814 20577914 175135814
0 175135814 0 202473051
0 202473051 12610480 202473051
0 202473051 0 227992476
0 227992476 0 229872179
0 229872179 0 235892644
0 229872179 9119389 229872179
0 235892644 0 246062436
0 246062436 0 256695621
0 256695621 0 260292118
0 227992476 21877063 227992476
21877063 227992476 29749226 235892644
29749226 235892644 30805811 235892644
29749226 235892644 29749226 246062436
29749226 246062436 33923603 260292118
0 256695621 22486888 256695621
0 260292118 0 286941874
0 163383633 37424350 163383633
562210378 403842189 596798273 419467893
596798273 419467893 632829926 426865593
632829926 426865593 632829926 429536136
632829926 426865593 652834221 426865593
632829926 429536136 639042101 446081129
639042101 446081129 639042101 457008718
639042101 446081129 666876903 446081129
428331171 222532519 478632200 222532519
478632200 222532519 478632200 226762948
478632200 226762948 485357727 227847361
478632200 222532519 506615071 222532519
768981723 516844406 768981723 567541362
768981723 567541362 787173702 582838447
851994263 606725372 851994263 657477894
851994263 657477894 861577468 661529730
861577468 661529730 861577468 667158290
861577468 667158290 882247953 671306578
861577468 661529730 892319775 661529730
892319775 661529730 907995199 678662322
907995199 678662322 915154949 679031893
915154949 679031893 915154949 680949917
915154949 680949917 922475363 697047118
922475363 697047118 929482627 697047118
929482627 697047118 934306523 697861827
934306523 697861827 935997159 697861827
922475363 697047118 922475363 711727921
922475363 711727921 934306523 727544504
934306523 727544504 936866451 731134231
936866451 731134231 946618863 731134231
882247953 671306578 886919766 699618870
936866451 731134231 936866451 765355973
936866451 765355973 942030253 765355973
936866451 765355973 936866451 772669125
915154949 679031893 951870805 679031893
951870805 679031893 971078115 686416012
971078115 686416012 972821891 690101590
972821891 690101590 985601914 690101590
972821891 690101590 972821891 714651665
972821891 714651665 982984360 724838122
982984360 724838122 986138102 752556094
986138102 752556094 987194803 758133809
987194803 758133809 995575304 766742552
936866451 772669125 964574950 790904361
680574346 235477296 714423830 252434182
258117054 514576251 305955214 517815400
305955214 517815400 319661079 521737988
319661079 521737988 319661079 536363408
319661079 521737988 337665221 521737988
337665221 521737988 342565378 529995194
342565378 529995194 359395311 529995194
359395311 529995194 370040236 538853184
370040236 538853184 370040236 551718628
370040236 551718628 370040236 551881287
370040236 551718628 371504133 551718628
370040236 538853184 393699019 538853184
342565378 529995194 342565378 554057046
342565378 554057046 349283354 558375311
349283354 558375311 349283354 576784761
349283354 576784761 355312141 576784761
349283354 558375311 369484886 558375311
393699019 538853184 397571406 560498804
349283354 576784761 349283354 611750598
349283354 611750598 350865040 622897444
350865040 622897444 350865040 637924569
350865040 622897444 366666496 622897444
350865040 637924569 352573522 661640194
352573522 661640194 358770326 661640194
352573522 661640194 352573522 685860601
366666496 622897444 374654459 643953568
374654459 643953568 380179256 643953568
374654459 643953568 374654459 657683615
380179256 643953568 390874926 648525611
390874926 648525611 390874926 654432514
390874926 654432514 409899653 660903069
409899653 660903069 436309723 665066154
436309723 665066154 446477838 665066154
436309723 665066154 436309723 684727256
436309723 684727256 448497472 709244877
448497472 709244877 448497472 721606306
448497472 709244877 471170227 709244877
397571406 560498804 437667016 560498804
437667016 560498804 441842317 565619171
397571406 560498804 397571406 601458063
448497472 721606306 465435330 750017445
465435330 750017445 487706934 753928606
487706934 753928606 487706934 770407731
487706934 753928606 516366656 753928606
516366656 753928606 526985656 761370998
526985656 761370998 526985656 777162951
526985656 777162951 531368688 788680667
531368688 788680667 538628021 788680667
531368688 788680667 531368688 809091652
531368688 809091652 532166778 814067591
532166778 814067591 532166778 820903122
532166778 820903122 532508596 838028810
532508596 838028810 534436293 840426804
534436293 840426804 534436293 840573665
534436293 840426804 559703306 840426804
526985656 761370998 558509444 761370998
558509444 761370998 570466116 772217091
487706934 770407731 493006635 801658308
493006635 801658308 493006635 802448680
493006635 802448680 500948096 809091652
493006635 801658308 510056092 801658308
500948096 809091652 500948096 835520727
500948096 835520727 503595987 838028810
503595987 838028810 503595987 838437908
503595987 838437908 505477593 840573665
505477593 840573665 505477593 878297271
570466116 772217091 592246534 789977137
592246534 789977137 603889031 789977137
592246534 789977137 592246534 805095466
592246534 805095466 598424880 820159482
598424880 820159482 607702510 833444769
532166778 814067591 573585188 814067591
352573522 685860601 373877647 712772760
373877647 712772760 399672874 727942502
399672874 727942502 406077528 727942502
406077528 727942502 406077528 727998628
406077528 727942502 419131190 727942502
419131190 727942502 430113607 734673563
430113607 734673563 436844278 748828081
436844278 748828081 448258722 748828081
436844278 748828081 436844278 778516322
436844278 778516322 465157156 779328319
399672874 727942502 399672874 761082689
446477838 665066154 492045353 669995785
492045353 669995785 500155292 669995785
492045353 669995785 492045353 688680187
500155292 669995785 524459808 678451027
524459808 678451027 534131545 686495190
534131545 686495190 534445234 702610485
534445234 702610485 534445234 715011580
534445234 702610485 549502460 702610485
549502460 702610485 559354043 711598406
559354043 711598406 580051030 713311162
580051030 713311162 585537764 715392686
585537764 715392686 606830817 715392686
606830817 715392686 615874919 724579278
615874919 724579278 616920720 746750070
585537764 715392686 585537764 740424689
616920720 746750070 618962484 770701999
618962484 770701999 653584810 781896510
653584810 781896510 665186471 798310909
665186471 798310909 665186471 822814318
665186471 822814318 690397445 827760370
690397445 827760370 705009455 832770962
705009455 832770962 709199780 832770962
709199780 832770962 709199780 836625512
709199780 836625512 712965203 837594171
709199780 832770962 720146334 832770962
705009455 832770962 705009455 858720685
705009455 858720685 708731343 878674787
708731343 878674787 717344507 878674787
717344507 878674787 725859755 893885135
725859755 893885135 725998429 893885135
725859755 893885135 725859755 911963377
725859755 911963377 727827571 925104576
727827571 925104576 730258677 925104576
727827571 925104576 727827571 945876566
665186471 798310909 698948023 798310909
698948023 798310909 716065440 803883945
727827571 945876566 762191335 946256462
762191335 946256462 763570978 961690758
763570978 961690758 763570978 965297155
763570978 965297155 774457602 966883307
716065440 803883945 738747374 818210303
738747374 818210303 741349720 823754954
741349720 823754954 753649869 831209533
753649869 831209533 761358652 836222195
761358652 836222195 769195121 836222195
769195121 836222195 772799342 836682604
772799342 836682604 772799342 851125933
763570978 961690758 801200025 961690758
801200025 961690758 817478813 967603711
817478813 967603711 817478813 973535016
817478813 967603711 839854824 967603711
839854824 967603711 858173007 972634494
761358652 836222195 761358652 874186396
708731343 878674787 708731343 922551898
730258677 925104576 775194949 929014366
772799342 836682604 823419563 836682604
534436293 840573665 550250985 875453398
550250985 875453398 578644194 878795103
578644194 878795103 590312125 878795103
578644194 878795103 578644194 920001785
578644194 920001785 583901940 920784967
583901940 920784967 583901940 924341305
583901940 924341305 584045708 934784446
584045708 934784446 584045708 963399855
584045708 963399855 588038439 966520669
588038439 966520669 590500648 972218996
590500648 972218996 590500648 993903843
590500648 972218996 619622121 972218996
584045708 934784446 618524119 934784446
618524119 934784446 627293635 943425605
627293635 943425605 630394510 943425605
630394510 943425605 630394510 943859044
627293635 943425605 627293635 952570285
583901940 920784967 619859271 920784967
630394510 943425605 671984347 943425605
801387730 508243194 801387730 559838746
801387730 559838746 807610355 559838746
801387730 559838746 801387730 566480847
714423830 252434182 717410092 301097995
775194949 929014366 810833315 945323341
810833315 945323341 832934364 954358081
907995199 622329817 960650107 622329817
960650107 622329817 963332358 660935953
963332358 660935953 968767917 660935953
963332358 660935953 963332358 669535353
0 286941874 0 339778846
0 339778846 0 347077906
0 347077906 1944477 347077906
0 347077906 0 363821773
0 339778846 19454716 339778846
0 363821773 0 384829339
0 384829339 0 407749508
0 407749508 21338800 407749508
0 407749508 0 429705685
0 429705685 18354612 429705685
0 429705685 0 456355442
0 456355442 0 458519762
0 458519762 14843146 458519762
0 458519762 0 488340892
0 488340892 0 496273535
0 496273535 0 504289565
0 488340892 18295782 488340892
18295782 488340892 21317669 495758969
21317669 495758969 26722978 495758969
26722978 495758969 26722978 496273535
21317669 495758969 21317669 504289565
0 363821773 42051089 363821773
42051089 363821773 49306188 374551681
49306188 374551681 49306188 384829339
49306188 374551681 64122922 374551681
64122922 374551681 64122922 376000529
64122922 374551681 81664726 374551681
64122922 376000529 72320026 397163594
26722978 495758969 72369747 495758969
72320026 397163594 111638358 404432382
111638358 404432382 126137882 406814727
0 456355442 48210867 456355442
18354612 429705685 66999137 433730449
66999137 433730449 83530899 454437310
83530899 454437310 84423748 476530680
607702510 833444769 654858357 839491947
318457107 95396594 318457107 148840518
318457107 148840518 320919103 158213784
320919103 158213784 320919103 198848862
320919103 198848862 320919103 202253642
320919103 202253642 320919103 207318048
320919103 202253642 334105985 202253642
320919103 198848862 335266110 198848862
320919103 158213784 362068681 158213784
441842317 565619171 480291199 581823911
480291199 581823911 484753527 581823911
484753527 581823911 501686762 581823911
501686762 581823911 503177646 581823911
501686762 581823911 501686762 584601812
484753527 581823911 484753527 600315483
480291199 581823911 480291199 626176610
103514304 203739979 158544811 203739979
158544811 203739979 163760421 206191781
163760421 206191781 190234943 206191781
190234943 206191781 201533797 214729493
201533797 214729493 201533797 239603022
201533797 214729493 237412832 214729493
163760421 206191781 163760421 244460677
201533797 239603022 226709139 257080761
226709139 257080761 228783930 259578605
237412832 214729493 256963346 245473183
256963346 245473183 256963346 247187062
256963346 245473183 282697959 245473183
282697959 245473183 313358232 253327055
313358232 253327055 326943570 265544147
326943570 265544147 326943570 287290452
326943570 287290452 336973853 287290452
336973853 287290452 348336359 291245529
348336359 291245529 356612204 291245529
326943570 287290452 326943570 312901968
326943570 312901968 336887238 319763098
336887238 319763098 336887238 330781617
336887238 330781617 341987817 332039897
336887238 319763098 348336359 319763098
341987817 332039897 358172193 337482687
348336359 319763098 361979895 328862828
356612204 291245529 361979895 317156156
361979895 317156156 375774735 317156156
326943570 265544147 364563773 265544147
364563773 265544147 365135202 270773081
365135202 270773081 365135202 275742732
365135202 275742732 383905480 278623771
383905480 278623771 393299216 284027475
365135202 270773081 395345926 270773081
395345926 270773081 395345926 272961109
395345926 272961109 408340834 276204658
395345926 270773081 416917269 270773081
416917269 270773081 420565514 312669351
420565514 312669351 429875955 358549929
429875955 358549929 429875955 372276770
429875955 372276770 429875955 376621475
429875955 372276770 438393279 372276770
438393279 372276770 454041357 373005361
429875955 358549929 452988795 358549929
454041357 373005361 469681600 405995827
469681600 405995827 473344564 412018634
473344564 412018634 502719540 412018634
502719540 412018634 502719540 412238968
502719540 412018634 524999963 412018634
502719540 412238968 503032383 436559661
503032383 436559661 503032383 446307001
503032383 436559661 523375119 436559661
523375119 436559661 530177863 458221005
530177863 458221005 550902135 466504336
550902135 466504336 550902135 489799391
550902135 489799391 556281533 491106670
556281533 491106670 556281533 498913871
556281533 491106670 576037230 491106670
576037230 491106670 580306914 495210672
580306914 495210672 580306914 505191035
580306914 505191035 580974405 505191035
580974405 505191035 585599278 508873076
585599278 508873076 594209817 508873076
585599278 508873076 585599278 519879410
580306914 495210672 597260640 495210672
580306914 505191035 580306914 527413088
550902135 466504336 575042377 466504336
473344564 412018634 473344564 447156647
473344564 447156647 477960298 447156647
477960298 447156647 479934750 455464001
479934750 455464001 486918929 480176095
486918929 480176095 490129610 480176095
486918929 480176095 486918929 487207255
486918929 487207255 509533255 489396875
509533255 489396875 512678173 489396875
509533255 489396875 509533255 493923868
509533255 493923868 528829918 504499372
473344564 447156647 473344564 480711916
473344564 480711916 481293442 505759844
580306914 527413088 608485388 539662145
608485388 539662145 608485388 544836009
608485388 539662145 637057538 539662145
637057538 539662145 639927829 546532870
639927829 546532870 639927829 556039527
608485388 544836009 626380269 556039527
626380269 556039527 626380269 563561074
626380269 563561074 627394021 582935532
639927829 546532870 676345133 546532870
676345133 546532870 676345133 551677678
676345133 546532870 688385925 546532870
688385925 546532870 700456813 569117392
700456813 569117392 706474264 579963935
706474264 579963935 743880343 579963935
743880343 579963935 756674615 579963935
743880343 579963935 743880343 594974572
743880343 594974572 758017748 597587061
758017748 597587061 765482942 597587061
758017748 597587061 758017748 617543005
758017748 617543005 773305945 624590693
773305945 624590693 781235513 624590693
773305945 624590693 773305945 653064258
773305945 653064258 780401727 671876214
780401727 671876214 780401727 691669809
780401727 691669809 788087837 695886162
788087837 695886162 789482355 702971220
789482355 702971220 789482355 721069427
789482355 721069427 791276377 728170617
791276377 728170617 795902379 729241219
795902379 729241219 795902379 736109704
780401727 671876214 806393630 671876214
795902379 729241219 825617133 729241219
825617133 729241219 831864651 741048769
831864651 741048769 831864651 741211701
789482355 702971220 820694234 702971220
831864651 741048769 865747218 741048769
865747218 741048769 874025637 752833304
874025637 752833304 874025637 766028410
874025637 766028410 878740500 766028410
878740500 766028410 885316339 766787125
885316339 766787125 885316339 781993674
874025637 752833304 896875115 752833304
885316339 781993674 901554920 789473068
885316339 766787125 913189665 766787125
901554920 789473068 920866385 804005341
874025637 766028410 874025637 802384353
920866385 804005341 921374910 842040183
921374910 842040183 960226318 845465234
706474264 579963935 706474264 622374730
706474264 622374730 741671530 630266154
741671530 630266154 742621158 653064258
742621158 653064258 742621158 681373610
742621158 681373610 742621158 688814093
742621158 681373610 763057982 681373610
763057982 681373610 778380207 691669809
778380207 691669809 778380207 697762098
627394021 582935532 635673905 619902917
635673905 619902917 641203927 619902917
635673905 619902917 635673905 646142191
635673905 646142191 637007114 658584341
637007114 658584341 659223387 668662669
659223387 668662669 664964374 681564332
664964374 681564332 664964374 698387020
664964374 681564332 703419401 681564332
703419401 681564332 705346209 688814093
705346209 688814093 705346209 720333608
705346209 720333608 711753613 750842491
711753613 750842491 716065440 775934813
716065440 775934813 736644399 775934813
736644399 775934813 738747374 790333720
738747374 790333720 741096029 790333720
741096029 790333720 741096029 793941913
741096029 790333720 764460049 790333720
641203927 619902917 665649036 636393682
764460049 790333720 806536077 794585955
806536077 794585955 824416791 818300482
824416791 818300482 824416791 833340161
824416791 818300482 841217041 818300482
841217041 818300482 863575843 821502107
863575843 821502107 870003838 832209249
870003838 832209249 881961419 864213146
881961419 864213146 881961419 865296825
881961419 865296825 894775977 865296825
894775977 865296825 901275554 878194286
901275554 878194286 903324078 878194286
901275554 878194286 901275554 885101618
881961419 865296825 881961419 885023497
881961419 885023497 883049912 885023497
881961419 885023497 881961419 905170180
881961419 905170180 896335174 909985691
896335174 909985691 899039365 909985691
896335174 909985691 896335174 914681582
896335174 914681582 921469553 920876072
921469553 920876072 955588615 920876072
955588615 920876072 955588615 929307199
955588615 920876072 965648796 920876072
881961419 864213146 919732353 864213146
921469553 920876072 921469553 959545362
965648796 920876072 993890777 931335177
993890777 931335177 997430232 931335177
997430232 931335177 999643184 959852004
921469553 959545362 933406761 990725584
993890777 931335177 993890777 976282726
452988795 358549929 499238252 361678214
499238252 361678214 501498325 361678214
499238252 361678214 499238252 370907681
449485813 245729959 455583293 294842002
455583293 294842002 479124707 313063232
479124707 313063232 494252187 321032340
494252187 321032340 494252187 346023249
494252187 321032340 520498764 321032340
390874926 648525611 446545793 648525611
446545793 648525611 463508517 654559752
463508517 654559752 467472845 655972475
467472845 655972475 467472845 664856242
554969476 362612624 610722628 362612624
501686762 584601812 538093175 604377509
671980123 278525811 708073333 299158608
33923603 260292118 60533489 290725207
60533489 290725207 70318463 290725207
70318463 290725207 80021096 291842620
80021096 291842620 80021096 295104365
80021096 291842620 88794780 291842620
88794780 291842620 96577884 299622516
96577884 299622516 96577884 304921531
96577884 304921531 96577884 313702637
96577884 313702637 96685171 323094357
96577884 304921531 107114987 304921531
107114987 304921531 117608665 312055512
96685171 323094357 107810969 333734863
96577884 299622516 125331121 299622516
60533489 290725207 60533489 322189896
107810969 333734863 136680097 353796367
230897834 338710660 249554791 377171905
249554791 377171905 249554791 382941028
249554791 377171905 261475443 377171905
261475443 377171905 274113834 398824338
274113834 398824338 274113834 412773370
274113834 398824338 305109746 398824338
305109746 398824338 334980434 419696690
334980434 419696690 348140689 423938233
627293635 952570285 665697194 971657097
664964374 698387020 697859392 723356393
66799233 91473668 104190560 111978314
104190560 111978314 104190560 119981491
104190560 119981491 115554579 123219001
104190560 111978314 119718315 111978314
119718315 111978314 136258623 117705274
416617149 51743388 469212318 57245966
469212318 57245966 502196449 79727463
502196449 79727463 528520500 95461877
528520500 95461877 545565743 96136279
816842393 486845706 867604035 494226791
867604035 494226791 888668327 498648195
888668327 498648195 914743179 502175184
787173702 582838447 823980708 604508819
30805811 235892644 86043860 239320107
86043860 239320107 88794780 280884582
88794780 280884582 94682089 280884582
603889031 789977137 651541847 801349336
465157156 779328319 481033546 822564181
594209817 508873076 645596256 516838705
645596256 516838705 676345133 528288497
676345133 528288497 691553128 528288497
691553128 528288497 699141190 541901790
964574950 790904361 992744108 822122237
481033546 822564181 490618545 872452159
136258623 117705274 182836290 131561487
182836290 131561487 194103441 132849397
194103441 132849397 197153771 132849397
194103441 132849397 194103441 146503171
194103441 146503171 200100992 165741215
197153771 132849397 234064612 136643109
234064612 136643109 234064612 143541951
234064612 136643109 260686616 136643109
234064612 143541951 254731797 157498631
254731797 157498631 285376719 161835950
285376719 161835950 297663716 173862657
297663716 173862657 301307100 173862657
301307100 173862657 307800256 175551258
297663716 173862657 297663716 185320344
297663716 185320344 306416733 214245062
37424350 163383633 60301803 201210954
931531493 527256889 931531493 587993833
931531493 587993833 951574667 589239537
951574667 589239537 951574667 601634567
951574667 601634567 951574667 602881411
951574667 601634567 957190396 601634567
951574667 589239537 965845022 589239537
965845022 589239537 967602980 589239537
965845022 589239537 965845022 592355453
957190396 601634567 979309464 613719562
273965002 487569507 334949611 487569507
334949611 487569507 337665221 494985427
337665221 494985427 350681767 494985427
350681767 494985427 350681767 502292746
350681767 494985427 358849104 494985427
358849104 494985427 358849104 500180324
358849104 494985427 369636875 494985427
369636875 494985427 369636875 497135368
369636875 494985427 377691652 494985427
377691652 494985427 389780478 514128127
389780478 514128127 389780478 521463970
389780478 514128127 407354495 514128127
407354495 514128127 409825903 514128127
407354495 514128127 407354495 516853166
12610480 202473051 57165705 219123264
665697194 971657097 713162181 985906200
506615071 222532519 517371783 273707777
517371783 273707777 522109695 277124256
522109695 277124256 522770458 284071531
858173007 972634494 914775869 978617161
467472845 655972475 530133159 655972475
530133159 655972475 530621083 655972475
530133159 655972475 530133159 657800529
530133159 657800529 537769859 669492728
537769859 669492728 596712499 670870247
640499363 153119533 705215057 153184485
705215057 153184485 707742700 153184485
705215057 153184485 705215057 166292749
705215057 166292749 714646086 178937645
714646086 178937645 726712033 200749775
726712033 200749775 733203821 228586003
733203821 228586003 739460275 230840740
739460275 230840740 744306110 245582015
744306110 245582015 744306110 248898184
744306110 248898184 777963765 257530805
777963765 257530805 787138443 257530805
777963765 257530805 777963765 285736577
744306110 245582015 787827606 245582015
707742700 153184485 751498254 160152056
751498254 160152056 772382180 168029875
772382180 168029875 772382180 187931036
772382180 168029875 805745358 168029875
805745358 168029875 818911413 168029875
805745358 168029875 805745358 186883047
805745358 186883047 805771127 194898870
805771127 194898870 805771127 222760742
805771127 222760742 805771127 223220780
805771127 223220780 832612730 233949698
772382180 187931036 800282965 203743775
832612730 233949698 865011638 250810152
865011638 250810152 865011638 262731743
865011638 250810152 878832427 250810152
865011638 262731743 876173126 280315501
876173126 280315501 888440810 280315501
878832427 250810152 900566571 259044783
900566571 259044783 900566571 270350355
900566571 270350355 904450569 270779018
904450569 270779018 917799566 270779018
917799566 270779018 925025885 277548330
925025885 277548330 930251264 277548330
900566571 259044783 922086600 259044783
922086600 259044783 932705029 266585359
925025885 277548330 925025885 312432223
925025885 312432223 933127952 341028085
930251264 277548330 953354653 296965972
953354653 296965972 960915139 311337173
960915139 311337173 970448263 311337173
960915139 311337173 960915139 335059997
960915139 335059997 962173951 375946508
962173951 375946508 972069671 404465951
972069671 404465951 978507409 404465951
978507409 404465951 995169628 426176712
876173126 280315501 876173126 325941901
876173126 325941901 893301347 349539199
893301347 349539199 899231341 349539199
893301347 349539199 893301347 360236329
893301347 360236329 896909698 387913964
896909698 387913964 896909698 390793781
896909698 390793781 906681536 403489324
896909698 387913964 924434028 387913964
924434028 387913964 934645213 389867921
934645213 389867921 954814551 389867921
954814551 389867921 957334877 404358302
934645213 389867921 934645213 420102528
934645213 420102528 944017983 421009816
944017983 421009816 950819067 421009816
944017983 421009816 944017983 457419945
944017983 457419945 959950807 461622439
959950807 461622439 959950807 480772645
959950807 461622439 990149983 461622439
959950807 480772645 981794854 497271762
933127952 341028085 953432673 367025144
953432673 367025144 954814551 375946508
972069671 404465951 972069671 453386283
981794854 497271762 999935926 533282466
904450569 270779018 904450569 325037124
249655004 61222631 261417498 114336383
556281533 498913871 567516375 552578686
567516375 552578686 569965492 593857747
569965492 593857747 572723187 647225376
572723187 647225376 572723187 648246790
572723187 647225376 580083837 647225376
580083837 647225376 595074869 658584341
595074869 658584341 595074869 658889060
595074869 658584341 633600216 658584341
633600216 658584341 633600216 658638250
775291553 445359072 838694731 448632831
838694731 448632831 853419319 456760055
853419319 456760055 853419319 461433892
853419319 456760055 886115334 456760055
886115334 456760055 902225362 457419945
902225362 457419945 902225362 476484595
72369747 495758969 100416776 534681860
100416776 534681860 100416776 541464464
100416776 541464464 106903113 560805310
106903113 560805310 106903113 565093095
106903113 565093095 120748411 579062163
120748411 579062163 121841728 607335873
121841728 607335873 121841728 613459693
121841728 607335873 140358753 607335873
100416776 534681860 129962703 534681860
129962703 534681860 159333963 534898357
159333963 534898357 171459865 534898357
159333963 534898357 159333963 547916021
159333963 547916021 166050397 554614159
106903113 560805310 138637825 560805310
171459865 534898357 201475555 545637334
140358753 607335873 155356186 647459599
155356186 647459599 156623144 647459599
156623144 647459599 158752998 650204351
155356186 647459599 155356186 662542424
155356186 662542424 158752998 688631011
158752998 650204351 191359030 650204351
191359030 650204351 198344414 653564044
198344414 653564044 201629723 653564044
198344414 653564044 198344414 676665488
166050397 554614159 201005639 577551774
201005639 577551774 228548965 584218911
228548965 584218911 234833450 584218911
234833450 584218911 255065798 584218911
255065798 584218911 255065798 586402240
234833450 584218911 234833450 607122368
255065798 586402240 280237205 592112420
280237205 592112420 280237205 607516644
280237205 607516644 280237205 616442380
280237205 607516644 290215101 607516644
290215101 607516644 291471083 615101568
291471083 615101568 291471083 626848052
291471083 615101568 307501081 615101568
307501081 615101568 311208667 625209723
280237205 592112420 297317959 592112420
311208667 625209723 318406236 635592968
297317959 592112420 323093013 600120307
323093013 600120307 340745190 612550451
291471083 626848052 294613541 662562100
294613541 662562100 294613541 664832571
294613541 664832571 295697500 667113852
295697500 667113852 299083821 667113852
295697500 667113852 295697500 677574684
295697500 677574684 296773427 684745468
294613541 662562100 305154535 662562100
296773427 684745468 301603301 697346896
301603301 697346896 301603301 699616867
301603301 699616867 309823187 699616867
301603301 697346896 313837930 697346896
313837930 697346896 316499264 723799452
316499264 723799452 316499264 728129401
316499264 723799452 346202805 723799452
301603301 699616867 301603301 732367924
301603301 732367924 303355452 763444236
303355452 763444236 316090682 763444236
303355452 763444236 303355452 778387348
255065798 584218911 305024475 584218911
228548965 584218911 228548965 634597091
158752998 688631011 163988315 744997097
163988315 744997097 177430751 786740277
177430751 786740277 177430751 799887682
177430751 799887682 177773370 812211322
177773370 812211322 177773370 812594025
177430751 786740277 196300841 786740277
177773370 812211322 236530837 812211322
303355452 778387348 351582820 792231093
351582820 792231093 369451058 801713084
369451058 801713084 369451058 801952416
369451058 801713084 387090868 801713084
369451058 801952416 371023613 820414663
371023613 820414663 372913956 841193665
372913956 841193665 372913956 841908229
372913956 841908229 387262216 841908229
387262216 841908229 390114040 841908229
387262216 841908229 387262216 854246527
372913956 841908229 372913956 867021224
372913956 867021224 372968586 870804738
390114040 841908229 411325178 853120692
411325178 853120692 411325178 864541762
411325178 864541762 415176557 871183622
411325178 853120692 428332063 853120692
415176557 871183622 442552028 878395484
442552028 878395484 447828660 881510227
447828660 881510227 452859316 890924794
428332063 853120692 469761295 855221037
469761295 855221037 473086007 858208749
372913956 841193665 425122060 841193665
372968586 870804738 376153592 921813144
376153592 921813144 383712446 926495995
383712446 926495995 383712446 928802454
383712446 926495995 426781068 926495995
383712446 928802454 399976372 962966147
399976372 962966147 433032446 971299329
433032446 971299329 460428924 996224665
426781068 926495995 454729967 953662481
454729967 953662481 466691901 954750748
466691901 954750748 484926323 969927099
484926323 969927099 484926323 980681963
484926323 969927099 496685941 969927099
496685941 969927099 496685941 979211817
496685941 969927099 515285957 969927099
515285957 969927099 515706424 978454762
515706424 978454762 515706424 983937500
496685941 979211817 511219519 984994601
515706424 978454762 548779561 978454762
515706424 983937500 544137231 998748393
228548965 634597091 272349249 655526376
272349249 655526376 275958359 662995532
232748913 323848332 297097375 326839449
297097375 326839449 297116640 348014273
297116640 348014273 297116640 349664273
297116640 349664273 297667319 355824588
297667319 355824588 297667319 366470129
297116640 348014273 314364408 348014273
314364408 348014273 322089873 355824588
322089873 355824588 326119608 358511572
326119608 358511572 340806667 397587732
340806667 397587732 359926955 404675885
359926955 404675885 407964264 412218265
407964264 412218265 410690911 412218265
407964264 412218265 407964264 419270783
407964264 419270783 415767295 423032492
545565743 96136279 604209546 105393139
198344414 676665488 229156800 715003113
229156800 715003113 229156800 728359385
229156800 728359385 229156800 731097626
229156800 728359385 243935240 728359385
229156800 715003113 258317681 715003113
243935240 728359385 244552715 765117370
244552715 765117370 244552715 770215859
244552715 765117370 255500177 765117370
255500177 765117370 256940552 776661269
229156800 731097626 238169272 762238336
238169272 762238336 238169272 770215859
238169272 770215859 238169272 779613290
238169272 762238336 275395450 762238336
505477593 878297271 509921536 943651114
509921536 943651114 509921536 948115736
509921536 943651114 526940497 943651114
526940497 943651114 535474460 951759995
13642915 50781510 60419100 74920025
561784176 284130618 627492319 289872529
627492319 289872529 630619325 345038585
630619325 345038585 630619325 349657943
630619325 345038585 647776047 345038585
647776047 345038585 650411552 345038585
647776047 345038585 647776047 348191833
647776047 348191833 654616237 362668623
604209546 105393139 653524110 127719114
653524110 127719114 702202749 143861898
702202749 143861898 702202749 149584072
702202749 149584072 702607556 149584072
702202749 143861898 711195073 143861898
711195073 143861898 711195073 145496346
711195073 143861898 713232398 143861898
702202749 149584072 702202749 172171022
702202749 172171022 714645547 204442457
714645547 204442457 715687080 215445449
715687080 215445449 732037278 234768666
713232398 143861898 758448801 145476660
758448801 145476660 786338677 157037844
126137882 406814727 154253864 450970144
154253864 450970144 155340346 464430346
155340346 464430346 159333963 468125230
159333963 468125230 195720311 468125230
195720311 468125230 218081990 498107451
218081990 498107451 218081990 504085206
218081990 498107451 231099404 498107451
159333963 468125230 159333963 534132291
159333963 534132291 167334834 534132291
805561424 378212197 855960204 400157904
855960204 400157904 856907895 404591482
856907895 404591482 856907895 414089003
856907895 414089003 867882811 414089003
856907895 414089003 856907895 425836580
856907895 404591482 887373474 404591482
887373474 404591482 898227211 420102528
898227211 420102528 898227211 430316332
823419563 836682604 834690634 898328229
834690634 898328229 847455010 898328229
834690634 898328229 834690634 922681797
834690634 922681797 843633297 925321925
538093175 604377509 561314225 654265070
485357727 227847361 505363201 281278777
84423748 476530680 145278366 489828888
777866352 344622924 833230475 364195471
833230475 364195471 872233160 366426547
872233160 366426547 885239263 394869928
236530837 812211322 301831501 821907314
301831501 821907314 334131941 838502681
334131941 838502681 344986950 838502681
344986950 838502681 349706672 851055070
349706672 851055070 350190533 851055070
349706672 851055070 349706672 869235364
349706672 869235364 350067736 869235364
349706672 869235364 349706672 877788760
334131941 838502681 334131941 868489611
349706672 877788760 357180196 901344765
357180196 901344765 371807589 901344765
357180196 901344765 357180196 939777935
334105985 202253642 369885004 241549816
369885004 241549816 420110188 255286675
177773370 812594025 198802026 867684858
198802026 867684858 220325794 884401125
220325794 884401125 220325794 884889803
220325794 884401125 241966072 884401125
241966072 884401125 257879720 884591700
257879720 884591700 257879720 895854927
257879720 895854927 259439976 895854927
257879720 884591700 269769762 884591700
259439976 895854927 272085625 897714469
272085625 897714469 272085625 908090854
272085625 908090854 280154743 918412293
280154743 918412293 281502298 926868806
281502298 926868806 312952199 926868806
312952199 926868806 315718762 951688875
272085625 897714469 305442136 897714469
305442136 897714469 307182661 907060451
257879720 895854927 257879720 939824459
315718762 951688875 351539591 965650779
257879720 939824459 266044927 983642449
281502298 926868806 281502298 979943955
381902431 0 458732608 0
458732608 0 466181944 0
466181944 0 492337376 0
492337376 0 506755328 0
458732608 0 458732608 33654938
458732608 33654938 466181944 45734357
466181944 45734357 492337376 46070622
492337376 46070622 494551894 54539445
506755328 0 506755328 37146886
506755328 0 555291126 0
555291126 0 557617227 0
557617227 0 558152353 0
558152353 0 558740282 0
558740282 0 575654490 0
575654490 0 583431064 0
583431064 0 587905892 0
583431064 0 583431064 5962803
587905892 0 601434061 0
601434061 0 608942013 0
608942013 0 612343971 0
612343971 0 612346142 0
612346142 0 619646743 0
619646743 0 620715853 0
620715853 0 620715853 11980910
558740282 0 558740282 17221459
555291126 0 555291126 17239879
555291126 17239879 557617227 17764885
557617227 17764885 558152353 17764885
557617227 17764885 557617227 35784305
619646743 0 619646743 21151737
612343971 0 612343971 21740043
612343971 21740043 612346142 33476230
608942013 0 608942013 22843810
620715853 0 651030476 0
651030476 0 663122946 0
663122946 0 663122946 10581244
558740282 17221459 575654490 31487781
575654490 31487781 576333881 34394181
576333881 34394181 576333881 49886061
576333881 49886061 587905892 49886061
587905892 49886061 588991199 60311426
576333881 49886061 576333881 62645615
576333881 34394181 601434061 34394181
588991199 60311426 599693110 78864533
599693110 78864533 599693110 87194880
651030476 0 651030476 31514520
599693110 78864533 645990923 78864533
645990923 78864533 650473392 81028142
650473392 81028142 650473392 100875788
650473392 100875788 668295795 118402875
668295795 118402875 676508107 118576569
676508107 118576569 676508107 124323612
676508107 118576569 694356157 118576569
650473392 81028142 687518419 81028142
687518419 81028142 687518419 87348370
687518419 87348370 692843276 99530189
687518419 81028142 708398761 81028142
612346142 33476230 646097089 51412405
646097089 51412405 650473392 63086316
663122946 0 722133660 0
722133660 0 758437499 0
758437499 0 761648953 0
761648953 0 769669107 0
769669107 0 771873598 0
771873598 0 772318944 0
772318944 0 772318944 5653287
769669107 0 769669107 15509893
772318944 0 798993079 0
798993079 0 803753526 0
803753526 0 803753526 4988165
803753526 0 817556867 0
798993079 0 798993079 25805264
769669107 15509893 771873598 41340459
771873598 41340459 778566775 63651787
817556867 0 853709006 0
853709006 0 859607070 0
853709006 0 853709006 14991983
853709006 14991983 856893374 35327059
856893374 35327059 859607070 35327059
856893374 35327059 856893374 52262925
856893374 52262925 860888055 56518744
860888055 56518744 861445635 70758813
778566775 63651787 783694709 96426991
783694709 96426991 787592040 108613617
787592040 108613617 787592040 110238565
787592040 110238565 788695631 125470538
788695631 125470538 821321978 125501976
821321978 125501976 821321978 133434152
821321978 133434152 823676778 133434152
821321978 133434152 821321978 153945634
821321978 125501976 856138476 125501976
861445635 70758813 899924475 70758813
798993079 25805264 802459252 63010741
761648953 0 761648953 42256906
758437499 0 758437499 43093436
722133660 0 722133660 44947525
722133660 44947525 735677741 74642361
861445635 70758813 861445635 116559602
861445635 116559602 899050265 124887239
899050265 124887239 901003016 139465812
901003016 139465812 901003016 161060265
901003016 161060265 904942398 161060265
904942398 161060265 906599835 181368701
906599835 181368701 931098890 186300657
931098890 186300657 931098890 190261214
931098890 186300657 941977578 186300657
941977578 186300657 942882289 191289426
901003016 139465812 938333681 139465812
942882289 191289426 962873481 209615319
962873481 209615319 975209425 216929057
975209425 216929057 984358219 216929057
975209425 216929057 975209425 242192113
975209425 242192113 976656261 245528843
984358219 216929057 992332234 238226573
901003016 161060265 901003016 200843751
901003016 200843751 923315238 211988114
735677741 74642361 768319373 89525004
768319373 89525004 770553980 117762070
899924475 70758813 944572167 76822747
944572167 76822747 953486325 110414198
953486325 110414198 953486325 122618718
953486325 110414198 970267649 110414198
970267649 110414198 974986447 127003177
859607070 0 912184110 0
912184110 0 921594985 0
921594985 0 931856813 0
931856813 0 940728552 0
931856813 0 931856813 20447547
921594985 0 921594985 20593873
940728552 0 954363270 7691036
954363270 7691036 955244616 14624569
931856813 20447547 940728552 41752426
940728552 41752426 945262087 56953307
945262087 56953307 948752730 73258338
921594985 20593873 921634532 57708429
921634532 57708429 934579080 68672178
912184110 0 912184110 39478343
955244616 14624569 995919545 15416722
650473392 63086316 716047215 63086316
787592040 108613617 854391229 108613617
676508107 124323612 687587586 184678593
687587586 184678593 690204820 184678593
687587586 184678593 687587586 202037674
687587586 202037674 708509577 232987124
494551894 54539445 544681429 76779980
694356157 118576569 761917993 124963149
805771127 222760742 885648585 222760742
948752730 73258338 995205141 107202087
141431461 57961511 170965626 109244284
170965626 109244284 208673436 121026557
75623960 30777291 115331639 73194785
805771127 194898870 888785106 194898870
888785106 194898870 898823440 203511060
777963765 285736577 831199402 321297841
831199402 321297841 855898504 339094985
107404475 156628349 169162715 188139849
0 504289565 0 602883604
0 602883604 0 608578090
0 602883604 13141603 602883604
13141603 602883604 23144777 608578090
0 608578090 0 630682661
0 630682661 0 633368472
0 633368472 0 639808469
0 639808469 0 642376453
0 642376453 0 647727752
0 642376453 14410981 642376453
0 647727752 0 666136612
0 666136612 0 685943586
0 685943586 0 702761214
0 702761214 0 708601805
0 702761214 9346854 702761214
0 685943586 17531152 685943586
23144777 608578090 26860499 630682661
26860499 630682661 35555609 633368472
35555609 633368472 38987287 633368472
38987287 633368472 43609639 639808469
35555609 633368472 35555609 647727752
35555609 647727752 37804118 666136612
9346854 702761214 31563270 708601805
0 708601805 0 742562192
0 742562192 9740640 742562192
0 742562192 0 774881256
0 774881256 0 790551050
0 790551050 14444685 790551050
0 774881256 43319758 774881256
43319758 774881256 65627684 794313808
65627684 794313808 75990503 794313808
75990503 794313808 89863791 798973912
89863791 798973912 94280457 816022350
65627684 794313808 65627684 825298590
65627684 825298590 77789302 838784533
77789302 838784533 80248033 844790756
80248033 844790756 82633860 864030566
82633860 864030566 90865096 864030566
82633860 864030566 82633860 881243890
82633860 881243890 102047752 882732853
102047752 882732853 102047752 899675679
102047752 899675679 102047752 905410392
102047752 899675679 115892263 899675679
115892263 899675679 115892263 900826966
115892263 899675679 117113532 899675679
102047752 882732853 122222634 882732853
90865096 864030566 101792201 881047823
122222634 882732853 150288759 889794203
150288759 889794203 150288759 895105281
150288759 889794203 162402618 889794203
117113532 899675679 141296085 914995981
141296085 914995981 146194697 914995981
141296085 914995981 141296085 942002225
141296085 942002225 143347888 944910886
143347888 944910886 169992164 944910886
169992164 944910886 176558763 951948022
176558763 951948022 179824230 974055572
179824230 974055572 183691520 980546056
183691520 980546056 183691520 998180883
183691520 980546056 216467188 980546056
216467188 980546056 223594852 983568998
223594852 983568998 223594852 984656838
223594852 983568998 225167380 983568998
225167380 983568998 233645863 986854808
233645863 986854808 233645863 990184871
233645863 986854808 255470922 986854808
146194697 914995981 164957894 931928863
143347888 944910886 143347888 986930005
143347888 986930005 153853109 991325237
153853109 991325237 153853109 998454261
153853109 991325237 161708632 991325237
0 790551050 0 836023778
0 836023778 0 842701572
0 836023778 35246534 836023778
35246534 836023778 46979826 838784533
46979826 838784533 46979826 842701572
46979826 842701572 51981534 844790756
51981534 844790756 64321788 844790756
64321788 844790756 64321788 854347225
64321788 854347225 69635909 874009780
51981534 844790756 51981534 901529791
9740640 742562192 54064949 757972649
54064949 757972649 54064949 764002037
54064949 757972649 73745209 757972649
73745209 757972649 119764013 766649464
94280457 816022350 140236135 832003138
140236135 832003138 153303332 865132481
153303332 865132481 156867554 874919740
31563270 708601805 76622058 729510889
76622058 729510889 94573885 744849698
0 842701572 0 910694568
0 910694568 0 936923517
0 936923517 0 942174553
0 942174553 1572452 942174553
0 936923517 7728686 936923517
0 910694568 49173965 910694568
49173965 910694568 59229083 971172695
59229083 971172695 119806877 981931109
119806877 981931109 119806877 998805147
119806877 981931109 137679284 981931109
37804118 666136612 108366541 673009424
108366541 673009424 149373350 708185228
21317669 504289565 50785078 576174197
50785078 576174197 50785078 582389053
50785078 576174197 62998942 576174197
358172193 337482687 419310420 383843132
