1435
0 0 13731219 0
13731219 0 24058318 0
24058318 0 42188716 0
0 0 0 26205497
0 26205497 0 26785479
0 26785479 13731219 26785479
0 26785479 0 40569682
0 40569682 0 59405286
0 59405286 0 60630093
0 60630093 1825168 60630093
0 59405286 6283060 59405286
0 60630093 0 71760982
0 71760982 1249030 71760982
0 71760982 0 82335112
0 82335112 0 92849113
0 92849113 0 97915929
0 97915929 0 119066897
0 119066897 0 124876812
0 124876812 21873973 124876812
0 82335112 23384040 82335112
0 40569682 24058318 40569682
42188716 0 42188716 26205497
23384040 82335112 39579805 92690775
39579805 92690775 39579805 97915929
39579805 92690775 44828754 92690775
44828754 92690775 44828754 92849113
44828754 92690775 54036977 92690775
0 119066897 34409277 119066897
42188716 0 80693702 0
80693702 0 106626096 0
106626096 0 127741872 0
127741872 0 132654845 0
132654845 0 137719287 0
127741872 0 127741872 23052385
127741872 23052385 132654845 40238272
132654845 40238272 137719287 45814461
137719287 45814461 146282727 49860109
146282727 49860109 162008264 49860109
137719287 0 162008264 0
162008264 0 178547362 0
178547362 0 178547362 971635
106626096 0 106626096 26677946
162008264 49860109 179277868 59590887
179277868 59590887 183203904 59590887
183203904 59590887 187586946 63845799
179277868 59590887 179277868 78126368
179277868 78126368 185628497 81341779
185628497 81341779 185628497 104479201
185628497 104479201 194601885 112003115
194601885 112003115 202442590 112003115
194601885 112003115 194601885 145207300
178547362 0 213687244 0
213687244 0 237774574 0
213687244 0 213687244 30863184
213687244 30863184 237774574 31737208
237774574 31737208 241196990 64379233
0 124876812 0 168823512
0 168823512 33907226 168823512
106626096 26677946 109026573 69305807
185628497 81341779 230672953 81341779
80693702 0 80693702 45665414
80693702 45665414 91761618 51220011
91761618 51220011 94122654 61441679
0 168823512 0 215998123
0 215998123 0 234945578
0 234945578 0 259715487
0 259715487 0 264259361
0 264259361 5402433 264259361
0 259715487 14878531 259715487
0 264259361 0 282330271
0 282330271 211247 282330271
0 282330271 0 307768010
0 307768010 0 313232406
0 313232406 0 313660163
0 313660163 18879825 313660163
0 313660163 0 341365166
0 341365166 0 356706967
0 356706967 8872473 356706967
0 356706967 0 375756283
0 375756283 4512600 375756283
0 375756283 0 396790832
0 396790832 0 397273588
0 397273588 0 419978793
0 419978793 0 424710592
0 419978793 5550396 419978793
0 424710592 0 444710762
0 444710762 0 457329114
0 341365166 26148874 341365166
0 397273588 26655841 397273588
0 444710762 34547997 444710762
34547997 444710762 37422135 457329114
0 396790832 35590624 396790832
0 215998123 35861540 215998123
35861540 215998123 42827468 221347421
42827468 221347421 42827468 234945578
42827468 234945578 74172189 237269493
74172189 237269493 76734522 237269493
74172189 237269493 74172189 267821759
74172189 267821759 75383298 269248250
75383298 269248250 75383298 280748704
75383298 269248250 91481256 269248250
91481256 269248250 92453735 269789243
92453735 269789243 92453735 277369297
92453735 277369297 94406700 277369297
92453735 269789243 108632054 269789243
92453735 277369297 92453735 304856307
75383298 280748704 80530065 303360673
80530065 303360673 81348330 322992332
94406700 277369297 108042057 301214246
108042057 301214246 134740933 301401675
134740933 301401675 148695285 304085770
148695285 304085770 148695285 312677440
148695285 312677440 160133414 328155211
148695285 304085770 178495642 304085770
178495642 304085770 199211842 314605300
199211842 314605300 219954523 317324701
219954523 317324701 243782097 317324701
243782097 317324701 252332773 335339926
252332773 335339926 252332773 344057430
252332773 344057430 252390908 344057430
252332773 335339926 261549245 335339926
252332773 344057430 252332773 363274096
252332773 363274096 256717465 365675307
256717465 365675307 257770584 367974498
257770584 367974498 259583064 369507090
259583064 369507090 262584161 369507090
259583064 369507090 259583064 375882095
219954523 317324701 219954523 345971239
219954523 345971239 222706039 345971239
219954523 345971239 219954523 360784349
219954523 360784349 224677125 369285702
224677125 369285702 225667331 369285702
224677125 369285702 224677125 382674226
225667331 369285702 246509623 371341648
246509623 371341648 249575519 371350593
249575519 371350593 251965822 397179900
251965822 397179900 255763900 397179900
255763900 397179900 265426316 401547955
251965822 397179900 251965822 413116542
265426316 401547955 270640440 412291423
270640440 412291423 288922342 412291423
270640440 412291423 270640440 440534038
270640440 440534038 272037271 440916993
272037271 440916993 272037271 468301740
272037271 440916993 302548020 440916993
302548020 440916993 312301697 440916993
302548020 440916993 302548020 456857955
302548020 456857955 302753390 456857955
302548020 456857955 302548020 466559472
272037271 468301740 288736360 482447004
288736360 482447004 297823179 496231140
297823179 496231140 312916432 507968927
312916432 507968927 339072512 515981338
339072512 515981338 339072512 518291776
339072512 518291776 345410968 528139325
339072512 515981338 374159617 515981338
26148874 341365166 63901971 343517701
0 307768010 40163855 307768010
40163855 307768010 46009460 313232406
63901971 343517701 98517600 351664711
98517600 351664711 105388548 351664711
98517600 351664711 98517600 372872065
98517600 372872065 103211319 390692968
103211319 390692968 114391924 400441309
105388548 351664711 131282653 366295952
131282653 366295952 161114880 379245795
161114880 379245795 166444463 379245795
166444463 379245795 178153355 379245795
166444463 379245795 166444463 395601542
166444463 395601542 172185378 397385620
161114880 379245795 161114880 396953005
161114880 396953005 162188548 434846382
162188548 434846382 175894143 439306334
175894143 439306334 189418791 439306334
175894143 439306334 175894143 463600669
345410968 528139325 358124019 558473810
358124019 558473810 363362418 567701347
363362418 567701347 363362418 585749702
363362418 585749702 370121620 589676243
370121620 589676243 370121620 599493892
370121620 589676243 388270509 589676243
388270509 589676243 406071150 594139898
370121620 599493892 370540976 623717566
370540976 623717566 370540976 629707444
370540976 623717566 381145887 623717566
381145887 623717566 384092904 623994788
384092904 623994788 384092904 646244947
363362418 567701347 393861029 567701347
393861029 567701347 393861029 582794391
393861029 567701347 415893487 567701347
384092904 623994788 421939247 623994788
421939247 623994788 421939247 627407890
421939247 627407890 423740541 641616081
423740541 641616081 423740541 651899022
423740541 651899022 441860467 651899022
421939247 623994788 440584523 623994788
423740541 641616081 457466907 641616081
457466907 641616081 462248631 641616081
457466907 641616081 457466907 647724584
440584523 623994788 474886423 627257608
474886423 627257608 474886423 629505992
474886423 627257608 498672012 627257608
498672012 627257608 517758894 634509435
517758894 634509435 518229992 639019450
518229992 639019450 524099927 657416671
524099927 657416671 524099927 674568144
524099927 674568144 524099927 676463074
524099927 676463074 524316633 676463074
524099927 674568144 530171577 674568144
530171577 674568144 538319527 680634109
538319527 680634109 540223216 680634109
540223216 680634109 540223216 702921447
540223216 702921447 555844845 703604027
555844845 703604027 555844845 722325742
555844845 722325742 568552748 722325742
555844845 722325742 555844845 738650988
538319527 680634109 538319527 704063923
555844845 703604027 587006611 703604027
524099927 676463074 524099927 716997813
423740541 651899022 423740541 694515890
423740541 694515890 424865519 705019376
424865519 705019376 433886583 705019376
424865519 705019376 424865519 717393903
555844845 738650988 601437504 739316894
601437504 739316894 613526155 739316894
601437504 739316894 601437504 755351910
601437504 755351910 611585208 761112751
611585208 761112751 621156418 765231830
621156418 765231830 621156418 775820458
621156418 775820458 621156418 787110333
621156418 775820458 637050173 775820458
621156418 765231830 642793801 765231830
613526155 739316894 645571477 742096162
645571477 742096162 681984699 749615948
681984699 749615948 684560570 752498979
684560570 752498979 715363025 752498979
715363025 752498979 715363025 756855002
715363025 752498979 735855235 752498979
441860467 651899022 453709226 686715840
33907226 168823512 50983844 199298801
524099927 657416671 571665242 657416671
571665242 657416671 590323576 660126671
590323576 660126671 590323576 680634109
590323576 660126671 615742330 660126671
615742330 660126671 630132233 661736961
630132233 661736961 674226780 664234677
674226780 664234677 677336953 664234677
674226780 664234677 674226780 680766015
715363025 756855002 731419415 791161227
457466907 647724584 477720218 677941007
146282727 49860109 146282727 100959636
146282727 100959636 147796756 100959636
146282727 100959636 146282727 119721276
147796756 100959636 157576586 111591406
157576586 111591406 174529961 111591406
174529961 111591406 174958497 125641509
174958497 125641509 180627027 166083406
202442590 112003115 222527584 143157319
222527584 143157319 232336132 167497288
232336132 167497288 232336132 191435814
232336132 191435814 234295426 191975073
234295426 191975073 235804268 191975073
235804268 191975073 241801047 206790744
241801047 206790744 241801047 215708791
241801047 206790744 268956298 206790744
234295426 191975073 234295426 224626833
232336132 167497288 270287571 167497288
268956298 206790744 294956916 221316326
294956916 221316326 300101429 246335617
300101429 246335617 311078855 246335617
300101429 246335617 300101429 260580587
300101429 260580587 310579393 267430080
310579393 267430080 313311963 276720213
270287571 167497288 297586060 186087480
297586060 186087480 316651100 186087480
297586060 186087480 297586060 206637433
297586060 206637433 311206409 216496948
316651100 186087480 350312650 192701957
350312650 192701957 385033502 199239145
385033502 199239145 401929610 199239145
385033502 199239145 385033502 218486137
385033502 218486137 392785286 230172379
401929610 199239145 415227685 208084625
415227685 208084625 417135679 212980607
417135679 212980607 420452872 212980607
420452872 212980607 433958420 219662631
433958420 219662631 458478370 219662631
458478370 219662631 458478370 232653198
458478370 219662631 476867595 219662631
458478370 232653198 475591028 241319017
475591028 241319017 484357055 243261219
484357055 243261219 502518954 243261219
502518954 243261219 502518954 259914204
433958420 219662631 433958420 253833884
433958420 253833884 433958420 257173782
433958420 253833884 446612216 253833884
311206409 216496948 337148270 232447250
337148270 232447250 337148270 233984761
337148270 232447250 341305202 232447250
341305202 232447250 345521775 232447250
345521775 232447250 345521775 233984761
345521775 232447250 347630686 232447250
337148270 233984761 337148270 239451382
337148270 239451382 341305202 239451382
337148270 239451382 337148270 246141553
341305202 239451382 354968648 241500181
354968648 241500181 360522643 262394193
360522643 262394193 364893892 262394193
360522643 262394193 360522643 267323461
364893892 262394193 372520021 263861394
484357055 243261219 484357055 288066649
484357055 288066649 484357055 291901318
484357055 288066649 495116421 288066649
495116421 288066649 498182507 300947756
498182507 300947756 498182507 326805690
498182507 326805690 501837692 351354853
501837692 351354853 509461404 356032051
509461404 356032051 509461404 362938421
509461404 356032051 526077238 356032051
526077238 356032051 528027826 359089521
528027826 359089521 534363689 359089521
528027826 359089521 528027826 389018386
528027826 389018386 547266051 398910850
498182507 300947756 529419477 300947756
509461404 362938421 523681764 386000114
502518954 243261219 548243413 243261219
548243413 243261219 554627751 259805282
554627751 259805282 554627751 282353574
554627751 282353574 554627751 286670526
554627751 282353574 599295298 282353574
599295298 282353574 613008676 305725217
613008676 305725217 613008676 306606177
613008676 305725217 625626346 305725217
625626346 305725217 647140598 317372941
647140598 317372941 651840697 341888777
651840697 341888777 651840697 346827560
651840697 346827560 672259924 355248451
672259924 355248451 673269498 355248451
672259924 355248451 672259924 383452971
651840697 341888777 693320194 341888777
673269498 355248451 691156494 379250392
554627751 286670526 571639352 316205091
571639352 316205091 584530468 316205091
584530468 316205091 593155230 316324631
571639352 316205091 571639352 344869859
571639352 344869859 579654340 362225490
579654340 362225490 606208455 371068646
606208455 371068646 606208455 373348465
606208455 371068646 641447799 371068646
606208455 373348465 626560621 396782923
417135679 212980607 417135679 259661728
417135679 259661728 419939475 271742975
419939475 271742975 421379644 271742975
419939475 271742975 419939475 275155826
419939475 275155826 428534493 313212619
428534493 313212619 445570895 316419022
445570895 316419022 451103144 316419022
451103144 316419022 461323409 326805690
461323409 326805690 461323409 334339724
445570895 316419022 445570895 357125193
445570895 357125193 450614162 392597864
450614162 392597864 450614162 398484926
450614162 398484926 450614162 402335151
450614162 398484926 455719902 398484926
450614162 392597864 476912803 392597864
455719902 398484926 460615838 421135460
460615838 421135460 461558678 421135460
461558678 421135460 461558678 421298250
461558678 421135460 467634347 421135460
460615838 421135460 460615838 458437375
460615838 458437375 464867748 478003617
464867748 478003617 473474946 479655354
473474946 479655354 481432078 479655354
481432078 479655354 481432078 493270604
473474946 479655354 473474946 498581750
473474946 498581750 474469324 498581750
481432078 479655354 501026348 479655354
473474946 498581750 473474946 518214580
501026348 479655354 532630227 490499266
532630227 490499266 538621302 496889160
538621302 496889160 539410484 496889160
538621302 496889160 538621302 509380243
538621302 509380243 553601972 521473385
553601972 521473385 553601972 524011294
553601972 524011294 559501991 526127233
553601972 521473385 588548487 521473385
588548487 521473385 602931266 526127233
602931266 526127233 605592691 526127233
602931266 526127233 602931266 534772009
461323409 334339724 490019597 351155887
490019597 351155887 494192802 351354853
494192802 351354853 494192802 367389468
502518954 259914204 532239737 278382945
532239737 278382945 535546888 280658443
467634347 421135460 505458569 434334215
505458569 434334215 507956378 448132775
507956378 448132775 521597338 460048159
521597338 460048159 521597338 467720417
521597338 460048159 549988762 460048159
521597338 467720417 546652142 481603044
37422135 457329114 56636264 489753248
56636264 489753248 72427000 501261940
72427000 501261940 72427000 513864681
72427000 513864681 73971346 523465060
73971346 523465060 79558408 543448500
79558408 543448500 90788505 543448500
90788505 543448500 92474858 553445706
92474858 553445706 94380704 553445706
92474858 553445706 92474858 563619169
92474858 563619169 100194973 564921972
100194973 564921972 105205869 564921972
79558408 543448500 79558408 562899880
72427000 501261940 102954712 501261940
100194973 564921972 100194973 598842597
100194973 598842597 109296211 599532971
109296211 599532971 115867406 599532971
115867406 599532971 120191112 637625085
120191112 637625085 124840173 637625085
120191112 637625085 120191112 650033900
120191112 650033900 120191112 650921094
120191112 650921094 120516012 650921094
120191112 650033900 122046757 650033900
120191112 650921094 120191112 667259142
120191112 667259142 150152998 683478060
105205869 564921972 128376230 589054049
128376230 589054049 155683118 590636090
155683118 590636090 161715438 590636090
155683118 590636090 155683118 610244524
155683118 610244524 180751175 620117606
180751175 620117606 183689735 622955745
183689735 622955745 189100936 622955745
183689735 622955745 183689735 644682047
189100936 622955745 212701524 627154683
212701524 627154683 212701524 640637354
212701524 640637354 218373228 642624763
212701524 627154683 236557346 627154683
183689735 644682047 193121705 663450018
102954712 501261940 122590740 533174296
122590740 533174296 133436501 543285831
133436501 543285831 146341210 546229939
146341210 546229939 162688546 556207611
162688546 556207611 166047769 556207611
166047769 556207611 173818692 567093500
173818692 567093500 176860806 581363822
162688546 556207611 162688546 587504984
42188716 26205497 66970211 54136030
66970211 54136030 66970211 64418422
66970211 54136030 79493434 54136030
175894143 463600669 190323702 502485502
190323702 502485502 190323702 503624404
190323702 503624404 203381191 505411075
203381191 505411075 212302666 518992950
212302666 518992950 216348641 525896272
216348641 525896272 234768290 526749111
234768290 526749111 257485436 526749111
257485436 526749111 257485436 528354308
257485436 526749111 269515544 526749111
234768290 526749111 234768290 552419171
190323702 502485502 236294797 502485502
269515544 526749111 278844426 565223680
278844426 565223680 278844426 584691369
278844426 584691369 278844426 596860539
278844426 584691369 294000553 584691369
278844426 565223680 299858774 565223680
299858774 565223680 305116575 565223680
299858774 565223680 299858774 580807242
299858774 580807242 303871528 584051790
303871528 584051790 319944590 584051790
303871528 584051790 303871528 614511763
237774574 0 291382821 0
291382821 0 324474652 0
324474652 0 337299113 0
337299113 0 346300523 0
346300523 0 351155609 0
346300523 0 346300523 5341400
324474652 0 324474652 16778279
324474652 16778279 337299113 22394775
337299113 22394775 351155609 46873857
291382821 0 291382821 45457955
291382821 45457955 294999799 51172392
294999799 51172392 297517767 51172392
297517767 51172392 308201750 84475187
308201750 84475187 308201750 94454299
308201750 84475187 325799520 84475187
325799520 84475187 332852726 94962471
332852726 94962471 334873697 126309786
334873697 126309786 366762544 141910079
366762544 141910079 366762544 155129899
366762544 141910079 383515826 141910079
366762544 155129899 377379879 181041542
351155609 0 400558557 0
400558557 0 400558557 2264474
400558557 0 411589354 0
411589354 0 411589354 22078979
411589354 0 436131859 0
436131859 0 436131859 1983624
436131859 0 440299253 0
440299253 0 462477974 0
462477974 0 462477974 21528733
462477974 0 487823778 0
487823778 0 487823778 1816639
487823778 0 514258447 0
514258447 0 514258447 3902903
514258447 0 549634815 0
549634815 0 549634815 11002511
549634815 0 564039032 0
564039032 0 570940389 0
570940389 0 570940389 4537595
570940389 0 575645772 0
575645772 0 581691169 0
581691169 0 594399308 0
594399308 0 599110873 0
599110873 0 612570120 0
612570120 0 612570120 8331216
564039032 0 564039032 22485485
564039032 22485485 570377993 26814367
570377993 26814367 575645772 26814367
575645772 26814367 575645772 30613753
575645772 26814367 581691169 26814367
612570120 0 635875288 0
635875288 0 635875288 12026217
635875288 0 655998403 0
655998403 0 655998403 18305355
655998403 0 675612207 0
675612207 0 675612207 15809169
599110873 0 599110873 25131181
570377993 26814367 570377993 55530652
675612207 0 707426909 0
707426909 0 707426909 3277260
707426909 0 712253093 0
712253093 0 724156819 0
724156819 0 724156819 15883261
724156819 0 750588220 0
750588220 0 773769022 0
773769022 0 786801184 0
786801184 0 794957291 0
786801184 0 786801184 19158781
773769022 0 773769022 21688114
794957291 0 823441301 0
823441301 0 834860211 0
834860211 0 834860211 3044178
823441301 0 823441301 28558547
834860211 0 865562626 0
865562626 0 880048774 0
880048774 0 880048774 9553081
865562626 0 865562626 18892177
581691169 26814367 594399308 48218684
594399308 48218684 612161507 56732441
612161507 56732441 617010102 61812378
617010102 61812378 623864968 63359789
623864968 63359789 623864968 86192236
623864968 86192236 626984523 113427692
626984523 113427692 631180009 113427692
626984523 113427692 626984523 128292982
626984523 128292982 645216066 133102523
645216066 133102523 645905759 133102523
645905759 133102523 645905759 142012064
645905759 133102523 655408839 133102523
655408839 133102523 661458573 140310770
623864968 63359789 657838748 63359789
750588220 0 750588220 35067956
750588220 35067956 755131753 61724256
755131753 61724256 768894501 65239014
768894501 65239014 774063610 65239014
768894501 65239014 768894501 96519735
786801184 19158781 794957291 49540032
794957291 49540032 813463429 67504640
813463429 67504640 813463429 70873470
813463429 67504640 819123593 67504640
819123593 67504640 841264540 77702184
841264540 77702184 844186655 80801760
844186655 80801760 846659539 80801760
846659539 80801760 858507539 83083249
858507539 83083249 858507539 84184569
858507539 83083249 860162443 83083249
860162443 83083249 869773596 91059647
869773596 91059647 869773596 111102700
869773596 91059647 893508009 91059647
893508009 91059647 895165381 123581883
895165381 123581883 895165381 128664943
895165381 128664943 896324016 132077860
895165381 123581883 903734458 123581883
896324016 132077860 920499089 132077860
920499089 132077860 925545531 132077860
920499089 132077860 920499089 149558304
925545531 132077860 942045233 138754207
411589354 22078979 413404708 59384142
774063610 65239014 794348872 85808728
661458573 140310770 679052774 165511901
645216066 133102523 645216066 176114380
570377993 55530652 574825623 96514164
574825623 96514164 580903805 110678996
580903805 110678996 585368413 110678996
585368413 110678996 585368413 112694609
585368413 110678996 587868834 110678996
580903805 110678996 580903805 121773644
580903805 121773644 582787846 121773644
580903805 121773644 580903805 126936819
580903805 126936819 581535279 126936819
581535279 126936819 584771389 128084601
580903805 126936819 580903805 147170149
580903805 147170149 584221207 188367212
584221207 188367212 584221207 195276105
584221207 188367212 619205988 188367212
619205988 188367212 621703686 192442937
621703686 192442937 626781508 221819617
920499089 149558304 927027515 188940657
927027515 188940657 932986800 188940657
927027515 188940657 927027515 216113873
927027515 216113873 927647063 216113873
927027515 216113873 927027515 226879627
927027515 226879627 957527849 233263183
957527849 233263183 957989260 261496568
957989260 261496568 969282871 261496568
957989260 261496568 957989260 273265974
957989260 273265974 961950322 281055224
961950322 281055224 963116040 302907331
963116040 302907331 989959626 302907331
963116040 302907331 963116040 349211651
963116040 349211651 969408716 356279470
969408716 356279470 973547757 356279470
973547757 356279470 976078431 375851638
976078431 375851638 995477771 375851638
976078431 375851638 976078431 399007473
844186655 80801760 844186655 127616245
712253093 0 712253093 48272415
712253093 48272415 742795950 58190921
657838748 63359789 664633417 105153666
664633417 105153666 678566766 106170762
678566766 106170762 678566766 109643178
678566766 109643178 687601724 124838748
687601724 124838748 687601724 128932515
687601724 124838748 703194865 124838748
703194865 124838748 703194865 125060518
703194865 124838748 717399354 124838748
703194865 125060518 705898778 156861150
717399354 124838748 723951483 153658288
678566766 106170762 719497801 106170762
719497801 106170762 739449876 119899752
880048774 0 928728690 0
928728690 0 946118654 0
928728690 0 928728690 29060904
928728690 29060904 934740879 48873689
934740879 48873689 946118654 48873689
946118654 48873689 953482842 51638542
953482842 51638542 953482842 59567010
953482842 59567010 958808860 63864074
953482842 51638542 966071364 51638542
934740879 48873689 934740879 74301977
946118654 0 974639238 14236515
974639238 14236515 993755768 41464185
626781508 221819617 670639794 230288822
670639794 230288822 675879451 249026706
675879451 249026706 708931466 249026706
708931466 249026706 721772790 268463538
721772790 268463538 721772790 272576246
721772790 268463538 726923250 268463538
726923250 268463538 742221103 273581873
742221103 273581873 747712136 273581873
747712136 273581873 749922754 290354258
749922754 290354258 749922754 295181634
749922754 290354258 756597243 290354258
742221103 273581873 742221103 295962233
742221103 295962233 747640645 298911096
675879451 249026706 675879451 285188716
675879451 285188716 693558376 313478542
693558376 313478542 699250979 334992623
699250979 334992623 715837951 337703674
715837951 337703674 738622515 350413667
738622515 350413667 749748884 384996090
749748884 384996090 768809675 384996090
749748884 384996090 749748884 405598477
749748884 405598477 750078754 424253762
750078754 424253762 752916977 432025833
752916977 432025833 752916977 432035146
752916977 432025833 805519574 432025833
261549245 335339926 309822552 341256554
309822552 341256554 309822552 361593748
309822552 361593748 317057211 374206911
317057211 374206911 327596929 385355677
327596929 385355677 346656055 385355677
327596929 385355677 327596929 409112282
327596929 409112282 327596929 410720324
327596929 409112282 343588641 409112282
343588641 409112282 359148421 411564466
327596929 410720324 337117507 420136890
337117507 420136890 346667334 434619257
309822552 341256554 334507491 341256554
334507491 341256554 339566000 341256554
334507491 341256554 334507491 351223593
334507491 351223593 352331706 358449309
352331706 358449309 359512298 369850126
359512298 369850126 359512298 370309353
346656055 385355677 375772054 388103376
375772054 388103376 375772054 396533990
375772054 388103376 400608723 388103376
400608723 388103376 404527673 424252480
404527673 424252480 412511426 424252480
404527673 424252480 404527673 453411600
404527673 453411600 424572305 459412128
424572305 459412128 424910317 459412128
424910317 459412128 432159840 478003617
432159840 478003617 432159840 482544434
432159840 482544434 441772631 498581750
359512298 369850126 400116712 369850126
400116712 369850126 424379253 373897800
441772631 498581750 441772631 541064107
756597243 290354258 774251138 326972419
774251138 326972419 797391820 328958783
797391820 328958783 812857223 333265312
812857223 333265312 833090182 333265312
833090182 333265312 837528339 333265312
833090182 333265312 833090182 340675753
812857223 333265312 812857223 354627074
812857223 354627074 818443773 358376542
818443773 358376542 819315533 358376542
819315533 358376542 840061598 383958985
840061598 383958985 847714425 383958985
847714425 383958985 847714425 385151632
847714425 383958985 849139575 383958985
840061598 383958985 840061598 416914083
849139575 383958985 888363553 392374649
888363553 392374649 888482802 401164308
888482802 401164308 899567696 401164308
899567696 401164308 900687586 404571698
900687586 404571698 900687586 422353774
900687586 422353774 900687586 437406592
888482802 401164308 888482802 437278756
157576586 111591406 157576586 165964802
157576586 165964802 168674496 208001819
424572305 459412128 424572305 514046263
546652142 481603044 591589154 491855015
591589154 491855015 602931266 499556814
602931266 499556814 627812477 499556814
627812477 499556814 642153977 509001695
642153977 509001695 642153977 514353940
642153977 509001695 674944881 509001695
674944881 509001695 698654232 509001695
674944881 509001695 674944881 546707993
674944881 546707993 677497924 546707993
677497924 546707993 705170288 547659081
705170288 547659081 705170288 549812218
705170288 547659081 710032771 547659081
674944881 546707993 674944881 582586976
674944881 582586976 689389418 606296127
710032771 547659081 730987709 573838547
730987709 573838547 730987709 581218403
730987709 573838547 748586571 573838547
748586571 573838547 765304736 579889482
765304736 579889482 765304736 581150780
765304736 579889482 770734965 579889482
770734965 579889482 794582178 586544682
794582178 586544682 815782326 595316146
815782326 595316146 827724698 595316146
827724698 595316146 829748507 595316146
827724698 595316146 827724698 605804974
827724698 605804974 837736136 613468807
730987709 581218403 746177063 605645552
746177063 605645552 750036006 640609638
750036006 640609638 750036006 645005137
750036006 645005137 766926087 645005137
766926087 645005137 768567840 648585130
768567840 648585130 768567840 656082571
768567840 648585130 782248096 648585130
750036006 645005137 750036006 668131742
750036006 668131742 755789870 691525639
755789870 691525639 755789870 697246353
755789870 691525639 764884119 691525639
764884119 691525639 774859499 698498390
750036006 640609638 784306849 640609638
815782326 595316146 815782326 635822557
774859499 698498390 774859499 741750542
774859499 741750542 779012532 748533089
779012532 748533089 810297614 750233989
810297614 750233989 814752725 769775751
814752725 769775751 814752725 774270772
814752725 769775751 822608554 769775751
822608554 769775751 845355261 780168168
845355261 780168168 845355261 799293770
845355261 799293770 860070465 809019608
845355261 780168168 870502901 780168168
860070465 809019608 865745315 833998570
865745315 833998570 878690708 833998570
865745315 833998570 865745315 858739689
865745315 858739689 871876871 871831242
871876871 871831242 871876871 886996081
871876871 886996081 875551648 897950315
875551648 897950315 885011833 897950315
885011833 897950315 886560676 905468104
871876871 871831242 897187083 871831242
875551648 897950315 875551648 926020515
875551648 926020515 876194697 948490953
876194697 948490953 876194697 961503387
876194697 948490953 897599640 948490953
876194697 961503387 893514536 972116293
893514536 972116293 923901877 978429547
923901877 978429547 930397211 978429547
923901877 978429547 923901877 995695899
886560676 905468104 914712557 914460578
914712557 914460578 940341414 917106941
940341414 917106941 940341414 934469283
940341414 917106941 961693987 917106941
961693987 917106941 961844861 917106941
961693987 917106941 961693987 920395181
940341414 934469283 961122582 940458128
961122582 940458128 965567564 951154058
965567564 951154058 972160525 967876957
961693987 920395181 985637120 927244510
897187083 871831242 914651793 897605932
837736136 613468807 879784749 617226328
879784749 617226328 897968836 633488382
897968836 633488382 899756418 633488382
897968836 633488382 897968836 678954270
897968836 678954270 900163879 704717210
900163879 704717210 900163879 706962206
900163879 706962206 910214368 706962206
900163879 704717210 932749631 704717210
932749631 704717210 953768119 714442027
953768119 714442027 953768119 722212863
953768119 722212863 959513987 734165543
959513987 734165543 972550657 737066308
972550657 737066308 972550657 737416035
972550657 737066308 977530178 737066308
953768119 714442027 980791935 714442027
900163879 706962206 900163879 739825244
900163879 739825244 913741620 749695084
689389418 606296127 690620469 652239670
870502901 780168168 912473026 788219167
912473026 788219167 920630512 795026760
920630512 795026760 931440131 795026760
931440131 795026760 934068126 797654576
934068126 797654576 934068126 806989205
934068126 806989205 940596159 819862855
940596159 819862855 946644335 819862855
946644335 819862855 950381280 826754518
950381280 826754518 955581314 826754518
955581314 826754518 963770325 836154024
963770325 836154024 964069902 844769670
934068126 797654576 954679353 797654576
920630512 795026760 920630512 817073871
920630512 817073871 920630512 823061070
920630512 817073871 928331774 817073871
954679353 797654576 966913456 809918917
966913456 809918917 989438557 821368332
989438557 821368332 989563995 826579746
950381280 826754518 950381280 864168815
950381280 864168815 963570030 875614007
963570030 875614007 969100679 884864652
940596159 819862855 940596159 867166560
755789870 697246353 757579085 750876085
757579085 750876085 763908012 787912020
763908012 787912020 763908012 790744058
763908012 787912020 768823576 787912020
768823576 787912020 783389849 819995320
783389849 819995320 784359672 820137419
303871528 614511763 356110225 617825266
42827468 221347421 98397498 221347421
98397498 221347421 108133180 232080015
384092904 646244947 385669512 700318374
385669512 700318374 385669512 716943025
385669512 700318374 414685560 700318374
4512600 375756283 56705662 379569515
56705662 379569515 73265730 390692968
73265730 390692968 73265730 424031850
73265730 424031850 83357821 434539613
83357821 434539613 85555003 438837127
85555003 438837127 95768800 471458790
95768800 471458790 99111837 480459280
99111837 480459280 120315429 483984119
120315429 483984119 139126571 493902923
139126571 493902923 166415567 511152815
114391924 400441309 145125563 426659165
145125563 426659165 158587780 434846382
158587780 434846382 158587780 460205043
1249030 71760982 50764681 79275432
637050173 775820458 640152620 830301098
640152620 830301098 640152620 847228091
640152620 830301098 661436045 830301098
640152620 847228091 644772642 881082485
644772642 881082485 647144001 881442225
647144001 881442225 655312827 901227347
655312827 901227347 662241506 901227347
662241506 901227347 672863708 902563350
672863708 902563350 672863708 928623895
655312827 901227347 655312827 932540307
672863708 902563350 708613903 902563350
708613903 902563350 720975185 923531127
661436045 830301098 686944210 845586479
686944210 845586479 689656824 862055036
720975185 923531127 722491858 962898260
722491858 962898260 731541088 962898260
722491858 962898260 722491858 984894429
731541088 962898260 761074510 984162718
34409277 119066897 74370210 137206975
900687586 422353774 959046424 422353774
959046424 422353774 971451150 435523337
971451150 435523337 973895463 435523337
973895463 435523337 994156497 450387297
994156497 450387297 994886364 450387297
994156497 450387297 994156497 460264206
971451150 435523337 971451150 490347332
971451150 490347332 974095699 494089415
150152998 683478060 176030614 716218850
176030614 716218850 177372104 722164449
177372104 722164449 177372104 731332135
177372104 722164449 212303254 722164449
212303254 722164449 228912641 725193332
228912641 725193332 228912641 738942112
228912641 725193332 258711688 725193332
177372104 731332135 188962838 758578261
188962838 758578261 190236941 769657910
190236941 769657910 214875275 769657910
214875275 769657910 220933874 793068116
220933874 793068116 246547651 794613709
190236941 769657910 190236941 809624069
190236941 809624069 193268464 834606896
193268464 834606896 194850658 834606896
193268464 834606896 193268464 850147934
193268464 850147934 195537629 855609019
195537629 855609019 195537629 869739967
195537629 869739967 197907546 872842176
195537629 855609019 225743267 855609019
225743267 855609019 241677439 862153208
241677439 862153208 241677439 870215723
241677439 862153208 280656660 862153208
280656660 862153208 283813452 869777671
283813452 869777671 283813452 889923208
283813452 869777671 313766090 869777671
283813452 889923208 286675068 931728612
286675068 931728612 288386303 973252653
288386303 973252653 312476769 987632034
313766090 869777671 318767146 909871769
318767146 909871769 323644844 948760712
323644844 948760712 324058793 948760712
323644844 948760712 323644844 950562965
323644844 950562965 327975963 985372619
246547651 794613709 267633311 821498458
267633311 821498458 284204854 821498458
284204854 821498458 290793096 832812425
290793096 832812425 290816237 832812425
290793096 832812425 290793096 837564586
290793096 837564586 293809943 846581595
293809943 846581595 310050392 849582583
310050392 849582583 310050392 851176812
267633311 821498458 267633311 846270185
267633311 846270185 267633311 848289015
267633311 846270185 271226962 846270185
310050392 849582583 354454195 849582583
354454195 849582583 359047983 868625023
359047983 868625023 364773446 868625023
359047983 868625023 359047983 895212709
364773446 868625023 388002283 885500361
258711688 725193332 279490664 752965221
279490664 752965221 297921571 771771027
297921571 771771027 297921571 785577299
297921571 785577299 305207350 787542121
305207350 787542121 324583265 787542121
324583265 787542121 342046588 787542121
324583265 787542121 324583265 805822609
342046588 787542121 362271374 791559327
362271374 791559327 362271374 793054192
362271374 791559327 382723917 791559327
382723917 791559327 394501165 800601781
305207350 787542121 305207350 817438969
394501165 800601781 405738384 824450128
405738384 824450128 434121787 824450128
405738384 824450128 405738384 853077903
362271374 793054192 382468341 811932669
297921571 771771027 340563343 771771027
340563343 771771027 340563343 775827547
340563343 771771027 348663264 771771027
359047983 895212709 382442158 925777429
348663264 771771027 398721467 777594889
398721467 777594889 424578999 785488652
424578999 785488652 430484238 786531852
430484238 786531852 482552740 788524399
482552740 788524399 489608064 813040598
489608064 813040598 498157467 813040598
489608064 813040598 489608064 835127348
489608064 835127348 491315553 859927874
491315553 859927874 527473374 859927874
527473374 859927874 560232881 861087264
560232881 861087264 579679329 861087264
579679329 861087264 585879329 870047747
585879329 870047747 585879329 883783772
585879329 883783772 588118878 883783772
585879329 870047747 605064176 870047747
605064176 870047747 606867391 871447793
588118878 883783772 600113776 894827044
585879329 883783772 585879329 913978300
491315553 859927874 491315553 898347969
491315553 898347969 492127893 898347969
492127893 898347969 497422437 903686573
491315553 898347969 491315553 917198050
491315553 917198050 502512773 922338074
585879329 913978300 616228012 929871002
616228012 929871002 617716857 932540307
617716857 932540307 617716857 974501003
617716857 974501003 622811655 989675057
622811655 989675057 643577125 995400894
643577125 995400894 648364678 999327444
560232881 861087264 560232881 908001120
497422437 903686573 545801341 908001120
545801341 908001120 545801341 911030665
560232881 908001120 585534227 939229891
585534227 939229891 595934928 968671327
382442158 925777429 415415270 951530444
415415270 951530444 428351030 951530444
428351030 951530444 428351030 959040420
415415270 951530444 415415270 967152479
428351030 951530444 460541541 951530444
428351030 959040420 449139236 986369231
449139236 986369231 489511612 987411500
489511612 987411500 489511612 996042362
489511612 987411500 528536539 987411500
528536539 987411500 550664601 989897631
550664601 989897631 550664601 997480650
550664601 997480650 553250553 999415557
550664601 989897631 574913493 989897631
574913493 989897631 581075174 989897631
574913493 989897631 574913493 996306990
958808860 63864074 958851722 122630731
595934928 968671327 651561805 971921149
651561805 971921149 698538169 979921720
236557346 627154683 272842608 649822136
272842608 649822136 281235296 658874329
281235296 658874329 285637893 663293335
285637893 663293335 285637893 688355107
285637893 663293335 317961083 663293335
317961083 663293335 332016463 663882799
332016463 663882799 337314247 663882799
332016463 663882799 332016463 675930250
332016463 675930250 364418267 697192666
364418267 697192666 364418267 712485765
364418267 712485765 364955826 712485765
364418267 712485765 364418267 714063433
364418267 697192666 383295594 697192666
108133180 232080015 164413364 235148693
164413364 235148693 167412699 286491573
167412699 286491573 176440736 298610392
176440736 298610392 182271135 300750138
182271135 300750138 184013509 300750138
182271135 300750138 182271135 303080002
176860806 581363822 215159451 602756840
215159451 602756840 254838220 603270520
254838220 603270520 262570247 603270520
254838220 603270520 254838220 614145057
254838220 614145057 254838220 617458527
254838220 614145057 260019524 614145057
674226780 680766015 699081559 715907996
699081559 715907996 736913690 726236363
818443773 358376542 818443773 418388348
689656824 862055036 746684288 865543274
746684288 865543274 746684288 886705869
746684288 886705869 747022248 886705869
746684288 886705869 746684288 895975725
746684288 895975725 750544486 900191421
750544486 900191421 768860160 900456693
768860160 900456693 773641475 900456693
773641475 900456693 781632427 912635930
768860160 900456693 768860160 923109688
746684288 865543274 770655213 865543274
768860160 923109688 769623900 951214253
770655213 865543274 799434796 867652781
799434796 867652781 799650659 867652781
799650659 867652781 802016670 870130605
802016670 870130605 802016670 874178745
799434796 867652781 799434796 880126311
802016670 874178745 827007773 877059834
802016670 870130605 834037888 870130605
781632427 912635930 794881140 939854579
794881140 939854579 814947350 958939118
834037888 870130605 851425775 912493923
851425775 912493923 855304566 932880168
794348872 85808728 805249883 135865363
805249883 135865363 816767515 159217779
816767515 159217779 819500774 163964416
819500774 163964416 819500774 171821741
819500774 171821741 826753132 171821741
826753132 171821741 828925861 171821741
826753132 171821741 826753132 178857619
819500774 163964416 830690105 163964416
819500774 171821741 819500774 201042959
819500774 201042959 851413714 227899661
851413714 227899661 883840497 238091975
883840497 238091975 883840497 239255579
883840497 238091975 894111416 238091975
883840497 239255579 889577102 254133319
889577102 254133319 893191866 277791595
893191866 277791595 908588165 280561686
908588165 280561686 908588165 281581442
908588165 280561686 941396770 280561686
908588165 281581442 924405706 309637551
924405706 309637551 924618319 309637551
924405706 309637551 924405706 311610824
924618319 309637551 932956165 309715924
241677439 870215723 264641384 908432214
264641384 908432214 279513240 908432214
264641384 908432214 264641384 939930548
554627751 259805282 616786420 259805282
616786420 259805282 618141234 259805282
616786420 259805282 616786420 266459872
698654232 509001695 757290427 513056283
757290427 513056283 757290427 521906155
757290427 521906155 757290427 524802785
757290427 521906155 764811772 521906155
757290427 513056283 769725882 513056283
764811772 521906155 772678187 540697496
772678187 540697496 831277122 542651707
831277122 542651707 835814033 554307918
835814033 554307918 841686507 554307918
835814033 554307918 835814033 579007727
841686507 554307918 879082632 572114193
635875288 12026217 655746949 54860466
679052774 165511901 691430841 216309578
691430841 216309578 706068546 226413270
706068546 226413270 732400541 230005667
732400541 230005667 732400541 236522413
732400541 230005667 763164799 230005667
763164799 230005667 781887212 266951415
781887212 266951415 814096381 270114745
814096381 270114745 831535498 270114745
831535498 270114745 836639454 270114745
831535498 270114745 831535498 277306337
831535498 277306337 836901864 284564039
836901864 284564039 836901864 288954678
814096381 270114745 814096381 309914616
814096381 309914616 825224312 322723366
836901864 284564039 882317735 284564039
882317735 284564039 886312029 332617246
774859499 698498390 838068471 698498390
838068471 698498390 856061904 728220321
856061904 728220321 856061904 737376980
856061904 728220321 873869697 728220321
856061904 737376980 868023077 759009601
868023077 759009601 893565706 774385346
893565706 774385346 899466787 776776565
899466787 776776565 905020250 831287526
905020250 831287526 905479719 833531943
264641384 939930548 271195028 996709302
360522643 267323461 365578837 325659738
365578837 325659738 412837477 328566855
616786420 266459872 662663554 284011610
805519574 432025833 811271490 489997560
811271490 489997560 813417067 490929455
813417067 490929455 813417067 494908344
813417067 494908344 814713014 495323554
814713014 495323554 821803908 497224111
821803908 497224111 821803908 510186715
821803908 497224111 843362691 497224111
843362691 497224111 843362691 499172724
843362691 497224111 857955017 497224111
857955017 497224111 875744068 505955931
875744068 505955931 892785102 505955931
892785102 505955931 898980917 516231887
898980917 516231887 909726192 516231887
909726192 516231887 919224341 518312360
919224341 518312360 924585490 528611735
898980917 516231887 898980917 531907501
875744068 505955931 875744068 525283778
924585490 528611735 933312628 547598761
933312628 547598761 933312628 549617729
933312628 547598761 945294844 547598761
933312628 549617729 941411920 557907098
941411920 557907098 948232166 562959537
948232166 562959537 957502866 562959537
957502866 562959537 957502866 563340259
948232166 562959537 948232166 577804714
957502866 562959537 985654152 562959537
985654152 562959537 992107319 588536891
992107319 588536891 992566170 610455375
992566170 610455375 998611754 610455375
992566170 610455375 992566170 632130383
992566170 632130383 994992302 632130383
992566170 632130383 992566170 651425243
948232166 577804714 965322142 595321209
965322142 595321209 965322142 603693843
965322142 595321209 975389737 595321209
898980917 531907501 913530014 564706075
913530014 564706075 913720018 564706075
913530014 564706075 913530014 571295587
913720018 564706075 920764187 567755573
524099927 716997813 531874096 773473903
531874096 773473903 533583493 777756907
533583493 777756907 533583493 808431477
533583493 808431477 548383030 812672380
548383030 812672380 575122448 812672380
548383030 812672380 548383030 859754483
533583493 777756907 595998435 777756907
880048774 9553081 891660421 62382351
891660421 62382351 892337880 66816721
723951483 153658288 772688770 169486459
772688770 169486459 776367057 169486459
776367057 169486459 784007019 169486459
776367057 169486459 776367057 189702513
772688770 169486459 772688770 207591746
879082632 572114193 909640005 606210012
514258447 3902903 527400419 55499017
527400419 55499017 533159122 88546018
533159122 88546018 533159122 99763712
533159122 88546018 551748976 88546018
533159122 99763712 546055522 129862115
546055522 129862115 548761746 136821641
548761746 136821641 556547431 136821641
548761746 136821641 548761746 149767315
548761746 149767315 556056339 149767315
548761746 149767315 548761746 161083660
556056339 149767315 567448454 159186735
218373228 642624763 232158968 693661741
232158968 693661741 247784944 699731442
247784944 699731442 277816075 712944474
277816075 712944474 279431529 712944474
277816075 712944474 277816075 718985466
958851722 122630731 975521743 170966917
975521743 170966917 975521743 180445375
975521743 170966917 988511864 170966917
988511864 170966917 997902346 209352256
602931266 534772009 617464522 585672304
617464522 585672304 617464522 596331637
617464522 596331637 625841003 601072412
625841003 601072412 629324275 606296127
617464522 585672304 637635339 585672304
629324275 606296127 629324275 659562554
462477974 21528733 476126820 73481618
476126820 73481618 485606314 73481618
476126820 73481618 476126820 89075312
476126820 89075312 477576455 105871322
477576455 105871322 481836600 105871322
477576455 105871322 477576455 114424738
477576455 114424738 498764027 148927220
498764027 148927220 510923504 187117974
547266051 398910850 579408428 432606260
579408428 432606260 597012267 438039912
597012267 438039912 642333865 451616421
642333865 451616421 659960598 451616421
659960598 451616421 662536351 468186961
662536351 468186961 662536351 474554517
662536351 474554517 679294554 474554517
662536351 468186961 684682665 468186961
662536351 474554517 662536351 497023540
684682665 468186961 710139445 473373478
642333865 451616421 642333865 485560215
710139445 473373478 743168571 484059624
743168571 484059624 771890686 486144183
771890686 486144183 772678187 497255304
772678187 497255304 792672860 497255304
900687586 437406592 910053059 494979315
910053059 494979315 910053059 503391152
910053059 494979315 928876911 494979315
928876911 494979315 955041691 505219100
672863708 928623895 700311250 968316489
294999799 51172392 294999799 118359823
477720218 677941007 504565806 718312598
504565806 718312598 505038700 775099658
505038700 775099658 505038700 777113558
505038700 775099658 523966317 775099658
234295426 224626833 234303759 292389152
234303759 292389152 254267795 299022357
254267795 299022357 294489581 301055443
294489581 301055443 340719571 322733915
502512773 922338074 529478230 963309504
529478230 963309504 538119292 963309504
529478230 963309504 529478230 975549942
529478230 975549942 545743761 979556246
621156418 787110333 621489697 854836922
621489697 854836922 621489697 858828273
621489697 854836922 631775347 854836922
684560570 752498979 684560570 820581144
684560570 820581144 720809628 840574272
720809628 840574272 720809628 845462768
720809628 840574272 725978609 840574272
180627027 166083406 208741077 206161403
208741077 206161403 219274953 225892742
219274953 225892742 229230202 248113019
229230202 248113019 250264933 291189649
250264933 291189649 250264933 291408352
250264933 291189649 273098785 291189649
900687586 404571698 969408716 404571698
559501991 526127233 559501991 595124965
559501991 595124965 575566196 599353363
575566196 599353363 593907280 615372205
593907280 615372205 608185421 644440916
608185421 644440916 615296937 655858003
189418791 439306334 245639396 453256199
245639396 453256199 266388155 490537907
266388155 490537907 270630076 490537907
266388155 490537907 266388155 499965793
813417067 490929455 885610385 490929455
383515826 141910079 430876674 167795318
430876674 167795318 471512705 188110355
471512705 188110355 486597937 188499717
855304566 932880168 868059207 993618867
109296211 599532971 109296211 673060198
109296211 673060198 116560311 691297876
116560311 691297876 143762378 721626347
143762378 721626347 144317169 731036910
144317169 731036910 161163897 780423423
161163897 780423423 165110757 803362661
165110757 803362661 170071961 822640705
406071150 594139898 452834769 621700236
372520021 263861394 409819911 301034147
327975963 985372619 396890174 992113753
899756418 633488382 935990511 673610539
0 457329114 0 534529234
0 534529234 0 538682717
0 538682717 8155769 538682717
0 534529234 11587423 534529234
0 538682717 0 563528434
0 563528434 26981843 563528434
0 563528434 0 597821552
0 597821552 3328744 597821552
0 597821552 0 601218656
0 601218656 0 603777752
0 603777752 0 613791913
0 603777752 10220564 603777752
0 601218656 12736642 601218656
0 613791913 0 631647186
0 631647186 0 633326472
0 633326472 7110986 633326472
10220564 603777752 25127511 613791913
0 633326472 0 660053130
25127511 613791913 39137821 631647186
0 660053130 32922385 660053130
32922385 660053130 55181872 673170640
55181872 673170640 70139405 682959408
26981843 563528434 51535040 576591861
51535040 576591861 65165650 576591861
51535040 576591861 51535040 592404861
51535040 592404861 61685951 598582655
0 660053130 0 712610010
0 712610010 0 718318592
0 718318592 0 732896380
0 732896380 0 734487555
0 734487555 0 741904547
0 741904547 0 757191548
0 757191548 1854444 757191548
0 757191548 0 764413271
0 764413271 0 765737774
0 765737774 0 781995708
0 781995708 0 785188717
0 765737774 19305220 765737774
0 785188717 20967570 785188717
0 764413271 23927200 764413271
23927200 764413271 31166184 781995708
0 734487555 28768150 734487555
28768150 734487555 30271910 741904547
0 712610010 34002363 712610010
34002363 712610010 35209090 718318592
35209090 718318592 48427486 718947415
48427486 718947415 48427486 732896380
48427486 718947415 95246084 718947415
95246084 718947415 96090835 745082820
96090835 745082820 103551066 745082820
103551066 745082820 111988283 751669424
111988283 751669424 111988283 752644732
111988283 751669424 127204483 751669424
111988283 752644732 120914727 765775206
120914727 765775206 132468448 780423423
96090835 745082820 96090835 777947092
96090835 777947092 97087233 777947092
96090835 777947092 96090835 809952473
96090835 809952473 107396873 853077460
107396873 853077460 119551230 890766391
119551230 890766391 119551230 901289350
119551230 890766391 145964563 890766391
145964563 890766391 156363336 902080629
156363336 902080629 166565583 902080629
156363336 902080629 156363336 936354204
156363336 936354204 163025255 954426875
163025255 954426875 163025255 960352844
163025255 954426875 173957975 954426875
0 785188717 0 841030933
0 841030933 19928891 841030933
0 841030933 0 869001726
0 869001726 0 873864562
0 873864562 0 876298200
0 873864562 9693480 873864562
0 876298200 0 892331863
0 892331863 0 926549854
0 926549854 16664016 926549854
0 869001726 37800941 869001726
37800941 869001726 46245616 876298200
46245616 876298200 49159429 876298200
46245616 876298200 46245616 892331863
46245616 892331863 51475178 895113448
51475178 895113448 57567713 902789926
57567713 902789926 58616867 935334579
58616867 935334579 82287127 946516024
49159429 876298200 81999922 878381158
81999922 878381158 81999922 884168082
81999922 878381158 98999397 878381158
98999397 878381158 99150068 890766391
99150068 890766391 99150068 909735903
16664016 926549854 20320358 979431184
20320358 979431184 20320358 983416814
20320358 983416814 23318294 983416814
20320358 983416814 20320358 992479098
20320358 992479098 22809142 993622763
20320358 979431184 32680578 979431184
23318294 983416814 30928724 991444254
30928724 991444254 54512097 992152120
132468448 780423423 132468448 837293259
19928891 841030933 72857182 845044691
132468448 837293259 157435530 871137524
157435530 871137524 158756107 886599402
158756107 886599402 158756107 887442662
158756107 886599402 172103092 886599402
814947350 958939118 853320938 998288056
374159617 515981338 416555684 551919819
416555684 551919819 430109749 565794765
473474946 518214580 530122237 543050208
993755768 41464185 996535566 120323908
896324016 132077860 896324016 215344526
424865519 717393903 477474686 748390012
477474686 748390012 495920931 766444001
413404708 59384142 439925270 117384808
439925270 117384808 447276509 121070867
447276509 121070867 454423569 121070867
447276509 121070867 447276509 135006727
447276509 135006727 476399671 162616205
691156494 379250392 712323423 443234817
430109749 565794765 503228632 580276506
932956165 309715924 955238356 375050695
567448454 159186735 573834535 240535223
211247 282330271 72327552 299087079
840061598 416914083 873937387 472401529
873937387 472401529 881239644 475121314
881239644 475121314 883618408 477781648
388002283 885500361 454132392 909523070
454132392 909523070 454132392 925247313
454132392 909523070 475278306 909523070
475278306 909523070 477285086 909523070
475278306 909523070 475278306 921132132
475278306 921132132 482654824 927931469
74370210 137206975 135167258 167332569
