1461
0 0 0 0
0 0 0 13522145
0 13522145 0 19253966
0 19253966 0 24928994
0 24928994 0 34744226
0 34744226 0 37391673
0 0 14303521 0
14303521 0 14326988 0
14326988 0 20132835 0
0 34744226 14303521 34744226
0 24928994 14326988 24928994
20132835 0 20132835 19253966
20132835 0 41015387 0
41015387 0 57516223 0
57516223 0 63407295 0
57516223 0 57516223 11006545
57516223 11006545 63407295 11414516
63407295 0 74718178 0
74718178 0 77297586 0
63407295 11414516 74718178 17208115
74718178 17208115 77297586 32277513
0 37391673 0 58880023
0 58880023 0 76845230
0 76845230 0 87481523
0 87481523 0 92345314
0 92345314 0 104677145
0 76845230 12370186 76845230
12370186 76845230 28952791 87481523
28952791 87481523 36471029 92345314
36471029 92345314 42695346 104677145
42695346 104677145 56162738 113161623
56162738 113161623 56162738 122961314
56162738 113161623 73746855 113161623
56162738 122961314 62095712 141944452
14303521 34744226 41015387 37391673
41015387 37391673 43524898 58880023
43524898 58880023 55801579 67230876
55801579 67230876 84078888 70973639
73746855 113161623 87602614 133279727
87602614 133279727 87602614 137633623
87602614 133279727 98020517 133279727
98020517 133279727 109049240 134665281
109049240 134665281 109049240 136679603
109049240 136679603 113282494 152031502
113282494 152031502 117624898 181912736
117624898 181912736 130973239 181912736
130973239 181912736 131891036 183178483
131891036 183178483 142192024 183178483
142192024 183178483 148540052 184590460
148540052 184590460 151776671 201914553
117624898 181912736 117624898 208493395
117624898 208493395 117645232 219872916
117645232 219872916 123785988 229079754
123785988 229079754 131891036 229079754
123785988 229079754 123785988 262822674
109049240 134665281 144079711 134665281
144079711 134665281 178916697 138427379
178916697 138427379 187384181 138427379
178916697 138427379 178916697 175053600
0 104677145 0 145149611
0 145149611 0 151685478
0 145149611 27391450 145149611
27391450 145149611 41613984 151685478
77297586 32277513 103954594 50097536
103954594 50097536 103954594 50992293
103954594 50097536 121362677 50097536
121362677 50097536 126792382 90028111
126792382 90028111 127008851 90028111
126792382 90028111 126792382 107878286
127008851 90028111 158942819 96901524
158942819 96901524 161507410 116952019
161507410 116952019 175721382 133340138
0 151685478 0 198737602
0 198737602 0 208905623
0 208905623 0 217213440
0 198737602 11526557 198737602
0 217213440 20390579 217213440
11526557 198737602 25638048 208905623
0 217213440 0 254923967
0 254923967 4600309 254923967
0 254923967 0 267017793
0 267017793 0 280134963
0 280134963 8949801 280134963
0 267017793 15558714 267017793
0 280134963 0 325006224
0 325006224 3240450 325006224
0 325006224 0 345291383
0 345291383 6127751 345291383
0 345291383 0 377112716
0 377112716 0 385513658
0 385513658 0 385662651
0 385662651 6845144 385662651
0 385513658 16096291 385513658
0 385662651 0 418732081
0 418732081 0 421491752
0 418732081 4664664 418732081
4664664 418732081 7578204 421491752
0 377112716 39408087 377112716
20390579 217213440 52152470 231555563
52152470 231555563 52152470 241970773
52152470 241970773 52152470 245925349
52152470 241970773 57741030 241970773
52152470 231555563 64910192 231555563
57741030 241970773 71186014 247186783
71186014 247186783 71186014 264756159
71186014 264756159 80980109 274273245
80980109 274273245 81885360 274273245
71186014 247186783 91089594 247186783
91089594 247186783 91089594 261700921
91089594 261700921 99144480 265808521
91089594 247186783 112524807 247186783
80980109 274273245 80980109 306163073
80980109 306163073 87985011 322292888
87985011 322292888 87985011 322628901
87985011 322292888 90503148 322292888
81885360 274273245 98685381 300303675
90503148 322292888 118753862 337072559
39408087 377112716 62751708 399913556
62751708 399913556 62751708 415722183
62751708 399913556 87597060 399913556
87597060 399913556 87597060 403918623
87597060 399913556 108965577 399913556
62751708 415722183 77172206 438465152
98685381 300303675 141856438 303880926
141856438 303880926 153229551 319248450
153229551 319248450 162476325 319248450
153229551 319248450 153229551 329027069
153229551 329027069 169542904 329655120
169542904 329655120 169546199 337362673
169546199 337362673 169546199 337743527
25638048 208905623 69746235 212096058
69746235 212096058 71186014 219872916
108965577 399913556 126912304 430192927
126912304 430192927 128988244 430192927
126912304 430192927 126912304 434022195
126912304 434022195 127890601 435445217
127890601 435445217 136029533 435445217
136029533 435445217 136029533 438260950
136029533 438260950 148604619 440651686
127890601 435445217 127890601 456037058
127890601 456037058 131230038 456037058
127890601 456037058 127890601 464147835
127890601 464147835 145512393 465601997
145512393 465601997 156051839 465601997
156051839 465601997 156647012 465601997
156051839 465601997 156051839 481047746
145512393 465601997 145512393 497271496
145512393 497271496 150277142 508140080
150277142 508140080 153396125 515962820
153396125 515962820 175891746 515962820
175891746 515962820 180634245 515962820
175891746 515962820 175891746 522705630
180634245 515962820 201082769 522592853
201082769 522592853 212601966 538034017
153396125 515962820 153396125 551307490
153396125 551307490 158243237 558065407
136029533 435445217 173696718 435445217
212601966 538034017 239567396 551782541
239567396 551782541 247838748 551782541
247838748 551782541 253429284 557191708
253429284 557191708 253429284 562616186
253429284 562616186 253429284 581855455
253429284 581855455 258989853 593996024
258989853 593996024 280606150 594568777
280606150 594568777 280606150 598496643
280606150 594568777 303830988 594568777
239567396 551782541 239567396 575063834
239567396 575063834 240512593 615465617
156051839 481047746 199101895 485066233
199101895 485066233 201082769 503468202
201082769 503468202 247196700 503468202
247196700 503468202 266467233 516031026
266467233 516031026 275966554 516031026
266467233 516031026 266467233 536889987
131891036 229079754 170463328 238768272
77297586 0 126079844 0
126079844 0 137702751 0
137702751 0 144902116 0
144902116 0 144902116 3924596
144902116 0 158303497 0
158303497 0 158303497 30137525
158303497 0 189791478 0
189791478 0 190343743 0
189791478 0 189791478 8678515
189791478 8678515 190343743 18831376
158303497 30137525 159772579 61996317
159772579 61996317 159772579 76653442
159772579 61996317 175890237 61996317
175890237 61996317 182426719 89831203
190343743 0 232724539 0
232724539 0 232724539 7607344
137702751 0 137702751 42945317
126079844 0 126079844 43528256
0 421491752 0 472820794
0 472820794 0 474184013
0 474184013 0 480310858
0 480310858 0 484229360
0 484229360 2706052 484229360
0 484229360 0 497155086
0 497155086 8447098 497155086
0 474184013 42158859 474184013
42158859 474184013 42360004 480310858
42360004 480310858 50632664 487580147
50632664 487580147 50632664 496126176
50632664 487580147 79433347 487580147
79433347 487580147 92400556 488777683
92400556 488777683 101882693 488777683
92400556 488777683 92400556 532960170
92400556 532960170 110612781 549353633
110612781 549353633 140160205 551307490
140160205 551307490 140160205 591672900
0 472820794 44487923 472820794
253429284 557191708 306307695 557191708
306307695 557191708 306307695 562616186
306307695 562616186 306995458 562616186
306307695 562616186 306307695 564418392
306307695 557191708 324056699 557191708
324056699 557191708 328573544 575085723
178916697 175053600 180485148 226628745
180485148 226628745 190593460 227912766
190593460 227912766 190593460 230855326
190593460 227912766 214874204 227912766
214874204 227912766 238813747 247465947
238813747 247465947 238813747 271217516
238813747 247465947 273553337 247465947
238813747 271217516 262687118 291245895
262687118 291245895 272561766 291245895
262687118 291245895 262687118 335165328
262687118 335165328 281436772 356703976
281436772 356703976 297779589 379514479
272561766 291245895 297022819 318815442
297022819 318815442 319466086 340211085
319466086 340211085 319902402 344648175
0 497155086 0 550566004
0 550566004 0 566065706
0 566065706 0 576993095
0 576993095 0 581865765
0 581865765 0 583984359
0 550566004 25751237 550566004
25751237 550566004 28116634 565829599
28116634 565829599 28116634 566065706
28116634 566065706 30915032 576993095
30915032 576993095 33698185 581865765
33698185 581865765 35471807 581865765
33698185 581865765 33698185 583984359
0 583984359 0 613422916
0 613422916 0 616356213
0 616356213 462937 616356213
0 616356213 0 622844529
0 622844529 355370 622844529
0 622844529 0 623449231
0 613422916 30167824 613422916
30167824 613422916 39042045 623449231
39042045 623449231 51046161 629554338
51046161 629554338 51046161 630736159
51046161 630736159 57139994 634305479
57139994 634305479 62779755 642321509
62779755 642321509 62779755 642374255
62779755 642321509 78943148 642321509
51046161 629554338 75674513 629554338
75674513 629554338 94132983 637471361
62779755 642374255 70124209 665014156
70124209 665014156 91710283 671850230
91710283 671850230 91710283 682252715
28116634 565829599 70029823 565829599
70029823 565829599 76576176 578747242
33698185 583984359 66781919 598082719
0 623449231 0 671281636
0 671281636 0 680421237
0 671281636 28491007 671281636
28491007 671281636 43125602 680421237
0 680421237 0 711328678
0 711328678 140249 711328678
0 711328678 0 715845347
0 715845347 0 740799432
0 740799432 17572124 740799432
0 740799432 0 758801127
0 758801127 0 768873153
0 768873153 38889527 768873153
38889527 768873153 62835876 779655600
62835876 779655600 65576014 779655600
62835876 779655600 62835876 806711005
62835876 806711005 67843695 813766658
67843695 813766658 84292608 813766658
67843695 813766658 67843695 842403140
67843695 842403140 68949731 872977746
68949731 872977746 68949731 892646598
68949731 872977746 89831681 872977746
68949731 892646598 72782380 926480383
72782380 926480383 83871561 931126367
83871561 931126367 92231847 931126367
83871561 931126367 83871561 948556216
83871561 948556216 96993244 950882395
96993244 950882395 97680858 950882395
96993244 950882395 96993244 975645427
96993244 975645427 110459259 981367809
110459259 981367809 127451861 985289774
0 715845347 40852911 715845347
127451861 985289774 156758772 998760046
0 758801127 44235612 758801127
91710283 671850230 141037219 671850230
141037219 671850230 150074896 704272567
150074896 704272567 188379410 711075902
188379410 711075902 215076684 727397322
215076684 727397322 235501987 727397322
235501987 727397322 235501987 731598514
235501987 727397322 242670846 727397322
242670846 727397322 245264975 737817780
245264975 737817780 254696686 757172040
254696686 757172040 271167271 762477993
271167271 762477993 274562224 762477993
271167271 762477993 271167271 769845386
271167271 769845386 291953523 773940581
291953523 773940581 312348061 784233274
312348061 784233274 319008782 793631357
319008782 793631357 319008782 809423591
319008782 809423591 323082791 809423591
319008782 809423591 319008782 827301817
319008782 793631357 345683516 793631357
345683516 793631357 383379340 796213058
383379340 796213058 383379340 811959843
383379340 811959843 388442358 818171951
388442358 818171951 392593062 818171951
388442358 818171951 388442358 832440351
388442358 832440351 391488625 845924665
391488625 845924665 391488625 852658525
391488625 852658525 406732269 853115940
406732269 853115940 406971984 853115940
406971984 853115940 406971984 861277319
406971984 861277319 410939087 868931789
406971984 853115940 422215398 853115940
383379340 796213058 400949059 796213058
410939087 868931789 416359463 891469027
319008782 827301817 324464349 866641066
324464349 866641066 324464349 868123559
324464349 866641066 370617530 866641066
324464349 868123559 369878876 871085647
369878876 871085647 377271548 910345905
377271548 910345905 378985081 915567662
378985081 915567662 400562789 915567662
400562789 915567662 401688977 924183402
401688977 924183402 401688977 933905309
401688977 933905309 411892730 939315710
401688977 924183402 433663122 924183402
433663122 924183402 440444407 924233201
440444407 924233201 446656739 924233201
446656739 924233201 462615885 936221429
440444407 924233201 440444407 963723875
411892730 939315710 424249747 970586041
424249747 970586041 432690407 970586041
424249747 970586041 424249747 982915437
406732269 853115940 406732269 905369947
240512593 615465617 260604927 649757667
260604927 649757667 289578114 652121443
289578114 652121443 289578114 665381511
289578114 665381511 292470574 675378766
292470574 675378766 294524081 675378766
294524081 675378766 306224158 682696863
306224158 682696863 306841767 682696863
306841767 682696863 306841767 684360676
306841767 682696863 323646166 682696863
289578114 652121443 315752138 652121443
315752138 652121443 315752138 652754113
315752138 652121443 327245653 652121443
306224158 682696863 306224158 721337153
306224158 721337153 312348061 756098060
292470574 675378766 292470574 725466488
312348061 756098060 363664017 756098060
91710283 682252715 111237477 717353150
111237477 717353150 117228074 718057181
117228074 718057181 122573320 750626482
122573320 750626482 126138990 768207520
126138990 768207520 132524390 802640895
132524390 802640895 172909809 802640895
172909809 802640895 172909809 818462948
172909809 818462948 179470674 818462948
179470674 818462948 184686699 820258962
172909809 818462948 172909809 842705392
172909809 802640895 206414913 802640895
206414913 802640895 232653200 805448201
232653200 805448201 233346191 831370112
233346191 831370112 233346191 850556339
233346191 831370112 261065321 831370112
261065321 831370112 265934372 841054918
265934372 841054918 286654199 841054918
172909809 842705392 205496872 849275937
184686699 820258962 205496872 839341864
205496872 839341864 211530660 839341864
211530660 839341864 214143455 839958846
286654199 841054918 296760601 878196918
296760601 878196918 298077688 892164714
298077688 892164714 312198238 892164714
298077688 892164714 298077688 920531456
298077688 920531456 309899332 924499116
309899332 924499116 310553169 924499116
309899332 924499116 309899332 937702135
312198238 892164714 323626703 913833998
323626703 913833998 339760827 916764489
339760827 916764489 339760827 920667644
339760827 916764489 343806668 916764489
339760827 920667644 342691303 950024703
309899332 937702135 323506681 958200595
391488625 845924665 447904012 845924665
447904012 845924665 457199425 847652609
457199425 847652609 457199425 850206761
457199425 847652609 482720875 847652609
482720875 847652609 498829323 847652609
482720875 847652609 482720875 864496479
482720875 864496479 491391144 879112525
498829323 847652609 522135947 850964576
522135947 850964576 524864778 854973958
524864778 854973958 549843823 857797034
549843823 857797034 551850706 857797034
551850706 857797034 566249254 866503936
566249254 866503936 586332300 866503936
586332300 866503936 590020284 866503936
586332300 866503936 586332300 880497325
586332300 880497325 593959693 884130936
593959693 884130936 608574163 884130936
566249254 866503936 566249254 890017384
590020284 866503936 608574163 874301861
608574163 874301861 630200332 874301861
608574163 884130936 616723595 911559470
491391144 879112525 506462444 901314338
506462444 901314338 511359303 901314338
506462444 901314338 506462444 906680448
549843823 857797034 549843823 896600441
630200332 874301861 651803887 893787819
651803887 893787819 652789600 909128344
652789600 909128344 652789600 922538500
652789600 922538500 660685359 922538500
652789600 922538500 652789600 939220147
652789600 939220147 672237310 940605202
672237310 940605202 686969442 958807830
686969442 958807830 708337716 958833552
652789600 909128344 686515686 909128344
686515686 909128344 686515686 914459237
686515686 909128344 699859262 909128344
699859262 909128344 718600218 925318992
593959693 884130936 593959693 935034771
593959693 935034771 599471711 955407232
708337716 958833552 728281660 992942676
728281660 992942676 728281660 994833145
728281660 994833145 753951560 996016508
728281660 992942676 770135245 992942676
132524390 802640895 132524390 859924225
132524390 859924225 133095970 859924225
132524390 859924225 132524390 871433234
132524390 871433234 162100296 875338255
162100296 875338255 163867530 875338255
162100296 875338255 162100296 882722809
378985081 915567662 378985081 973400111
378985081 973400111 391382056 975655674
187384181 138427379 240905632 142846655
240905632 142846655 242173334 156485507
242173334 156485507 242173334 170139830
242173334 170139830 266703130 170139830
266703130 170139830 274477131 186655300
274477131 186655300 274477131 202498643
274477131 202498643 274477131 206932986
274477131 202498643 285925268 202498643
274477131 186655300 291354252 186655300
291354252 186655300 305329428 191394219
305329428 191394219 305329428 212241120
305329428 212241120 306723041 218477272
306723041 218477272 320847185 218477272
320847185 218477272 338808112 224051731
338808112 224051731 343458289 238052259
343458289 238052259 359946394 238052259
359946394 238052259 367238281 238605546
367238281 238605546 382453157 238605546
343458289 238052259 343458289 259928586
382453157 238605546 399981899 243108005
399981899 243108005 401469185 254896726
367238281 238605546 367238281 265372063
306723041 218477272 306723041 245608972
242173334 170139830 242173334 199540971
343458289 259928586 347048260 288635133
347048260 288635133 360882583 288635133
347048260 288635133 347048260 307251766
306723041 245608972 327109233 257863322
327109233 257863322 335265150 257863322
327109233 257863322 327109233 276461663
305329428 191394219 341067827 191394219
341067827 191394219 369071647 195312543
369071647 195312543 372258223 196384493
372258223 196384493 372258223 210100122
367238281 265372063 389043982 280907655
389043982 280907655 395062187 281644497
395062187 281644497 395062187 315516012
395062187 315516012 397677026 328376333
397677026 328376333 397677026 333554376
397677026 328376333 404357486 328376333
397677026 333554376 398896790 358570373
398896790 358570373 401238095 367968152
401238095 367968152 401238095 382639145
401238095 367968152 416290076 367968152
416290076 367968152 416290076 374011453
416290076 367968152 449427934 367968152
395062187 281644497 431658908 281644497
431658908 281644497 434614244 309677011
434614244 309677011 438683626 309677011
434614244 309677011 434614244 321183544
438683626 309677011 464414931 312499696
464414931 312499696 472823462 320020410
472823462 320020410 504106278 320020410
504106278 320020410 520132462 323764991
520132462 323764991 527534186 323764991
520132462 323764991 520132462 337928078
472823462 320020410 472823462 355346126
472823462 355346126 472823462 360972590
472823462 355346126 483791200 355346126
483791200 355346126 491085356 364199691
372258223 196384493 410662838 196384493
410662838 196384493 433375075 198905027
433375075 198905027 433375075 206577837
433375075 198905027 441319111 198905027
441319111 198905027 455330326 202922082
455330326 202922082 455330326 209778829
455330326 202922082 474806495 202922082
474806495 202922082 475970126 207558194
475970126 207558194 494743512 211277981
494743512 211277981 497716825 211277981
494743512 211277981 494743512 225514210
455330326 209778829 468331686 235690480
497716825 211277981 532489796 215631840
532489796 215631840 534099766 215815062
534099766 215815062 554041938 215815062
534099766 215815062 534099766 247710376
534099766 247710376 542456794 247710376
534099766 247710376 534099766 264189292
372258223 210100122 400526736 222241149
400526736 222241149 400526736 226668110
400526736 222241149 408251013 222241149
347048260 307251766 384615195 310583392
384615195 310583392 421482339 312533857
494743512 225514210 514226182 247538722
514226182 247538722 517254868 269362991
517254868 269362991 525485513 269362991
517254868 269362991 517254868 282526982
517254868 282526982 520132462 295699598
520132462 295699598 531775720 295699598
242173334 156485507 285069998 156485507
285069998 156485507 285925268 166645799
285925268 166645799 299183449 166645799
416290076 374011453 421029823 414035986
421029823 414035986 425479992 428030499
425479992 428030499 425479992 448959050
425479992 448959050 426200119 450727935
425479992 428030499 470114984 428030499
470114984 428030499 472563202 428521068
520132462 337928078 521262960 382963319
521262960 382963319 542582149 385837607
542582149 385837607 557980103 385837607
557980103 385837607 577415085 385837607
577415085 385837607 577415085 385879689
577415085 385837607 596018362 385837607
596018362 385837607 612216038 388238879
557980103 385837607 557980103 410476416
542582149 385837607 542582149 413344179
542582149 413344179 546408951 413344179
557980103 410476416 580797596 419704784
542582149 413344179 542582149 453902882
542582149 453902882 550431982 456566711
550431982 456566711 550431982 474166786
550431982 474166786 560637088 474166786
550431982 474166786 550431982 486697354
550431982 486697354 559919856 491955664
559919856 491955664 561559874 496451072
561559874 496451072 561559874 519705706
550431982 456566711 577863617 456566711
577863617 456566711 589046390 460277014
589046390 460277014 589046390 468307282
589046390 468307282 592318231 469764353
592318231 469764353 610325692 469764353
610325692 469764353 613900189 469764353
610325692 469764353 610325692 488666062
592318231 469764353 592318231 496451072
589046390 460277014 624660619 460277014
624660619 460277014 637695380 483593366
637695380 483593366 649517760 486825152
610325692 488666062 612107848 525637754
612107848 525637754 612107848 537381489
612107848 525637754 627954897 525637754
612107848 537381489 614030400 564636953
614030400 564636953 629341399 564636953
629341399 564636953 631131394 569600116
631131394 569600116 631131394 572580803
614030400 564636953 614030400 588447893
631131394 569600116 657011933 569600116
657011933 569600116 658235333 580567257
658235333 580567257 676864021 595891944
676864021 595891944 682116487 621555656
682116487 621555656 682116487 625611013
682116487 625611013 692007790 625611013
692007790 625611013 692593342 644858963
692593342 644858963 699011152 653917948
682116487 621555656 707083234 621555656
707083234 621555656 707083234 623450276
707083234 621555656 724367588 621555656
682116487 625611013 682116487 651548860
682116487 651548860 682710559 659999759
631131394 572580803 652891885 584878367
614030400 588447893 618338367 620601609
612216038 388238879 634610201 408679297
634610201 408679297 665461698 410740817
665461698 410740817 685899402 418820811
685899402 418820811 704800337 418820811
704800337 418820811 710604863 418820811
704800337 418820811 704800337 431511354
704800337 431511354 706190639 446850412
706190639 446850412 706190639 472355548
706190639 446850412 743427358 446850412
743427358 446850412 750659856 446850412
750659856 446850412 757743890 447200590
757743890 447200590 768798255 451205712
768798255 451205712 770038404 451205712
768798255 451205712 768798255 453256150
768798255 453256150 785377967 456058732
785377967 456058732 790705398 456058732
790705398 456058732 790705398 460178360
743427358 446850412 743427358 467640533
785377967 456058732 785377967 490892080
790705398 460178360 804276403 482241763
804276403 482241763 804276403 487669954
804276403 487669954 805332082 488622757
805332082 488622757 805332082 490123214
804276403 482241763 820651601 482241763
820651601 482241763 824084373 488622757
824084373 488622757 827581065 488622757
827581065 488622757 827851969 489173060
790705398 456058732 829432707 456058732
827851969 489173060 867233243 489173060
867233243 489173060 880652208 501717452
880652208 501717452 889797216 511658860
889797216 511658860 903139797 511658860
903139797 511658860 903139797 516654800
903139797 511658860 915477928 511658860
915477928 511658860 933479185 513787649
933479185 513787649 933479185 527496168
933479185 527496168 946893278 539690449
946893278 539690449 946893278 542635452
946893278 542635452 956931718 544657632
956931718 544657632 961669718 544657632
961669718 544657632 965737378 552400643
946893278 539690449 959203827 539690449
965737378 552400643 965737378 567860665
965737378 567860665 967358537 569307378
967358537 569307378 976542911 569307378
967358537 569307378 967358537 579271127
976542911 569307378 977823084 578652843
965737378 552400643 982192731 552400643
982192731 552400643 985648403 561057783
889797216 511658860 889797216 538310029
985648403 561057783 999256367 576610250
956931718 544657632 956931718 582775467
824084373 488622757 824084373 528433802
824084373 528433802 827851969 532715210
685899402 418820811 685899402 460171265
627954897 525637754 668992949 529663494
668992949 529663494 678748133 529663494
678748133 529663494 678749327 529663494
678748133 529663494 678748133 530283013
678748133 530283013 686954724 535344859
686954724 535344859 688108430 552164214
688108430 552164214 688108430 558897046
668992949 529663494 668992949 556797304
688108430 552164214 716867943 552164214
716867943 552164214 744194888 563288552
744194888 563288552 747341992 564625986
747341992 564625986 747341992 568412807
747341992 568412807 749549574 571072980
749549574 571072980 765118391 571072980
765118391 571072980 781273348 575665159
749549574 571072980 749549574 596449769
749549574 596449769 754875537 609092270
754875537 609092270 758212014 609092270
754875537 609092270 754875537 616546197
754875537 616546197 758688793 617077584
758688793 617077584 764557262 617077584
747341992 564625986 781518334 564625986
758688793 617077584 758688793 653941726
781273348 575665159 805941933 590951590
758688793 653941726 790847091 662874625
790847091 662874625 796415255 662874625
796415255 662874625 796415255 679031641
796415255 662874625 818783333 662874625
790847091 662874625 790847091 689261381
790847091 689261381 790986486 689261381
790847091 689261381 790847091 695665827
790847091 695665827 811438262 697891600
811438262 697891600 816715234 697891600
811438262 697891600 811438262 722900922
811438262 722900922 811438262 735222405
811438262 735222405 816715234 735222405
811438262 735222405 811438262 763132199
816715234 697891600 851070098 697891600
851070098 697891600 857767146 705493267
857767146 705493267 877732942 717155393
877732942 717155393 885038951 717155393
877732942 717155393 877732942 738431031
877732942 738431031 883315902 760340586
883315902 760340586 883315902 770711348
883315902 770711348 888237666 770711348
883315902 760340586 896618454 760340586
888237666 770711348 898251208 775950598
898251208 775950598 898251208 793017100
898251208 793017100 900422778 793017100
898251208 793017100 898251208 807354279
883315902 770711348 883315902 792747847
883315902 792747847 883853888 802629430
883853888 802629430 885842558 830105971
885842558 830105971 906643082 840542763
906643082 840542763 911413943 848174634
911413943 848174634 926490464 848174634
898251208 775950598 933290436 775950598
933290436 775950598 958289181 780977027
958289181 780977027 967118591 792118857
967118591 792118857 967118591 804502148
967118591 792118857 981856499 792118857
816715234 735222405 828774741 759607951
811438262 722900922 849718747 722900922
811438262 763132199 827161760 788667491
827161760 788667491 840050735 801819046
840050735 801819046 853999021 801819046
853999021 801819046 853999021 807975090
853999021 801819046 867297013 801819046
867297013 801819046 869984028 801819046
867297013 801819046 867297013 808065666
840050735 801819046 840050735 816428231
840050735 816428231 849291232 821834680
849291232 821834680 851703614 821834680
851703614 821834680 862536210 825421614
862536210 825421614 866994933 825421614
866994933 825421614 870318695 830105971
870318695 830105971 870318695 830933189
862536210 825421614 862536210 844518855
849291232 821834680 849291232 844518855
849291232 844518855 849291232 863102472
849291232 863102472 859853657 883525553
859853657 883525553 864318072 904633013
864318072 904633013 864318072 915736494
864318072 915736494 864318072 930884055
864318072 930884055 864911869 930884055
864318072 930884055 864318072 952701307
864318072 915736494 887890953 915736494
887890953 915736494 888154374 915736494
888154374 915736494 894017014 917002240
887890953 915736494 887890953 923009882
894017014 917002240 913084846 921646029
913084846 921646029 920716642 921646029
920716642 921646029 928072016 923392252
928072016 923392252 929171713 923392252
913084846 921646029 913084846 935485395
928072016 923392252 928072016 947085245
864911869 930884055 885658298 949894606
864318072 904633013 904818553 904633013
904818553 904633013 913084846 909144879
913084846 909144879 920945205 909144879
920945205 909144879 922746655 910526842
926490464 848174634 941038069 878241879
941038069 878241879 944295695 883661435
944295695 883661435 972370616 889078520
972370616 889078520 993586554 910702814
981856499 792118857 989433100 830982823
527534186 323764991 563050943 334695602
563050943 334695602 564440520 337653133
706190639 472355548 717558959 507922698
717558959 507922698 719189023 507922698
717558959 507922698 717558959 511859863
717558959 511859863 763921853 512791970
763921853 512791970 763921853 524022900
763921853 512791970 780991546 512791970
933479185 513787649 980839183 513787649
980839183 513787649 991811240 516297890
828774741 759607951 857647480 779056700
911413943 848174634 911413943 899087651
699011152 653917948 744658119 659299436
426200119 450727935 456862950 472169454
456862950 472169454 462801328 472169454
456862950 472169454 456862950 486788705
462801328 472169454 474324778 480498466
474324778 480498466 486085137 480498466
456862950 486788705 462050500 508100637
462050500 508100637 474324778 510665430
474324778 510665430 493079410 533448799
493079410 533448799 493079410 534949824
493079410 533448799 497017432 533448799
497017432 533448799 514004215 564103754
514004215 564103754 514004215 570179830
514004215 570179830 515551539 570179830
514004215 570179830 514004215 579042257
515551539 570179830 528061821 572972077
528061821 572972077 528061821 593370200
528061821 593370200 531852968 600500893
528061821 572972077 551734782 572972077
514004215 564103754 545945860 564103754
649517760 486825152 685486560 503710825
682710559 659999759 692587443 703471838
692587443 703471838 697826441 703471838
692587443 703471838 692587443 721354352
692587443 721354352 693732102 730676874
693732102 730676874 693732102 737455229
693732102 737455229 693732102 742571782
693732102 737455229 702663995 737455229
693732102 730676874 708543450 730676874
702663995 737455229 720894280 770162002
720894280 770162002 726555786 779715070
726555786 779715070 726555786 804137803
726555786 804137803 732639843 811438841
732639843 811438841 744849004 811438841
744849004 811438841 748675283 813587908
748675283 813587908 748675283 816803658
748675283 813587908 771294817 813587908
771294817 813587908 771294817 815291339
771294817 813587908 785624581 813587908
732639843 811438841 732639843 836853467
726555786 779715070 757131667 779715070
757131667 779715070 757131667 790262013
757131667 790262013 757131667 792607433
757131667 790262013 759665388 790262013
757131667 779715070 780528700 779715070
780528700 779715070 792362287 788667491
792362287 788667491 792362287 798143038
732639843 836853467 753034688 851023719
753034688 851023719 767064752 851023719
753034688 851023719 753034688 880583713
767064752 851023719 770028740 878666013
770028740 878666013 787269813 879162816
787269813 879162816 799659970 879162816
799659970 879162816 804696729 889030531
804696729 889030531 804696729 909836243
804696729 889030531 840020617 889030531
840020617 889030531 841979618 894431452
785624581 813587908 824588600 816428231
824588600 816428231 824588600 831667222
787269813 879162816 787269813 923997353
561559874 519705706 589560046 545137737
401469185 254896726 434844514 276070759
434844514 276070759 483073661 280346766
483073661 280346766 490931173 287266536
490931173 287266536 510340745 311229410
827851969 532715210 875197142 540921035
875197142 540921035 885462280 565323662
885462280 565323662 888021583 565323662
885462280 565323662 885462280 591383825
885462280 591383825 894159403 593305252
894159403 593305252 896649439 593305252
894159403 593305252 894159403 607884028
888021583 565323662 910017223 574315785
910017223 574315785 917823626 574315785
917823626 574315785 917823626 574690708
917823626 574315785 923860575 574315785
910017223 574315785 910017223 582135224
910017223 582135224 915444439 606394155
915444439 606394155 919565587 606394155
915444439 606394155 915444439 631671337
915444439 631671337 921301623 663590586
923860575 574315785 939417715 604128645
921301623 663590586 936854276 698358927
936854276 698358927 950320002 719699055
950320002 719699055 958786111 727082335
958786111 727082335 982885270 740282247
982885270 740282247 984248681 740282247
982885270 740282247 982885270 744239546
928072016 947085245 968619273 962869808
968619273 962869808 973230417 991757724
182426719 89831203 236210387 94140501
236210387 94140501 250397858 114487574
169546199 337362673 229860861 337362673
229860861 337362673 235382182 338091143
235382182 338091143 240740528 338091143
235382182 338091143 235382182 351979802
235382182 351979802 237379250 356703976
237379250 356703976 237379250 366460830
237379250 366460830 240269211 412042432
240269211 412042432 250038218 450041154
250038218 450041154 250038218 458070730
250038218 458070730 250038218 459431387
250038218 458070730 254454333 458070730
250038218 450041154 261766543 450041154
254454333 458070730 266467233 481236823
266467233 481236823 314272798 481236823
314272798 481236823 318343692 481236823
314272798 481236823 314272798 490359068
118753862 337072559 136502388 379911017
297779589 379514479 318868103 419408604
318868103 419408604 325267992 431637821
325267992 431637821 325267992 448226802
325267992 448226802 341737862 448226802
325267992 448226802 325267992 465540315
341737862 448226802 346854137 462147799
346854137 462147799 356833422 463921150
356833422 463921150 374149988 463921150
325267992 431637821 349229159 431637821
349229159 431637821 355350673 431637821
349229159 431637821 349229159 440425921
355350673 431637821 374149988 438956597
374149988 438956597 396270656 438956597
374149988 463921150 399030328 473586578
356833422 463921150 356833422 518095824
356833422 518095824 357855188 521643959
357855188 521643959 386966797 539125890
386966797 539125890 389636577 557796462
389636577 557796462 389636577 561428673
389636577 561428673 390188432 561428673
389636577 561428673 389636577 571167897
389636577 571167897 407989040 578305649
407989040 578305649 419411726 578305649
419411726 578305649 436934665 580674867
436934665 580674867 436934665 592729200
436934665 592729200 441579470 595842958
441579470 595842958 441579470 597334759
441579470 595842958 445308456 595842958
407989040 578305649 407989040 600775751
407989040 600775751 409057663 600775751
409057663 600775751 416912522 615793967
389636577 557796462 431509345 557796462
436934665 580674867 480224149 580674867
480224149 580674867 480823411 582966628
480823411 582966628 490111240 582966628
490111240 582966628 501291955 612374320
501291955 612374320 504668806 612500887
504668806 612500887 505446062 646480755
505446062 646480755 522321194 672724243
522321194 672724243 522321194 678262117
522321194 678262117 522321194 679477429
522321194 678262117 525427261 678262117
522321194 672724243 566434316 672724243
566434316 672724243 569414120 679033103
569414120 679033103 597375759 683558111
597375759 683558111 597375759 700058925
597375759 700058925 609851477 700086085
597375759 683558111 623225043 683558111
623225043 683558111 634579123 695755833
634579123 695755833 636221061 698896821
636221061 698896821 636614425 698896821
636221061 698896821 636221061 745342951
636221061 745342951 643272177 754976516
643272177 754976516 643272177 767560623
643272177 767560623 645211797 783339959
645211797 783339959 645211797 800189207
645211797 800189207 649015358 800189207
645211797 800189207 645211797 815165481
645211797 815165481 646761672 815165481
645211797 815165481 645211797 821936014
645211797 821936014 647894708 833587067
647894708 833587067 665286889 835299190
665286889 835299190 678016473 835299190
645211797 783339959 664734416 783339959
664734416 783339959 664734416 785934513
664734416 783339959 689457080 783339959
665286889 835299190 665286889 871157644
665286889 871157644 665286889 872242677
665286889 871157644 678000153 871157644
689457080 783339959 708070060 812106842
643272177 754976516 690760935 754976516
480823411 582966628 480823411 632137664
480823411 632137664 483353033 665559131
483353033 665559131 484918515 671171883
407989040 600775751 407989040 651613790
407989040 651613790 421358504 679160494
421358504 679160494 432172765 689528354
432172765 689528354 437874649 689528354
437874649 689528354 447407840 696063492
447407840 696063492 450170200 696063492
450170200 696063492 451307445 718383044
451307445 718383044 451307445 733988352
451307445 733988352 452297063 733988352
451307445 733988352 451307445 741927425
451307445 741927425 451733293 741927425
451307445 741927425 451307445 751814677
451307445 751814677 461832393 762499735
461832393 762499735 463292973 762499735
463292973 762499735 468904399 763800356
468904399 763800356 468904399 779846168
451307445 718383044 473541295 718383044
473541295 718383044 488947927 720231057
461832393 762499735 461832393 788291412
461832393 788291412 465243652 793279214
465243652 793279214 483371776 793279214
465243652 793279214 465243652 825262875
465243652 825262875 476441919 831972170
432172765 689528354 432172765 741540367
432172765 741540367 447407840 750774634
416912522 615793967 440427391 646686713
440427391 646686713 450170200 665559131
468904399 763800356 526185932 763800356
526185932 763800356 526218422 773813913
526218422 773813913 544922010 773813913
544922010 773813913 544922010 774326092
544922010 773813913 546497718 773813913
546497718 773813913 548509530 777905468
544922010 774326092 545142801 793086900
545142801 793086900 545286879 793086900
545142801 793086900 545142801 800522337
545286879 793086900 558771860 800270557
558771860 800270557 582404160 809395412
582404160 809395412 582454100 809395412
582404160 809395412 582404160 837587973
526218422 773813913 526218422 808234560
526218422 808234560 537118081 808234560
526218422 808234560 526218422 822773745
299183449 166645799 347950902 178982763
347950902 178982763 379924426 185147102
379924426 185147102 416799288 187824730
542456794 247710376 600293219 251063852
600293219 251063852 617058242 262906370
617058242 262906370 651322970 262906370
617058242 262906370 617058242 307246230
617058242 307246230 617058242 309178635
617058242 307246230 635659275 307246230
635659275 307246230 652969505 307504306
652969505 307504306 659414556 307504306
659414556 307504306 667431768 307504306
667431768 307504306 668093581 308616409
668093581 308616409 668097923 308616409
668093581 308616409 668093581 328640502
659414556 307504306 659414556 328792596
668097923 308616409 686035940 326301347
652969505 307504306 652969505 344587525
652969505 344587525 657630970 373481620
657630970 373481620 662843791 398909741
662843791 398909741 664932750 398909741
662843791 398909741 662843791 404656593
686035940 326301347 706236996 343419318
706236996 343419318 708333981 343878710
708333981 343878710 722823110 343878710
722823110 343878710 722823110 344010945
708333981 343878710 708333981 366167256
708333981 366167256 716372670 383967663
716372670 383967663 716372670 384931082
716372670 384931082 717423183 389578866
717423183 389578866 742905125 392946291
742905125 392946291 753838683 392946291
753838683 392946291 755656634 402102556
755656634 402102556 762247353 402102556
755656634 402102556 755656634 417793159
742905125 392946291 742905125 409997462
716372670 383967663 747332465 383967663
747332465 383967663 763583435 385795528
763583435 385795528 774925562 387122123
664932750 398909741 703417387 398952796
617058242 309178635 617511828 350822044
617511828 350822044 636998030 350822044
617511828 350822044 617511828 383376707
617511828 383376707 617511828 386035535
617511828 383376707 635735290 383376707
755656634 417793159 772674578 442904065
215076684 727397322 215076684 788700179
678000153 871157644 713401756 897110431
713401756 897110431 736599431 912164964
736599431 912164964 736599431 916345037
736599431 912164964 751998843 912164964
472563202 428521068 499548563 463239168
885658298 949894606 897906474 999388928
136502388 379911017 196660810 382015613
196660810 382015613 203988931 382015613
203988931 382015613 224120056 382070274
196660810 382015613 196660810 411269201
224120056 382070274 231518199 410580488
62095712 141944452 71676912 196122288
71676912 196122288 79199602 203032600
79199602 203032600 79199602 207112013
79199602 203032600 96211558 203032600
722823110 343878710 786667850 343878710
786667850 343878710 792828364 349264931
792828364 349264931 821568008 371830084
821568008 371830084 825651449 373736682
825651449 373736682 857013159 373736682
857013159 373736682 866945952 373736682
857013159 373736682 857013159 386461508
825651449 373736682 825651449 410053990
857013159 386461508 867747075 417800188
867747075 417800188 877101449 417800188
867747075 417800188 867747075 437970169
867747075 437970169 899906907 444234100
899906907 444234100 899906907 457757067
899906907 457757067 919690424 471914550
899906907 444234100 939785174 444234100
939785174 444234100 946207425 444234100
939785174 444234100 939785174 453591761
946207425 444234100 961510606 453494466
961510606 453494466 984389074 460514114
984389074 460514114 986157281 460514114
984389074 460514114 984389074 472289974
825651449 410053990 836826581 451055580
265934372 841054918 265934372 905326953
265934372 905326953 269575119 959750337
269575119 959750337 278635222 974253812
278635222 974253812 290450583 974253812
278635222 974253812 278635222 993407339
84078888 70973639 113963076 105715487
3240450 325006224 55250323 337898107
44235612 758801127 108584785 760020237
108584785 760020237 116208488 776995027
116208488 776995027 116358777 776995027
116208488 776995027 116208488 777339378
116208488 777339378 122971199 802054310
424249747 982915437 476822287 996796705
89831681 872977746 105333905 923999346
105333905 923999346 146717301 930688957
146717301 930688957 154936978 938185330
154936978 938185330 154936978 973090321
154936978 938185330 190733343 938185330
190733343 938185330 212053466 940341351
212053466 940341351 220300044 940341351
220300044 940341351 244796694 945169031
244796694 945169031 245220294 959750337
245220294 959750337 245220294 964938526
245220294 964938526 251455563 967866819
251455563 967866819 261489365 967866819
251455563 967866819 251455563 983618214
212053466 940341351 212053466 971964983
212053466 971964983 212785944 984096803
154936978 973090321 178693586 993946379
618338367 620601609 644635497 661545837
644635497 661545837 659694042 678664552
319902402 344648175 353751885 378067883
353751885 378067883 355350673 412933346
355350673 412933346 378806998 412933346
805941933 590951590 860110935 604101801
860110935 604101801 884731017 621814320
884731017 621814320 892442791 642750488
609851477 700086085 619069821 759033707
40852911 715845347 91669937 733793590
91669937 733793590 107014046 735734342
123785988 262822674 165285905 291445981
232724539 0 302923436 0
302923436 0 311794194 0
311794194 0 314575952 0
311794194 0 311794194 12847744
311794194 12847744 314575952 26693717
302923436 0 302923436 20271916
314575952 0 343276126 0
343276126 0 350962496 0
350962496 0 350962496 3983771
343276126 0 343276126 14451679
350962496 0 376335717 0
376335717 0 391003776 0
391003776 0 421336518 0
421336518 0 421336518 6660462
421336518 0 447368349 0
447368349 0 454508520 0
454508520 0 454508520 20648973
454508520 0 482804061 0
482804061 0 482804061 885181
482804061 0 499381694 0
499381694 0 500367819 0
500367819 0 502938534 0
502938534 0 510557318 0
510557318 0 510630714 0
510557318 0 510557318 5291823
510557318 5291823 510630714 6620083
502938534 0 502938534 7743086
500367819 0 500367819 16071297
510630714 0 536046114 0
536046114 0 545221228 0
545221228 0 568756419 0
499381694 0 499381694 28626337
447368349 0 447368349 37087656
447368349 37087656 453217941 53180524
453217941 53180524 453217941 59716715
453217941 59716715 460897922 71145509
460897922 71145509 467861015 71145509
460897922 71145509 460897922 81744329
453217941 53180524 493539895 53180524
391003776 0 391003776 44521734
391003776 44521734 395918103 53837580
395918103 53837580 436813598 59573191
376335717 0 376335717 47014812
568756419 0 568756419 47389974
568756419 47389974 594420340 55937928
594420340 55937928 610633968 63070540
610633968 63070540 611520822 63070540
536046114 0 536046114 49401294
536046114 49401294 545221228 49785140
545221228 49785140 546413986 58673094
546413986 58673094 546413986 68819618
546413986 58673094 562029231 58673094
546413986 68819618 561826042 74771917
493539895 53180524 507568091 89168776
507568091 89168776 511647445 89168776
507568091 89168776 507568091 114772653
376335717 47014812 378562521 97946675
378562521 97946675 388205912 110081508
388205912 110081508 394898148 113234128
394898148 113234128 394898148 132612380
394898148 132612380 400365795 132612380
400365795 132612380 402013572 140811360
394898148 132612380 394898148 145916053
402013572 140811360 421927189 140811360
421927189 140811360 424117268 145503949
402013572 140811360 402013572 173182140
424117268 145503949 455448107 147773058
455448107 147773058 469702369 160019134
469702369 160019134 485643700 178882266
485643700 178882266 485643700 186610598
485643700 178882266 499015576 178882266
499015576 178882266 517927904 191213130
517927904 191213130 517927904 200780256
517927904 191213130 529994905 191213130
394898148 113234128 430690877 113234128
430690877 113234128 438788977 132535607
529994905 191213130 559464906 199114373
343276126 14451679 343926080 68165166
343926080 68165166 352110819 68165166
343926080 68165166 343926080 81370172
352110819 68165166 359004468 77317800
343926080 81370172 345137797 120994046
345137797 120994046 357071055 120994046
345137797 120994046 345137797 137260128
345137797 137260128 358311888 138846203
358311888 138846203 358311888 155554815
358311888 155554815 358311888 163564023
358311888 155554815 367823489 155554815
358311888 138846203 378488041 138846203
438788977 132535607 484753877 146037211
568756419 0 629401780 0
629401780 0 629401780 1496121
629401780 0 656073331 0
656073331 0 656871174 0
656871174 0 658638953 0
656871174 0 656871174 4374358
658638953 0 665806809 0
656073331 0 656073331 8194391
665806809 0 696393219 0
696393219 0 703344402 0
703344402 0 703344402 1876440
696393219 0 696393219 23406108
703344402 0 727406483 0
727406483 0 746677501 0
727406483 0 727406483 20438990
665806809 0 665806809 35205808
665806809 35205808 677362543 51849846
677362543 51849846 679690876 57480722
679690876 57480722 679690876 65237937
679690876 65237937 685288940 65237937
746677501 0 786049058 0
786049058 0 786049058 18322320
685288940 65237937 700798699 89933292
656073331 8194391 658638953 46960205
679690876 57480722 721897875 57480722
727406483 20438990 741197851 49347017
741197851 49347017 741197851 50630939
741197851 49347017 746677501 49347017
746677501 49347017 756013659 82225025
756013659 82225025 756013659 88770494
756013659 82225025 776766497 82225025
776766497 82225025 794224886 91638891
794224886 91638891 799968840 91638891
794224886 91638891 794224886 105558980
794224886 105558980 799796414 124449835
799796414 124449835 805249967 124449835
805249967 124449835 814649276 129271657
786049058 0 829086637 0
814649276 129271657 847999664 140104037
847999664 140104037 849086815 140104037
847999664 140104037 847999664 150445481
847999664 150445481 882434359 158241053
882434359 158241053 892065224 168954864
892065224 168954864 896164910 168954864
896164910 168954864 896719258 171478208
896719258 171478208 896719258 177832061
896719258 171478208 906690492 171478208
906690492 171478208 906690492 171819940
906690492 171478208 932191156 171478208
932191156 171478208 938163387 175554326
938163387 175554326 942219517 175554326
942219517 175554326 942219517 179754796
942219517 179754796 943129491 179754796
942219517 179754796 942219517 180873217
942219517 180873217 945273007 206879499
945273007 206879499 945273007 208769815
945273007 208769815 950671908 214134442
945273007 206879499 962979758 206879499
962979758 206879499 977271451 214134442
950671908 214134442 950671908 239571765
950671908 239571765 970582021 243713031
970582021 243713031 995511364 246488470
938163387 175554326 938163387 211692142
799796414 124449835 799796414 169467787
700798699 89933292 703716483 134504269
703716483 134504269 709807840 137492527
709807840 137492527 709807840 167693294
709807840 167693294 719541125 192017576
719541125 192017576 722521562 192017576
719541125 192017576 719541125 196305443
719541125 196305443 721859383 199226644
721859383 199226644 721859383 232632523
721859383 232632523 749804454 232632523
721859383 232632523 721859383 264771251
721859383 264771251 721859383 277514871
721859383 277514871 727120596 278331937
721859383 264771251 748401512 264771251
748401512 264771251 749269132 267832416
709807840 137492527 745566089 137492527
727120596 278331937 740013406 305035751
942219517 175554326 990413857 175554326
892065224 168954864 892065224 217979838
892065224 217979838 898617470 232073284
898617470 232073284 898617470 240122980
898617470 232073284 909722152 232073284
909722152 232073284 909722152 233717171
909722152 232073284 916469200 232073284
916469200 232073284 916469200 232422141
916469200 232073284 931217126 232073284
916469200 232422141 917054270 271952459
917054270 271952459 932899546 285705567
932899546 285705567 934656859 285705567
932899546 285705567 932899546 318647149
932899546 318647149 960775858 319027938
960775858 319027938 967248208 319027938
967248208 319027938 969378720 321530933
960775858 319027938 960775858 341306235
721859383 199226644 770897905 199226644
770897905 199226644 782332271 199226644
770897905 199226644 770897905 215478083
782332271 199226644 797832516 213949565
797832516 213949565 797832516 226594407
797832516 213949565 810489107 213949565
810489107 213949565 852630679 220385944
852630679 220385944 871940942 235081105
871940942 235081105 875556285 244018524
875556285 244018524 879704481 246609883
879704481 246609883 886927164 246609883
886927164 246609883 893427418 263052453
879704481 246609883 879704481 297010364
879704481 297010364 885602810 334389906
885602810 334389906 887834315 338422676
887834315 338422676 887834315 355044097
887834315 338422676 911597506 338422676
960775858 341306235 969460960 383971406
969460960 383971406 969460960 396971019
969460960 383971406 990243809 383971406
911597506 338422676 930561226 371723457
799968840 91638891 850730419 93411721
850730419 93411721 850730419 96187986
850730419 96187986 867348621 105286627
867348621 105286627 870818503 105286627
870818503 105286627 878576380 112574751
878576380 112574751 893352025 112574751
878576380 112574751 878576380 129923116
867348621 105286627 867348621 129037306
893352025 112574751 932140393 114473000
932140393 114473000 943102058 114473000
932140393 114473000 932140393 126229388
850730419 93411721 893204619 93411721
679690876 65237937 679690876 118578806
679690876 118578806 680845709 123527906
680845709 123527906 680845709 133650114
680845709 133650114 687715285 133650114
680845709 133650114 680845709 145314136
969460960 396971019 986157281 434279368
986157281 434279368 987472796 434279368
770897905 215478083 790755769 254476140
790755769 254476140 793436358 282693967
793436358 282693967 793436358 285510925
793436358 282693967 805014383 282693967
793436358 285510925 797814610 293460594
797814610 293460594 843147291 306381909
843147291 306381909 847081927 319551480
847081927 319551480 847081927 340101610
847081927 340101610 871324997 340101610
847081927 340101610 847081927 368183873
847081927 319551480 875408009 319551480
680845709 123527906 741399470 123527906
741399470 123527906 742419226 125128227
680845709 145314136 682938266 204052465
484753877 146037211 524179136 168715545
524179136 168715545 524179136 177886417
524179136 168715545 557457860 168715545
557457860 168715545 588778695 174751659
588778695 174751659 588778695 190539657
588778695 174751659 604712771 174751659
604712771 174751659 611117918 178972260
611117918 178972260 642109067 178972260
611117918 178972260 611117918 215624709
611117918 215624709 633997698 229246099
932140393 126229388 973769854 148866575
829086637 0 897420455 0
897420455 0 909271989 0
909271989 0 929817425 0
929817425 0 929817425 16317033
909271989 0 909271989 32979707
929817425 16317033 955855158 25815885
955855158 25815885 956030086 36894614
956030086 36894614 958165051 36894614
956030086 36894614 956030086 53712275
956030086 53712275 978401410 72610906
978401410 72610906 980093385 90491408
980093385 90491408 982920204 90491408
980093385 90491408 980093385 99370666
909271989 32979707 929403356 57716554
897420455 0 897420455 59862008
611520822 63070540 635383710 109346528
635383710 109346528 635383710 114035434
635383710 114035434 649715192 114035434
635383710 114035434 635383710 131862325
649715192 114035434 660420452 123465306
660420452 123465306 670935578 123465306
635383710 109346528 657938070 109346528
660420452 123465306 660420452 150892257
913084846 935485395 923766560 995055439
923766560 995055439 962903665 998016665
962903665 998016665 962903665 998566131
962903665 998016665 963810623 998016665
314272798 490359068 342366665 532916318
977823084 578652843 983628847 646305413
232724539 7607344 247915796 65996538
247915796 65996538 255930682 83113318
255930682 83113318 255930682 88433325
255930682 83113318 281165771 83113318
281165771 83113318 320992732 98881458
320992732 98881458 321028451 98881458
320992732 98881458 320992732 113597126
564440520 337653133 599868151 375892586
599868151 375892586 605732771 375892586
599868151 375892586 599868151 382821040
599868151 382821040 610197080 383219100
744658119 659299436 758471168 719792827
50632664 496126176 73441306 550073058
140160205 591672900 167750963 641421086
167750963 641421086 167750963 651216051
167750963 641421086 195138170 641421086
195138170 641421086 201277802 642620201
201277802 642620201 204088026 667665642
204088026 667665642 209731136 703752742
659694042 678664552 675636945 741172270
250397858 114487574 319230458 129060825
818783333 662874625 880479976 685356193
323646166 682696863 380178237 710384576
380178237 710384576 380400151 715735948
380400151 715735948 380899529 735491116
380899529 735491116 397487550 741540367
397487550 741540367 397487550 790413791
599471711 955407232 650646223 989396388
610633968 63070540 610633968 148740326
610633968 148740326 623633668 166710873
804696729 909836243 812989064 988221104
841979618 894431452 848569997 979349063
0 768873153 0 866887281
0 866887281 0 880414677
0 880414677 13633064 880414677
0 880414677 0 907717034
0 907717034 12104216 907717034
0 907717034 0 941981308
0 941981308 14230091 941981308
14230091 941981308 14230091 956085652
14230091 956085652 15303892 966172265
14230091 941981308 49609773 941981308
49609773 941981308 66125231 954143739
15303892 966172265 41022064 977845687
13633064 880414677 50991032 889521691
50991032 889521691 56954762 899340927
56954762 899340927 67563784 935766615
0 866887281 49790410 866887281
66125231 954143739 82369360 998997675
82369360 998997675 83816889 999597006
488947927 720231057 563358201 747217664
589560046 545137737 605201511 645098874
