1455
0 0 1839104 0
0 0 0 11052183
0 11052183 1839104 11052183
0 11052183 0 37275173
0 37275173 0 38528354
0 38528354 0 60457630
0 60457630 0 68235990
0 68235990 0 68424870
0 68235990 944383 68235990
0 68424870 0 73365019
0 73365019 0 73475402
0 73475402 11508281 73475402
0 73365019 15419383 73365019
0 73475402 0 97701687
0 97701687 5924492 97701687
1839104 0 31774842 0
31774842 0 35973463 0
35973463 0 55437469 0
55437469 0 63007545 0
63007545 0 86984083 0
86984083 0 86984083 15651612
86984083 0 104712282 0
104712282 0 130554287 0
0 38528354 31774842 38528354
31774842 38528354 33459631 43618534
33459631 43618534 33459631 60457630
33459631 60457630 37042114 60457630
33459631 60457630 33459631 68424870
33459631 43618534 55437469 43618534
55437469 43618534 63007545 47776464
63007545 47776464 67855170 71314344
67855170 71314344 67855170 71347734
104712282 0 104712282 35316543
104712282 35316543 130554287 45302292
130554287 45302292 132392751 59005287
132392751 59005287 146047918 59005287
67855170 71347734 78406461 96694498
78406461 96694498 95750741 103480231
67855170 71314344 103799422 71314344
0 37275173 35973463 37275173
132392751 59005287 132392751 102061845
33459631 68424870 58429463 96314969
58429463 96314969 58929687 104510351
58929687 104510351 61301593 104510351
61301593 104510351 68782605 122141004
68782605 122141004 71813142 122141004
68782605 122141004 68782605 147158565
68782605 147158565 81815345 157976827
71813142 122141004 76810326 144221188
81815345 157976827 114921169 157976827
81815345 157976827 81815345 199077340
81815345 199077340 107174713 203525788
107174713 203525788 107174713 224998375
107174713 224998375 113576495 242171377
113576495 242171377 113576495 256278395
113576495 256278395 134427976 256278395
113576495 242171377 134695701 242171377
113576495 256278395 113576495 283057523
134427976 256278395 161087477 256992919
161087477 256992919 183489098 256992919
183489098 256992919 193431039 258946946
193431039 258946946 193431039 267722201
193431039 267722201 207697967 271342011
207697967 271342011 207697967 288896979
161087477 256992919 161087477 281975965
161087477 281975965 177977665 285710123
207697967 288896979 228074126 295645215
228074126 295645215 240940775 295645215
240940775 295645215 243055438 295645215
240940775 295645215 240940775 299423140
107174713 203525788 141524518 203525788
141524518 203525788 157700186 208892370
207697967 271342011 248402938 271342011
58929687 104510351 58929687 148413394
58929687 148413394 61358270 152122353
193431039 258946946 240281442 258946946
0 97701687 0 150700099
0 150700099 0 159606028
0 159606028 0 160391837
0 160391837 0 166503951
0 150700099 21757598 150700099
21757598 150700099 39387405 159606028
39387405 159606028 39387405 160391837
39387405 159606028 47939577 159606028
248402938 271342011 293699888 279749251
293699888 279749251 294101775 303082625
294101775 303082625 301771975 303082625
294101775 303082625 294101775 316564490
294101775 316564490 307917108 324643799
307917108 324643799 339041051 324643799
339041051 324643799 344873832 324643799
344873832 324643799 346553175 350671652
346553175 350671652 346553175 355031727
346553175 350671652 369160922 350671652
339041051 324643799 339041051 354630516
307917108 324643799 307917108 371223035
307917108 371223035 307917108 375563571
307917108 371223035 329317683 371223035
329317683 371223035 329317683 373019388
329317683 371223035 335285408 371223035
369160922 350671652 391228119 377804249
391228119 377804249 400909401 419890302
400909401 419890302 400909401 421546856
400909401 419890302 421795766 419890302
400909401 421546856 412184888 437442603
412184888 437442603 433641676 440320534
95750741 103480231 123458758 133265462
123458758 133265462 161576628 134724753
161576628 134724753 182554734 134724753
161576628 134724753 161576628 157377806
182554734 134724753 200447497 151262839
200447497 151262839 200447497 152046450
200447497 151262839 211873545 151262839
200447497 152046450 204458520 182632685
204458520 182632685 224693935 195189377
224693935 195189377 224693935 217184886
224693935 195189377 252204506 195189377
252204506 195189377 252204506 198741378
252204506 195189377 257748875 195189377
257748875 195189377 266229365 196130829
224693935 217184886 241969646 228751253
241969646 228751253 260847277 228751253
241969646 228751253 241969646 253073966
260847277 228751253 282936441 246097379
282936441 246097379 282936441 256634880
282936441 246097379 299624585 246097379
299624585 246097379 323409162 262234549
323409162 262234549 323409162 266586399
323409162 262234549 345037591 262234549
345037591 262234549 353177624 282714297
353177624 282714297 353177624 284328347
353177624 282714297 370384867 282714297
370384867 282714297 399587317 287404921
399587317 287404921 410469763 314521148
410469763 314521148 410469763 340712673
410469763 340712673 410469763 347599926
410469763 340712673 442932839 340712673
442932839 340712673 442932839 344399948
442932839 340712673 448274686 340712673
410469763 347599926 426974300 370729015
426974300 370729015 450233010 386540699
450233010 386540699 484205184 397679240
484205184 397679240 489051014 416835167
489051014 416835167 491951419 419715923
491951419 419715923 495086429 419715923
495086429 419715923 495086429 424447936
495086429 419715923 508829247 419715923
508829247 419715923 520753824 436773353
520753824 436773353 521029472 436773353
520753824 436773353 520753824 440294062
520753824 440294062 525681591 445302662
525681591 445302662 535635515 452517220
491951419 419715923 491951419 448912202
491951419 448912202 499414561 477171774
499414561 477171774 514684411 477171774
499414561 477171774 499414561 520241848
410469763 314521148 460271108 314521148
460271108 314521148 479410575 317716096
479410575 317716096 479410575 331061197
479410575 331061197 487535602 332910506
487535602 332910506 491746228 337987186
479410575 317716096 502683568 317716096
502683568 317716096 502683568 326653018
502683568 317716096 514994910 317716096
514994910 317716096 514994910 323134110
514994910 317716096 524163840 317716096
514994910 323134110 516403429 357094108
516403429 357094108 538441207 373290518
538441207 373290518 562345425 386558763
562345425 386558763 566289856 386558763
562345425 386558763 562345425 415349357
562345425 415349357 574953024 451679568
574953024 451679568 591375062 476083564
591375062 476083564 622554925 476083564
622554925 476083564 622554925 477549690
622554925 476083564 627877770 476083564
627877770 476083564 639332000 490876138
639332000 490876138 645164667 490876138
645164667 490876138 649780032 494380573
649780032 494380573 660203424 499428288
639332000 490876138 639332000 514143581
660203424 499428288 684195646 499428288
684195646 499428288 684306423 517860722
684306423 517860722 714436753 517860722
591375062 476083564 591375062 509036760
591375062 509036760 597648155 522799577
597648155 522799577 601554295 522799577
601554295 522799577 601574376 541591014
601574376 541591014 607248008 554530259
607248008 554530259 609966975 554530259
607248008 554530259 607248008 564845895
607248008 564845895 616175197 567149820
616175197 567149820 632013558 567149820
616175197 567149820 616175197 595715728
616175197 595715728 616838232 625747101
616838232 625747101 616838232 650626655
616838232 650626655 620042457 652146460
620042457 652146460 620042457 669746742
620042457 669746742 620042457 672703229
620042457 669746742 627355100 669746742
620042457 652146460 638597091 652146460
627355100 669746742 647705216 676523418
647705216 676523418 654879800 697629151
654879800 697629151 659813176 700324369
659813176 700324369 659813176 710741461
616838232 625747101 649713365 625747101
632013558 567149820 663534193 571361665
663534193 571361665 674102759 573241138
674102759 573241138 691420490 573241138
691420490 573241138 699351556 584175891
699351556 584175891 713428025 585346033
674102759 573241138 674102759 597942164
713428025 585346033 739010190 585346033
713428025 585346033 713428025 621210676
713428025 621210676 720402316 636336424
720402316 636336424 720402316 638425411
720402316 638425411 735810922 644956064
735810922 644956064 766128071 644956064
735810922 644956064 735810922 676452212
735810922 676452212 747923733 680551842
747923733 680551842 747923733 712050037
747923733 712050037 756633157 721743754
756633157 721743754 766199585 721743754
597648155 522799577 597648155 563129033
597648155 563129033 598114199 564845895
598114199 564845895 598114199 565370619
598114199 565370619 601719758 601899423
601719758 601899423 613812126 629198904
659813176 700324369 702493105 700324369
702493105 700324369 704961354 707599122
704961354 707599122 704961354 713829533
704961354 707599122 723948756 707599122
723948756 707599122 723948756 708025452
723948756 707599122 726999135 707599122
756633157 721743754 756633157 765792257
756633157 765792257 758801667 771698436
758801667 771698436 758801667 793490032
758801667 793490032 758801667 797175326
758801667 793490032 775365096 793490032
758801667 771698436 781525098 771698436
758801667 797175326 761869966 821767071
781525098 771698436 813810467 776225676
775365096 793490032 793995394 815063499
793995394 815063499 796950708 815063499
793995394 815063499 793995394 818416555
684306423 517860722 684306423 563544136
660203424 499428288 660203424 545291746
660203424 545291746 660203424 551741944
660203424 545291746 674216228 545291746
448274686 340712673 472467211 367306681
704961354 713829533 709637028 760001266
709637028 760001266 715722676 780207156
715722676 780207156 735333416 792201416
735333416 792201416 745748250 819572034
747923733 680551842 799124141 680551842
799124141 680551842 830983932 695963651
830983932 695963651 842506048 704702033
842506048 704702033 862592820 706150881
862592820 706150881 862592820 734368795
862592820 734368795 862592820 743180945
862592820 734368795 875371478 734368795
862592820 743180945 873989469 770252954
873989469 770252954 876989549 785690911
876989549 785690911 876989549 797634769
876989549 797634769 885027291 797634769
885027291 797634769 887297136 813117000
887297136 813117000 899665472 822978168
876989549 797634769 876989549 826840157
876989549 826840157 881390492 838361371
881390492 838361371 886084642 838361371
881390492 838361371 881390492 870281723
876989549 785690911 908930130 785690911
862592820 706150881 903580324 706150881
903580324 706150881 923238604 707344679
923238604 707344679 923238604 711047219
923238604 707344679 955058402 707344679
955058402 707344679 956029271 707344679
908930130 785690911 944465697 794570501
944465697 794570501 944465697 797170171
944465697 794570501 949975266 794570501
949975266 794570501 984484376 803742724
955058402 707344679 955058402 757836726
955058402 757836726 965661837 782763647
965661837 782763647 975044943 786721486
975044943 786721486 992585233 786721486
793995394 818416555 800534057 865044332
800534057 865044332 812164980 866802722
812164980 866802722 817657067 866802722
812164980 866802722 812164980 889613077
812164980 889613077 826263624 910438120
826263624 910438120 838128255 917730372
838128255 917730372 857388040 925314582
857388040 925314582 861851563 959777980
817657067 866802722 857018389 867039015
857018389 867039015 866179356 897134361
866179356 897134361 866179356 901784499
866179356 897134361 871260652 897134361
861851563 959777980 895402484 976835260
895402484 976835260 895402484 977565344
895402484 976835260 899465025 976835260
881390492 870281723 915023848 890885463
915023848 890885463 924377912 895053224
924377912 895053224 941898383 897562767
941898383 897562767 960411902 897562767
960411902 897562767 961609858 897562767
960411902 897562767 960411902 922729086
941898383 897562767 941898383 923404779
941898383 923404779 947841015 923404779
941898383 923404779 941898383 947437833
960411902 922729086 989879332 935094908
941898383 947437833 967423402 966240604
967423402 966240604 967423402 974425870
967423402 966240604 976752309 966240604
976752309 966240604 989474959 998378544
524163840 317716096 557458648 340434971
557458648 340434971 575524987 341488902
575524987 341488902 600170156 353961306
600170156 353961306 600170156 361969815
600170156 353961306 613159143 353961306
613159143 353961306 613159143 359712156
613159143 353961306 629958505 353961306
613159143 359712156 629640437 370603369
629958505 353961306 675048893 356419562
675048893 356419562 683961249 356419562
675048893 356419562 675048893 380192606
675048893 380192606 680087316 396711330
680087316 396711330 683300454 402917777
683300454 402917777 696682900 402917777
696682900 402917777 696682900 404042450
683300454 402917777 683300454 418425007
696682900 402917777 716307980 402917777
683961249 356419562 702334313 362386104
702334313 362386104 702334313 374082221
702334313 362386104 725560004 362386104
725560004 362386104 727079085 362386104
725560004 362386104 725560004 367957247
683300454 418425007 706307894 420665635
629640437 370603369 634379992 414553411
634379992 414553411 634618978 414553411
634379992 414553411 634379992 419383336
634618978 414553411 639677595 415197226
639677595 415197226 639677595 422647555
639677595 415197226 655119897 415197226
655119897 415197226 674839421 433228701
639677595 422647555 646024598 463466677
646024598 463466677 649780032 472983960
649780032 472983960 688216826 472983960
688216826 472983960 706293517 476077410
706293517 476077410 706293517 492127287
706293517 476077410 751176758 476077410
751176758 476077410 769407569 481407391
769407569 481407391 780825162 509499603
780825162 509499603 781316042 509499603
780825162 509499603 780825162 510602384
780825162 510602384 790945551 511443416
790945551 511443416 818250987 511443416
818250987 511443416 842882153 520994186
842882153 520994186 843775240 535077960
790945551 511443416 790945551 551902274
706293517 492127287 740192628 503555124
740192628 503555124 740744778 503555124
740192628 503555124 740192628 514592412
716307980 402917777 768027934 405098707
768027934 405098707 775820341 418546952
775820341 418546952 781964201 418546952
781964201 418546952 791742107 427006190
791742107 427006190 810042627 431246308
810042627 431246308 831490171 432213442
831490171 432213442 838791629 434487887
838791629 434487887 838791629 434757215
838791629 434487887 852283312 434487887
838791629 434757215 842202071 449662943
842202071 449662943 848388088 449662943
848388088 449662943 859801371 451134115
859801371 451134115 859801371 456650986
842202071 449662943 842202071 464058741
859801371 456650986 865268544 466400750
859801371 451134115 892544692 451134115
892544692 451134115 922905419 458983599
922905419 458983599 929719649 474888692
929719649 474888692 929719649 486390336
929719649 486390336 930025210 488052992
929719649 474888692 944883468 474888692
944883468 474888692 964737322 486689411
964737322 486689411 964737322 488052992
964737322 488052992 965534939 488052992
964737322 488052992 964737322 501695339
964737322 501695339 970828284 515953225
970828284 515953225 970828284 516518677
970828284 515953225 979929465 515953225
979929465 515953225 984330898 532156447
984330898 532156447 986793934 532156447
984330898 532156447 984330898 543988095
964737322 486689411 993381069 486689411
984330898 543988095 992916115 564176715
865268544 466400750 871261653 500098830
871261653 500098830 878863994 513067427
775820341 418546952 775820341 459093406
956029271 707344679 987442653 733852181
987442653 733852181 992585233 741972932
992585233 741972932 999710736 741972932
228074126 295645215 228074126 353573578
228074126 353573578 239727947 358206813
239727947 358206813 247381023 358206813
239727947 358206813 239727947 373079430
638597091 652146460 685099595 664141521
685099595 664141521 704321153 674170019
134695701 242171377 179371402 256086468
329317683 373019388 333297152 428020598
333297152 428020598 345841335 437596053
345841335 437596053 345841335 444804777
345841335 437596053 364975040 437596053
364975040 437596053 394288624 452041313
394288624 452041313 399565074 475072540
399565074 475072540 405781690 475072540
399565074 475072540 399565074 499078791
399565074 499078791 405132471 499078791
399565074 499078791 399565074 531930330
399565074 531930330 438244070 541771711
438244070 541771711 438244070 549214543
438244070 549214543 438516500 559348760
438244070 541771711 488869574 541771711
488869574 541771711 509304395 576282676
509304395 576282676 509304395 577168334
509304395 577168334 516911143 591014192
516911143 591014192 516911143 591763567
516911143 591014192 532001280 591014192
532001280 591014192 536029255 594252064
536029255 594252064 562477096 594252064
562477096 594252064 562477096 605946937
562477096 605946937 563322277 613823091
562477096 594252064 576641698 594252064
509304395 576282676 545912520 576282676
545912520 576282676 561573353 577498736
561573353 577498736 561573353 577606386
561573353 577498736 588185383 577498736
588185383 577498736 595061010 585280448
536029255 594252064 536029255 638295927
536029255 638295927 537249003 650306855
537249003 650306855 581678917 663036483
581678917 663036483 585833269 663036483
581678917 663036483 581678917 669269177
585833269 663036483 602606112 666560369
602606112 666560369 602606112 668657244
602606112 666560369 613098040 666560369
602606112 668657244 611253155 673835947
930025210 488052992 930025210 547289811
930025210 547289811 947909984 577425679
947909984 577425679 948245904 591927480
948245904 591927480 948245904 595974318
948245904 591927480 965597179 591927480
965597179 591927480 991034584 597000036
948245904 595974318 962039647 620094168
438516500 559348760 453306441 604396808
453306441 604396808 484068133 606916669
484068133 606916669 491006126 606916669
484068133 606916669 484068133 641561811
484068133 641561811 491750737 675063216
491750737 675063216 502820154 687779189
502820154 687779189 502820154 701707033
502820154 687779189 530415869 687779189
530415869 687779189 532794109 711614477
532794109 711614477 532794109 721722613
532794109 721722613 533969136 721722613
532794109 721722613 532794109 732569875
533969136 721722613 546110375 726597427
546110375 726597427 550768634 726597427
546110375 726597427 546110375 731953680
532794109 732569875 534839834 755754885
550768634 726597427 575742607 727323084
546110375 731953680 560048340 753410855
560048340 753410855 590441759 756479817
590441759 756479817 591881794 756479817
590441759 756479817 590441759 763571448
590441759 763571448 608659172 770042498
608659172 770042498 612804509 771128573
612804509 771128573 612804509 801248008
612804509 801248008 629015147 801248008
629015147 801248008 640807172 808536863
640807172 808536863 640807172 841933413
640807172 808536863 675400688 808536863
675400688 808536863 679005106 808536863
675400688 808536863 675400688 836012009
675400688 836012009 676024318 836012009
675400688 836012009 675400688 841444971
676024318 836012009 689508416 839936914
534839834 755754885 553112794 773447272
640807172 841933413 646784432 872387664
646784432 872387664 647432711 887471364
647432711 887471364 648992608 888120921
648992608 888120921 648992608 891810776
648992608 891810776 650456891 891810776
648992608 891810776 648992608 896229259
648992608 888120921 660490863 888120921
660490863 888120921 674987006 893906350
674987006 893906350 681231559 915368411
681231559 915368411 681231559 930622045
681231559 930622045 683594352 930622045
683594352 930622045 690335104 932963940
690335104 932963940 690335104 939426042
690335104 932963940 700633336 932963940
681231559 915368411 703811083 915368411
681231559 930622045 681231559 957192657
700633336 932963940 729607482 938449203
729607482 938449203 744583162 938449203
729607482 938449203 729607482 954849961
744583162 938449203 761460391 946496736
761460391 946496736 769785419 974549110
532794109 711614477 569982346 711614477
569982346 711614477 570680850 718586280
612804509 801248008 612804509 844877361
612804509 844877361 613667900 880974341
613667900 880974341 628601901 914475129
628601901 914475129 645528762 922482697
645528762 922482697 647384249 930622045
647384249 930622045 667993297 930622045
667993297 930622045 667993297 951813417
667993297 951813417 674046856 985717146
647384249 930622045 647384249 981085456
647384249 981085456 656179582 981085456
647384249 981085456 647384249 995811798
681231559 957192657 711903369 980199309
689508416 839936914 713090564 872115691
713090564 872115691 713090564 877574384
713090564 877574384 714162306 877574384
713090564 877574384 713090564 879866200
713090564 872115691 728066295 872115691
728066295 872115691 742023960 884076947
742023960 884076947 769399869 908260047
769399869 908260047 774966463 908260047
769399869 908260047 769399869 924359509
774966463 908260047 784161003 917082321
784161003 917082321 798547210 938310015
798547210 938310015 804244950 971839148
612804509 771128573 668974092 771128573
0 166503951 0 227406610
0 227406610 0 245627417
0 245627417 13645131 245627417
0 227406610 43300686 227406610
43300686 227406610 52341754 234587346
52341754 234587346 72366278 234587346
52341754 234587346 52341754 265872463
0 245627417 0 299139052
0 299139052 0 318881996
0 318881996 27426778 318881996
27426778 318881996 64995835 327105531
64995835 327105531 70245858 327105531
70245858 327105531 71227159 327105531
71227159 327105531 76681326 331939802
76681326 331939802 76681326 348469131
70245858 327105531 70245858 349036036
76681326 348469131 101197217 358984488
0 299139052 46400820 299139052
46400820 299139052 79991004 300274637
76681326 331939802 130812555 331939802
64995835 327105531 64995835 381466310
64995835 381466310 66559411 411963804
66559411 411963804 67725124 414214698
67725124 414214698 80531298 414214698
67725124 414214698 67725124 432743511
67725124 432743511 112195698 439922165
112195698 439922165 116290512 448161827
116290512 448161827 140910407 448161827
140910407 448161827 161772493 449373076
116290512 448161827 116290512 474919297
116290512 474919297 126683462 493649853
126683462 493649853 137919797 505887319
137919797 505887319 137919797 517584922
137919797 517584922 148202857 517584922
148202857 517584922 161006510 525545580
161006510 525545580 170978921 536000763
170978921 536000763 188523439 536000763
170978921 536000763 170978921 553871883
137919797 517584922 137919797 539912736
137919797 539912736 139560271 553942161
137919797 505887319 160460864 505887319
160460864 505887319 170524381 513551665
161772493 449373076 193577694 449519923
193577694 449519923 222129497 449519923
222129497 449519923 227520178 450644824
227520178 450644824 227520178 463325343
188523439 536000763 211001359 546347668
211001359 546347668 211001359 551471459
211001359 546347668 219590540 546347668
193577694 449519923 193577694 485792453
193577694 485792453 201671218 490290061
139560271 553942161 148986109 585054924
148986109 585054924 195922244 585058073
195922244 585058073 197177876 592587886
197177876 592587886 197177876 601242677
197177876 592587886 217255726 592587886
217255726 592587886 224814427 599408376
224814427 599408376 232321021 599408376
224814427 599408376 224814427 635366248
232321021 599408376 250345798 621573086
250345798 621573086 250345798 623030610
250345798 623030610 262457471 626102962
262457471 626102962 271720307 628288107
250345798 621573086 268207543 621573086
271720307 628288107 283925276 644399666
283925276 644399666 310092706 644399666
310092706 644399666 328242757 646897917
328242757 646897917 328242757 654579567
328242757 654579567 329586644 671750507
329586644 671750507 330009711 671750507
329586644 671750507 329586644 676700440
329586644 676700440 349118023 683623241
328242757 646897917 359389877 646897917
359389877 646897917 363984538 664961449
363984538 664961449 363984538 667504265
363984538 664961449 378572896 664961449
378572896 664961449 385437931 694389024
385437931 694389024 385437931 704240611
385437931 694389024 401297042 694389024
401297042 694389024 406325666 697765100
406325666 697765100 423155448 697765100
423155448 697765100 423155448 698612683
423155448 697765100 442104991 697765100
423155448 698612683 426177911 720066122
406325666 697765100 406325666 729561863
283925276 644399666 283925276 683118952
283925276 683118952 308785915 695621999
308785915 695621999 310847521 695826566
310847521 695826566 323044559 695826566
310847521 695826566 310847521 713277217
426177911 720066122 456293217 731322742
349118023 683623241 359447801 716387519
385437931 704240611 398156986 735491223
219590540 546347668 263721957 551979553
263721957 551979553 282432037 551979553
282432037 551979553 287326985 566557270
287326985 566557270 303111926 569193018
263721957 551979553 263721957 575657738
263721957 575657738 271343779 589775027
303111926 569193018 303111926 614460961
303111926 614460961 321730055 620872823
321730055 620872823 352905999 629190972
352905999 629190972 385803101 633828531
227520178 450644824 278353500 450644824
227520178 463325343 273539863 469823071
273539863 469823071 298811940 483369533
298811940 483369533 301639859 496375192
301639859 496375192 312382124 498537989
312382124 498537989 315044125 498537989
315044125 498537989 315044125 508930756
315044125 508930756 323836712 516807507
323836712 516807507 323836712 519239009
323836712 516807507 330677187 516807507
312382124 498537989 312382124 525835519
312382124 525835519 313833375 525835519
312382124 525835519 312382124 532247828
315044125 498537989 363596127 498537989
363596127 498537989 364128913 499078791
364128913 499078791 364128913 546471037
364128913 546471037 365524768 579510215
359447801 716387519 362715890 766419453
362715890 766419453 366428476 766419453
366428476 766419453 375443807 767140585
375443807 767140585 386314584 767140585
362715890 766419453 362715890 780185536
362715890 780185536 367951323 802688564
367951323 802688564 375443807 802688564
367951323 802688564 367951323 822494633
367951323 822494633 377315115 835664517
377315115 835664517 379742052 835664517
377315115 835664517 377315115 872223101
386314584 767140585 397973358 792696064
397973358 792696064 431615559 798047836
431615559 798047836 431615559 810365250
431615559 810365250 440576469 810365250
431615559 810365250 431615559 826310167
431615559 798047836 467102796 798047836
467102796 798047836 467102796 803151562
467102796 798047836 476422925 798047836
476422925 798047836 476422925 801377348
476422925 798047836 480549054 798047836
480549054 798047836 480549054 799457771
480549054 798047836 488013902 798047836
379742052 835664517 402991483 857960663
480549054 799457771 485330205 846020989
485330205 846020989 485330205 865885116
485330205 846020989 519064965 846020989
519064965 846020989 525084019 851034093
525084019 851034093 537418565 851034093
525084019 851034093 525084019 886914808
525084019 886914808 531393402 888520913
531393402 888520913 531393402 902300319
531393402 902300319 561753735 911564697
561753735 911564697 561753735 913086799
561753735 911564697 566295406 911564697
561753735 913086799 563016862 925088156
563016862 925088156 563016862 931819114
563016862 925088156 575101200 925088156
575101200 925088156 578787247 926463821
566295406 911564697 581130462 912237696
581130462 912237696 590298025 912237696
581130462 912237696 581130462 922900081
578787247 926463821 604452778 926463821
604452778 926463821 606452013 932735537
578787247 926463821 578787247 963097775
578787247 963097775 584030254 963097775
584030254 963097775 584030254 973354449
584030254 973354449 592230961 973354449
584030254 973354449 584030254 984352929
584030254 963097775 598309425 963097775
578787247 963097775 578787247 986502670
592230961 973354449 622229158 979557797
531393402 888520913 580808733 888520913
580808733 888520913 580808733 889413874
580808733 888520913 611892934 888520913
224814427 635366248 226431561 687806108
226431561 687806108 238869128 705401742
238869128 705401742 242109583 753407701
242109583 753407701 252395081 759739536
252395081 759739536 253144498 787426134
253144498 787426134 265470528 803176186
265470528 803176186 265470528 817483472
265470528 817483472 267027751 821041346
267027751 821041346 269335587 821041346
267027751 821041346 267027751 838550308
267027751 838550308 285673878 841514072
285673878 841514072 301506011 875066326
301506011 875066326 312788733 877357671
312788733 877357671 327863050 877357671
327863050 877357671 335231495 901299723
335231495 901299723 336706005 903368220
336706005 903368220 336706005 911680518
336706005 911680518 348992013 937149814
336706005 903368220 376617171 903368220
376617171 903368220 386688414 925384215
312788733 877357671 312788733 918964134
312788733 918964134 312788733 921885505
312788733 918964134 327478963 918964134
312788733 921885505 318011625 963759214
318011625 963759214 334521908 985566925
334521908 985566925 352542106 990000579
485330205 865885116 495750870 910815578
495750870 910815578 502648178 910815578
502648178 910815578 502648178 916242107
502648178 916242107 504964581 916697674
502648178 910815578 509247684 910815578
495750870 910815578 495750870 918333776
303111926 569193018 358841976 569193018
358841976 569193018 361515491 609345023
361515491 609345023 387467746 621401603
265470528 803176186 321555672 803176186
321555672 803176186 326521636 813480886
326521636 813480886 346900893 813480886
326521636 813480886 326521636 835815883
330677187 516807507 359880619 546471037
359880619 546471037 359880619 560264636
335285408 371223035 365897512 401858470
197177876 601242677 216406021 644580235
130554287 0 194236918 0
194236918 0 194236918 800764
194236918 0 240711180 0
240711180 0 243664601 0
243664601 0 246440070 0
246440070 0 246440070 1395593
240711180 0 240711180 3374716
240711180 3374716 243664601 17166896
246440070 0 265231539 0
265231539 0 276605521 0
265231539 0 265231539 21880351
265231539 21880351 265266046 24490003
265266046 24490003 276605521 24490003
276605521 24490003 277702383 32336088
277702383 32336088 300393149 32336088
276605521 0 300393149 0
300393149 0 303497319 0
303497319 0 303497319 18906480
303497319 0 329837362 0
329837362 0 332568711 0
332568711 0 334745643 0
334745643 0 345252667 0
345252667 0 345252667 21525939
332568711 0 332568711 21701610
332568711 21701610 334745643 41043278
329837362 0 329837362 22882931
277702383 32336088 277702383 58925935
265266046 24490003 265266046 63800149
265266046 63800149 269915185 75212119
269915185 75212119 275550330 75212119
345252667 0 388475553 0
388475553 0 390303763 0
388475553 0 388475553 6639119
390303763 0 397230251 0
397230251 0 397230251 676855
388475553 6639119 390303763 14543074
275550330 75212119 279523262 118506404
279523262 118506404 284131068 118506404
284131068 118506404 294004452 122695773
294004452 122695773 294004452 132770827
279523262 118506404 279523262 134570959
279523262 134570959 286304694 145485785
286304694 145485785 289273835 145485785
286304694 145485785 286304694 156851461
286304694 156851461 287914883 172995879
287914883 172995879 287914883 174945112
287914883 172995879 294833416 172995879
294004452 122695773 317833657 122695773
294833416 172995879 318033134 176869998
318033134 176869998 333691548 189876414
333691548 189876414 343185005 201008933
343185005 201008933 343185005 204574618
343185005 204574618 350822148 208504420
350822148 208504420 359672313 208504420
350822148 208504420 350822148 229709234
350822148 229709234 364740425 231528274
364740425 231528274 364740425 246067120
364740425 246067120 373056106 247633677
343185005 201008933 370835542 201008933
317833657 122695773 348854864 127440571
348854864 127440571 348854864 127576579
348854864 127576579 350931861 129448489
350931861 129448489 350931861 136300669
348854864 127440571 370187461 127440571
370187461 127440571 378861996 129448489
364740425 231528274 401791180 231528274
401791180 231528274 401791180 231764341
401791180 231528274 418561858 231528274
277702383 58925935 309854066 74834029
309854066 74834029 314237504 95551163
397230251 0 449330556 0
449330556 0 491431305 0
491431305 0 515546001 0
515546001 0 517194088 0
517194088 0 519872442 0
515546001 0 515546001 15569664
515546001 15569664 517194088 22393603
517194088 22393603 517194088 25064590
517194088 22393603 519872442 22393603
519872442 22393603 526783240 22558920
526783240 22558920 541782832 22558920
519872442 0 541782832 0
491431305 0 491431305 24216662
526783240 22558920 526783240 63002886
526783240 63002886 528824749 63404292
528824749 63404292 528824749 82257834
528824749 63404292 558337581 63404292
558337581 63404292 560821818 68914527
560821818 68914527 563111323 79256191
563111323 79256191 563111323 114310325
563111323 114310325 563111323 128527089
563111323 128527089 566852661 150917942
566852661 150917942 582008266 153930309
582008266 153930309 596174632 153930309
582008266 153930309 582008266 169352740
582008266 169352740 584092117 169352740
582008266 169352740 582008266 183435935
584092117 169352740 604714219 176502438
604714219 176502438 607290498 197894366
607290498 197894366 607664513 197894366
607290498 197894366 607290498 223605399
607290498 223605399 618039574 238516278
618039574 238516278 618039574 246627027
618039574 238516278 640867433 238516278
563111323 114310325 594590038 114310325
594590038 114310325 599334657 130536857
599334657 130536857 603706912 135243335
603706912 135243335 616281158 137354777
616281158 137354777 616281158 144169343
616281158 137354777 623359692 137354777
640867433 238516278 644340090 269148033
644340090 269148033 647187043 274659784
647187043 274659784 647187043 300492303
647187043 300492303 655723209 300870943
655723209 300870943 665699762 300870943
655723209 300870943 655723209 315074255
655723209 315074255 656328061 334567524
656328061 334567524 659615306 353266881
659615306 353266881 659615306 353342801
659615306 353266881 683252834 353266881
647187043 274659784 690109100 274659784
690109100 274659784 717188628 283139313
449330556 0 449330556 48128830
449330556 48128830 453864152 60929253
453864152 60929253 453864152 74217014
453864152 74217014 457637515 77787313
457637515 77787313 457637515 92184256
457637515 92184256 470079398 99723613
470079398 99723613 470079398 121650409
470079398 99723613 496924080 99723613
496924080 99723613 498507961 110552745
498507961 110552745 498507961 115305221
498507961 110552745 504870545 110552745
457637515 77787313 486816358 77787313
486816358 77787313 486816358 91892856
486816358 77787313 501637538 77787313
504870545 110552745 515647361 131287054
470079398 121650409 473606080 153483064
473606080 153483064 482165463 153483064
482165463 153483064 482165463 153864635
482165463 153483064 494592489 153483064
473606080 153483064 473606080 173274563
494592489 153483064 502032622 167923055
502032622 167923055 514813183 167923055
502032622 167923055 502032622 182704839
473606080 173274563 474839495 196106873
453864152 60929253 490742603 60929253
515647361 131287054 550611992 134470292
550611992 134470292 556021176 145677661
556021176 145677661 561288876 145677661
556021176 145677661 556021176 153525741
474839495 196106873 483735112 226016286
269915185 75212119 269915185 129261397
334745643 41043278 360780272 70528930
360780272 70528930 360780272 70833504
360780272 70528930 373702343 70528930
373702343 70528930 373797718 98607406
373797718 98607406 385009005 99494708
385009005 99494708 395330730 113915259
395330730 113915259 396912899 122664324
396912899 122664324 396912899 125117148
396912899 125117148 403073520 125117148
396912899 122664324 429479216 122664324
429479216 122664324 446595252 154115735
446595252 154115735 449426772 154115735
446595252 154115735 446595252 158264433
446595252 158264433 450923018 190597213
450923018 190597213 455151471 208589792
455151471 208589792 462502841 208589792
455151471 208589792 455151471 229728299
455151471 229728299 464925722 258152368
464925722 258152368 471381880 277962662
471381880 277962662 471381880 278705249
471381880 277962662 490098651 277962662
471381880 278705249 475636799 310303504
403073520 125117148 412752970 164324593
490098651 277962662 535748506 283133557
535748506 283133557 535748506 287179117
535748506 283133557 544959040 283133557
544959040 283133557 544959040 285611178
544959040 283133557 548831624 283133557
396912899 125117148 396912899 177982919
607664513 197894366 664323673 201513476
664323673 201513476 664323673 206845073
664323673 201513476 689861253 201513476
689861253 201513476 691587718 206805162
691587718 206805162 699200073 206805162
699200073 206805162 700999406 207506966
700999406 207506966 716681569 207506966
716681569 207506966 721460171 214892832
700999406 207506966 700999406 232563077
691587718 206805162 691587718 234533018
721460171 214892832 721460171 246533290
721460171 246533290 721460171 249888840
721460171 246533290 745978827 246533290
721460171 214892832 778064683 214892832
745978827 246533290 775794573 275050771
775794573 275050771 785438575 284148221
785438575 284148221 805133079 284148221
805133079 284148221 805931126 291329184
805931126 291329184 829077663 291329184
805931126 291329184 805931126 316390143
785438575 284148221 785438575 309366062
785438575 309366062 794591710 310568177
794591710 310568177 794591710 312420277
794591710 310568177 825351162 310568177
825351162 310568177 835752978 334720905
835752978 334720905 844686378 352521785
844686378 352521785 851562782 363604308
851562782 363604308 865755626 363604308
865755626 363604308 865755626 364873356
865755626 364873356 878900365 367456486
878900365 367456486 881192618 368998022
881192618 368998022 881192618 380889273
851562782 363604308 851562782 385066962
851562782 385066962 854197536 389102602
854197536 389102602 856741919 389102602
854197536 389102602 854197536 404418133
854197536 404418133 856507660 405607362
856507660 405607362 865548582 405607362
865548582 405607362 875010740 416403096
875010740 416403096 875010740 422967041
856507660 405607362 856507660 428949802
875010740 416403096 903515454 416403096
903515454 416403096 920227002 423011908
920227002 423011908 930291144 430382360
865755626 363604308 897906844 363604308
897906844 363604308 926445711 368998022
926445711 368998022 966600959 376266037
966600959 376266037 975450049 405865228
975450049 405865228 976713370 405865228
975450049 405865228 975450049 407418541
975450049 407418541 980785994 425618304
980785994 425618304 996742234 458437766
563111323 79256191 624022755 79256191
556021176 153525741 559478397 214096396
559478397 214096396 571420496 234283052
571420496 234283052 571420496 252412342
571420496 252412342 583403783 252412342
571420496 252412342 571420496 269372582
583403783 252412342 597643493 258033189
571420496 234283052 597948239 234283052
502032622 182704839 525553810 223458389
456293217 731322742 488817683 763410044
499414561 520241848 561573353 522799577
561573353 522799577 561573353 533418989
561573353 533418989 562330585 533418989
562330585 533418989 567138387 541591014
567138387 541591014 567138387 555241861
567138387 555241861 588185383 563129033
624022755 79256191 654123167 114251074
790945551 551902274 808167694 600004625
808167694 600004625 808621468 600004625
808167694 600004625 808167694 611669721
808167694 611669721 824409349 614226379
824409349 614226379 833041007 614226379
824409349 614226379 824409349 627637773
808621468 600004625 833041007 604719433
824409349 627637773 883998502 632541496
883998502 632541496 887474555 653086932
887474555 653086932 887474555 682155773
887474555 682155773 903580324 682536826
903580324 682536826 931922192 682536826
931922192 682536826 948331985 690948225
887474555 653086932 920005537 653086932
920005537 653086932 920005537 659551255
920005537 653086932 936694410 653086932
47939577 159606028 52463665 220469188
0 318881996 0 384555008
0 384555008 0 393940941
0 393940941 0 397081677
0 393940941 7982989 393940941
0 397081677 0 406917172
7982989 393940941 27069330 397081677
0 406917172 23179404 406917172
23179404 406917172 50467202 411963804
0 384555008 43058974 384555008
43058974 384555008 50350646 390485824
50467202 411963804 50467202 457459143
50467202 457459143 56930474 470768605
0 406917172 0 459587311
0 459587311 0 466022082
0 466022082 0 468367771
0 459587311 17098019 459587311
17098019 459587311 26173093 466022082
26173093 466022082 26173093 468367771
26173093 466022082 38487367 466022082
0 468367771 0 501442762
0 501442762 0 532971039
0 501442762 36690769 501442762
36690769 501442762 36733804 519059678
36733804 519059678 36733804 532971039
36733804 532971039 62113268 541074131
62113268 541074131 62990952 542577571
62990952 542577571 68527470 548326437
68527470 548326437 77075862 548326437
68527470 548326437 68527470 568004993
68527470 568004993 76587716 568004993
68527470 568004993 68527470 594320024
68527470 594320024 74486932 606207117
74486932 606207117 85489009 606207117
85489009 606207117 88466954 627644107
88466954 627644107 88466954 628308362
88466954 627644107 93362940 627644107
93362940 627644107 102268935 628454793
102268935 628454793 105885034 632812840
105885034 632812840 114747286 632837332
114747286 632837332 132038369 632837332
132038369 632837332 132038369 652782497
132038369 652782497 140979167 657299521
140979167 657299521 154379899 657299521
154379899 657299521 154379899 657889451
154379899 657299521 162306568 657299521
114747286 632837332 114747286 653334085
114747286 653334085 117016708 653334085
114747286 653334085 114747286 677643995
114747286 677643995 116075946 678193265
74486932 606207117 74486932 633034913
74486932 633034913 77828581 634881092
77828581 634881092 85130458 648327725
85130458 648327725 86921195 648327725
140979167 657299521 140979167 691802638
116075946 678193265 129847748 704068812
162306568 657299521 188058358 672938901
188058358 672938901 188058358 684077434
188058358 684077434 190188332 687806108
188058358 672938901 203203915 672938901
132038369 632837332 175159959 632837332
175159959 632837332 185358837 640083416
190188332 687806108 190188332 735650270
36733804 519059678 90897646 519059678
90897646 519059678 99269126 531600809
190188332 735650270 201619127 779075888
201619127 779075888 201619127 798845617
201619127 798845617 201699022 817732098
201699022 817732098 201699022 825587065
201699022 817732098 215005227 817732098
215005227 817732098 222506711 824574875
201619127 779075888 231386305 779075888
231386305 779075888 234288978 779075888
231386305 779075888 231386305 793588420
222506711 824574875 226147315 855718476
226147315 855718476 226147315 862790563
226147315 862790563 235508659 869402730
235508659 869402730 251521137 869402730
251521137 869402730 262525712 884319233
235508659 869402730 235508659 897909024
235508659 897909024 246130501 897909024
235508659 897909024 235508659 909236032
262525712 884319233 274068656 907493460
274068656 907493460 274146850 917597523
274146850 917597523 285803669 917597523
285803669 917597523 285803669 918672504
285803669 917597523 291631867 917597523
274146850 917597523 274146850 930703004
274146850 930703004 276394635 941260112
226147315 855718476 262640371 855718476
85130458 648327725 85130458 705548170
85130458 705548170 87514560 710687276
87514560 710687276 92883184 738557700
92883184 738557700 105053597 762523649
105053597 762523649 124992094 762523649
105053597 762523649 105053597 783873129
105053597 783873129 105053597 785282745
105053597 783873129 107705009 783873129
107705009 783873129 108507430 793076108
108507430 793076108 108507430 800724535
108507430 793076108 149026256 793076108
149026256 793076108 162502025 793588420
162502025 793588420 162885771 793588420
162885771 793588420 162885771 800076742
162502025 793588420 162502025 807355212
162502025 807355212 177315083 829055139
177315083 829055139 182003764 850033111
182003764 850033111 190655268 877465672
190655268 877465672 196144601 888605358
196144601 888605358 196453160 922949578
196453160 922949578 196453160 925857396
196453160 922949578 209969122 922949578
209969122 922949578 210076137 944573863
108507430 800724535 136943755 812969279
210076137 944573863 250368032 957548620
250368032 957548620 250368032 958772743
250368032 957548620 259622157 957548620
136943755 812969279 142876907 862595755
142876907 862595755 155634372 868367163
155634372 868367163 155634372 873815801
155634372 868367163 163541856 868367163
155634372 873815801 158673559 926484352
158673559 926484352 178696729 943195109
86921195 648327725 94543297 702708380
706307894 420665635 738945614 454050178
738945614 454050178 738945614 465768686
738945614 454050178 762507320 454050178
385803101 633828531 427240256 658659062
427240256 658659062 440091844 664454458
440091844 664454458 480870513 675063216
480870513 675063216 480870513 677901110
157700186 208892370 194683769 238834602
101197217 358984488 127648164 399698352
127648164 399698352 133060913 401845147
133060913 401845147 146001892 403327074
146001892 403327074 157296401 411200811
157296401 411200811 175594404 432288461
175594404 432288461 175594404 432342441
175594404 432288461 204671778 432288461
204671778 432288461 251222988 435863217
251222988 435863217 296595972 440385054
296595972 440385054 307193032 442350006
720402316 636336424 788004509 636336424
504964581 916697674 530249896 959129907
530249896 959129907 531146357 972711245
531146357 972711245 534875371 972711245
531146357 972711245 531146357 977984782
531146357 977984782 545607034 981978173
390303763 14543074 421640936 51239405
201671218 490290061 267093161 493754526
267093161 493754526 294743850 530398346
796950708 815063499 863891676 817034152
541782832 0 612153625 0
612153625 0 626878737 0
626878737 0 628923540 0
628923540 0 631707023 0
631707023 0 633855493 0
631707023 0 631707023 16121801
626878737 0 626878737 19412896
633855493 0 659467628 0
659467628 0 664255612 0
664255612 0 669892396 0
669892396 0 669892396 1000639
664255612 0 664255612 12734072
669892396 0 686309056 0
631707023 16121801 633855493 41390544
626878737 19412896 628923540 46977806
633855493 41390544 659467628 46600939
686309056 0 686309056 43794618
686309056 43794618 706648029 53561191
686309056 0 738956849 0
738956849 0 739950146 0
739950146 0 766008817 0
766008817 0 775940278 0
775940278 0 789802466 0
766008817 0 766008817 30087818
766008817 30087818 775940278 34545028
775940278 34545028 789802466 40318692
789802466 40318692 790760974 51833351
790760974 51833351 790760974 61857187
790760974 61857187 790760974 63792213
790760974 61857187 805193257 61857187
805193257 61857187 812221861 64289289
812221861 64289289 820063796 64289289
820063796 64289289 820854567 71743675
820854567 71743675 820854567 82934285
820854567 82934285 820854567 84426433
820854567 82934285 830369448 82934285
820854567 71743675 839113796 71743675
839113796 71743675 843776140 71743675
839113796 71743675 839113796 79847734
790760974 51833351 811134345 51833351
820854567 84426433 823297147 103619634
839113796 79847734 848620244 96689079
848620244 96689079 848620244 97409424
848620244 96689079 863557764 96689079
863557764 96689079 873046682 100996216
873046682 100996216 879619970 100996216
879619970 100996216 893572373 106800808
893572373 106800808 896581665 106800808
896581665 106800808 913617173 107771504
913617173 107771504 913617173 111673759
913617173 107771504 933988180 107771504
913617173 111673759 919545245 131436863
919545245 131436863 932929166 135860219
893572373 106800808 893572373 137002285
738956849 0 738956849 33687991
738956849 33687991 739950146 42026307
893572373 137002285 894610766 173009555
894610766 173009555 901797989 190945044
901797989 190945044 901797989 198328437
901797989 190945044 912924920 190945044
912924920 190945044 915794385 198329806
915794385 198329806 934012546 198329806
934012546 198329806 934012546 204207713
934012546 198329806 944731804 198329806
944731804 198329806 944731804 198662466
944731804 198329806 955489276 198329806
915794385 198329806 915794385 227935728
915794385 227935728 920701711 227935728
920701711 227935728 927500835 232742394
915794385 227935728 915794385 240782750
927500835 232742394 942701586 250789920
942701586 250789920 945290399 250789920
942701586 250789920 942701586 258777732
942701586 258777732 944480569 262147671
944480569 262147671 967854218 262147671
967854218 262147671 974820000 269001519
944480569 262147671 944480569 296409779
944480569 296409779 946007442 310692790
812221861 64289289 812221861 104276113
873046682 100996216 873046682 142168357
932929166 135860219 968172263 141974933
968172263 141974933 977736886 141974933
968172263 141974933 968172263 159598996
968172263 159598996 969603241 159598996
968172263 159598996 968172263 163037576
789802466 0 833527654 0
833527654 0 842052802 0
842052802 0 842700152 0
842052802 0 842052802 14586244
833527654 0 833527654 17233342
842052802 14586244 842700152 44067956
946007442 310692790 981253372 319803728
981253372 319803728 999305487 346194853
955489276 198329806 977843215 228877050
842700152 0 896893190 0
896893190 0 918109672 0
918109672 0 918109672 6539270
918109672 6539270 918109672 25974922
918109672 6539270 952818371 6539270
952818371 6539270 970502477 19741666
970502477 19741666 972887257 19741666
970502477 19741666 970502477 58171217
970502477 58171217 979274759 91711142
896893190 0 896893190 46284186
896893190 46284186 912960948 68620545
912960948 68620545 934842151 77113060
934842151 77113060 934842151 78047103
934842151 77113060 939408416 77113060
918109672 25974922 933351665 61268028
933351665 61268028 954993675 63427571
915794385 240782750 920728327 290367825
920728327 290367825 923019712 297441028
739950146 42026307 763168693 76297243
763168693 76297243 770283779 85349331
770283779 85349331 788221774 85349331
788221774 85349331 790461273 90473051
770283779 85349331 770283779 121906933
770283779 121906933 770958266 121906933
770283779 121906933 770283779 139757127
770283779 139757127 770823748 148953683
770823748 148953683 770823748 152996113
770823748 152996113 774248798 152996113
770823748 148953683 775483193 148953683
770823748 152996113 770823748 179183928
770823748 179183928 776524369 180134804
776524369 180134804 776524369 184527397
776524369 180134804 807442013 180134804
807442013 180134804 837316241 180382779
774248798 152996113 784037775 177316405
784037775 177316405 784037775 179103748
837316241 180382779 867409885 190091484
867409885 190091484 870755044 227077006
870755044 227077006 870822052 235212078
870822052 235212078 870822052 243312992
870822052 243312992 882068595 243312992
882068595 243312992 883453471 258092935
870822052 235212078 889865252 235212078
883453471 258092935 883453471 279528179
870822052 243312992 870822052 267055799
883453471 258092935 908409280 258092935
784037775 179103748 802921668 206415220
842700152 44067956 887340149 58157897
784037775 177316405 845198973 177316405
908409280 258092935 909085323 325587669
909085323 325587669 922951675 344059086
161576628 157377806 192451342 196919279
514684411 477171774 547868050 514970753
788004509 636336424 815399431 680204143
766199585 721743754 811073396 748318825
811073396 748318825 861903437 757716681
861903437 757716681 921708096 759885423
276394635 941260112 294361372 995188144
132392751 102061845 179520948 127165284
179520948 127165284 179520948 131195557
179520948 127165284 192996336 127165284
192996336 127165284 194245502 127165284
192996336 127165284 192996336 130700933
813810467 776225676 850489388 812270353
211873545 151262839 269635559 167127879
412752970 164324593 428274776 222705686
659813176 710741461 678895145 765718611
678895145 765718611 678895145 766645228
678895145 765718611 699136752 765718611
541782832 22558920 582062341 58006340
833041007 604719433 909213062 604719433
909213062 604719433 918686682 629812682
918686682 629812682 939968470 646491135
975044943 786721486 975044943 863470724
352542106 990000579 422077030 998054598
422077030 998054598 429138302 998341216
429138302 998341216 489653770 998631774
239727947 373079430 276401103 417921679
276401103 417921679 291789708 424184657
129847748 704068812 157450314 760541214
146047918 59005287 230382736 60266723
654123167 114251074 717407646 141289946
717407646 141289946 723915308 166034605
723915308 166034605 723915308 168733272
723915308 166034605 727751989 166034605
727751989 166034605 745842269 189303759
745842269 189303759 756142784 196986227
756142784 196986227 756142784 197143984
756142784 196986227 759048371 196986227
878863994 513067427 911536977 571863734
911536977 571863734 911536977 574899276
911536977 571863734 929669724 571863734
0 532971039 0 624945868
0 624945868 0 637598563
0 637598563 0 650121493
0 650121493 4150637 650121493
0 650121493 0 665264935
0 665264935 0 668003844
0 668003844 0 675770431
0 675770431 7751170 675770431
0 624945868 17699615 624945868
17699615 624945868 35628933 631740002
35628933 631740002 35628933 637598563
35628933 631740002 51220393 631740002
35628933 637598563 36110284 665264935
36110284 665264935 36110284 668003844
36110284 665264935 43127420 665264935
43127420 665264935 51933811 676248614
51933811 676248614 56721888 682233027
56721888 682233027 69009881 704440118
69009881 704440118 79287359 724920362
0 675770431 0 733352829
0 733352829 0 757927562
0 757927562 0 762847620
0 762847620 0 771759455
0 757927562 14352740 757927562
14352740 757927562 15822811 762847620
0 771759455 0 788006309
0 788006309 0 797643256
15822811 762847620 26840126 771759455
0 788006309 23018952 788006309
23018952 788006309 48213717 788366717
48213717 788366717 48213717 797643256
48213717 788366717 62533412 788366717
62533412 788366717 77374894 805190930
77374894 805190930 92734151 805190930
77374894 805190930 77374894 828416020
77374894 828416020 84749732 829506424
84749732 829506424 86440715 829506424
84749732 829506424 84749732 834937023
48213717 797643256 53906176 831979830
0 797643256 0 839264354
0 839264354 14060641 839264354
0 839264354 0 863192587
0 863192587 12126876 863192587
0 863192587 0 879756013
0 879756013 0 892486898
0 892486898 0 892871556
0 892871556 0 894821931
0 892871556 5971841 892871556
0 892486898 10054417 892486898
0 894821931 0 916412131
0 916412131 26379576 916412131
0 879756013 28502672 879756013
28502672 879756013 41522591 894821931
41522591 894821931 53620321 899594320
53620321 899594320 53620321 902835946
53620321 899594320 64350796 899594320
64350796 899594320 73436278 914165779
73436278 914165779 80944474 914165779
73436278 914165779 73436278 942590096
73436278 942590096 75879946 942590096
73436278 942590096 73436278 945486525
73436278 945486525 77251868 955693071
77251868 955693071 77251868 963331534
77251868 963331534 85679113 963331534
77251868 963331534 77251868 976199940
85679113 963331534 91500955 970438633
91500955 970438633 91500955 982898438
91500955 982898438 92716021 987161774
92716021 987161774 92716021 998983370
92716021 987161774 107025896 987161774
0 916412131 0 946019469
0 946019469 0 948734727
0 948734727 7967415 948734727
7967415 948734727 25108580 948734727
91500955 970438633 127814397 970438633
77251868 955693071 115110317 955693071
0 946019469 46723055 946019469
0 733352829 47923004 733352829
47923004 733352829 56495604 741612436
80944474 914165779 124200513 919485126
124200513 919485126 129284299 919485126
124200513 919485126 124200513 937129589
7967415 948734727 7967415 997750886
84749732 834937023 90623547 883168874
25108580 948734727 38520166 990656576
38520166 990656576 68326873 997011245
386688414 925384215 456548464 948833805
456548464 948833805 481249277 957239547
481249277 957239547 489356584 957239547
489356584 957239547 491591947 957239547
489356584 957239547 489356584 964790769
481249277 957239547 481249277 988453676
481249277 988453676 481611777 988453676
481249277 988453676 481249277 993508541
481611777 988453676 501545623 988618971
310847521 713277217 343056208 779158024
177977665 285710123 198283171 374758003
