1453
0 0 0 51633232
0 51633232 0 54780943
0 54780943 33128210 54780943
33128210 54780943 51346326 76313237
0 51633232 40420208 51633232
40420208 51633232 85361520 58001586
85361520 58001586 90962536 58001586
85361520 58001586 85361520 74414311
90962536 58001586 107222410 66041219
107222410 66041219 107222410 67328568
107222410 67328568 114446615 70741901
107222410 66041219 121025567 66041219
85361520 74414311 98482263 94740941
98482263 94740941 99840807 123770136
99840807 123770136 99840807 144607536
99840807 144607536 104782984 144607536
99840807 144607536 99840807 166693184
99840807 166693184 103045674 167910562
103045674 167910562 119454534 174451285
99840807 123770136 136785362 123770136
119454534 174451285 119454534 212448348
119454534 212448348 119454534 225224042
119454534 212448348 135340498 212448348
135340498 212448348 138522803 215311253
138522803 215311253 138522803 216187840
138522803 216187840 140690985 236081916
140690985 236081916 167170954 236081916
167170954 236081916 184646437 241801612
184646437 241801612 184646437 248075656
184646437 241801612 193749082 241801612
193749082 241801612 197251971 244191320
197251971 244191320 197251971 245443760
197251971 244191320 222445261 244191320
222445261 244191320 229828570 264491107
229828570 264491107 229828570 273963943
229828570 273963943 231404082 286497038
231404082 286497038 242553853 289925118
229828570 264491107 246171585 264491107
242553853 289925118 242553853 306313584
140690985 236081916 140690985 264192584
140690985 264192584 143113175 283256533
143113175 283256533 143113175 288331474
143113175 288331474 143113175 295237170
143113175 288331474 156626181 288331474
156626181 288331474 163533076 293675598
143113175 283256533 163993782 283256533
143113175 295237170 144545603 323407147
144545603 323407147 156098332 326369963
156098332 326369963 167291525 332368178
167291525 332368178 167291525 350099704
167291525 332368178 193539296 332368178
193539296 332368178 193539296 336623350
193539296 332368178 213285056 332368178
138522803 215311253 172401164 215311253
167291525 350099704 181549535 377800725
181549535 377800725 181907385 401690263
181907385 401690263 201510186 407706402
201510186 407706402 201615349 407706402
201510186 407706402 201510186 421371638
201510186 421371638 218099999 446056750
218099999 446056750 229631744 446056750
229631744 446056750 230060847 448613148
218099999 446056750 218099999 466408781
218099999 466408781 222192029 475989464
222192029 475989464 222192029 497557390
222192029 497557390 230850911 505013483
222192029 475989464 253997202 475989464
242553853 289925118 285474757 289925118
285474757 289925118 285474757 295253706
285474757 289925118 314323064 289925118
213285056 332368178 233257808 356067082
233257808 356067082 236066817 380382052
236066817 380382052 236066817 391439067
236066817 391439067 242129872 418383443
236066817 380382052 280694432 380382052
230850911 505013483 232848976 547789743
232848976 547789743 261831617 547789743
261831617 547789743 273943908 548124041
232848976 547789743 232848976 579055641
232848976 579055641 234751729 588970491
234751729 588970491 243318583 618671317
243318583 618671317 243318583 631150759
243318583 631150759 245269800 647267707
243318583 618671317 270678554 618671317
285474757 295253706 291544123 334334792
291544123 334334792 291544123 366228669
291544123 334334792 323742056 334334792
323742056 334334792 327988616 341886026
327988616 341886026 327988616 346945837
327988616 346945837 333343651 346945837
333343651 346945837 333578662 349664025
327988616 341886026 337352085 341886026
337352085 341886026 337352085 345125171
337352085 341886026 346775100 341886026
327988616 346945837 327988616 360986907
346775100 341886026 375318168 343301941
375318168 343301941 378004997 343301941
378004997 343301941 379540966 351838485
379540966 351838485 379755804 351838485
379540966 351838485 379540966 359547929
375318168 343301941 375318168 357729272
379540966 359547929 383530031 378993345
383530031 378993345 386905084 382307706
327988616 360986907 328328605 397113203
328328605 397113203 328328605 397669427
328328605 397669427 353547263 411462965
353547263 411462965 370346053 411462965
370346053 411462965 374609740 411462965
370346053 411462965 370346053 430906045
374609740 411462965 383627087 427722642
383627087 427722642 383627087 451576487
353547263 411462965 353547263 439780065
353547263 439780065 353547263 449448915
353547263 439780065 368523719 439780065
383627087 427722642 412821036 427722642
412821036 427722642 414922256 427722642
412821036 427722642 412821036 444976388
414922256 427722642 432033976 428588271
432033976 428588271 433481961 442316843
433481961 442316843 437224204 442316843
437224204 442316843 448309708 465784203
448309708 465784203 450739029 473880372
450739029 473880372 470263790 478211647
470263790 478211647 474896723 478211647
470263790 478211647 470263790 501009972
433481961 442316843 433481961 479457517
353547263 449448915 355390863 486146990
355390863 486146990 363018082 486146990
363018082 486146990 363470988 487765102
355390863 486146990 355390863 493913611
363470988 487765102 371663519 487765102
363470988 487765102 363470988 516958328
474896723 478211647 505881639 487592400
119454534 174451285 164717201 174451285
164717201 174451285 165898143 174451285
165898143 174451285 173747445 183745783
173747445 183745783 173747445 186824510
173747445 183745783 188017265 183745783
164717201 174451285 164717201 202943166
164717201 202943166 179602853 212600376
188017265 183745783 212567290 192193274
212567290 192193274 218023602 199626070
218023602 199626070 219470883 204860169
219470883 204860169 219470883 216475533
219470883 216475533 220533853 216475533
219470883 216475533 219470883 225682503
219470883 204860169 240022277 204860169
240022277 204860169 240022277 213379700
240022277 204860169 266388354 204860169
266388354 204860169 283512156 212384966
328328605 397113203 374274764 397113203
283512156 212384966 323476061 218754369
242553853 306313584 282416000 313355958
383627087 451576487 410604813 473449366
410604813 473449366 416554191 514543446
416554191 514543446 420301100 514543446
416554191 514543446 416554191 528169028
416554191 528169028 416816896 528169028
416554191 528169028 416554191 535682821
416816896 528169028 428343146 535633546
242129872 418383443 267200126 444171238
267200126 444171238 284168892 461709209
284168892 461709209 309179843 479230783
309179843 479230783 333208520 483459778
333208520 483459778 344477119 486146990
344477119 486146990 344477119 507375465
344477119 507375465 352023815 539806580
352023815 539806580 361061290 539806580
379755804 351838485 429918551 352814202
429918551 352814202 429918551 369984486
429918551 369984486 432033976 375840793
432033976 375840793 432307582 375840793
432307582 375840793 434233422 388160849
434233422 388160849 438406970 405531024
429918551 352814202 454771654 352814202
454771654 352814202 454771654 358178876
454771654 352814202 463453165 352814202
463453165 352814202 483914767 370082027
483914767 370082027 487685965 381252469
487685965 381252469 487685965 402265002
487685965 402265002 493837310 426088187
493837310 426088187 511969159 426088187
511969159 426088187 532303329 430602003
532303329 430602003 532303329 451737073
532303329 430602003 560233232 430602003
493837310 426088187 493837310 456688211
493837310 456688211 493837310 462289056
493837310 456688211 502072079 456688211
502072079 456688211 504858605 459137057
532303329 451737073 546793419 476087251
546793419 476087251 546793419 478218025
546793419 476087251 559335033 476087251
546793419 478218025 558401416 483605467
558401416 483605467 571639175 490273799
571639175 490273799 572869686 490273799
572869686 490273799 572869686 496311790
571639175 490273799 571639175 504275050
571639175 504275050 577789522 516509942
577789522 516509942 591670293 525415471
591670293 525415471 600349024 525415471
600349024 525415471 600349024 538758124
600349024 525415471 620290911 525415471
620290911 525415471 635102362 529761685
635102362 529761685 660788070 529761685
660788070 529761685 668575578 547699004
668575578 547699004 668575578 571928603
668575578 571928603 676533131 594247369
676533131 594247369 688405559 594247369
676533131 594247369 676533131 608769941
676533131 608769941 676533131 611665601
676533131 608769941 687610719 608769941
668575578 547699004 702007985 547699004
676533131 611665601 686809709 636058252
686809709 636058252 697967610 654571808
697967610 654571808 697967610 674960001
697967610 674960001 697967610 679961389
697967610 679961389 698308681 683814050
698308681 683814050 699180314 693214601
699180314 693214601 706262272 693214601
697967610 674960001 714297972 674960001
714297972 674960001 726360704 678448772
726360704 678448772 728449275 692861570
706262272 693214601 719428591 698450151
699180314 693214601 699180314 717707325
728449275 692861570 740724182 709631598
740724182 709631598 747650911 709631598
740724182 709631598 740724182 742151516
740724182 742151516 750472586 742529036
572869686 490273799 608628618 490273799
635102362 529761685 635102362 565728766
697967610 654571808 733982088 654571808
733982088 654571808 736813330 658440621
736813330 658440621 740529230 658440621
740529230 658440621 740529230 660554956
736813330 658440621 736813330 670112181
740529230 658440621 765679183 658440621
560233232 430602003 582349490 449492314
487685965 381252469 529543856 381252469
635102362 565728766 652145295 596873952
652145295 596873952 652669707 608769941
582349490 449492314 625914545 455457326
765679183 658440621 798069377 675599856
798069377 675599856 801813153 675599856
798069377 675599856 798069377 683583150
798069377 683583150 799389170 688691056
799389170 688691056 799389170 705805639
799389170 705805639 804757150 705805639
799389170 705805639 799389170 729455783
804757150 705805639 822400962 712386241
799389170 688691056 849050691 688691056
849050691 688691056 849050691 694493904
849050691 694493904 852526799 699353160
852526799 699353160 852526799 705801544
852526799 699353160 863992841 699353160
849050691 688691056 864244421 688691056
864244421 688691056 893014922 689390673
893014922 689390673 893014922 695115185
893014922 689390673 901435216 689390673
901435216 689390673 908253274 692335731
908253274 692335731 908253274 706406247
893014922 695115185 896355882 715407652
908253274 706406247 922226330 721269178
863992841 699353160 885463811 715407652
885463811 715407652 885463811 731457297
922226330 721269178 938971207 742096214
938971207 742096214 949383883 742795124
949383883 742795124 959765188 742795124
949383883 742795124 949383883 771707072
885463811 731457297 921269278 736143460
908253274 692335731 956104381 692335731
956104381 692335731 975070512 714954424
699180314 717707325 701411984 766096666
701411984 766096666 708553821 783978073
719428591 698450151 723780984 745302493
245269800 647267707 276957559 668646678
276957559 668646678 288886685 668646678
276957559 668646678 276957559 706016212
276957559 706016212 283492077 720645860
283492077 720645860 288163907 720645860
288886685 668646678 319414600 678433490
319414600 678433490 320571300 678433490
320571300 678433490 321403001 679321228
319414600 678433490 319414600 686437366
319414600 686437366 321403001 693921299
321403001 693921299 326359674 703843638
326359674 703843638 364915917 703843638
364915917 703843638 372638450 711087416
372638450 711087416 375386100 711087416
375386100 711087416 376077919 715284279
376077919 715284279 376077919 728151136
372638450 711087416 372638450 744313617
376077919 728151136 398846443 742168482
398846443 742168482 435499712 750942896
435499712 750942896 439497608 750942896
435499712 750942896 435499712 776620815
435499712 776620815 445144691 813929261
445144691 813929261 447102889 821100020
447102889 821100020 447102889 826941108
447102889 826941108 448059814 826941108
448059814 826941108 469404955 834576927
469404955 834576927 472329660 842439202
472329660 842439202 472329660 850443223
472329660 850443223 473524360 874452010
473524360 874452010 488186065 882048832
488186065 882048832 499594922 882048832
499594922 882048832 499594922 885442812
488186065 882048832 488186065 902588511
472329660 842439202 500494477 842439202
447102889 821100020 476610331 821100020
447102889 826941108 447102889 857174555
488186065 902588511 501871540 920733689
501871540 920733689 514967752 920733689
501871540 920733689 501871540 951473662
501871540 951473662 507779950 979040520
499594922 882048832 536536312 882048832
514967752 920733689 545399539 930996249
372638450 744313617 381183060 784911831
381183060 784911831 385872671 798498421
385872671 798498421 385872671 806724464
385872671 806724464 402259643 806724464
385872671 806724464 385872671 823744149
385872671 823744149 392362772 851503276
392362772 851503276 392362772 853698322
392362772 851503276 413476279 851503276
507779950 979040520 545683028 990535518
545683028 990535518 550577800 990535518
545683028 990535518 545683028 999983673
385872671 798498421 435441686 798498421
323476061 218754369 353985981 241315642
353985981 241315642 356623745 242732824
356623745 242732824 384906324 242732824
384906324 242732824 384906324 257731520
384906324 242732824 400403048 242732824
400403048 242732824 410396228 242732824
400403048 242732824 400403048 253610986
400403048 253610986 406258150 255036635
384906324 257731520 390779672 267422214
390779672 267422214 390779672 272784296
406258150 255036635 414745581 263340186
414745581 263340186 414745581 267422214
414745581 263340186 418883079 263340186
418883079 263340186 422167850 266804572
390779672 272784296 391758176 290626521
391758176 290626521 402091417 290626521
402091417 290626521 411454444 297126055
422167850 266804572 439598199 268729795
439598199 268729795 439598199 273206562
439598199 273206562 456598677 273974394
411454444 297126055 429102779 309459462
391758176 290626521 391758176 322490104
439598199 268729795 473662076 268729795
356623745 242732824 356623745 284961560
473662076 268729795 504844679 281807376
500494477 842439202 538100659 859042205
538100659 859042205 538100659 866274686
538100659 859042205 571404759 859042205
571404759 859042205 580537952 861919762
580537952 861919762 586535477 861919762
580537952 861919762 580537952 900988550
580537952 900988550 583326491 901926362
583326491 901926362 590800162 906899346
590800162 906899346 602414415 906899346
590800162 906899346 590800162 923302937
590800162 923302937 591379345 923302937
590800162 923302937 590800162 945130958
591379345 923302937 615826339 925041966
590800162 945130958 591661318 975720661
591661318 975720661 620618495 982719393
620618495 982719393 620618495 988838908
620618495 988838908 623369425 990881919
623369425 990881919 623369425 998342953
620618495 982719393 638405459 982719393
586535477 861919762 625832260 877472257
625832260 877472257 650421326 899481554
321403001 679321228 376331170 679321228
376331170 679321228 381507486 679615050
119454534 225224042 121873802 278274545
121873802 278274545 130912880 278274545
121873802 278274545 121873802 293984006
121873802 293984006 129767253 293984006
121873802 293984006 121873802 309804992
121873802 309804992 136767912 323251532
136767912 323251532 142442502 323251532
136767912 323251532 136767912 356938822
136767912 356938822 138995272 356938822
136767912 356938822 136767912 362325845
136767912 362325845 142519467 381094234
142519467 381094234 145371349 381094234
142519467 381094234 142519467 388477093
142519467 388477093 151144577 413969098
151144577 413969098 166000391 424883844
166000391 424883844 175221571 452499476
175221571 452499476 197428457 482320008
197428457 482320008 198948519 482320008
197428457 482320008 197428457 511673094
600349024 538758124 612137992 582788019
612137992 582788019 621227229 596821138
621227229 596821138 633845779 596821138
352023815 539806580 352023815 595995629
352023815 595995629 382179440 600568895
382179440 600568895 404309169 600568895
404309169 600568895 408358799 600568895
404309169 600568895 404309169 620013517
404309169 620013517 407452426 633103705
407452426 633103705 409721388 633103705
407452426 633103705 407452426 652178960
409721388 633103705 428166965 643254683
428166965 643254683 445528003 645358044
445528003 645358044 447556906 645358044
445528003 645358044 445528003 647598792
445528003 647598792 448942438 654057057
448942438 654057057 455026349 654057057
448942438 654057057 448942438 663011251
448942438 663011251 470963139 667483688
470963139 667483688 495479294 667483688
382179440 600568895 382179440 629941291
408358799 600568895 428166965 612942438
428166965 612942438 437617844 612942438
437617844 612942438 451565008 617489222
451565008 617489222 461103814 636212175
461103814 636212175 461103814 640300578
461103814 636212175 468080179 636212175
470963139 667483688 470963139 709754061
470963139 709754061 475115858 714165764
475115858 714165764 481200352 740155551
481200352 740155551 486505982 749442398
486505982 749442398 495230805 764322308
495230805 764322308 495230805 775457975
495230805 775457975 499685179 775457975
495230805 764322308 524665524 764322308
495230805 775457975 495230805 806365898
495230805 806365898 495886320 806365898
495230805 806365898 495230805 811441935
524665524 764322308 553648043 781071311
553648043 781071311 576078194 792968619
576078194 792968619 576078194 807788534
576078194 792968619 599873197 792968619
599873197 792968619 614214438 802680640
614214438 802680640 614214438 820165581
614214438 802680640 632443684 802680640
614214438 820165581 625630956 829904767
625630956 829904767 630626286 829904767
630626286 829904767 630626286 833936669
625630956 829904767 625630956 839322664
625630956 839322664 625832260 847409725
625832260 847409725 631878167 847409725
631878167 847409725 631878167 847651313
631878167 847409725 649326452 847409725
630626286 829904767 656522838 829904767
649326452 847409725 657299228 870929126
657299228 870929126 657299228 872406887
657299228 870929126 668439353 870929126
668439353 870929126 680536351 874028502
680536351 874028502 687156118 874028502
680536351 874028502 680536351 892940756
687156118 874028502 720369446 879619965
720369446 879619965 720369446 884080542
720369446 879619965 735655761 879619965
680536351 892940756 684109789 929845711
684109789 929845711 685414323 929845711
685414323 929845711 702159591 947901679
702159591 947901679 710918714 975315933
710918714 975315933 710918714 979782895
710918714 979782895 722449954 979782895
710918714 979782895 710918714 999468278
710918714 975315933 732378355 975315933
732378355 975315933 766096770 980693638
766096770 980693638 766096770 989363221
766096770 980693638 781081452 980693638
781081452 980693638 781081452 981916848
781081452 980693638 802705470 980693638
802705470 980693638 807196322 987536786
576078194 807788534 586535477 839821836
586535477 839821836 591365094 839821836
499685179 775457975 515828050 805660749
735655761 879619965 775004913 889275773
775004913 889275773 796637167 901610443
796637167 901610443 807544264 906479267
807544264 906479267 816641023 906479267
816641023 906479267 824741518 909129101
807544264 906479267 807544264 925613629
824741518 909129101 843495363 922847464
843495363 922847464 858991149 922847464
858991149 922847464 858991149 929935729
858991149 922847464 871661658 922847464
843495363 922847464 843495363 940045294
843495363 940045294 848872318 940045294
843495363 940045294 843495363 948683384
468080179 636212175 511270223 642556757
511270223 642556757 517506870 657038748
517506870 657038748 530134616 659451381
530134616 659451381 532908749 659451381
530134616 659451381 530134616 702057295
530134616 702057295 549621084 708382861
549621084 708382861 552042547 732877252
552042547 732877252 552042547 736108477
552042547 732877252 555385770 732877252
552042547 736108477 553648043 744989370
553648043 744989370 567429888 744989370
684109789 929845711 684109789 980529867
684109789 980529867 687293683 990881919
871661658 922847464 883431712 964234031
883431712 964234031 883431712 968443228
883431712 964234031 889770721 964234031
889770721 964234031 894446598 967316821
894446598 967316821 894446598 976184685
894446598 967316821 908284997 967316821
567429888 744989370 604745108 764327385
604745108 764327385 604745108 769261269
604745108 769261269 624524181 779752074
604745108 764327385 639711715 764327385
624524181 779752074 665656621 781907824
382179440 629941291 389777078 679180131
665656621 781907824 681245465 824944647
283492077 720645860 283492077 779278965
283492077 779278965 293947823 787292194
293947823 787292194 300448138 787292194
300448138 787292194 300448138 788291440
300448138 787292194 309573058 787292194
309573058 787292194 312898318 789550398
312898318 789550398 313585127 790155763
313585127 790155763 313585127 794161571
313585127 794161571 322309854 794161571
313585127 794161571 313585127 816651944
293947823 787292194 293947823 811115092
313585127 816651944 324800107 847328061
313585127 790155763 359932478 790155763
359932478 790155763 365078353 823138547
365078353 823138547 373983842 857262534
373983842 857262534 374366434 883611088
374366434 883611088 398008447 909839108
398008447 909839108 416020095 942280076
416020095 942280076 439921538 942280076
439921538 942280076 439921538 956958621
439921538 956958621 440242101 971890401
440242101 971890401 440242101 973651016
440242101 973651016 444259358 973936331
440242101 971890401 446371514 971890401
446371514 971890401 455823033 972098344
439921538 942280076 470994901 942280076
455823033 972098344 487818057 973974770
487818057 973974770 495510978 973974770
495510978 973974770 498628785 984003519
487818057 973974770 487818057 996005495
416020095 942280076 416020095 981801973
416020095 981801973 416020095 999988292
416020095 981801973 437796902 981801973
293947823 811115092 300473831 857904342
300473831 857904342 300588877 882607578
300588877 882607578 300700108 937277528
300700108 937277528 301297135 941677983
301297135 941677983 301297135 943456963
301297135 941677983 318354669 941677983
318354669 941677983 336748616 946244913
336748616 946244913 368962918 946244913
336748616 946244913 336748616 988020711
336748616 988020711 336748616 998904627
336748616 988020711 355470244 988020711
368962918 946244913 395854581 973428344
621227229 596821138 621227229 656160060
621227229 656160060 651242498 664531656
651242498 664531656 652669707 669156915
591670293 525415471 591670293 585673404
505881639 487592400 538484547 515557040
197428457 511673094 211524430 558852716
470263790 501009972 470629211 561950832
470629211 561950832 490630380 568127526
490630380 568127526 490630380 585657140
490630380 585657140 492150037 592680586
492150037 592680586 511270223 596059264
511270223 596059264 516691980 596059264
516691980 596059264 520014304 601040776
490630380 568127526 518472109 568127526
608628618 490273799 648046492 512162223
648046492 512162223 692865903 514160685
692865903 514160685 694337294 525781445
694337294 525781445 694337294 527824196
694337294 525781445 699787083 525781445
699787083 525781445 737648562 543334425
737648562 543334425 745596718 544830149
745596718 544830149 745596718 576836831
745596718 576836831 746677104 599310513
746677104 599310513 746677104 601090205
746677104 599310513 755592121 599310513
745596718 544830149 782619086 544830149
755592121 599310513 782161098 610549342
782161098 610549342 782161098 621932560
782161098 610549342 799677629 610549342
782161098 621932560 787001405 636826093
787001405 636826093 798069377 645317047
798069377 645317047 807858910 645317047
807858910 645317047 817769906 653126858
817769906 653126858 817769906 667680566
817769906 653126858 838610488 653126858
799677629 610549342 838296325 620953483
838296325 620953483 868207908 640273434
288163907 720645860 296751490 773407724
361061290 539806580 390715634 571546230
390715634 571546230 425803804 597623869
518472109 568127526 555970030 592239554
555970030 592239554 580908738 605620833
822400962 712386241 836096036 760853688
836096036 760853688 870647303 765696554
870647303 765696554 881386148 795161452
881386148 795161452 882284335 798846254
882284335 798846254 882284335 826770444
882284335 826770444 884774107 826770444
884774107 826770444 902268251 828136327
902268251 828136327 902268251 831430949
902268251 828136327 915392778 828136327
915392778 828136327 919224537 840284147
919224537 840284147 940938266 840284147
940938266 840284147 950090913 840284147
940938266 840284147 940938266 852803777
940938266 852803777 942003629 869396591
942003629 869396591 942141052 874591853
919224537 840284147 919224537 868053928
919224537 868053928 922762517 868053928
919224537 868053928 919224537 879434119
942141052 874591853 953753984 891630449
953753984 891630449 968760980 891630449
968760980 891630449 973621214 908654439
973621214 908654439 981100507 908654439
882284335 826770444 882284335 859271057
882284335 859271057 896929705 874112397
896929705 874112397 900098982 879434119
900098982 879434119 900098982 894918716
900098982 894918716 912031401 894918716
900098982 894918716 900098982 911514398
882284335 798846254 915428683 798846254
950090913 840284147 983223060 848552194
983223060 848552194 984995390 851726471
953753984 891630449 953753984 946219141
953753984 946219141 963624813 963608385
963624813 963608385 963624813 967075448
963624813 963608385 973621214 963608385
356623745 284961560 378905670 326274162
326359674 703843638 326359674 767939791
520014304 601040776 554620337 630791045
625914545 455457326 683963178 462910063
683963178 462910063 693626827 465966367
693626827 465966367 693626827 470726186
693626827 470726186 700181880 473498714
693626827 465966367 723263406 465966367
700181880 473498714 708366350 509313536
723263406 465966367 740388554 493288197
740388554 493288197 740388554 501342430
740388554 493288197 763907153 493288197
763907153 493288197 769306321 494822554
769306321 494822554 769306321 499960298
769306321 494822554 779512035 494822554
779512035 494822554 779991745 513177487
779991745 513177487 779991745 524195048
779991745 524195048 785830667 524195048
779991745 524195048 779991745 533515541
785830667 524195048 796744280 524396474
779991745 533515541 790974631 544718591
796744280 524396474 819778901 531073088
769306321 499960298 771241531 535735188
779991745 513177487 823494085 513177487
823494085 513177487 839104240 527346055
839104240 527346055 861730885 534720994
861730885 534720994 877293601 543739462
877293601 543739462 877293601 557181083
877293601 543739462 924312836 543739462
877293601 557181083 904982872 578262158
904982872 578262158 909617262 589010640
909617262 589010640 909617262 590719360
909617262 589010640 919197456 589010640
919197456 589010640 919197456 589254890
919197456 589010640 924107719 589010640
919197456 589254890 922897510 605620302
909617262 590719360 910097997 627866465
910097997 627866465 920035627 656028339
920035627 656028339 920035627 658770194
920035627 658770194 921230467 674978856
920035627 656028339 944379993 656028339
922897510 605620302 949753816 625137753
924312836 543739462 952405670 574702085
952405670 574702085 967218598 584353913
967218598 584353913 989071907 598470421
790974631 544718591 802988326 594808862
802988326 594808862 840335343 606268052
211524430 558852716 226570473 609706867
226570473 609706867 232674195 609706867
226570473 609706867 226570473 632681635
232674195 609706867 281684772 610204554
281684772 610204554 281903380 610204554
281684772 610204554 281684772 615034274
376077919 715284279 442536312 715284279
442536312 715284279 450095700 739827517
580908738 605620833 595910389 657992313
595910389 657992313 615100135 673055526
868207908 640273434 897996567 678724654
410396228 242732824 478685346 243383432
478685346 243383432 478685346 247485319
478685346 243383432 492392547 243383432
492392547 243383432 539471338 244699660
539471338 244699660 558918249 244699660
558918249 244699660 572325589 247771265
539471338 244699660 539471338 266019322
539471338 266019322 552789729 306256141
552789729 306256141 554835244 306256141
552789729 306256141 552789729 314699578
552789729 314699578 557302475 357877316
557302475 357877316 557302475 362994768
557302475 357877316 579900690 357877316
579900690 357877316 595349143 359443904
595349143 359443904 598799045 359443904
598799045 359443904 606948334 390707370
606948334 390707370 647933317 390926863
647933317 390926863 647933317 394575640
647933317 390926863 672336805 390926863
672336805 390926863 673430445 402659562
673430445 402659562 673430445 412210509
673430445 402659562 691188025 402659562
691188025 402659562 695137386 404530246
673430445 412210509 684583621 438433032
684583621 438433032 684583621 452252113
684583621 438433032 704507336 438433032
704507336 438433032 732494884 447132282
595349143 359443904 595349143 409267305
595349143 409267305 627107285 420991578
695137386 404530246 727566684 421992328
727566684 421992328 728992529 426832895
728992529 426832895 728992529 432655786
728992529 426832895 779030886 426832895
681245465 824944647 738108367 837187181
738108367 837187181 776775034 867360763
776775034 867360763 779361231 867360763
776775034 867360763 776775034 872899457
799389170 729455783 808035337 790104641
808035337 790104641 808035337 799259927
808035337 790104641 821184820 790104641
821184820 790104641 822355091 794467128
822355091 794467128 824869917 794467128
281684772 615034274 321461976 644624899
321461976 644624899 329177995 644624899
329177995 644624899 329216233 644624899
329177995 644624899 329177995 657416612
329177995 657416612 336467282 663720022
321461976 644624899 321461976 658945406
336467282 663720022 368440861 674958018
779030886 426832895 796551079 479484842
796551079 479484842 798226067 479484842
796551079 479484842 796551079 490779006
822355091 794467128 822355091 866779502
822355091 866779502 853601412 868732582
853601412 868732582 855060263 868732582
853601412 868732582 853601412 888699237
798226067 479484842 862339410 489197529
862339410 489197529 862339410 499325454
862339410 489197529 875044891 489197529
862339410 499325454 867339985 512099475
875044891 489197529 892364438 502798378
0 0 75759081 0
75759081 0 75759081 8696150
75759081 0 84567932 0
84567932 0 100355921 0
100355921 0 114373478 0
114373478 0 114373478 8673294
114373478 0 125268271 0
125268271 0 130664160 0
130664160 0 133727350 0
125268271 0 125268271 8674478
133727350 0 155676210 0
155676210 0 165738947 0
165738947 0 173152339 0
165738947 0 165738947 9778453
155676210 0 155676210 20680675
84567932 0 84567932 22664243
125268271 8674478 130664160 26617088
130664160 26617088 133727350 26617088
130664160 26617088 130664160 34047529
84567932 22664243 100355921 43289395
155676210 20680675 173152339 39873256
173152339 39873256 177048740 64260491
177048740 64260491 185887185 64260491
185887185 64260491 204992796 77132395
204992796 77132395 221821425 77132395
221821425 77132395 221821425 86344867
221821425 77132395 231758325 77132395
231758325 77132395 231758325 82641215
231758325 77132395 239398582 77132395
239398582 77132395 240961612 80584560
204992796 77132395 204992796 98107485
240961612 80584560 240961612 105931361
240961612 105931361 251609731 112585040
251609731 112585040 255175290 112585040
251609731 112585040 251609731 136580556
251609731 136580556 253444194 136580556
253444194 136580556 254787435 146628435
254787435 146628435 254787435 150831079
254787435 150831079 275340191 154789701
275340191 154789701 295076918 154789701
295076918 154789701 306351909 173742082
275340191 154789701 275340191 189500259
177048740 64260491 177048740 99603205
177048740 99603205 183213613 104601634
183213613 104601634 198539199 118935375
240961612 80584560 276907597 80584560
276907597 80584560 276907597 86515313
276907597 86515313 292494366 94656987
130664160 34047529 151111026 54437744
251609731 136580556 251609731 177528511
276907597 80584560 321899032 80584560
321899032 80584560 344914071 95708343
344914071 95708343 344914071 99852273
344914071 99852273 361671067 99852273
344914071 99852273 344914071 122463014
344914071 95708343 367650616 95708343
367650616 95708343 389187801 101009652
306351909 173742082 326663878 201082120
326663878 201082120 352984982 205681630
352984982 205681630 369059494 206021586
369059494 206021586 375712564 207663109
375712564 207663109 375712564 208532497
375712564 207663109 376588385 207663109
376588385 207663109 410028167 226248671
344914071 122463014 364089069 163524308
364089069 163524308 364089069 165908796
364089069 165908796 364691257 165908796
364089069 165908796 364089069 173633980
364089069 163524308 372941728 163524308
254787435 146628435 316926454 146628435
151111026 54437744 162695788 118141508
429102779 309459462 471970141 344966700
389187801 101009652 425560956 144368044
425560956 144368044 432733296 151053237
432733296 151053237 446806589 151053237
446806589 151053237 459646450 165720391
459646450 165720391 459646450 188753451
432733296 151053237 432733296 193401735
459646450 165720391 503994654 165720391
459646450 188753451 493694424 212588526
503994654 165720391 547968251 189599793
547968251 189599793 554464205 195899212
554464205 195899212 558918249 198480453
558918249 198480453 558918249 218992315
558918249 218992315 570290255 218992315
570290255 218992315 572325589 240579458
572325589 240579458 575649480 240579458
575649480 240579458 575649480 243851436
575649480 240579458 587402558 240579458
558918249 198480453 589016367 198480453
589016367 198480453 620498944 209630228
620498944 209630228 658660725 229230054
658660725 229230054 667865627 229230054
667865627 229230054 667865627 235390925
667865627 229230054 682905200 229230054
682905200 229230054 692575262 237061626
667865627 235390925 681035925 240499221
681035925 240499221 681073426 245871505
681073426 245871505 681073426 256630917
692575262 237061626 707121399 245871505
707121399 245871505 741915424 245901475
741915424 245901475 741915424 252809687
741915424 252809687 745350490 257102389
745350490 257102389 766082598 257102389
741915424 245901475 765251490 245901475
765251490 245901475 798891046 245901475
765251490 245901475 765251490 282618537
765251490 282618537 779881763 289052860
779881763 289052860 804277677 300902969
804277677 300902969 824942349 300902969
824942349 300902969 828802098 305947813
828802098 305947813 828802098 331367834
828802098 331367834 843328198 331367834
828802098 331367834 828802098 350755241
828802098 350755241 832250434 355621680
832250434 355621680 832250434 383751179
832250434 383751179 837271173 405879112
837271173 405879112 837271173 417738675
837271173 417738675 843241988 417738675
837271173 405879112 851541249 405879112
851541249 405879112 851541249 415520040
851541249 405879112 873916446 405879112
837271173 417738675 837271173 450012714
832250434 355621680 872013971 355621680
872013971 355621680 883270063 355621680
872013971 355621680 872013971 374875889
883270063 355621680 920937799 356643618
920937799 356643618 929299748 356643618
920937799 356643618 920937799 365849617
920937799 365849617 921084280 365849617
920937799 365849617 920937799 374238223
920937799 374238223 931614739 377191460
931614739 377191460 933990612 377191460
931614739 377191460 931614739 414647807
931614739 414647807 951456019 425619111
951456019 425619111 954871455 425619111
954871455 425619111 963670649 425619111
954871455 425619111 954871455 434641748
954871455 434641748 960741899 438269105
951456019 425619111 951456019 446897974
960741899 438269105 988971582 438269105
988971582 438269105 988971582 441400173
988971582 438269105 997284488 438269105
960741899 438269105 960741899 469571681
960741899 469571681 973407259 495961235
745350490 257102389 745350490 298717015
745350490 298717015 757220620 310965806
804277677 300902969 804277677 347297208
804277677 347297208 806835438 356737057
973407259 495961235 998074794 523123782
681073426 256630917 686123073 303937091
686123073 303937091 690753408 307786982
690753408 307786982 699415106 323644193
699415106 323644193 712898223 332977184
712898223 332977184 721933456 353757759
721933456 353757759 727020078 361567087
727020078 361567087 766444612 366703704
766444612 366703704 766444612 371637693
766444612 371637693 766444612 373210065
766444612 371637693 769737403 371637693
766444612 366703704 802554554 366703704
769737403 371637693 770752434 411557579
770752434 411557579 802865443 415809957
658660725 229230054 658660725 284162170
658660725 284162170 660193414 293181995
873916446 405879112 911491417 425113852
911491417 425113852 913986398 425113852
911491417 425113852 911491417 445615854
911491417 445615854 930527551 447275979
997284488 438269105 999948036 495752393
837271173 450012714 880728507 467059348
880728507 467059348 881370985 467059348
880728507 467059348 880728507 470846808
828802098 305947813 896465139 305947813
896465139 305947813 897214676 311883239
897214676 311883239 916938848 317548285
916938848 317548285 948713277 328639222
948713277 328639222 957147998 328639222
948713277 328639222 948713277 338941056
948713277 338941056 975295196 341208911
51346326 76313237 68466028 138995945
587402558 240579458 616487303 293947088
616487303 293947088 635328972 313474560
635328972 313474560 640996321 313474560
635328972 313474560 635328972 348393600
173152339 0 259389347 0
259389347 0 259921833 0
259921833 0 268932493 0
268932493 0 275419993 0
275419993 0 293185753 0
275419993 0 275419993 19159890
293185753 0 312561055 0
259389347 0 259389347 22072983
259389347 22072983 259921833 27510843
259921833 27510843 268932493 27510843
259921833 27510843 259921833 47192569
312561055 0 312561055 30988096
312561055 0 349468696 0
349468696 0 366222009 0
366222009 0 378610009 0
349468696 0 349468696 17752196
378610009 0 397879465 0
349468696 17752196 358081316 32306934
358081316 32306934 366222009 32306934
397879465 0 421596300 0
421596300 0 438427060 0
438427060 0 445394513 0
445394513 0 446062762 0
438427060 0 438427060 8204965
366222009 32306934 374961732 47447258
374961732 47447258 374961732 47908020
374961732 47908020 378610009 47908020
374961732 47447258 397879465 47447258
374961732 47908020 374961732 72229955
374961732 72229955 379589787 75110056
379589787 75110056 379589787 86804144
379589787 75110056 397941349 75110056
446062762 0 473252862 0
473252862 0 489261923 0
489261923 0 512105120 0
512105120 0 512105120 6158269
512105120 0 533089684 0
533089684 0 533089684 5912221
421596300 0 421596300 29688422
421596300 29688422 433736993 36568953
433736993 36568953 445394513 36568953
445394513 36568953 446062762 38843307
446062762 38843307 446062762 48024963
446062762 48024963 456081593 61906954
456081593 61906954 458038531 61906954
456081593 61906954 456081593 78003625
446062762 38843307 473252862 38843307
473252862 38843307 483361258 41324661
483361258 41324661 489261923 41324661
483361258 41324661 483361258 50651127
456081593 78003625 479302166 83874666
479302166 83874666 479302166 99367347
479302166 99367347 481081343 107897302
481081343 107897302 488083411 107897302
479302166 83874666 498477342 83874666
498477342 83874666 502557322 83874666
498477342 83874666 498477342 92824333
481081343 107897302 481081343 133223704
498477342 92824333 516783512 104436327
516783512 104436327 519381917 113997240
519381917 113997240 539503688 113997240
539503688 113997240 556157576 113997240
556157576 113997240 573846803 122449166
573846803 122449166 576600243 133857514
576600243 133857514 576600243 137506114
433736993 36568953 433736993 66768730
433736993 66768730 438175163 74045505
438175163 74045505 441533198 74045505
438175163 74045505 438175163 77588514
438175163 77588514 445930165 86762664
533089684 0 569944543 0
569944543 0 571249414 0
571249414 0 579562286 0
569944543 0 569944543 14406480
569944543 14406480 571249414 42912313
571249414 42912313 571249414 43032071
571249414 42912313 579562286 42912313
539503688 113997240 539503688 152558923
502557322 83874666 539324395 87347520
539324395 87347520 539324395 95762754
539324395 87347520 562436857 87347520
562436857 87347520 595901538 90796648
576600243 133857514 617827986 133857514
617827986 133857514 627025177 134052295
627025177 134052295 627025177 145146871
627025177 145146871 644805449 157872576
644805449 157872576 659087617 160144439
659087617 160144439 678309581 160144439
659087617 160144439 659087617 189074984
678309581 160144439 705200086 175888559
705200086 175888559 705378629 190466249
705378629 190466249 727944305 208374549
727944305 208374549 727944305 212171400
727944305 208374549 745472618 208374549
358081316 32306934 358081316 75435021
579562286 42912313 593112138 72610910
593112138 72610910 593112138 84699025
593112138 84699025 595901538 84847105
593112138 72610910 607759363 72610910
519381917 113997240 519381917 160135916
519381917 160135916 537894107 163950923
627025177 134052295 674198582 134052295
579562286 0 627286306 0
627286306 0 636313117 0
627286306 0 627286306 14354539
636313117 0 655780991 0
655780991 0 655920222 0
655920222 0 659290630 0
659290630 0 672140549 0
672140549 0 676433279 0
672140549 0 672140549 13984971
659290630 0 659290630 19574524
627286306 14354539 636313117 28461655
655780991 0 655780991 25837792
655780991 25837792 655920222 39724955
655920222 39724955 676433279 47418340
676433279 47418340 691559969 56206336
691559969 56206336 698640644 56206336
698640644 56206336 701496973 62293205
701496973 62293205 717304102 73058085
676433279 0 707923360 0
707923360 0 707923360 1609170
707923360 0 720132133 0
720132133 0 720132133 4746380
720132133 0 732786144 0
732786144 0 758492199 0
758492199 0 761774223 0
761774223 0 761774223 15750071
691559969 56206336 691559969 88423250
758492199 0 758492199 35705390
758492199 35705390 760261114 50073377
760261114 50073377 760261114 72023108
760261114 72023108 766627886 73606566
760261114 50073377 795851693 50073377
795851693 50073377 795851693 61435819
795851693 61435819 796068588 80516918
795851693 50073377 824951329 50073377
824951329 50073377 825857713 63547570
825857713 63547570 825857713 68238023
691559969 88423250 698519830 117522323
698519830 117522323 698519830 126394351
698519830 117522323 708247978 117522323
717304102 73058085 733493682 97083208
708247978 117522323 725218892 144247824
725218892 144247824 728682628 144247824
725218892 144247824 725218892 159391571
728682628 144247824 757606921 158253198
732786144 0 732786144 49451450
825857713 68238023 865568424 78419945
865568424 78419945 866910227 78419945
866910227 78419945 866910227 91545500
866910227 91545500 871445139 101091611
871445139 101091611 886394395 101091611
886394395 101091611 897899808 103277228
897899808 103277228 902621813 103277228
902621813 103277228 904188829 103277228
902621813 103277228 902621813 110978918
902621813 110978918 907197412 114683346
897899808 103277228 897899808 113243857
907197412 114683346 922162380 114683346
866910227 78419945 887203370 78419945
871445139 101091611 871445139 131702141
907197412 114683346 907197412 148567344
907197412 148567344 919591354 172920159
919591354 172920159 919591354 174018611
919591354 172920159 928160342 172920159
928160342 172920159 928739850 191584984
865568424 78419945 865568424 125833180
922162380 114683346 963603744 121157629
963603744 121157629 977424775 127255326
977424775 127255326 977424775 134345947
977424775 127255326 989242823 127255326
989242823 127255326 998215748 159588239
871445139 131702141 884272867 168865339
884272867 168865339 901503266 172920159
733493682 97083208 743606574 138138992
743606574 138138992 765979318 144218886
765979318 144218886 770993811 144218886
765979318 144218886 765979318 154523537
770993811 144218886 796980472 147457879
796980472 147457879 796980472 155108190
796980472 155108190 831741675 159289252
831741675 159289252 831741675 172050926
831741675 172050926 841126813 172050926
831741675 172050926 831741675 182955002
831741675 159289252 845186659 159289252
845186659 159289252 849592095 168865339
849592095 168865339 849592095 170445766
745472618 208374549 764516484 241498456
977424775 134345947 981808601 183045443
928739850 191584984 937729734 236027055
937729734 236027055 969238302 236027055
937729734 236027055 937729734 268365438
937729734 268365438 970224570 269273825
970224570 269273825 970224570 282558773
970224570 282558773 984284570 287598781
984284570 287598781 995599511 287598781
984284570 287598781 984284570 300091504
970224570 269273825 997304682 269273825
595901538 84847105 649878570 84847105
636313117 28461655 653491432 67208234
537894107 163950923 572501578 185388426
765979318 154523537 779803820 201051572
445930165 86762664 452036540 143422544
796980472 147457879 859971588 147457879
576600243 137506114 613784376 168300465
825857713 63547570 898101944 63547570
898101944 63547570 919763149 64622014
919763149 64622014 922802210 74939206
922802210 74939206 943298133 76386328
943298133 76386328 953405188 76386328
943298133 76386328 943298133 100223607
943298133 100223607 986007726 107016987
986007726 107016987 986007726 115302892
986007726 107016987 994602029 107016987
901503266 172920159 901503266 246684194
901503266 246684194 932928486 300982012
824869917 794467128 864752912 842207735
68466028 138995945 86975844 208244690
86975844 208244690 95345053 211342406
95345053 211342406 98669523 237813503
98669523 237813503 100067112 245920834
652669707 669156915 669946794 743350634
669946794 743350634 694195869 763769729
0 54780943 0 149031492
0 149031492 0 176504563
0 176504563 13973035 176504563
0 176504563 0 207000210
0 207000210 16659564 207000210
0 207000210 0 252875876
0 252875876 4395878 252875876
0 252875876 0 269098431
0 269098431 0 273216515
0 273216515 0 299098836
0 299098836 0 311498674
0 311498674 0 319325417
0 319325417 0 323542425
0 311498674 11871923 311498674
0 299098836 15757443 299098836
0 323542425 17159024 323542425
0 269098431 29752338 269098431
29752338 269098431 43063593 273216515
11871923 311498674 49177635 319325417
49177635 319325417 61443804 336121295
61443804 336121295 61443804 353384622
61443804 353384622 61443804 368350512
61443804 368350512 62912027 381011694
62912027 381011694 65303901 381011694
61443804 353384622 78633483 353384622
65303901 381011694 85707708 381765112
85707708 381765112 85707708 397261341
85707708 397261341 105933005 402462795
105933005 402462795 125788830 409583598
61443804 336121295 95345003 336121295
85707708 381765112 121360494 381765112
62912027 381011694 62912027 429174218
125788830 409583598 132059937 451794858
132059937 451794858 138934037 479032348
0 149031492 49449677 149031492
16659564 207000210 51224903 230141372
51224903 230141372 85757738 244586813
0 323542425 0 386420722
0 386420722 29447194 386420722
0 386420722 0 419856888
0 419856888 0 438617716
0 438617716 0 461617123
0 461617123 0 462332868
0 438617716 25921293 438617716
25921293 438617716 32950742 461617123
32950742 461617123 48991356 462332868
0 462332868 0 507436246
0 507436246 0 519216564
0 519216564 1503139 519216564
0 507436246 12210878 507436246
0 519216564 0 532157003
0 532157003 0 537923549
0 537923549 12929766 537923549
0 537923549 0 555655205
0 555655205 24069532 555655205
0 532157003 27517708 532157003
0 555655205 0 586302687
0 586302687 0 590253323
0 590253323 0 591588390
0 591588390 0 596324427
0 596324427 0 596524257
0 596524257 0 607719303
0 607719303 0 618610212
0 607719303 11140995 607719303
0 618610212 0 630088701
0 630088701 8885546 630088701
0 630088701 0 653092679
0 653092679 12224621 653092679
0 653092679 0 668953057
0 668953057 2980939 668953057
0 668953057 0 677670650
0 677670650 0 691573138
0 691573138 0 699454074
0 699454074 0 706310372
0 699454074 7261749 699454074
0 706310372 0 714678874
0 714678874 0 727676673
0 727676673 7119625 727676673
0 714678874 14021707 714678874
0 677670650 16507166 677670650
16507166 677670650 22703916 691573138
7261749 699454074 22240487 706310372
0 596324427 24559689 596324427
24559689 596324427 29255641 596524257
29255641 596524257 35997525 596524257
29255641 596524257 29255641 618610212
0 586302687 26224327 586302687
26224327 586302687 37954267 590253323
37954267 590253323 37954267 591588390
37954267 590253323 48077073 590253323
48077073 590253323 53680598 592911309
0 727676673 0 769141819
0 769141819 10663275 769141819
0 769141819 0 784070840
0 784070840 12085509 784070840
0 784070840 0 820758291
0 820758291 43622331 820758291
24069532 555655205 62457225 561439935
62457225 561439935 78105617 567050114
78105617 567050114 86005659 567050114
86005659 567050114 86005659 577763499
86005659 577763499 89977610 578807360
89977610 578807360 98144885 578807360
98144885 578807360 98144885 581514749
98144885 578807360 104531184 578807360
78105617 567050114 78105617 582107217
86005659 567050114 103697024 567050114
104531184 578807360 127649500 580385970
127649500 580385970 127649500 593380359
127649500 580385970 148125769 580385970
148125769 580385970 162942310 606008856
162942310 606008856 162942310 618467569
162942310 618467569 175211016 621840912
162942310 606008856 185778769 606008856
175211016 621840912 193242529 626996983
193242529 626996983 200280218 626996983
193242529 626996983 193242529 640452332
193242529 640452332 202292950 650920448
185778769 606008856 205603592 613672139
89977610 578807360 89977610 619702313
89977610 619702313 98113234 619702313
98113234 619702313 102368058 625749260
89977610 619702313 89977610 634566643
89977610 634566643 94358482 653263492
94358482 653263492 108757015 656665294
108757015 656665294 108757015 674646612
108757015 674646612 118413920 681227826
118413920 681227826 118413920 702290813
118413920 702290813 145014506 709002185
145014506 709002185 154108233 709002185
154108233 709002185 162909223 714373760
162909223 714373760 162909223 734753615
108757015 656665294 143094368 656665294
143094368 656665294 143094368 664040633
143094368 656665294 157851837 656665294
157851837 656665294 158736570 681227826
162909223 714373760 208365976 714373760
0 419856888 47433406 419856888
43622331 820758291 57557794 854717731
57557794 854717731 64912448 888372904
64912448 888372904 83089682 910083880
83089682 910083880 83089682 917462692
83089682 917462692 84813403 917462692
83089682 917462692 83089682 933501792
83089682 933501792 99058769 937373464
83089682 910083880 103860997 910083880
84813403 917462692 99058769 928591476
99058769 928591476 127244208 928591476
127244208 928591476 128201321 932538198
128201321 932538198 140125956 932538198
140125956 932538198 150788538 936900924
150788538 936900924 165348614 936900924
165348614 936900924 173588071 936900924
165348614 936900924 165348614 952049630
150788538 936900924 150788538 957299327
128201321 932538198 128201321 957788815
128201321 957788815 133833369 957788815
128201321 957788815 128201321 969520192
128201321 969520192 139293398 973754868
139293398 973754868 148349791 992419889
165348614 952049630 176515244 971197846
176515244 971197846 176515244 979790760
176515244 979790760 176515244 983059909
176515244 979790760 186967628 979790760
186967628 979790760 195115407 981520069
176515244 983059909 178740387 992381551
195115407 981520069 235741088 985099190
235741088 985099190 235741088 995952038
235741088 985099190 261985757 985099190
261985757 985099190 277014054 999467645
176515244 971197846 224588762 971197846
202292950 650920448 221642785 680244624
103697024 567050114 146009239 577699951
146009239 577699951 146009239 578196999
146009239 577699951 157081745 577699951
27517708 532157003 78041190 535424485
78041190 535424485 94242919 551043879
145014506 709002185 145014506 763795278
0 820758291 0 878649098
0 878649098 10000208 878649098
0 878649098 0 891944263
0 891944263 0 896172041
0 896172041 15501870 896172041
0 896172041 0 926702122
0 926702122 0 939912091
0 939912091 0 946231115
0 946231115 4424140 946231115
4424140 946231115 4424140 955351506
0 926702122 17085513 926702122
4424140 946231115 26902766 946231115
17085513 926702122 27919291 939912091
26902766 946231115 39110477 973728307
39110477 973728307 45436157 973728307
39110477 973728307 39110477 986395082
39110477 986395082 40364805 986395082
39110477 986395082 39110477 992572929
15501870 896172041 51648937 899938041
51648937 899938041 57169997 935827903
10663275 769141819 67549187 772584766
67549187 772584766 67549187 777468544
67549187 772584766 73534047 772584766
73534047 772584766 92974251 776528938
92974251 776528938 98238961 776528938
98238961 776528938 98238961 776586513
98238961 776586513 110615309 794380303
110615309 794380303 114786500 797817389
114786500 797817389 114786500 801018414
114786500 801018414 115767093 802256007
115767093 802256007 131325971 802256007
131325971 802256007 141007567 810752133
114786500 797817389 139893901 797817389
92974251 776528938 92974251 807043331
115767093 802256007 115767093 835213483
115767093 835213483 120476811 835213483
115767093 835213483 115767093 847286818
115767093 847286818 115859948 856746015
115859948 856746015 115859948 858648204
115859948 856746015 138856422 856746015
115859948 858648204 131745589 868321739
131745589 868321739 132420803 880055372
98238961 776528938 134567286 776528938
141007567 810752133 176790231 820167536
176790231 820167536 177065763 821163586
177065763 821163586 177065763 850158257
177065763 821163586 211945505 821163586
211945505 821163586 216965757 821163586
211945505 821163586 211945505 839200064
211945505 839200064 233090653 844834313
233090653 844834313 240770642 844834313
240770642 844834313 244609424 844834313
240770642 844834313 240770642 850434507
240770642 850434507 247456971 853469319
247456971 853469319 250476339 853469319
247456971 853469319 247456971 860623544
247456971 860623544 253354537 873981453
253354537 873981453 255916708 873981453
255916708 873981453 266252464 874173372
253354537 873981453 253354537 885723414
266252464 874173372 271153182 904032362
271153182 904032362 277580472 916780921
277580472 916780921 288932884 916780921
277580472 916780921 277580472 942845543
277580472 942845543 291702506 950326898
233090653 844834313 233090653 882755729
132420803 880055372 165990934 899399056
92974251 807043331 105064987 849811468
48991356 462332868 77215171 494903886
77215171 494903886 77215171 505891034
77215171 494903886 108007138 494903886
108007138 494903886 110894992 494903886
108007138 494903886 108007138 498808552
108007138 498808552 125313360 518304392
125313360 518304392 151090052 537531122
151090052 537531122 195630644 553770347
7119625 727676673 63268786 732925871
173588071 936900924 225743809 946152497
225743809 946152497 228792621 952268305
1503139 519216564 58399308 523849657
158736570 681227826 199956942 702814364
99058769 937373464 107957719 992978854
22703916 691573138 83195491 698106421
177065763 850158257 207994320 888551503
139893901 797817389 200803476 806549538
200803476 806549538 200803476 808624672
200803476 806549538 210739525 806549538
210739525 806549538 225899442 814605257
225899442 814605257 260059339 819529335
49449677 149031492 64290614 206732374
29255641 618610212 76552554 643903149
12224621 653092679 76464452 662390222
750472586 742529036 774299799 816888672
280694432 380382052 321406191 439211996
761774223 0 870266832 0
870266832 0 870266832 21478814
870266832 0 911205889 0
911205889 0 913828092 0
913828092 0 913828092 23792740
913828092 23792740 913828092 24481860
911205889 0 911205889 30403768
913828092 23792740 952383516 23792740
952383516 23792740 968465210 32812971
968465210 32812971 968465210 34603342
968465210 32812971 982480055 32812971
982480055 32812971 986641332 33252423
968465210 34603342 979725994 41504759
979725994 41504759 989049953 58039005
911205889 30403768 951591430 40897764
208365976 714373760 262065344 795605713
262065344 795605713 269837563 801054467
