1427
0 0 8560311 0
0 0 0 11408950
8560311 0 20909705 0
20909705 0 20909705 11408950
0 11408950 0 26481865
0 26481865 8560311 26481865
0 26481865 0 56742902
0 56742902 29864192 56742902
0 56742902 0 99699279
0 99699279 0 129131938
0 129131938 17034783 129131938
0 129131938 0 150172545
0 150172545 28645992 150172545
28645992 150172545 56884768 161982047
56884768 161982047 56884768 181589768
56884768 181589768 61351909 189618579
61351909 189618579 61351909 204170533
61351909 204170533 67751192 209525794
67751192 209525794 93652079 209525794
93652079 209525794 100095097 209525794
93652079 209525794 93652079 219370329
93652079 219370329 94144494 223658144
94144494 223658144 95340143 223658144
94144494 223658144 94144494 240641597
94144494 240641597 101039936 247673436
101039936 247673436 117150552 247673436
117150552 247673436 117150552 259395135
117150552 259395135 123057993 271327943
123057993 271327943 130412858 271327943
123057993 271327943 123057993 282435109
123057993 282435109 123061039 282435109
123057993 282435109 123057993 304338213
123057993 304338213 123680058 310820169
123680058 310820169 137003706 310820169
137003706 310820169 142926011 312784425
123680058 310820169 123680058 326548434
123680058 326548434 132336733 326548434
142926011 312784425 162896601 312784425
162896601 312784425 164040260 314359246
164040260 314359246 172905255 314359246
123680058 326548434 123680058 349833680
123061039 282435109 137003706 298277395
164040260 314359246 164040260 344211452
137003706 298277395 167691982 298277395
117150552 247673436 147987049 247673436
132336733 326548434 142926011 348121319
67751192 209525794 67751192 243283801
142926011 348121319 157163602 371002622
123680058 349833680 141179269 369721353
61351909 189618579 101394362 189618579
0 150172545 0 190900917
0 190900917 0 213993046
0 213993046 0 214285602
0 213993046 19300893 213993046
19300893 213993046 40556458 214285602
0 214285602 0 236977680
0 236977680 0 239371955
0 236977680 5607551 236977680
0 239371955 0 250657545
0 250657545 0 259360014
0 259360014 0 269567374
5607551 236977680 16784950 239371955
0 269567374 17994423 269567374
16784950 239371955 31133733 250657545
0 190900917 34654729 190900917
0 99699279 40949644 99699279
56884768 161982047 101754135 161982047
101754135 161982047 121114026 174849938
17034783 129131938 52973966 140555399
0 269567374 0 319133584
0 319133584 10966519 319133584
0 319133584 0 334087718
0 334087718 24681364 334087718
0 334087718 0 381171212
0 381171212 3250242 381171212
0 381171212 0 385224304
0 385224304 0 389837733
0 389837733 0 394090717
0 385224304 36844639 385224304
36844639 385224304 40430872 389837733
40430872 389837733 48088084 394090717
48088084 394090717 74391389 395104942
74391389 395104942 89572835 395104942
89572835 395104942 90153689 396796982
90153689 396796982 90153689 419017379
74391389 395104942 74391389 422275067
74391389 422275067 75017510 433574133
75017510 433574133 77212749 447749031
90153689 419017379 110968808 427643528
90153689 396796982 120463172 396796982
120463172 396796982 127347589 396796982
120463172 396796982 120463172 408550282
110968808 427643528 132358469 441604831
132358469 441604831 140297198 449659015
140297198 449659015 140297198 467939342
140297198 467939342 158189634 467939342
140297198 449659015 162618608 449659015
140297198 467939342 140297198 492361715
0 394090717 0 432086464
0 432086464 23065044 432086464
23065044 432086464 52327880 433574133
52327880 433574133 52327880 443909856
52327880 443909856 52327880 445393697
52327880 445393697 56909960 446909450
56909960 446909450 67306573 446909450
52327880 443909856 70897468 443909856
56909960 446909450 56909960 473529094
0 432086464 0 470631227
0 470631227 29590510 470631227
0 470631227 0 519124489
0 519124489 10631754 519124489
0 519124489 0 538074803
0 538074803 14567552 538074803
0 538074803 0 559356282
0 559356282 25888513 559356282
0 559356282 0 603179868
0 603179868 0 619778775
0 619778775 32442640 619778775
0 603179868 37237684 603179868
56909960 473529094 62485966 516785552
62485966 516785552 62485966 526168718
62485966 526168718 74056376 530464977
74056376 530464977 88597044 530464977
74056376 530464977 74056376 568867287
74056376 568867287 77366502 570741086
77366502 570741086 77366502 575000654
77366502 575000654 77366502 590964154
77366502 590964154 86018158 619563872
86018158 619563872 87141766 619563872
86018158 619563872 86018158 641657979
77366502 570741086 117466111 570741086
117466111 570741086 117466111 575000654
117466111 575000654 117591382 584076689
117591382 584076689 117591382 603897639
117591382 603897639 130722844 603897639
117591382 603897639 117591382 617353810
117591382 584076689 143069069 584076689
117466111 570741086 147542776 570741086
117591382 617353810 121239942 646819599
121239942 646819599 121239942 648277857
147542776 570741086 177135904 578804239
177135904 578804239 184058324 594482824
184058324 594482824 188347888 594482824
188347888 594482824 199483028 595047003
199483028 595047003 199483028 607327325
184058324 594482824 184058324 615461031
184058324 615461031 187586574 615461031
184058324 615461031 184058324 627380221
184058324 627380221 185206333 632920678
185206333 632920678 199974526 632920678
199974526 632920678 213865213 638111539
213865213 638111539 213865213 647762396
213865213 647762396 215630763 656262488
185206333 632920678 185206333 652024572
185206333 652024572 187477901 656262488
187477901 656262488 187477901 669089697
187477901 669089697 193103909 669089697
187477901 669089697 187477901 689243497
199483028 595047003 222550467 595047003
213865213 638111539 247274849 638111539
121239942 648277857 146662762 664710016
146662762 664710016 154330506 664710016
154330506 664710016 154330506 669091303
154330506 664710016 163135651 664710016
146662762 664710016 146662762 676846395
146662762 676846395 147061973 717033819
147061973 717033819 156770766 730811142
156770766 730811142 162325204 730811142
156770766 730811142 156770766 741690049
156770766 741690049 159093489 741690049
156770766 741690049 156770766 753028743
162325204 730811142 167079080 738975040
167079080 738975040 167079080 747485634
167079080 738975040 182544685 738975040
182544685 738975040 193326128 740757781
193326128 740757781 193326128 756145106
193326128 740757781 222273284 740757781
222273284 740757781 227142375 747873776
227142375 747873776 227142375 765074798
227142375 747873776 251683108 747873776
251683108 747873776 251683108 765074798
251683108 765074798 255202944 765074798
251683108 765074798 251683108 779847647
255202944 765074798 265256849 775770242
265256849 775770242 279798089 775770242
279798089 775770242 285148595 791454173
285148595 791454173 285148595 808056026
285148595 808056026 287857049 826892833
265256849 775770242 265256849 803100446
265256849 803100446 280283408 824138945
227142375 765074798 227142375 802113282
227142375 802113282 232865468 832112726
232865468 832112726 243331101 832112726
232865468 832112726 232865468 857199344
243331101 832112726 264707557 840574123
287857049 826892833 326986096 826892833
326986096 826892833 334458859 852756190
222550467 595047003 248557771 612017302
248557771 612017302 249461229 612017302
248557771 612017302 248557771 617678696
248557771 617678696 256565639 619334189
256565639 619334189 258973582 619334189
256565639 619334189 256565639 631666539
256565639 631666539 280241576 631794364
280241576 631794364 281536202 631794364
280241576 631794364 280241576 668044654
62485966 516785552 106766823 516785552
121239942 646819599 166604795 646819599
258973582 619334189 301265177 622448028
285148595 791454173 331529971 791454173
331529971 791454173 339411494 797480920
339411494 797480920 339411494 800643179
339411494 797480920 357965417 797480920
88597044 530464977 106487831 562315444
140297198 492361715 172236415 511613626
172236415 511613626 179381797 511613626
172236415 511613626 172236415 521509948
172236415 521509948 173612688 521604017
173612688 521604017 186370164 521604017
186370164 521604017 193447242 521604017
186370164 521604017 186370164 544780445
186370164 544780445 189510018 553142681
189510018 553142681 189510018 565023941
189510018 553142681 203012365 553142681
203012365 553142681 203012365 558977261
203012365 558977261 215052225 562994777
215052225 562994777 215052225 568438675
215052225 562994777 228807777 562994777
215052225 568438675 227527584 570373573
227527584 570373573 229109374 587071791
173612688 521604017 173612688 551146851
229109374 587071791 258761984 589778034
203012365 553142681 246329034 553142681
86018158 641657979 101741450 678127041
101741450 678127041 111923871 702973556
111923871 702973556 121643533 709067373
121643533 709067373 125718671 730361620
125718671 730361620 137172889 758107552
164040260 344211452 208787196 352539825
208787196 352539825 212309082 358294616
212309082 358294616 212309082 374083277
212309082 374083277 214160063 393407546
214160063 393407546 214160063 396515274
214160063 396515274 221177408 396515274
221177408 396515274 221177408 400883167
221177408 396515274 226838359 396515274
221177408 400883167 225428096 430934831
225428096 430934831 227581076 430934831
225428096 430934831 225428096 441410390
225428096 441410390 230209459 442364693
227581076 430934831 243395814 435983542
243395814 435983542 243395814 440589172
243395814 435983542 256238224 435983542
256238224 435983542 262286824 444746715
262286824 444746715 262286824 466577852
262286824 466577852 272668198 470836473
226838359 396515274 254017606 404253700
254017606 404253700 270379420 404253700
270379420 404253700 278436646 404253700
270379420 404253700 270379420 415753740
254017606 404253700 254017606 425536521
214160063 396515274 214160063 436786888
214160063 393407546 256551868 393407546
272668198 470836473 280665031 505462979
280665031 505462979 280665031 515017037
280665031 515017037 285132647 515017037
280665031 515017037 280665031 522621960
280665031 505462979 310259627 505462979
310259627 505462979 325451390 505601642
325451390 505601642 335257127 527987716
335257127 527987716 340029195 541149288
340029195 541149288 340029195 559388832
340029195 559388832 341033546 559388832
340029195 559388832 340029195 573777774
340029195 541149288 362735527 541149288
362735527 541149288 362735527 551668745
362735527 551668745 362735527 552604793
362735527 551668745 369738017 551668745
362735527 541149288 375962473 541149288
340029195 573777774 346604949 608987557
346604949 608987557 355928727 608987557
346604949 608987557 346604949 619178445
355928727 608987557 375092136 612636014
375092136 612636014 375092136 613304870
375092136 612636014 405383417 612636014
243395814 440589172 247553691 481360456
247553691 481360456 251914894 503822143
251914894 503822143 256173388 503822143
251914894 503822143 251914894 538797378
375092136 613304870 387354499 648084659
387354499 648084659 397997567 657316281
397997567 657316281 413917041 657316281
413917041 657316281 435110240 660281119
435110240 660281119 435880851 660281119
435110240 660281119 435110240 678631007
397997567 657316281 397997567 685085172
397997567 685085172 410086679 698758188
410086679 698758188 416701793 708432534
416701793 708432534 422606102 709930609
422606102 709930609 422606102 714771722
422606102 714771722 422907649 714771722
422606102 709930609 454236396 709930609
256173388 503822143 278404097 530339840
212309082 358294616 261878436 358294616
422606102 714771722 422606102 764486800
422606102 764486800 435988507 770096053
435988507 770096053 435988507 770793694
435988507 770096053 463209715 770096053
369738017 551668745 403158555 568658163
403158555 568658163 417547854 568658163
417547854 568658163 422349286 588449769
422349286 588449769 440252066 591027665
440252066 591027665 442257723 610087569
442257723 610087569 443182376 610087569
442257723 610087569 442257723 640349462
442257723 640349462 449941307 643570650
449941307 643570650 449941307 656257122
449941307 643570650 487042360 643570650
487042360 643570650 515283496 653245773
515283496 653245773 525230339 653245773
525230339 653245773 526227572 655750338
526227572 655750338 534923928 655750338
534923928 655750338 552886945 665698028
403158555 568658163 403158555 606912320
443182376 610087569 477072292 620211222
477072292 620211222 483001076 620211222
483001076 620211222 487042360 623796505
477072292 620211222 477072292 635328097
487042360 623796505 523044519 623796505
523044519 623796505 525230339 625092924
525230339 625092924 550327949 625092924
550327949 625092924 550327949 635209885
552886945 665698028 566996333 696110317
566996333 696110317 566996333 696962390
566996333 696962390 566996333 698924151
566996333 696962390 581615601 696962390
566996333 696110317 590810345 696110317
566996333 698924151 576983099 720957011
550327949 625092924 596655607 625092924
596655607 625092924 617542159 654111059
617542159 654111059 629019993 659153278
629019993 659153278 629019993 673247030
629019993 659153278 645726592 659153278
629019993 673247030 644047268 678387746
645726592 659153278 668423236 666588762
668423236 666588762 668423236 666765276
668423236 666588762 673462394 666588762
673462394 666588762 687157389 692764881
687157389 692764881 693366524 704573703
515283496 653245773 515283496 704521857
515283496 704521857 526227572 709494738
526227572 709494738 535420961 718256899
535420961 718256899 545240582 718256899
535420961 718256899 535420961 734549881
535420961 734549881 537754859 745445452
545240582 718256899 565567207 721827759
537754859 745445452 558976441 754837695
558976441 754837695 564241517 754837695
564241517 754837695 565109612 770312497
565109612 770312497 572283233 777561044
558976441 754837695 558976441 783428718
558976441 783428718 561840053 816785622
561840053 816785622 584016504 823441135
584016504 823441135 595659431 828482351
595659431 828482351 598149537 828482351
595659431 828482351 595659431 854949703
595659431 854949703 606499411 857466850
606499411 857466850 626708313 861379054
626708313 861379054 646102127 865382012
646102127 865382012 646102127 878353397
646102127 865382012 663010888 865382012
646102127 878353397 650586447 923036940
650586447 923036940 683815080 927236594
683815080 927236594 686891712 940563546
686891712 940563546 711673068 942670758
711673068 942670758 716480008 942670758
716480008 942670758 716480008 943437279
716480008 943437279 724229919 946341614
711673068 942670758 711673068 975833966
711673068 975833966 742828975 979872759
742828975 979872759 754436498 988369425
716480008 942670758 757461713 942670758
454236396 709930609 488154396 727938899
488154396 727938899 495233085 728140764
495233085 728140764 498542966 728140764
495233085 728140764 495233085 769482593
495233085 769482593 521145364 795197066
521145364 795197066 523565289 795197066
521145364 795197066 521145364 820901434
521145364 820901434 526572855 825337104
526572855 825337104 536496090 825337104
526572855 825337104 526572855 853262495
526572855 853262495 530927880 862667915
530927880 862667915 534360527 881154904
534360527 881154904 534360527 893075548
534360527 893075548 536015832 893075548
536015832 893075548 561696449 894771477
534360527 881154904 561807182 881154904
561807182 881154904 572125701 881154904
561807182 881154904 561807182 891954413
536496090 825337104 548980981 843464078
534360527 893075548 534360527 924369206
261878436 358294616 287052256 385997724
287052256 385997724 328280133 394736513
328280133 394736513 355512013 398820547
355512013 398820547 355876544 405774829
355876544 405774829 357475916 405774829
355876544 405774829 355876544 413414741
355876544 413414741 362740934 426757413
362740934 426757413 365132438 426757413
365132438 426757413 372339008 429230976
372339008 429230976 372339008 432913917
372339008 429230976 379961602 429230976
379961602 429230976 402160501 439822404
402160501 439822404 411627050 439822404
402160501 439822404 402160501 462159088
402160501 462159088 408533118 482543157
408533118 482543157 418060499 495414176
418060499 495414176 418060499 502991799
418060499 495414176 431026704 495414176
411627050 439822404 450863532 441577611
450863532 441577611 450863532 450874298
450863532 441577611 460963348 441577611
460963348 441577611 460963348 441785729
460963348 441577611 462632061 441577611
462632061 441577611 468683578 446720717
468683578 446720717 479399634 446720717
479399634 446720717 482478218 465370180
482478218 465370180 482478218 479753498
482478218 465370180 496965825 465370180
496965825 465370180 512470316 469815538
512470316 469815538 537491196 469815538
468683578 446720717 468683578 471970065
468683578 471970065 473164908 482586622
473164908 482586622 474529964 482586622
512470316 469815538 512470316 503884615
512470316 503884615 546030017 511218479
546030017 511218479 550040430 511218479
546030017 511218479 546030017 523431439
546030017 523431439 571426546 525551714
571426546 525551714 576357117 525551714
576357117 525551714 588766171 532136965
571426546 525551714 571426546 546436067
571426546 546436067 575670602 562310548
588766171 532136965 628184810 537709503
537491196 469815538 550040430 502831321
550040430 502831321 572389928 502831321
572389928 502831321 597474289 509278132
597474289 509278132 601663851 524228071
575670602 562310548 607806623 576691542
607806623 576691542 609848953 582621549
609848953 582621549 609848953 614769329
609848953 582621549 648437707 582621549
648437707 582621549 651809566 604523839
651809566 604523839 653297031 610109880
653297031 610109880 661954760 615112572
661954760 615112572 680910105 638436140
680910105 638436140 685312195 638436140
680910105 638436140 680910105 658453835
680910105 658453835 687157389 660557389
687157389 660557389 709045535 660557389
709045535 660557389 735343016 667769170
362740934 426757413 362740934 477583019
362740934 477583019 365968321 520848903
365968321 520848903 367109985 520848903
365968321 520848903 365968321 522201802
367109985 520848903 369699522 521378185
369699522 521378185 369738017 527551426
369738017 527551426 389541354 527551426
473164908 482586622 473164908 535865760
473164908 535865760 481562795 542267738
481562795 542267738 507392112 562796161
507392112 562796161 511178892 576178327
511178892 576178327 533860491 576178327
533860491 576178327 544297174 599170373
511178892 576178327 511178892 615138103
130722844 603897639 174762412 613599852
232865468 857199344 238154217 906233432
238154217 906233432 264237809 927025753
264237809 927025753 265261280 929097311
265261280 929097311 265261280 966019467
265261280 966019467 265261280 966903207
265261280 966019467 291749660 966019467
265261280 929097311 315974504 929097311
315974504 929097311 327026327 965251121
327026327 965251121 347163215 966323969
347163215 966323969 347163215 967121735
347163215 966323969 362192468 966323969
362192468 966323969 366322650 973840469
366322650 973840469 371439873 973840469
366322650 973840469 366322650 982962915
265261280 966903207 285665686 999816839
663010888 865382012 679974501 902835504
679974501 902835504 693577463 903177922
693577463 903177922 696945947 914637264
366322650 982962915 415983184 988139141
415983184 988139141 451299070 995545774
418060499 502991799 425676548 550342249
425676548 550342249 455229248 554188432
455229248 554188432 455229248 554675903
455229248 554675903 457503559 562624969
455229248 554188432 471475623 554188432
457503559 562624969 466712085 582305142
287857049 826892833 287857049 882054808
287857049 882054808 290676330 889702576
290676330 889702576 301860493 898988325
301860493 898988325 347827564 901627066
347827564 901627066 362730646 901627066
362730646 901627066 374386863 903973749
347827564 901627066 347827564 918861520
347827564 918861520 361238676 927824124
361238676 927824124 388890962 953814428
388890962 953814428 388890962 955982585
388890962 953814428 395918822 953814428
29864192 56742902 77763635 64128011
77763635 64128011 78974559 64128011
77763635 64128011 77763635 81331737
78974559 64128011 106709123 68716177
106709123 68716177 123437663 89326531
123437663 89326531 131081978 108341989
131081978 108341989 157869022 108341989
157869022 108341989 168128342 108341989
157869022 108341989 157869022 120308423
168128342 108341989 184105464 110810112
184105464 110810112 203194807 110810112
203194807 110810112 207658897 115510116
184105464 110810112 184105464 133919094
207658897 115510116 207658897 143722557
207658897 143722557 215492901 144841621
215492901 144841621 215492901 152046139
215492901 152046139 222692766 152046139
215492901 152046139 215492901 164471724
215492901 144841621 229871016 144841621
215492901 164471724 219647614 177692751
222692766 152046139 235913623 156603945
207658897 115510116 236554513 115510116
131081978 108341989 131081978 140613824
229871016 144841621 263956074 147387477
263956074 147387477 274771490 167921560
236554513 115510116 273656035 116625319
273656035 116625319 276137502 118216932
276137502 118216932 285742903 118216932
285742903 118216932 285742903 121351952
276137502 118216932 276137502 143343093
276137502 143343093 288516135 162594455
288516135 162594455 307444789 177326189
307444789 177326189 307444789 183224467
307444789 183224467 310507015 183224467
310507015 183224467 327076490 183843645
307444789 183224467 307444789 210189754
327076490 183843645 332312432 208412539
332312432 208412539 351643150 213187500
351643150 213187500 351643150 240163795
351643150 213187500 383204597 213187500
307444789 210189754 308026185 247955620
308026185 247955620 310929186 274861114
310929186 274861114 332660706 275826720
332660706 275826720 335365602 275826720
335365602 275826720 347898657 275826720
335365602 275826720 335365602 288705214
335365602 288705214 345520363 300280723
345520363 300280723 345520363 311200777
345520363 311200777 346596580 311200777
345520363 311200777 345520363 323540588
345520363 323540588 349746918 327905170
345520363 300280723 359415769 300280723
219647614 177692751 235601692 200688285
235601692 200688285 255319593 211150433
285742903 118216932 325007106 118216932
332660706 275826720 332660706 315954475
332660706 315954475 338457607 337187583
157869022 120308423 175025162 144849182
383204597 213187500 407156565 231209670
407156565 231209670 407156565 232514920
407156565 231209670 423521396 231209670
407156565 232514920 417338488 246049954
417338488 246049954 446610041 246049954
446610041 246049954 478468633 253326366
478468633 253326366 482122754 253326366
478468633 253326366 478468633 284369176
338457607 337187583 348997068 373441629
348997068 373441629 378142510 385528083
378142510 385528083 394194842 387719478
394194842 387719478 394194842 388557384
394194842 387719478 400724646 387719478
359415769 300280723 395230281 312846639
395230281 312846639 400961773 318770945
400961773 318770945 403265136 319628764
403265136 319628764 405378717 332786952
405378717 332786952 405378717 358790392
405378717 358790392 424241762 362956415
424241762 362956415 424241762 372013843
424241762 362956415 439811749 362956415
439811749 362956415 439811749 364517703
439811749 364517703 440576251 364517703
439811749 364517703 439811749 367348741
439811749 362956415 471471897 362956415
417338488 246049954 417338488 299298738
172905255 314359246 211480001 332841935
211480001 332841935 217557032 332841935
211480001 332841935 211480001 339139038
217557032 332841935 265553717 338477237
130412858 271327943 182746704 276072080
405378717 332786952 462571270 332786952
462571270 332786952 493684617 338943643
482122754 253326366 517706637 274974122
517706637 274974122 531731457 314074348
531731457 314074348 534760045 320290168
534760045 320290168 579928919 320290168
579928919 320290168 604917571 326019516
604917571 326019516 604917571 328030208
604917571 326019516 630626591 326019516
630626591 326019516 650685560 337674192
650685560 337674192 650685560 351987089
650685560 337674192 674313768 337674192
674313768 337674192 700319941 357418904
700319941 357418904 705136863 357418904
700319941 357418904 700319941 385066016
700319941 385066016 712936690 411182618
705136863 357418904 724341458 382918753
693366524 704573703 707414237 748073698
707414237 748073698 713917369 757207871
713917369 757207871 713917369 770229309
713917369 757207871 734791715 757207871
734791715 757207871 744149565 776318040
744149565 776318040 748663917 781238235
748663917 781238235 770522021 781238235
770522021 781238235 780720095 781238235
780720095 781238235 783883818 782952100
783883818 782952100 783883818 792710684
783883818 792710684 783883818 795717857
783883818 792710684 791011195 792710684
783883818 795717857 789890753 807062701
770522021 781238235 770522021 802035150
748663917 781238235 748663917 803517819
748663917 803517819 748663917 808364317
748663917 808364317 751975459 808364317
748663917 808364317 748663917 813494171
748663917 803517819 753853678 803517819
791011195 792710684 816345914 799654526
816345914 799654526 816345914 801830160
816345914 799654526 834220938 799654526
834220938 799654526 847505678 809706368
847505678 809706368 857678134 812017792
857678134 812017792 857678134 841803527
857678134 841803527 857678134 844721673
857678134 841803527 877141886 841803527
857678134 812017792 893888447 812017792
893888447 812017792 893888447 832348293
893888447 832348293 914815741 836297084
914815741 836297084 921069007 836297084
914815741 836297084 914815741 852913139
914815741 852913139 920175845 874724798
857678134 844721673 864607072 877098339
864607072 877098339 864607072 899042391
864607072 899042391 872267603 906630230
864607072 877098339 895862416 877098339
770522021 802035150 771425392 845637957
771425392 845637957 791984392 852182548
791984392 852182548 795880012 867393878
795880012 867393878 795880012 883118853
795880012 867393878 817538272 867393878
817538272 867393878 817538272 872699260
817538272 867393878 829797077 867393878
829797077 867393878 832909757 875917554
832909757 875917554 833280741 875917554
832909757 875917554 832909757 876542717
832909757 876542717 846758680 876716626
795880012 883118853 804475212 900720241
804475212 900720241 818156910 900720241
804475212 900720241 804475212 925423875
846758680 876716626 848250456 911312911
818156910 900720241 845350017 911312911
845350017 911312911 845350017 912599955
783883818 782952100 830450964 782952100
804475212 925423875 820082108 957244914
820082108 957244914 820082108 968822273
820082108 968822273 823344843 973140705
823344843 973140705 833089612 973140705
833089612 973140705 833089612 977185369
833089612 973140705 843368302 973140705
823344843 973140705 823344843 985098811
820082108 957244914 834388615 957244914
843368302 973140705 877313408 986761533
877313408 986761533 899933623 994606991
893888447 812017792 942704163 812017792
834388615 957244914 872645132 969212316
942704163 812017792 986412996 818927866
986412996 818927866 991119142 818927866
986412996 818927866 986412996 835796927
986412996 835796927 997024358 876518167
920175845 874724798 934141215 912145967
934141215 912145967 934141215 933536697
934141215 933536697 934141215 936761929
934141215 933536697 952031296 933536697
934141215 912145967 975204242 912145967
921069007 836297084 976585452 837243662
262286824 444746715 319892225 444746715
576983099 720957011 614661651 742297897
614661651 742297897 651262800 749301921
651262800 749301921 652488278 749301921
651262800 749301921 651262800 760981884
652488278 749301921 656667440 757819612
656667440 757819612 659248465 758292396
659248465 758292396 661173935 759628626
661173935 759628626 667385580 789847018
667385580 789847018 669426765 792259506
669426765 792259506 669426765 797611961
669426765 792259506 692187183 792259506
669426765 797611961 678101667 827033208
678101667 827033208 693582275 853470868
848250456 911312911 864435131 954596723
872267603 906630230 895889400 942548758
895889400 942548758 911982457 951567914
692187183 792259506 721137952 823064776
175025162 144849182 195937471 183871282
417338488 299298738 476286391 300750451
561696449 894771477 604155515 912815709
604155515 912815709 604438901 929534070
604438901 929534070 612871526 929534070
612871526 929534070 612871526 931541657
612871526 929534070 616251921 929534070
604438901 929534070 604438901 938471373
346604949 619178445 352306262 674107231
215630763 656262488 247002995 685585585
247002995 685585585 250364663 727093690
250364663 727093690 255942180 727093690
250364663 727093690 250364663 739851412
644047268 678387746 652398197 731182814
652398197 731182814 653800382 732604022
653800382 732604022 664381390 740069800
307444789 177326189 368846927 177326189
368846927 177326189 427731804 179245027
427731804 179245027 453918814 186548086
453918814 186548086 456347339 199335846
456347339 199335846 456347339 215572912
456347339 199335846 486611345 199335846
486611345 199335846 518245436 208462629
518245436 208462629 524190028 222934333
524190028 222934333 542660691 234537933
542660691 234537933 560143854 254659750
560143854 254659750 573187034 267027899
573187034 267027899 613239753 270506814
613239753 270506814 627068385 291828171
627068385 291828171 627068385 292124440
627068385 291828171 648897724 291828171
627068385 292124440 630784749 314264330
630784749 314264330 630784749 318739170
630784749 314264330 641979112 314264330
648897724 291828171 701737046 300303032
701737046 300303032 701737046 301311647
701737046 300303032 714513629 300303032
714513629 300303032 739724519 318461200
739724519 318461200 743228368 346591978
743228368 346591978 743228368 349750068
743228368 346591978 750755460 346591978
750755460 346591978 773265879 363279268
773265879 363279268 781018500 364471440
781018500 364471440 795339989 364471440
795339989 364471440 802554477 377861956
802554477 377861956 825833380 377861956
825833380 377861956 833578446 380420106
833578446 380420106 833578446 384273771
833578446 384273771 844679868 388478399
844679868 388478399 844679868 389109541
844679868 389109541 851389939 395284390
851389939 395284390 851389939 400657734
851389939 395284390 865977314 395284390
802554477 377861956 802554477 405666854
802554477 405666854 816421450 405666854
802554477 405666854 802554477 428857213
802554477 428857213 803010674 428857213
802554477 428857213 802554477 452016219
802554477 452016219 809036377 471850575
809036377 471850575 822768309 471850575
809036377 471850575 809036377 504093600
851389939 400657734 854954591 433214669
854954591 433214669 869576958 439082125
869576958 439082125 893376452 442505494
893376452 442505494 893453244 442505494
893453244 442505494 899845433 446604589
899845433 446604589 906670171 446604589
893376452 442505494 893376452 455235508
893376452 455235508 899845433 463318815
899845433 463318815 924001546 463898177
924001546 463898177 938045466 463898177
924001546 463898177 924001546 479140958
924001546 479140958 927999127 498519781
927999127 498519781 927999127 511199272
927999127 511199272 932383983 516029302
932383983 516029302 949105667 516029302
927999127 498519781 946298893 498519781
938045466 463898177 968202030 469102487
932383983 516029302 932383983 554490538
865977314 395284390 902911865 398175035
902911865 398175035 908212414 416188007
908212414 416188007 911269420 426486000
911269420 426486000 917231031 428379815
917231031 428379815 917664346 428379815
917664346 428379815 919120335 428379815
917664346 428379815 917664346 432006564
917231031 428379815 917231031 442407149
917664346 432006564 953020960 437483405
844679868 388478399 886283728 388478399
886283728 388478399 901227286 393599332
901227286 393599332 906798411 393599332
906798411 393599332 909571583 396169633
901227286 393599332 901227286 417415462
809036377 504093600 845290954 510909796
845290954 510909796 845290954 514315134
845290954 510909796 853059644 510909796
853059644 510909796 855601433 517057286
855601433 517057286 855630100 536764662
855630100 536764662 855630100 543353939
855630100 536764662 875419395 536764662
875419395 536764662 875419395 537830653
875419395 536764662 900511946 536764662
845290954 514315134 849665468 543353939
849665468 543353939 849665468 545556670
932383983 554490538 945533913 585354701
945533913 585354701 952990203 587964392
952990203 587964392 963402423 587964392
952990203 587964392 952990203 603745394
952990203 603745394 959678769 603745394
959678769 603745394 960076708 628817540
960076708 628817540 960076708 633607901
960076708 628817540 968907104 628817540
952990203 603745394 952990203 629243862
963402423 587964392 981898767 596070759
968907104 628817540 987021586 649932483
949105667 516029302 985682566 524049311
875419395 537830653 889059854 572634225
985682566 524049311 993788921 566937699
833578446 380420106 885671175 380420106
885671175 380420106 920932120 382529855
920932120 382529855 920932120 387909964
920932120 382529855 953186323 382529855
855630100 543353939 859198172 598133396
859198172 598133396 886902690 616645609
886902690 616645609 908369328 616645609
908369328 616645609 925411725 619606057
925411725 619606057 928267206 619606057
925411725 619606057 925411725 629166380
886902690 616645609 886902690 648460521
925411725 629166380 950559239 661712380
950559239 661712380 950954750 691516079
950954750 691516079 950954750 698912445
950954750 698912445 954181522 698912445
954181522 698912445 966258218 706629418
966258218 706629418 972563091 706629418
972563091 706629418 973190774 706629418
972563091 706629418 972563091 709562550
966258218 706629418 966258218 726209126
950954750 691516079 974589931 691516079
972563091 709562550 990610245 718039533
990610245 718039533 994700194 742466903
950954750 698912445 950954750 728274468
950954750 728274468 955746021 747020763
966258218 726209126 982086144 742671533
955746021 747020763 964463991 787596718
964463991 787596718 965492988 793079334
965492988 793079334 981461820 809517187
981461820 809517187 981461820 811650747
981461820 809517187 989705943 809517187
754436498 988369425 813825980 992109273
439811749 367348741 446571084 423825097
32442640 619778775 54432231 662003183
54432231 662003183 75597101 662003183
54432231 662003183 54432231 687938675
54432231 687938675 75795669 727463763
75795669 727463763 79966496 755861941
79966496 755861941 79966496 765038618
79966496 765038618 90405591 766652111
90405591 766652111 93381273 766652111
90405591 766652111 90405591 775468681
79966496 755861941 110625027 755861941
90405591 775468681 102123825 799609611
102123825 799609611 104846678 799609611
104846678 799609611 104846678 801384841
104846678 799609611 107281680 799609611
107281680 799609611 115024365 801342437
115024365 801342437 131604352 801342437
115024365 801342437 115024365 829299626
115024365 829299626 122836121 842432827
122836121 842432827 125749251 842432827
122836121 842432827 122836121 850714813
122836121 850714813 129874655 859098741
129874655 859098741 138388329 859098741
138388329 859098741 139846760 873835920
139846760 873835920 139846760 891670015
139846760 891670015 154397876 891670015
125749251 842432827 139279203 849230610
139846760 891670015 139846760 914244206
139846760 873835920 169878646 873835920
169878646 873835920 170366398 874214403
170366398 874214403 180291315 874214403
180291315 874214403 180291315 880251527
170366398 874214403 170366398 884936432
170366398 884936432 170366398 884974669
170366398 884936432 174584100 884936432
174584100 884936432 176455491 900843149
176455491 900843149 176455491 903416152
176455491 900843149 179135960 900843149
180291315 880251527 195199704 893196816
139846760 914244206 143007141 941692112
102123825 799609611 102123825 837662132
180291315 874214403 220729455 874214403
220729455 874214403 221750790 875777444
195199704 893196816 195210577 935121088
195210577 935121088 203253229 935121088
195210577 935121088 195210577 975470186
195210577 975470186 228121920 981856916
143007141 941692112 163857284 973873955
163857284 973873955 175828163 985766880
203253229 935121088 228121920 967829944
228121920 967829944 234941069 967829944
131604352 801342437 175490593 815544247
175490593 815544247 180291315 821912286
180291315 821912286 180830135 821912286
129874655 859098741 129874655 922100576
10966519 319133584 69719303 324826703
69719303 324826703 81535929 363811731
81535929 363811731 81535929 372306629
81535929 363811731 110906680 363811731
110906680 363811731 130586286 386777746
20909705 0 85791550 0
85791550 0 90871219 0
90871219 0 90871219 7700721
90871219 0 104929229 0
104929229 0 104929229 10941002
85791550 0 85791550 31326242
104929229 0 147515125 0
147515125 0 147515125 20571548
147515125 20571548 155265120 54638936
155265120 54638936 185272130 63583777
185272130 63583777 207500092 87814425
207500092 87814425 207500092 93602767
207500092 93602767 207500092 95379607
207500092 93602767 211528168 93602767
207500092 87814425 233815440 87814425
233815440 87814425 262574998 92082119
147515125 0 197525021 0
197525021 0 197525021 4716233
197525021 0 235982958 0
235982958 0 237173518 0
235982958 0 235982958 5146782
235982958 5146782 237173518 17543118
237173518 0 264922493 0
264922493 0 280951595 0
264922493 0 264922493 18955430
280951595 0 303585067 0
303585067 0 311815284 0
311815284 0 311815284 23412148
264922493 18955430 280951595 30651587
280951595 30651587 290203768 45155645
290203768 45155645 290203768 53463153
290203768 45155645 303585067 45155645
303585067 45155645 309278305 52344042
309278305 52344042 309278305 57292300
309278305 57292300 312167636 82925097
312167636 82925097 312167636 89009701
312167636 82925097 330770572 82925097
330770572 82925097 342799435 91271409
342799435 91271409 348626553 91271409
342799435 91271409 342799435 101751923
309278305 52344042 339421618 52344042
312167636 89009701 323536549 111485114
339421618 52344042 350921115 76369026
350921115 76369026 389011534 80197965
389011534 80197965 412548175 95077396
412548175 95077396 414757450 95077396
412548175 95077396 412548175 109955792
412548175 109955792 417674318 111878526
417674318 111878526 449619092 116483978
449619092 116483978 461889338 120975360
461889338 120975360 463330103 132885279
463330103 132885279 465863687 138610681
465863687 138610681 499441487 145460050
499441487 145460050 518120867 148470561
518120867 148470561 535066655 148470561
518120867 148470561 518120867 187450093
518120867 187450093 533235894 193924535
342799435 101751923 383102940 116219077
383102940 116219077 386595495 116219077
383102940 116219077 383102940 147828043
383102940 147828043 395171667 151768954
535066655 148470561 562322166 176591447
562322166 176591447 590339354 200017727
590339354 200017727 590339354 208764409
590339354 200017727 612978445 200017727
612978445 200017727 635536781 203316513
635536781 203316513 641265089 203316513
635536781 203316513 635536781 214387192
641265089 203316513 652858514 204219070
652858514 204219070 652858514 221334253
652858514 221334253 660136545 226519736
660136545 226519736 660136545 239915880
660136545 239915880 687453936 242566620
687453936 242566620 687453936 246431258
687453936 242566620 722557819 242566620
722557819 242566620 734679260 246056294
734679260 246056294 734679260 258031431
734679260 258031431 738898423 258031431
734679260 258031431 734679260 281277815
734679260 281277815 735837948 281277815
735837948 281277815 736310904 296745047
734679260 281277815 734679260 297363922
738898423 258031431 751604826 276332209
736310904 296745047 767112433 305876636
767112433 305876636 768920397 305876636
767112433 305876636 767112433 315241966
767112433 315241966 807449494 315939161
652858514 204219070 694534218 204219070
694534218 204219070 707953399 205477882
707953399 205477882 707953399 208008572
707953399 205477882 714956262 205477882
714956262 205477882 715219930 207562816
715219930 207562816 715219930 226519736
715219930 226519736 715923898 233207517
715923898 233207517 732940840 233207517
732940840 233207517 732940840 238112927
732940840 233207517 774329668 233207517
774329668 233207517 788406029 246056294
788406029 246056294 792475592 247489036
792475592 247489036 792930200 274771605
792930200 274771605 792930200 291625863
792930200 274771605 812662877 274771605
812662877 274771605 814135161 274771605
812662877 274771605 812662877 289443150
812662877 289443150 843218972 290762310
843218972 290762310 865814950 308423480
865814950 308423480 865814950 308652253
865814950 308423480 866985376 308423480
866985376 308423480 872252247 310219517
872252247 310219517 880606476 320311176
880606476 320311176 880606476 332980942
880606476 332980942 905366816 338352505
905366816 338352505 908509446 339703182
908509446 339703182 908509446 347092379
908509446 339703182 918385737 339703182
880606476 320311176 923810982 320311176
923810982 320311176 929546526 320311176
923810982 320311176 923810982 330920699
715219930 207562816 768006998 207562816
768006998 207562816 768006998 225057771
768006998 225057771 773925442 225569310
773925442 225569310 806506609 228864377
806506609 228864377 806506609 229446838
806506609 228864377 824601340 228864377
824601340 228864377 843473369 234195045
843473369 234195045 843473369 252721645
843473369 234195045 891579650 234195045
891579650 234195045 892899116 246574885
892899116 246574885 893753383 246574885
893753383 246574885 919407054 252810809
919407054 252810809 919407054 269628566
892899116 246574885 892899116 282562203
919407054 252810809 966400801 252810809
966400801 252810809 970314006 259267372
970314006 259267372 970314006 267140933
970314006 259267372 982193549 259267372
970314006 267140933 981243745 273658962
981243745 273658962 998424119 283597822
768006998 207562816 820261803 207562816
820261803 207562816 824161643 219330295
792930200 291625863 803998633 334080619
803998633 334080619 850068006 340560551
850068006 340560551 854519775 347092379
854519775 347092379 854519775 348207430
311815284 0 367912573 0
367912573 0 389251964 0
389251964 0 394853752 0
394853752 0 394853752 6445079
394853752 0 415088542 0
389251964 0 389251964 25295534
415088542 0 415088542 37004126
415088542 0 457494773 0
457494773 0 460560509 0
460560509 0 460560509 16796077
457494773 0 457494773 23337743
460560509 0 496633090 0
496633090 0 496633090 9004863
496633090 0 521823892 0
521823892 0 523642887 0
523642887 0 529893966 0
529893966 0 530098580 0
530098580 0 531145787 0
531145787 0 537905357 0
529893966 0 529893966 12778079
529893966 12778079 531145787 14666328
537905357 0 555713074 0
555713074 0 555713074 1632894
531145787 14666328 537905357 30306771
521823892 0 521823892 25127681
521823892 25127681 523642887 40812517
367912573 0 367912573 45238450
389251964 25295534 404174352 61088553
404174352 61088553 412211650 63941914
457494773 23337743 480528847 58732899
480528847 58732899 483267787 68035477
483267787 68035477 504901334 68035477
483267787 68035477 483267787 89949595
483267787 89949595 513506294 98191182
513506294 98191182 513506294 108815013
513506294 98191182 540546399 98191182
540546399 98191182 540546399 101130685
540546399 101130685 553142939 103913885
553142939 103913885 566495522 103913885
566495522 103913885 571366930 114382634
553142939 103913885 553142939 123422712
571366930 114382634 589843846 121767077
589843846 121767077 589843846 128683570
540546399 98191182 575008496 98191182
589843846 121767077 624580011 121767077
624580011 121767077 636688340 142806225
636688340 142806225 636688340 184008308
636688340 184008308 650850842 186920895
650850842 186920895 650850842 188732741
650850842 186920895 661101486 186920895
636688340 142806225 686556296 142806225
686556296 142806225 711569846 163608764
711569846 163608764 711569846 164291630
711569846 163608764 738958860 163608764
738958860 163608764 757631428 190689259
715923898 233207517 715923898 295044899
735343016 667769170 755574239 712927297
755574239 712927297 779599640 713419867
779599640 713419867 779599640 743436779
779599640 743436779 782522696 743436779
779599640 743436779 779599640 753178023
779599640 713419867 815393710 713419867
815393710 713419867 815393710 718591330
815393710 713419867 820997838 713419867
815393710 718591330 818549936 731107107
818549936 731107107 827911425 732105036
820997838 713419867 834769824 715634487
827911425 732105036 844275248 732105036
844275248 732105036 847003873 734249417
827911425 732105036 827911425 771977032
779599640 753178023 801192907 773589167
827911425 771977032 873910653 772278530
85791550 31326242 119761446 62879765
119761446 62879765 122698009 113025380
182746704 276072080 234008832 290747633
234008832 290747633 240206956 290747633
234008832 290747633 234008832 302340523
234008832 302340523 268854658 316485824
268854658 316485824 292896591 318211620
292896591 318211620 292896591 323864781
292896591 318211620 309849789 318211620
696945947 914637264 760896284 917671369
760896284 917671369 772326769 931569872
237173518 17543118 244225575 77633838
244225575 77633838 258727754 79557674
471471897 362956415 492347953 409223299
492347953 409223299 492347953 412483866
492347953 409223299 522034384 409223299
522034384 409223299 545398964 409966948
545398964 409966948 545398964 428146199
545398964 409966948 569951374 409966948
569951374 409966948 572986317 409966948
569951374 409966948 569951374 427876444
545398964 428146199 557939899 440538073
557939899 440538073 567428775 451887183
567428775 451887183 583534890 455871860
583534890 455871860 601595954 475968174
601595954 475968174 602497884 485887430
602497884 485887430 602497884 497933922
602497884 497933922 610935955 503086763
602497884 485887430 640300055 485887430
640300055 485887430 648390822 492767079
648390822 492767079 648390822 521721062
648390822 492767079 679980423 492767079
679980423 492767079 692170711 492767079
692170711 492767079 693142451 507050063
693142451 507050063 693142451 513419834
679980423 492767079 679980423 510907183
693142451 507050063 714710734 507050063
714710734 507050063 727396448 538000780
727396448 538000780 732078439 541024186
732078439 541024186 756483767 541024186
756483767 541024186 756483767 560951403
756483767 560951403 759747362 563761772
759747362 563761772 759747362 579829035
759747362 579829035 770555594 579829035
770555594 579829035 773895447 580091587
759747362 563761772 785148597 563761772
785148597 563761772 787109828 565795588
787109828 565795588 787109828 577028586
787109828 565795588 804551248 565795588
804551248 565795588 804551248 569827025
804551248 565795588 818884647 565795588
818884647 565795588 818884647 567324751
818884647 565795588 824984452 565795588
732078439 541024186 732078439 567974322
756483767 541024186 793711211 541024186
759747362 579829035 759747362 624497215
759747362 624497215 772451166 644798727
772451166 644798727 778871225 645830836
778871225 645830836 779642858 659792689
779642858 659792689 799071730 663414813
799071730 663414813 803329963 663414813
799071730 663414813 799071730 676466529
799071730 676466529 803223106 690710194
803223106 690710194 803223106 690849602
803223106 690710194 807335937 690710194
807335937 690710194 823646915 699863496
823646915 699863496 823646915 704787409
823646915 699863496 858702960 699863496
858702960 699863496 878370373 711286066
818884647 567324751 819702335 613389518
804551248 569827025 809299161 621058476
569951374 427876444 618014045 437022799
572986317 409966948 625206955 421658707
625206955 421658707 640507516 422482520
648390822 521721062 670098747 566992101
670098747 566992101 722049328 569687528
722049328 569687528 723615114 626920807
723615114 626920807 745835162 629672603
745835162 629672603 754794090 650174355
754794090 650174355 757872065 655009424
121114026 174849938 156693269 206997408
156693269 206997408 182876695 242456998
182876695 242456998 222322191 254135189
222322191 254135189 223007950 255105831
223007950 255105831 223007950 265382500
223007950 265382500 279314021 273970130
279314021 273970130 283326580 276464645
283326580 276464645 296681735 276567235
296681735 276567235 307325529 299518719
712936690 411182618 721982335 470204026
721982335 470204026 721982335 482421234
721982335 470204026 739934058 470204026
739934058 470204026 756820060 473231759
756820060 473231759 756820060 476458480
756820060 473231759 784196540 473231759
534360527 924369206 550242938 976562225
550242938 976562225 550242938 982087050
550242938 982087050 550270456 992403418
550270456 992403418 550401469 993433611
550242938 976562225 567874693 976562225
534760045 320290168 534760045 389367926
534760045 389367926 566628057 397699808
566628057 397699808 576958190 403770208
349746918 327905170 376467080 370364679
376467080 370364679 392002923 378388530
280241576 668044654 333031997 685142844
333031997 685142844 337189181 685142844
337189181 685142844 339443129 685286391
339443129 685286391 340668300 685286391
333031997 685142844 333031997 711312018
333031997 711312018 336275038 718153024
336275038 718153024 339443129 718153024
336275038 718153024 336275038 733188375
336275038 733188375 337786437 733188375
336275038 733188375 336275038 747873776
336275038 747873776 364555678 760621485
364555678 760621485 374810720 767024052
374810720 767024052 374810720 785504297
374810720 767024052 396190484 767024052
748663917 813494171 764365792 868247504
764365792 868247504 766881402 868247504
764365792 868247504 764365792 893128588
616251921 929534070 647529804 970611143
223007950 255105831 295533233 255105831
395918822 953814428 437990893 984656600
437990893 984656600 493979675 990432780
101039936 247673436 101039936 322550965
193326128 756145106 219168214 809003224
435988507 770793694 448990482 837704771
448990482 837704771 457525212 837704771
448990482 837704771 448990482 848309429
448990482 848309429 455571671 852294818
455571671 852294818 455571671 862084389
455571671 852294818 470315757 852294818
470315757 852294818 470315757 862671701
470315757 852294818 493350677 852294818
493350677 852294818 494547478 855952445
494547478 855952445 506143139 880517311
470315757 862671701 479208216 890743557
479208216 890743557 489260537 894294265
489260537 894294265 498036002 966410591
102123825 837662132 109524239 915463387
878370373 711286066 936914716 741072092
936914716 741072092 941978092 741072092
936914716 741072092 936914716 757414815
936914716 757414815 941744292 757755408
941744292 757755408 941744292 761175419
941744292 757755408 946824729 757755408
109524239 915463387 119510557 994851185
0 619778775 0 711689079
0 711689079 3425105 711689079
0 711689079 0 750528602
0 750528602 41569278 750528602
0 750528602 0 794131202
0 794131202 0 798337726
0 798337726 0 806283027
0 806283027 24576769 806283027
0 798337726 35784178 798337726
35784178 798337726 57734577 810027982
57734577 810027982 59870987 826979393
59870987 826979393 59870987 827683466
59870987 826979393 87718190 826979393
87718190 826979393 91664020 856063619
0 794131202 41383919 794131202
41569278 750528602 75411667 766049605
75411667 766049605 75417366 776760109
59870987 827683466 69344344 874383401
69344344 874383401 71512033 889339465
71512033 889339465 88282899 889339465
71512033 889339465 71512033 915644494
71512033 915644494 71512033 921824130
71512033 921824130 71604324 926819670
71512033 915644494 83059150 915644494
88282899 889339465 99518627 914201531
0 806283027 0 865073152
0 865073152 10868234 865073152
0 865073152 0 888313323
0 888313323 0 898195953
0 898195953 0 898251562
0 898195953 1685182 898195953
1685182 898195953 18231319 898251562
0 888313323 41425476 888313323
0 898251562 1226540 952790278
1226540 952790278 17557488 980123190
3425105 711689079 52171156 726987618
52171156 726987618 52171156 727410431
52171156 726987618 53907109 726987618
41425476 888313323 66781218 937744622
781018500 364471440 781018500 461872149
537905357 30306771 612220785 54000665
612220785 54000665 615743933 54870421
615743933 54870421 615743933 71413345
615743933 54870421 633132381 54870421
633132381 54870421 636148133 67055807
636148133 67055807 636148133 70183430
636148133 70183430 637646155 70183430
637646155 70183430 641756848 78000375
641756848 78000375 641756848 79470022
641756848 78000375 658738366 78000375
658738366 78000375 664061318 84011599
664061318 84011599 664061318 98126093
664061318 98126093 667014948 102142793
667014948 102142793 667014948 112376151
636148133 70183430 636148133 91235139
667014948 102142793 691904240 102142793
664061318 84011599 691230560 84011599
691230560 84011599 692671172 89440130
692671172 89440130 692671172 93573119
691904240 102142793 708837252 117388294
692671172 89440130 728721825 89440130
728721825 89440130 748879959 92503420
748879959 92503420 765959130 101482698
636148133 67055807 691016173 67055807
765959130 101482698 811285397 133231055
811285397 133231055 812332605 133231055
811285397 133231055 811285397 138540520
811285397 138540520 816752755 143802660
816752755 143802660 816752755 148557254
816752755 148557254 819928895 151290710
819928895 151290710 878748137 162212297
878748137 162212297 878748137 164654203
878748137 162212297 895591914 162212297
895591914 162212297 904020755 171671187
904020755 171671187 904020755 187534712
904020755 171671187 928030224 171671187
904020755 187534712 926530187 190640452
926530187 190640452 926530187 197309791
926530187 190640452 942123769 190640452
942123769 190640452 962204841 192128751
962204841 192128751 976396046 209598248
976396046 209598248 977012716 209598248
976396046 209598248 976396046 218857559
976396046 218857559 996243422 227677300
928030224 171671187 949139568 186987020
878748137 164654203 892946952 187534712
892946952 187534712 892946952 193900403
334458859 852756190 431160320 870088834
816752755 143802660 932382211 143802660
932382211 143802660 959826953 152157643
555713074 0 701679743 0
701679743 0 701679743 16213771
701679743 0 731712098 0
731712098 0 731712098 1412291
731712098 0 762949244 0
762949244 0 766403538 0
766403538 0 773984713 0
766403538 0 766403538 11402803
762949244 0 762949244 17320519
762949244 17320519 767947056 38669504
767947056 38669504 773984713 38669504
767947056 38669504 767947056 59408789
767947056 59408789 773909842 62265313
773909842 62265313 787678357 71691011
787678357 71691011 801897311 71691011
787678357 71691011 787678357 88798172
801897311 71691011 833634977 84376767
731712098 1412291 735374667 51755260
773984713 0 830763968 0
830763968 0 838307234 0
838307234 0 859559590 0
859559590 0 862800392 0
862800392 0 862800392 5627218
859559590 0 859559590 12628931
830763968 0 830763968 26591106
830763968 26591106 838307234 35332046
862800392 0 892925056 0
892925056 0 905288142 0
905288142 0 905288142 1954728
892925056 0 892925056 22506194
905288142 0 945318966 0
945318966 0 945318966 27673582
945318966 27673582 958547175 27673582
958547175 27673582 958547175 35433057
958547175 27673582 969701804 27673582
945318966 27673582 945318966 42868128
838307234 35332046 847535319 66644949
847535319 66644949 867523553 74676264
867523553 74676264 903777541 83165184
903777541 83165184 903777541 91520654
903777541 83165184 934708034 83165184
934708034 83165184 937269932 99047253
937269932 99047253 937269932 105957654
903777541 91520654 931468389 103418564
937269932 99047253 978409766 99047253
978409766 99047253 995841841 100032235
969701804 27673582 989037583 74396482
