1439
0 0 3425327 0
0 0 0 21372749
0 21372749 3425327 21372749
0 21372749 0 47346372
0 47346372 0 47671483
0 47671483 0 54201650
0 54201650 0 56528662
0 56528662 0 57928018
0 54201650 7979891 54201650
7979891 54201650 22205705 56528662
22205705 56528662 27420639 57928018
3425327 0 32083863 0
32083863 0 32651256 0
0 47346372 32083863 47346372
32083863 47346372 32651256 47671483
0 57928018 0 97874216
0 97874216 0 102710130
0 102710130 0 109245437
0 109245437 0 109873977
0 109873977 0 124540774
0 124540774 0 137649294
0 137649294 0 140698835
0 137649294 4663479 137649294
0 97874216 15809426 97874216
15809426 97874216 17977324 102710130
17977324 102710130 17977324 109245437
17977324 109245437 30919197 109873977
17977324 102710130 34743783 102710130
30919197 109873977 49372501 113518839
49372501 113518839 49372501 124540774
49372501 113518839 74077862 113518839
4663479 137649294 34002803 140698835
34002803 140698835 62275079 146604570
62275079 146604570 65492718 163432533
65492718 163432533 65492718 185456477
65492718 185456477 65492718 206385222
65492718 185456477 88423519 185456477
65492718 206385222 78172943 220447729
78172943 220447729 84482115 227596676
84482115 227596676 89903159 230766604
65492718 163432533 99765857 163432533
99765857 163432533 109577970 165277085
109577970 165277085 109577970 176495354
89903159 230766604 101404133 255637615
101404133 255637615 108978279 255637615
101404133 255637615 101404133 278372504
101404133 278372504 125550650 283098185
125550650 283098185 141806505 283098185
141806505 283098185 156230409 283098185
141806505 283098185 141806505 300198638
141806505 300198638 149486184 303125297
149486184 303125297 149800233 303125297
149486184 303125297 149486184 311019429
149486184 311019429 163932662 324151838
125550650 283098185 125550650 314711031
156230409 283098185 193821802 289439212
193821802 289439212 193821802 294093121
193821802 289439212 209578960 289439212
209578960 289439212 216659190 289778155
216659190 289778155 216659190 327152414
216659190 327152414 229816087 333537480
229816087 333537480 251501501 333537480
216659190 289778155 258968716 289778155
258968716 289778155 270613786 302384093
270613786 302384093 310825554 303520244
310825554 303520244 319085882 303520244
310825554 303520244 310825554 315057570
310825554 315057570 310825554 317277904
310825554 315057570 317053848 315057570
317053848 315057570 325784213 325405085
325784213 325405085 325784213 337175395
325784213 337175395 325784213 342075943
325784213 337175395 337513971 337175395
325784213 325405085 355709138 325405085
355709138 325405085 375162447 330812020
375162447 330812020 375162447 353710648
375162447 353710648 377501529 363441532
377501529 363441532 389051530 363441532
377501529 363441532 377501529 391065593
377501529 391065593 378177625 391065593
377501529 391065593 377501529 412873596
377501529 412873596 397075750 415550315
397075750 415550315 403804322 418498395
403804322 418498395 435589401 418529096
435589401 418529096 457582136 418529096
375162447 330812020 407610276 330812020
435589401 418529096 435589401 460325879
109577970 165277085 158508207 165277085
158508207 165277085 162318400 189449118
162318400 189449118 165437854 189449118
162318400 189449118 162318400 239579062
407610276 330812020 443109225 348013658
443109225 348013658 469852886 371853623
469852886 371853623 473254689 371853623
473254689 371853623 478529514 393021195
469852886 371853623 469852886 415231816
469852886 415231816 511028778 422974750
511028778 422974750 521532061 433029383
521532061 433029383 528192685 433029383
521532061 433029383 521532061 453500229
528192685 433029383 534830910 451443566
534830910 451443566 534830910 469935852
534830910 469935852 534830910 474025135
534830910 469935852 550661448 469935852
550661448 469935852 566242965 476673384
566242965 476673384 592876297 476673384
566242965 476673384 566242965 506135968
534830910 451443566 574853536 451443566
478529514 393021195 524278970 396893579
524278970 396893579 524278970 400319416
524278970 396893579 530987183 396893579
229816087 333537480 229816087 386924994
229816087 386924994 234385295 399781696
234385295 399781696 272990106 399781696
272990106 399781696 272990106 407580546
272990106 399781696 298057442 399781696
298057442 399781696 311230546 404101922
311230546 404101922 311230546 431994743
311230546 431994743 326357331 435850191
326357331 435850191 335072207 445416423
335072207 445416423 335072207 445484586
335072207 445484586 335577299 452575761
335072207 445416423 362679698 445416423
335577299 452575761 356642429 467567175
234385295 399781696 234385295 443988206
234385295 443988206 251582239 452888738
272990106 407580546 296431960 431994743
296431960 431994743 296431960 448965918
296431960 448965918 298354750 471759395
298354750 471759395 298354750 483906920
298354750 471759395 321411263 471759395
311230546 404101922 359170308 404101922
251582239 452888738 264856932 488577050
264856932 488577050 281906519 490794161
281906519 490794161 283552696 490794161
281906519 490794161 281906519 529673371
281906519 529673371 283643173 537423775
283643173 537423775 300580226 537423775
283643173 537423775 283643173 561001574
283643173 561001574 287520581 591893237
287520581 591893237 287520581 604108870
287520581 591893237 304762880 591893237
304762880 591893237 308179287 598890473
308179287 598890473 308179287 600622273
308179287 600622273 314714596 618051660
287520581 604108870 297710348 618051660
297710348 618051660 297710348 630418258
308179287 598890473 356695946 598890473
321411263 471759395 332423058 510694542
332423058 510694542 337681347 519360806
337681347 519360806 348190879 519965907
348190879 519965907 377468136 519965907
377468136 519965907 390139612 550547361
390139612 550547361 390139612 551662853
390139612 550547361 418767560 550547361
418767560 550547361 420913945 574139284
420913945 574139284 447953142 574139284
447953142 574139284 464438169 574139284
447953142 574139284 447953142 590806073
420913945 574139284 420913945 603507895
420913945 603507895 428484937 603507895
348190879 519965907 348190879 566193128
428484937 603507895 432264267 648189502
432264267 648189502 432968922 648362131
432968922 648362131 432968922 661935257
432968922 648362131 451381939 648362131
451381939 648362131 476977914 666691705
476977914 666691705 477313890 672003859
477313890 672003859 501980094 673770486
501980094 673770486 501980094 685569193
501980094 685569193 516310349 695894685
516310349 695894685 516310349 697807813
516310349 695894685 553694826 695894685
501980094 673770486 543560696 673770486
464438169 574139284 509960941 578422806
509960941 578422806 509960941 580050961
509960941 578422806 523973319 578422806
523973319 578422806 535378410 598286268
535378410 598286268 557514865 598286268
557514865 598286268 560310106 601378669
535378410 598286268 535378410 632236960
535378410 632236960 541004337 634457018
541004337 634457018 541004337 655479547
541004337 655479547 541004337 661366825
541004337 655479547 552906939 655479547
552906939 655479547 574315653 672207339
541004337 634457018 588363583 634457018
588363583 634457018 596778740 646512136
596778740 646512136 596778740 649342805
596778740 646512136 607929909 646512136
553694826 695894685 564399467 737023664
574315653 672207339 606936943 692269322
606936943 692269322 635377250 699656022
635377250 699656022 674394734 705371292
674394734 705371292 674394734 721267594
674394734 721267594 675792459 728193710
675792459 728193710 677993175 728193710
677993175 728193710 686921791 728376930
674394734 705371292 694379156 705371292
675792459 728193710 675792459 754167038
686921791 728376930 702307752 742954298
702307752 742954298 702307752 752383059
702307752 742954298 732365686 742954298
675792459 754167038 688958408 772631271
688958408 772631271 701040795 772631271
688958408 772631271 688958408 791479071
688958408 791479071 692379389 795420296
692379389 795420296 710507383 795420296
710507383 795420296 719994743 795420296
710507383 795420296 710507383 812903098
710507383 812903098 724361130 821424596
724361130 821424596 724361130 828434021
724361130 821424596 735357954 821424596
735357954 821424596 744328926 832136574
744328926 832136574 755572356 832136574
755572356 832136574 763944580 833076283
763944580 833076283 763944580 836531143
744328926 832136574 744328926 851134768
744328926 851134768 754938853 856791649
754938853 856791649 757874810 874532137
757874810 874532137 764113943 885241457
764113943 885241457 764113943 891328129
764113943 891328129 772413467 893091765
764113943 885241457 776925285 885241457
701040795 772631271 720505286 777162292
763944580 833076283 789802062 833076283
789802062 833076283 791886840 840694497
791886840 840694497 791886840 859671548
724361130 828434021 729212549 851234996
692379389 795420296 692379389 826147583
791886840 840694497 822876432 840694497
822876432 840694497 825439568 845057190
825439568 845057190 839559863 845057190
839559863 845057190 839559863 847203267
825439568 845057190 825439568 861820514
825439568 861820514 827951786 863178730
732365686 742954298 749146889 761436918
749146889 761436918 749146889 774696620
749146889 761436918 773028203 761436918
839559863 845057190 876590710 845057190
876590710 845057190 888504158 853778671
888504158 853778671 902082033 853778671
902082033 853778671 902082033 862559268
902082033 862559268 908302236 867823176
908302236 867823176 916394319 877987593
916394319 877987593 931258800 877987593
931258800 877987593 931258800 881096342
931258800 881096342 935978276 885018955
935978276 885018955 938122806 900661692
931258800 877987593 954638763 877987593
916394319 877987593 916394319 903105051
916394319 903105051 917337374 927513738
917337374 927513738 917894559 929920197
888504158 853778671 888504158 879879916
917894559 929920197 952852547 929920197
952852547 929920197 965934328 936489180
965934328 936489180 965934328 953165089
965934328 953165089 967850855 964453165
965934328 936489180 984184029 936489180
984184029 936489180 984184029 939932603
984184029 936489180 993781829 936489180
967850855 964453165 979372570 971253872
979372570 971253872 995115484 979948660
692379389 826147583 696566763 859075496
696566763 859075496 703855346 859075496
696566763 859075496 696566763 873048467
696566763 873048467 716335572 890946097
902082033 853778671 940827207 853778671
940827207 853778671 967309781 860805355
776925285 885241457 814256368 886873407
967309781 860805355 998851165 868752337
772413467 893091765 777335792 937314492
777335792 937314492 785378157 941598046
785378157 941598046 785378157 958199547
785378157 958199547 789005791 958199547
785378157 941598046 802803195 941598046
785378157 958199547 785378157 978624406
802803195 941598046 832916508 944244574
789005791 958199547 823961035 973725412
823961035 973725412 829883337 996347820
447953142 590806073 477210758 615690932
477210758 615690932 488837533 615690932
477210758 615690932 477210758 641508285
34743783 102710130 88930514 102847940
88930514 102847940 88930514 107600794
88930514 102847940 97633071 102847940
356695946 598890473 360612517 649310505
360612517 649310505 374732269 649310505
374732269 649310505 374732269 657111924
374732269 649310505 385602429 649310505
374732269 657111924 375440113 669497152
375440113 669497152 375440113 685755629
375440113 669497152 395259245 669497152
360612517 649310505 360612517 673704862
360612517 673704862 360612517 679578037
360612517 673704862 373168459 673704862
375440113 685755629 379288895 722263297
379288895 722263297 395064675 722263297
395064675 722263297 418982578 725966013
418982578 725966013 418982578 728197318
418982578 728197318 433131827 742896389
433131827 742896389 446743434 742896389
446743434 742896389 459929034 759190968
459929034 759190968 460895771 767552577
460895771 767552577 460895771 770114017
460895771 770114017 472180004 779965963
472180004 779965963 486782542 785847737
460895771 767552577 492638811 767552577
492638811 767552577 515275847 773462611
515275847 773462611 515543087 780122480
515543087 780122480 515543087 806547510
515543087 806547510 517221550 810423949
517221550 810423949 547839232 810423949
547839232 810423949 560994003 823450700
560994003 823450700 565751424 845592408
565751424 845592408 565751424 854645384
565751424 845592408 589476782 845592408
433131827 742896389 433131827 777159823
433131827 777159823 433730535 812118749
433730535 812118749 445146983 812118749
433730535 812118749 433730535 841901977
445146983 812118749 456872666 830984402
456872666 830984402 471564262 832840969
471564262 832840969 491203860 832840969
491203860 832840969 492068677 832840969
492068677 832840969 492068677 834178053
492068677 832840969 494374007 832840969
491203860 832840969 491203860 845259144
491203860 845259144 517221550 851119229
565751424 854645384 565850962 890209956
418982578 725966013 454793625 725966013
515543087 780122480 556718872 780122480
556718872 780122480 557661224 780122480
556718872 780122480 556718872 802292738
471564262 832840969 471564262 875518323
471564262 875518323 484656159 875518323
471564262 875518323 471564262 893708165
471564262 893708165 478930432 901366497
478930432 901366497 495815318 903721866
495815318 903721866 500956365 909524075
500956365 909524075 500956365 915422071
500956365 915422071 509507088 915422071
509507088 915422071 510991843 925674231
510991843 925674231 510991843 939970221
510991843 939970221 511227378 942760210
511227378 942760210 514435457 951412259
500956365 915422071 500956365 949228933
500956365 949228933 508750728 974971096
510991843 925674231 554447723 925674231
554447723 925674231 555199896 925674231
554447723 925674231 554447723 939626868
554447723 939626868 555407465 954843557
555407465 954843557 555407465 967228429
555407465 967228429 555722153 970817619
555722153 970817619 565108279 980064068
565108279 980064068 579277132 980064068
565108279 980064068 565108279 996379823
579277132 980064068 592325151 985479264
592325151 985479264 592325151 985729812
592325151 985479264 593917562 985479264
555407465 954843557 577723873 954843557
385602429 649310505 420913945 658407982
395259245 669497152 404324156 704971426
557661224 780122480 602624292 781733802
602624292 781733802 617589136 789537098
617589136 789537098 617589136 797411994
617589136 797411994 621267340 799982682
621267340 799982682 630956525 799982682
617589136 789537098 628742671 789537098
628742671 789537098 628742671 794452348
628742671 789537098 648274850 789537098
621267340 799982682 621267340 830804815
648274850 789537098 668494915 803306845
668494915 803306845 668965079 826147583
668965079 826147583 668965079 857759212
589476782 845592408 610652613 874495257
610652613 874495257 626315953 892639062
379288895 722263297 379288895 773888965
379288895 773888965 386357269 793926342
386357269 793926342 386357269 807942090
386357269 793926342 403897769 793926342
668965079 857759212 677590201 900945509
677590201 900945509 681363488 900945509
677590201 900945509 677590201 949593649
677590201 949593649 690966717 971007644
690966717 971007644 694716126 971007644
694716126 971007644 694716126 971239851
694716126 971007644 695624224 971007644
690966717 971007644 690966717 981977078
690966717 981977078 718201855 987026447
718201855 987026447 718201855 999117039
718201855 987026447 736376023 987026447
500956365 909524075 554447723 909524075
554447723 909524075 564698339 909524075
621267340 830804815 645359554 860512671
645359554 860512671 645359554 869280731
645359554 860512671 661822442 860512671
607929909 646512136 619822796 689536025
619822796 689536025 625706479 729487530
625706479 729487530 632054064 756479947
632054064 756479947 632054064 763497843
632054064 756479947 658760935 756479947
658760935 756479947 672137789 772272500
32651256 0 88044813 0
88044813 0 90669711 0
88044813 0 88044813 3199225
90669711 0 96123110 0
96123110 0 99934074 0
99934074 0 137607411 0
137607411 0 146702300 0
146702300 0 148955729 0
148955729 0 157774792 0
146702300 0 146702300 13773897
146702300 13773897 148955729 23922936
148955729 23922936 148955729 26517092
148955729 23922936 157774792 23922936
137607411 0 137607411 25710189
157774792 0 200555871 0
200555871 0 206023940 0
206023940 0 206023940 6463394
206023940 0 230295859 0
230295859 0 230589459 0
230589459 0 230589459 13225611
230589459 0 260162347 0
260162347 0 260162347 1332510
260162347 0 284496289 0
284496289 0 304514392 0
304514392 0 309221479 0
309221479 0 317946550 0
317946550 0 331119112 0
331119112 0 345405413 0
345405413 0 360049563 0
360049563 0 360049563 9246228
317946550 0 317946550 19599589
317946550 19599589 321743852 31230070
321743852 31230070 331119112 31230070
360049563 0 380079991 0
380079991 0 380079991 1631661
380079991 0 398392918 0
398392918 0 398392918 7331344
304514392 0 304514392 20610139
304514392 20610139 309221479 24544320
284496289 0 284496289 21054632
398392918 0 422585968 0
422585968 0 429159311 0
429159311 0 451629015 0
451629015 0 481294256 0
481294256 0 481294256 13612722
451629015 0 451629015 31019798
429159311 0 429159311 31726183
331119112 31230070 345405413 48915541
321743852 31230070 321743852 66925981
200555871 0 200555871 36659306
200555871 36659306 217053860 38056225
217053860 38056225 230295859 38056225
217053860 38056225 217053860 61884359
217053860 61884359 224588764 61884359
217053860 61884359 217053860 77156190
217053860 77156190 223572502 80085006
223572502 80085006 226956975 80085006
223572502 80085006 223572502 111756503
226956975 80085006 236523499 104927570
422585968 0 422585968 38550600
230295859 38056225 252587844 55961141
252587844 55961141 272385372 78298757
272385372 78298757 272385372 81352694
272385372 81352694 275303263 81352694
272385372 81352694 272385372 88106154
272385372 78298757 289855532 78298757
289855532 78298757 308455694 78407583
308455694 78407583 310064048 78407583
308455694 78407583 308455694 102071030
308455694 102071030 327546178 106103578
327546178 106103578 333927494 113673081
272385372 88106154 276248259 110096204
276248259 110096204 283504122 114088880
333927494 113673081 340239810 141731441
283504122 114088880 294795959 141233570
294795959 141233570 295514066 141233570
295514066 141233570 308379875 141731441
294795959 141233570 294795959 172149854
294795959 172149854 308379875 182193968
308379875 182193968 314284978 212474225
314284978 212474225 314284978 229969453
314284978 212474225 353346913 212474225
353346913 212474225 356100956 233003454
356100956 233003454 356100956 238271896
356100956 238271896 365081177 245326031
356100956 233003454 385647260 233003454
385647260 233003454 404474449 254439009
404474449 254439009 417431430 260941886
417431430 260941886 427542613 260941886
427542613 260941886 427542613 261151355
427542613 260941886 437984950 260941886
437984950 260941886 449632781 273877848
449632781 273877848 455633852 273877848
449632781 273877848 449632781 295410121
449632781 295410121 450391747 298029005
450391747 298029005 450409236 298029005
450409236 298029005 453277594 305332083
450391747 298029005 450391747 320820443
455633852 273877848 473969349 281115733
473969349 281115733 491375322 293687121
491375322 293687121 491375322 303897803
491375322 303897803 491579847 306171362
491579847 306171362 491579847 325743721
491579847 306171362 513858757 306171362
491375322 293687121 514638866 293687121
491579847 325743721 500170951 354200790
500170951 354200790 505928358 359446313
505928358 359446313 505928358 367527955
505928358 367527955 511028778 371429065
511028778 371429065 519886333 371429065
519886333 371429065 519936529 391686673
519936529 391686673 519936529 392127427
519936529 391686673 534810170 391686673
505928358 359446313 544547447 359446313
453277594 305332083 488469793 312808203
99934074 0 99934074 43989595
99934074 43989595 108158866 61148926
108158866 61148926 108158866 72893183
108158866 61148926 121532432 61148926
345405413 48915541 365312702 73775288
365312702 73775288 371504453 75375117
371504453 75375117 371504453 91182512
371504453 75375117 401767508 75375117
401767508 75375117 427926640 78430277
427926640 78430277 439032665 86312200
439032665 86312200 460842105 86312200
460842105 86312200 460842105 106912800
460842105 106912800 462705397 123573095
462705397 123573095 469469347 129872092
469469347 129872092 469469347 137302759
439032665 86312200 439032665 109248519
439032665 109248519 448550474 109248519
439032665 109248519 439032665 128030528
460842105 86312200 484003043 86312200
448550474 109248519 460587986 123573095
460587986 123573095 460587986 145221900
469469347 137302759 473936050 165732000
473936050 165732000 488282273 165732000
473936050 165732000 473936050 187128514
488282273 165732000 494585859 180933805
494585859 180933805 500964411 180933805
494585859 180933805 494585859 199312830
500964411 180933805 524629446 190046013
494585859 199312830 503450270 224484475
503450270 224484475 504387387 228551669
504387387 228551669 518697702 244376408
518697702 244376408 518697702 277016742
371504453 91182512 400871061 97867028
518697702 244376408 559493780 244376408
559493780 244376408 563336009 248763462
563336009 248763462 565277568 253531904
565277568 253531904 567213911 253531904
565277568 253531904 565277568 289911022
565277568 289911022 575634608 320542266
575634608 320542266 590878131 320542266
590878131 320542266 591230266 327088185
575634608 320542266 575634608 339088781
575634608 339088781 589177657 365326655
589177657 365326655 590645481 385613685
590645481 385613685 622538114 385613685
622538114 385613685 650332560 390025905
650332560 390025905 655621972 414450413
655621972 414450413 663438506 414450413
655621972 414450413 655621972 429310336
655621972 429310336 657386161 429310336
655621972 429310336 655621972 441786520
655621972 441786520 659528153 471150062
659528153 471150062 659528153 476948707
659528153 471150062 675790115 471150062
469469347 129872092 510664631 129872092
510664631 129872092 532117074 144775895
532117074 144775895 548944846 150182598
548944846 150182598 551354148 150182598
548944846 150182598 548944846 158470325
548944846 158470325 572419469 170429096
572419469 170429096 572419469 185875172
572419469 170429096 591360937 170429096
591360937 170429096 603035826 180176000
603035826 180176000 603035826 180513110
603035826 180513110 614540916 194463874
614540916 194463874 614540916 203683872
614540916 203683872 620365850 209199909
614540916 194463874 636409072 194463874
636409072 194463874 641995532 194476901
641995532 194476901 641995532 195553172
641995532 194476901 654044678 194476901
641995532 195553172 646629913 204967586
646629913 204967586 649355388 204967586
603035826 180176000 629489628 180176000
590645481 385613685 590645481 426940368
590645481 426940368 611116695 432386575
675790115 471150062 680409405 508037812
680409405 508037812 680409405 508984816
680409405 508984816 680547265 528257581
680409405 508037812 710357615 508037812
680547265 528257581 680547265 566496239
680547265 566496239 680547265 583386635
680547265 583386635 682280848 588140742
682280848 588140742 690139086 609869701
690139086 609869701 704934250 609869701
704934250 609869701 715193113 609869701
704934250 609869701 704934250 631426097
690139086 609869701 690139086 637404498
715193113 609869701 738569856 620007125
738569856 620007125 738569856 620807408
738569856 620007125 741312738 620007125
738569856 620807408 740452367 628776830
740452367 628776830 740452367 635524757
740452367 628776830 752446879 628776830
710357615 508037812 728510478 528257581
728510478 528257581 729721041 530327008
729721041 530327008 729721041 549150315
729721041 549150315 745304649 553795451
745304649 553795451 755295231 557794863
755295231 557794863 764254991 563519124
764254991 563519124 770893116 586682995
770893116 586682995 782567988 591974756
782567988 591974756 792426558 591974756
792426558 591974756 792426558 595478883
792426558 591974756 808692509 591974756
808692509 591974756 816327118 598371717
816327118 598371717 816327118 600578759
816327118 598371717 823054285 598371717
782567988 591974756 782567988 621046064
782567988 621046064 789974787 624706564
789974787 624706564 795217173 624706564
795217173 624706564 795217173 624824717
795217173 624706564 798030592 624706564
795217173 624824717 798019092 633188814
798019092 633188814 798019092 634572785
798019092 633188814 813779365 633188814
798030592 624706564 824010380 631521164
824010380 631521164 840335120 649022253
840335120 649022253 879472561 650579816
879472561 650579816 881984778 650579816
881984778 650579816 910535112 650579816
910535112 650579816 915966338 651494467
915966338 651494467 926704115 651494467
926704115 651494467 936134450 661159753
936134450 661159753 943054992 678872305
943054992 678872305 945929633 681603110
945929633 681603110 953215970 681603110
953215970 681603110 953833625 706979448
953833625 706979448 957227006 723052632
957227006 723052632 963833412 750510973
963833412 750510973 964818151 759121947
964818151 759121947 974614544 779219373
974614544 779219373 975016414 808809456
915966338 651494467 915966338 691232685
881984778 650579816 881984778 690343256
629489628 180176000 662191050 189226738
680547265 566496239 722354682 566496239
473936050 187128514 481102738 221893541
481102738 221893541 483170168 221893541
481102738 221893541 481102738 228474168
646629913 204967586 646629913 248166648
96123110 0 96123110 45482862
439032665 128030528 440295721 172409712
440295721 172409712 457028564 190329363
572419469 185875172 591071940 213218057
591071940 213218057 600603576 229458970
729721041 530327008 776154241 530327008
776154241 530327008 785508527 533420455
785508527 533420455 785508527 543039157
785508527 533420455 804550816 533420455
740452367 635524757 740527915 682052126
740527915 682052126 743475974 691281856
743475974 691281856 745072344 717085323
745072344 717085323 763973392 717085323
745072344 717085323 745072344 739973565
763973392 717085323 782397529 734458252
782397529 734458252 782397529 735774637
782397529 735774637 786246717 741225565
786246717 741225565 793235241 757533578
793235241 757533578 793235241 759935625
793235241 757533578 801271035 757533578
782397529 734458252 814155506 734458252
814155506 734458252 814219860 747934777
814219860 747934777 814219860 748949804
814219860 747934777 823293354 747934777
823293354 747934777 827507903 770663249
801271035 757533578 813296572 791130584
704934250 631426097 725790198 657387521
725790198 657387521 729077248 657387521
725790198 657387521 725790198 701347631
484003043 86312200 513397106 104568778
513397106 104568778 527959649 108831371
527959649 108831371 527959649 116580518
527959649 108831371 556198185 108831371
646629913 248166648 686258822 256931028
686258822 256931028 705043133 256931028
686258822 256931028 686258822 286327186
686258822 286327186 701901932 287550403
701901932 287550403 719517166 291651111
719517166 291651111 719517166 311631739
719517166 291651111 745184509 291651111
745184509 291651111 745184509 301755374
745184509 291651111 763478040 291651111
763478040 291651111 765231060 291861658
719517166 311631739 726403218 332056283
726403218 332056283 729441243 344360682
729441243 344360682 729441243 355393589
729441243 355393589 729516648 355393589
729441243 355393589 729441243 362098226
729441243 362098226 731099562 376276536
731099562 376276536 764102482 376799482
765231060 291861658 792149252 314226086
792149252 314226086 798296021 314484683
798296021 314484683 806894101 319744692
806894101 319744692 806894101 334947045
806894101 334947045 814675477 334947045
806894101 334947045 806894101 364275084
806894101 364275084 821495805 374534485
821495805 374534485 821495805 403880293
806894101 319744692 841237901 319744692
729441243 344360682 779209970 344360682
821495805 403880293 829843190 445891921
829843190 445891921 829843190 447240996
829843190 447240996 832738910 462202031
832738910 462202031 832738910 468592281
829843190 445891921 859725000 445891921
859725000 445891921 862401053 446392355
862401053 446392355 873425460 462202031
873425460 462202031 873927870 472287973
873927870 472287973 894466540 472287973
894466540 472287973 894466540 478437709
894466540 472287973 904949246 472287973
894466540 478437709 899931295 491815374
873927870 472287973 873927870 493848357
904949246 472287973 927813876 476570365
927813876 476570365 943204582 494817631
943204582 494817631 945729799 494817631
945729799 494817631 952908689 499657271
952908689 499657271 952908689 501628650
943204582 494817631 943204582 517673646
952908689 499657271 976832318 499657271
943204582 517673646 961894253 523637431
961894253 523637431 961894253 532576316
961894253 523637431 972039280 523637431
972039280 523637431 977414463 542604918
832738910 468592281 836294758 503259245
836294758 503259245 840232596 503259245
836294758 503259245 836294758 513496906
823054285 598371717 859965556 612355187
859965556 612355187 859965556 613870765
859965556 613870765 864393931 617118138
859965556 612355187 889580294 612355187
945929633 681603110 945929633 733584441
662191050 189226738 705983046 197873812
705983046 197873812 705983046 200799492
705983046 197873812 712294022 197873812
712294022 197873812 712970375 205300053
712970375 205300053 712970375 215637481
712970375 205300053 731479146 205300053
731479146 205300053 767830268 205861449
767830268 205861449 771521816 214656631
771521816 214656631 784490864 214656631
771521816 214656631 771521816 228723800
771521816 228723800 792952860 249076053
792952860 249076053 802992213 249076053
802992213 249076053 814858845 249562128
814858845 249562128 824723831 251450642
824723831 251450642 845267020 251450642
824723831 251450642 824723831 276033223
824723831 276033223 824723831 278369626
824723831 276033223 832456665 276033223
832456665 276033223 835869381 276474897
845267020 251450642 883034280 253885062
883034280 253885062 887616086 259026234
887616086 259026234 913563633 259026234
913563633 259026234 926438675 259026234
913563633 259026234 913563633 284338042
913563633 284338042 929556326 295556527
929556326 295556527 929556326 304066618
929556326 304066618 931295123 310051408
931295123 310051408 931295123 338375449
887616086 259026234 887616086 294179650
887616086 294179650 887616086 297159003
887616086 294179650 900109742 294179650
887616086 297159003 892495278 313681753
892495278 313681753 898193088 313681753
792952860 249076053 792952860 290066730
931295123 338375449 947270084 365353950
947270084 365353950 947270084 367138592
947270084 367138592 953930827 376621742
953930827 376621742 954475108 376621742
953930827 376621742 953930827 405543826
947270084 365353950 977227142 365353950
977227142 365353950 991103730 395127630
931295123 310051408 979221671 310051408
979221671 310051408 986075815 326383153
929556326 295556527 982328564 295556527
982328564 295556527 986891271 298583936
892495278 313681753 892495278 366491497
892495278 366491497 910751518 366664913
821495805 374534485 874399921 374534485
874399921 374534485 874703603 413394014
874703603 413394014 888596558 413394014
874703603 413394014 874703603 437657241
888596558 413394014 913517476 427153287
913517476 427153287 923073678 441916920
923073678 441916920 923073678 450106754
923073678 441916920 950954997 441916920
950954997 441916920 952818945 463655525
923073678 450106754 947257799 463655525
947257799 463655525 947257799 465643028
947257799 465643028 947257799 466562014
947257799 465643028 948888793 465643028
952818945 463655525 983365279 472968788
983365279 472968788 993215138 486258559
764102482 376799482 773486688 421078467
773486688 421078467 779108771 424483637
591230266 327088185 642309672 330322573
642309672 330322573 670988412 342946370
670988412 342946370 670988412 364162877
670988412 364162877 671588106 364162877
670988412 364162877 670988412 368409863
671588106 364162877 675675032 368015745
670988412 342946370 696836682 342946370
879472561 650579816 879472561 705083648
481294256 0 535883576 0
535883576 0 535883576 39471079
535883576 39471079 538418490 59528738
538418490 59528738 568778867 83863708
568778867 83863708 568778867 94374738
568778867 83863708 583009031 83863708
583009031 83863708 593887267 84021790
593887267 84021790 597948926 84021790
593887267 84021790 593887267 93557502
593887267 93557502 596824498 100448719
596824498 100448719 608392389 100448719
608392389 100448719 611919357 113060757
597948926 84021790 615579597 85827112
615579597 85827112 615579597 91023373
615579597 91023373 615579597 92730934
615579597 91023373 618985471 91023373
618985471 91023373 624407045 94098549
615579597 85827112 634301588 85827112
568778867 94374738 582502950 103773452
611919357 113060757 627256680 121840158
627256680 121840158 631955851 121840158
627256680 121840158 627256680 162048072
634301588 85827112 667644812 96246714
667644812 96246714 681452348 96246714
667644812 96246714 667644812 112078064
667644812 112078064 670617220 114030138
670617220 114030138 701558617 114030138
701558617 114030138 706317723 127850136
706317723 127850136 706317723 136480531
706317723 127850136 723489303 127850136
723489303 127850136 743724917 134484074
670617220 114030138 670617220 156551471
670617220 156551471 672204276 162011715
672204276 162011715 688841386 176859481
688841386 176859481 688841386 189133732
688841386 176859481 703944435 176859481
703944435 176859481 721122752 179528186
721122752 179528186 743164402 189098214
743724917 134484074 760692161 161140476
596824498 100448719 596824498 147907389
340239810 141731441 366604273 170084196
366604273 170084196 373885322 183337260
373885322 183337260 373885322 198427934
373885322 198427934 373885322 204168225
373885322 198427934 389145830 198427934
373885322 183337260 401666678 183337260
401666678 183337260 426766060 191536314
426766060 191536314 439843194 218747649
631955851 121840158 647022225 161846210
417431430 260941886 417431430 316389133
417431430 316389133 434641304 326070956
386357269 807942090 389629793 860500442
389629793 860500442 389645148 863904415
789974787 624706564 789974787 680949831
165437854 189449118 199192916 212280374
199192916 212280374 214488461 231644412
214488461 231644412 214488461 246966206
214488461 231644412 230854584 231644412
214488461 246966206 221046566 263961788
221046566 263961788 221046566 264044270
221046566 263961788 237916252 263961788
237916252 263961788 238765881 271527187
221046566 264044270 235133218 271527187
235133218 271527187 235133218 283210680
235133218 283210680 256402510 285359212
256402510 285359212 258968716 285359212
258968716 285359212 272157397 285359212
272157397 285359212 286058777 286490517
256402510 285359212 256402510 311321115
286058777 286490517 326139455 294859807
657386161 429310336 709740223 433896240
709740223 433896240 709740223 435711692
709740223 435711692 714648457 441214952
714648457 441214952 719204350 443949327
719204350 443949327 721114860 443949327
721114860 443949327 733426759 444268517
733426759 444268517 739462432 444268517
739462432 444268517 739462432 446511352
709740223 433896240 724298918 433896240
733426759 444268517 733426759 464028781
733426759 464028781 734695432 476318991
739462432 444268517 762217660 444268517
719204350 443949327 719204350 467571557
719204350 467571557 720205840 468528354
739462432 446511352 755378609 455563422
734695432 476318991 741695607 500500134
741695607 500500134 745304649 504048683
745304649 504048683 769618605 504048683
769618605 504048683 776154241 527500067
776154241 527500067 806550578 527500067
977414463 542604918 987871017 589711028
987871017 589711028 988807245 634370897
403897769 793926342 408140577 847308062
408140577 847308062 415200085 898132888
415200085 898132888 415429145 898132888
415429145 898132888 418505195 901366497
418505195 901366497 432324679 901366497
432324679 901366497 432324679 903285212
432324679 903285212 435379255 915887876
435379255 915887876 458721923 918338160
415200085 898132888 415200085 926136996
415200085 926136996 418505195 960040865
458721923 918338160 466482541 954082911
466482541 954082911 472652121 971244651
917894559 929920197 917894559 987869486
97633071 102847940 142765461 115777509
142765461 115777509 148794259 119947785
148794259 119947785 148794259 133121823
148794259 133121823 156265686 133121823
148794259 133121823 148794259 145408329
148794259 119947785 162175235 119947785
162175235 119947785 165048296 119947785
162175235 119947785 162175235 126358348
148794259 145408329 197764188 154141447
197764188 154141447 211598882 174168440
813296572 791130584 863802277 799545619
863802277 799545619 863802277 809620962
863802277 809620962 864744276 809620962
864744276 809620962 870531737 812199556
870531737 812199556 870531737 817962425
863802277 799545619 879171448 799545619
879171448 799545619 883936575 808455348
863802277 809620962 863802277 825556651
883936575 808455348 902615305 812199556
649355388 204967586 680050631 233433804
680050631 233433804 680050631 234564191
680050631 233433804 685892610 233433804
450391747 320820443 485154894 346090654
485154894 346090654 494130514 370642824
827951786 863178730 873871477 877382605
230854584 231644412 281067934 241730341
281067934 241730341 304454041 257456048
304454041 257456048 306715488 274677728
306715488 274677728 329834077 292482918
899931295 491815374 907737217 544867172
907737217 544867172 912726541 545857358
912726541 545857358 931785306 582604191
931785306 582604191 940097065 582604191
931785306 582604191 931785306 592793225
931785306 592793225 958181942 595285858
958181942 595285858 958181942 597333990
958181942 597333990 964081703 597333990
958181942 595285858 968031988 595285858
968031988 595285858 976424360 597055398
958181942 597333990 958181942 616798451
958181942 616798451 964270882 630960541
832916508 944244574 884759148 953693002
884759148 953693002 897096328 962263568
897096328 962263568 907266878 962263568
897096328 962263568 897096328 977893024
897096328 977893024 900692541 995785819
907266878 962263568 942720015 975951487
564399467 737023664 596793189 767453666
156265686 133121823 212302983 140329806
789974787 680949831 825658737 709450948
825658737 709450948 827507903 711956140
827507903 711956140 858259257 711956140
535883576 0 600123428 0
600123428 0 600123428 3889703
600123428 0 609697268 0
609697268 0 609697268 8218800
609697268 0 631305460 0
631305460 0 631305460 1300652
631305460 0 641612505 0
641612505 0 641612505 1913725
641612505 0 644158456 0
644158456 0 663153614 0
663153614 0 670370791 0
663153614 0 663153614 7501068
670370791 0 678579481 0
678579481 0 695740613 0
695740613 0 695740613 8254463
695740613 0 731909746 0
731909746 0 731909746 23136139
731909746 0 760892447 0
760892447 0 760892447 4821751
760892447 0 774672133 0
774672133 0 774672133 10506733
774672133 0 785196513 0
785196513 0 785196513 16496470
644158456 0 644158456 38480351
644158456 38480351 654510734 43154654
654510734 43154654 670370791 43154654
670370791 43154654 670370791 47635040
670370791 43154654 678579481 43154654
670370791 47635040 676879942 52747649
676879942 52747649 681452348 57643350
654510734 43154654 654510734 59552643
654510734 59552643 656407637 59552643
654510734 59552643 654510734 65328596
681452348 57643350 704500995 57643350
704500995 57643350 711820251 83789727
711820251 83789727 743849235 95412353
743849235 95412353 771307372 102317993
771307372 102317993 771307372 110708003
771307372 102317993 797912685 102317993
797912685 102317993 802108512 113571577
802108512 113571577 802108512 117176782
802108512 117176782 803258864 128415950
802108512 113571577 824717153 113571577
824717153 113571577 837156120 116812605
837156120 116812605 837551764 116812605
837156120 116812605 837156120 128415950
837156120 128415950 855693838 133202835
803258864 128415950 803258864 156209282
803258864 156209282 821661668 158450212
855693838 133202835 879002205 142768210
879002205 142768210 879858206 142768210
879858206 142768210 890952892 159249774
890952892 159249774 890952892 169814319
890952892 169814319 893363449 183344066
893363449 183344066 912118315 183344066
912118315 183344066 913673533 192332733
913673533 192332733 913673533 202603073
913673533 202603073 913673533 205584352
913673533 202603073 918740911 202603073
913673533 192332733 924692833 192332733
918740911 202603073 922811474 209613520
922811474 209613520 922811474 221775465
890952892 159249774 910537359 159249774
910537359 159249774 912365898 160295670
893363449 183344066 893363449 217099591
922811474 221775465 953417899 226690197
922811474 209613520 962623193 209613520
953417899 226690197 989328065 232093129
989328065 232093129 991543731 232093129
989328065 232093129 989328065 246135308
821661668 158450212 828457073 194540310
837551764 116812605 880185143 118003911
785196513 0 831453216 0
831453216 0 835532491 0
835532491 0 835532491 15564364
835532491 0 852422925 0
852422925 0 881996575 0
881996575 0 906236257 0
906236257 0 918245125 0
918245125 0 918245125 6010357
918245125 0 935221786 0
935221786 0 941499213 0
941499213 0 941824762 0
941824762 0 941824762 7898624
906236257 0 906236257 21470798
941824762 7898624 941824762 30874423
941824762 7898624 971410761 7898624
881996575 0 881996575 31443147
852422925 0 852422925 35596958
852422925 35596958 852842870 64076925
852842870 64076925 867570580 64076925
852842870 64076925 852842870 91682578
906236257 21470798 913874105 53725909
913874105 53725909 917241836 54760245
941824762 30874423 951707403 62546706
951707403 62546706 951748432 77582825
951748432 77582825 951748432 82881574
951748432 82881574 956138676 82881574
951748432 82881574 951748432 87742403
951748432 77582825 989006524 77582825
867570580 64076925 886950495 86416317
886950495 86416317 912658634 91083927
912658634 91083927 912658634 105119815
912658634 91083927 928410521 91083927
928410521 91083927 932533319 121611392
932533319 121611392 932533319 122720090
932533319 121611392 946434330 121611392
932533319 122720090 941540277 134332733
941540277 134332733 963439050 140315807
946434330 121611392 977804730 125980162
977804730 125980162 988192828 127790537
963439050 140315807 968042988 175353681
968042988 175353681 973797368 175353681
968042988 175353681 968042988 188731990
968042988 188731990 968192188 188731990
968042988 188731990 968042988 191065107
973797368 175353681 987797898 181386171
987797898 181386171 999818989 206930770
941499213 0 941499213 45805795
879002205 142768210 879002205 189395483
989328065 246135308 992820500 289713593
831453216 0 831453216 48247257
935221786 0 935221786 49571901
831453216 48247257 838769774 90636241
838769774 90636241 838769774 98242308
838769774 90636241 850160281 90636241
760892447 4821751 765002963 55084390
765002963 55084390 798727115 63655936
951748432 87742403 981078286 119230347
0 140698835 0 205168758
0 205168758 7661284 205168758
0 205168758 0 259386658
0 259386658 0 260754918
0 260754918 2499458 260754918
0 260754918 0 264608562
0 264608562 0 283321215
0 283321215 21177199 283321215
0 283321215 0 319041551
0 319041551 0 320726166
0 320726166 9825882 320726166
0 259386658 40514782 259386658
40514782 259386658 47426585 264608562
0 319041551 40806108 319041551
0 320726166 0 363220996
0 363220996 0 367136209
0 367136209 0 372359658
0 367136209 12462657 367136209
0 363220996 20815316 363220996
20815316 363220996 29644337 372359658
29644337 372359658 58021330 380141832
0 372359658 0 409148196
0 409148196 0 436491137
0 436491137 14819610 436491137
0 436491137 0 466909929
0 466909929 0 470999745
0 466909929 12938195 466909929
12938195 466909929 18616756 470999745
0 470999745 0 486844168
0 486844168 0 503033543
0 503033543 0 505076252
0 505076252 18974780 505076252
0 503033543 22406000 503033543
0 409148196 31271498 409148196
58021330 380141832 73678327 401518579
40806108 319041551 84086709 319376659
84086709 319376659 87936905 336471067
87936905 336471067 106366356 348322249
106366356 348322249 111421835 348322249
106366356 348322249 106366356 364948561
106366356 364948561 112992261 373712789
112992261 373712789 112992261 386364797
112992261 373712789 141590312 373712789
112992261 386364797 126503789 413250409
126503789 413250409 141436638 413250409
126503789 413250409 126503789 432480957
126503789 432480957 140774674 441120545
140774674 441120545 140774674 443180561
140774674 441120545 149247628 441120545
149247628 441120545 150282735 460226240
150282735 460226240 163229895 478729180
163229895 478729180 166035258 488030548
166035258 488030548 166035258 522873123
166035258 522873123 166035258 536959966
166035258 536959966 177808462 536959966
177808462 536959966 179149717 542960876
179149717 542960876 179149717 551732197
179149717 542960876 195410534 542960876
166035258 536959966 166035258 554010357
166035258 554010357 168746651 573842685
166035258 522873123 206641455 522873123
206641455 522873123 237344435 533263725
195410534 542960876 206517375 573728289
237344435 533263725 255286209 557776245
255286209 557776245 276964556 574061950
276964556 574061950 277754364 574061950
276964556 574061950 276964556 597072362
276964556 597072362 277996997 600408066
277996997 600408066 282566984 616103447
18616756 470999745 46699455 486844168
46699455 486844168 51128731 500819058
51128731 500819058 74974959 500819058
51128731 500819058 51128731 535823164
73678327 401518579 78719172 440639442
78719172 440639442 89890778 454550620
89890778 454550620 96972071 454550620
96972071 454550620 107673097 474144955
107673097 474144955 107673097 493385582
107673097 474144955 135236235 474144955
89890778 454550620 89890778 486770828
0 505076252 0 549743521
0 549743521 0 553111590
0 549743521 5943052 549743521
5943052 549743521 8569832 553111590
0 553111590 0 566063689
0 566063689 0 570529947
0 570529947 18295935 570529947
0 566063689 20663675 566063689
31271498 409148196 64516646 420894155
168746651 573842685 170958945 617046853
170958945 617046853 177047667 618948834
177047667 618948834 177047667 632403775
177047667 632403775 181795379 632403775
177047667 632403775 177047667 643729185
177047667 643729185 189715256 646539665
189715256 646539665 196117559 646539665
189715256 646539665 189715256 669306905
189715256 669306905 193986453 679852988
196117559 646539665 216971388 657825921
216971388 657825921 219570565 664180756
219570565 664180756 239454981 667492263
239454981 667492263 255991775 667492263
239454981 667492263 239454981 695402451
239454981 695402451 248866046 698417280
248866046 698417280 294311108 698417280
294311108 698417280 294311108 701847612
294311108 701847612 297738306 701847612
297738306 701847612 299753847 710224629
294311108 701847612 294311108 712245699
294311108 698417280 314105147 698417280
299753847 710224629 308864073 721249048
308864073 721249048 308864073 731543239
308864073 721249048 322830824 721249048
294311108 712245699 294968723 751251453
294968723 751251453 313473266 774189567
313473266 774189567 313473266 805679707
177047667 618948834 223026264 618948834
223026264 618948834 253998685 631365408
313473266 774189567 362906281 774189567
14819610 436491137 54599696 446265193
166035258 488030548 219244455 488030548
219244455 488030548 235917860 519750154
51128731 535823164 80683165 560294699
80683165 560294699 89340242 572625018
89340242 572625018 89340242 602093747
89340242 602093747 91181945 604268699
91181945 604268699 113931648 604268699
113931648 604268699 130019972 615438803
130019972 615438803 130019972 615957835
130019972 615957835 144373212 619081525
144373212 619081525 145366436 630854656
130019972 615438803 150898366 615438803
145366436 630854656 152233044 653135648
152233044 653135648 152383833 653135648
152383833 653135648 162880181 667570115
162880181 667570115 174296904 669306905
174296904 669306905 174296904 677608478
174296904 677608478 182954601 679852988
152233044 653135648 152233044 678149498
152233044 678149498 154769677 687159704
91181945 604268699 91181945 642338961
89340242 572625018 128007696 572625018
128007696 572625018 164214529 573842685
164214529 573842685 164214529 592047697
91181945 642338961 126046490 662539883
126046490 662539883 142517036 688008777
142517036 688008777 151987014 688008777
142517036 688008777 142517036 728027463
142517036 728027463 142646570 728027463
142517036 728027463 142517036 737462387
142517036 737462387 163985740 738802317
163985740 738802317 163985740 744699020
163985740 738802317 182954601 738802317
163985740 744699020 170913162 783399160
141590312 373712789 165926402 405131223
165926402 405131223 196909288 431192688
196909288 431192688 199815825 431192688
199815825 431192688 205962209 431506951
205962209 431506951 205962209 434494561
196909288 431192688 196909288 440024021
205962209 434494561 225497985 443988206
225497985 443988206 225497985 453596340
248866046 698417280 248866046 755745893
248866046 755745893 252948363 755745893
248866046 755745893 248866046 760323839
248866046 760323839 256404397 762857134
256404397 762857134 258373114 762857134
258373114 762857134 289093725 795785076
289093725 795785076 302190178 845845779
302190178 845845779 316883076 873783172
316883076 873783172 334808638 873783172
334808638 873783172 334808638 874996711
334808638 874996711 338730525 883414690
338730525 883414690 343238981 884776162
343238981 884776162 361353954 884776162
334808638 873783172 357291736 873783172
316883076 873783172 316883076 927484477
316883076 927484477 317092644 964068580
317092644 964068580 330621358 964068580
330621358 964068580 343238981 967279767
343238981 967279767 349344460 977469188
349344460 977469188 349344460 979660632
349344460 977469188 359074111 977469188
317092644 964068580 317092644 980834743
359074111 977469188 382356188 999602694
205962209 431506951 270647804 431506951
938122806 900661692 998343487 906121832
566242965 506135968 618663537 519483305
618663537 519483305 618663537 522518685
618663537 519483305 623258345 519483305
623258345 519483305 627813536 540629581
627813536 540629581 642983264 550623753
642983264 550623753 646199995 550623753
646199995 550623753 646199995 551035923
646199995 551035923 648762444 553275799
646199995 550623753 675864030 550623753
642983264 550623753 642983264 586000161
642983264 586000161 663805973 593214958
663805973 593214958 665686595 605761235
665686595 605761235 666258190 606253443
666258190 606253443 673325741 607602695
673325741 607602695 675672659 607602695
673325741 607602695 673325741 649026019
517221550 851119229 547868198 887879486
206517375 573728289 234654945 613010956
836294758 513496906 845652210 571932812
845652210 571932812 896661649 588365778
828457073 194540310 858186812 232686098
858186812 232686098 864914790 248713342
915966338 691232685 916984847 758237182
390139612 551662853 417949272 593205386
477210758 641508285 532646104 655506348
356642429 467567175 413385027 481135773
413385027 481135773 428316930 494882706
256404397 762857134 256404397 833493394
211598882 174168440 268246130 188362393
268246130 188362393 286325228 198570059
675675032 368015745 723174074 393198019
400871061 97867028 405779935 166369897
405779935 166369897 411673443 168340463
27420639 57928018 78125056 82367260
534830910 474025135 548330685 535920781
548330685 535920781 549188624 559678348
549188624 559678348 559025041 559678348
549188624 559678348 549188624 573382327
549188624 573382327 590542298 574981561
513858757 306171362 563281541 333553866
47426585 264608562 76934919 315187054
435589401 460325879 502537236 475273428
502537236 475273428 502710295 483814450
502710295 483814450 505140572 483814450
502710295 483814450 502710295 504758532
0 570529947 0 652771414
0 652771414 0 672812794
0 672812794 0 688104695
0 688104695 0 700701775
0 672812794 15590606 672812794
0 700701775 0 716978092
0 716978092 0 724632581
0 724632581 13792179 724632581
0 700701775 16712971 700701775
0 724632581 0 755850901
0 755850901 0 790100518
0 790100518 28332575 790100518
0 652771414 36729462 652771414
28332575 790100518 53503811 801708218
53503811 801708218 64315078 812538902
64315078 812538902 66330233 812538902
64315078 812538902 64315078 823055555
64315078 823055555 76275364 839392902
76275364 839392902 103141474 848915316
103141474 848915316 105929105 848915316
103141474 848915316 103141474 871210370
103141474 871210370 104859235 871210370
103141474 871210370 103141474 876737407
16712971 700701775 52340897 703202696
36729462 652771414 47085435 681463413
47085435 681463413 53669882 681463413
47085435 681463413 47085435 688104695
47085435 688104695 78937763 688627382
104859235 871210370 147523365 872015822
103141474 876737407 115703678 907982232
115703678 907982232 115703678 908160427
115703678 908160427 134150697 915871007
115703678 907982232 142544266 907982232
0 755850901 45573509 755850901
45573509 755850901 50084171 767767269
50084171 767767269 57476842 768905556
57476842 768905556 82257939 778307548
82257939 778307548 117536808 781047715
117536808 781047715 117536808 782462020
117536808 781047715 127275192 781047715
117536808 782462020 118444346 801405453
118444346 801405453 125539893 805419962
125539893 805419962 131673614 831719780
131673614 831719780 142725826 833337087
142725826 833337087 161602431 833337087
161602431 833337087 161602431 843450122
142725826 833337087 142725826 863634847
134150697 915871007 138912976 961168569
138912976 961168569 154030464 961168569
154030464 961168569 158633706 965339286
158633706 965339286 170267491 967797948
138912976 961168569 138912976 977840443
170267491 967797948 194472623 979301944
147523365 872015822 181002481 890005814
181002481 890005814 181955638 891192546
181955638 891192546 188402426 891192546
188402426 891192546 221487265 894018785
221487265 894018785 221487265 915958763
221487265 894018785 249311162 894018785
181955638 891192546 181955638 930030709
181955638 930030709 183276364 932043691
183276364 932043691 183276364 946233305
183276364 946233305 187793050 946233305
183276364 946233305 183276364 960234292
187793050 946233305 192373386 956007428
192373386 956007428 192373386 958910547
192373386 956007428 203970045 956007428
203970045 956007428 223509056 964916273
183276364 932043691 221072687 932043691
221072687 932043691 263293071 935770218
223509056 964916273 251776574 983266250
251776574 983266250 258390916 988553012
258390916 988553012 258390916 989071784
258390916 988553012 267466804 988553012
267466804 988553012 297380541 991652133
161602431 833337087 239321999 833337087
239321999 833337087 240418902 833337087
239321999 833337087 239321999 839992464
239321999 839992464 243748550 848773780
243748550 848773780 250468706 850863013
310825554 317277904 314009768 397778199
78937763 688627382 106930765 746736260
18295935 570529947 60213546 618394620
60213546 618394620 69343423 639661665
428316930 494882706 488458965 545295951
488458965 545295951 500549561 546379876
170913162 783399160 239555239 830716055
0 790100518 0 920712955
0 920712955 0 922313875
0 920712955 21103210 920712955
21103210 920712955 35290438 922313875
0 922313875 5262989 971074542
5262989 971074542 61375684 972201739
61375684 972201739 61501264 972201739
61375684 972201739 61375684 972749076
61375684 972749076 82133846 997071161
82133846 997071161 101407756 998873791
35290438 922313875 84036944 964169066
