1450
0 0 1095648 0
0 0 0 7120846
0 7120846 0 21214236
0 21214236 1095648 21214236
1095648 0 15426611 0
15426611 0 15426611 7120846
15426611 0 57686807 0
57686807 0 67443328 0
67443328 0 67443328 3044018
67443328 0 78502647 0
78502647 0 107809777 0
57686807 0 57686807 30775490
57686807 30775490 68651335 48667419
68651335 48667419 78502647 48667419
68651335 48667419 68651335 72181348
68651335 72181348 73910094 74917875
73910094 74917875 73910094 98935286
73910094 98935286 74617478 112792816
74617478 112792816 84225416 117933614
73910094 74917875 101642749 74917875
101642749 74917875 105150301 90582416
105150301 90582416 105150301 97136709
105150301 90582416 135200874 90582416
107809777 0 107809777 37074367
107809777 0 145705714 0
145705714 0 149273753 0
149273753 0 163278713 0
163278713 0 163278713 1833488
163278713 0 178483488 0
178483488 0 181834012 0
181834012 0 181834012 20881177
145705714 0 145705714 21703180
145705714 21703180 149273753 25840622
178483488 0 178483488 46968126
149273753 25840622 162593039 61661578
162593039 61661578 166766990 66667456
166766990 66667456 168459259 66667456
166766990 66667456 166766990 70503639
166766990 70503639 172925199 88565485
172925199 88565485 172925199 89739466
172925199 89739466 191048429 92985630
191048429 92985630 198555545 92985630
191048429 92985630 191048429 134653392
191048429 134653392 195806712 135660137
195806712 135660137 197700341 155165909
197700341 155165909 197700341 156517733
197700341 156517733 202662180 174219179
202662180 174219179 216523141 174219179
202662180 174219179 202662180 202646133
197700341 155165909 228511803 155165909
228511803 155165909 235138241 172875733
181834012 0 237083547 0
237083547 0 245037236 0
237083547 0 237083547 22121919
237083547 22121919 245037236 39491538
245037236 0 271967355 0
271967355 0 271967355 4907708
271967355 0 281234128 0
281234128 0 299609367 0
299609367 0 304485227 0
299609367 0 299609367 8636681
304485227 0 316667133 0
316667133 0 331770503 0
331770503 0 331770503 10148840
299609367 8636681 304485227 23382078
304485227 23382078 316667133 28682167
281234128 0 281234128 19808688
245037236 39491538 261521398 50100562
261521398 50100562 277855375 50100562
261521398 50100562 261521398 75848267
261521398 75848267 263231010 76911391
331770503 0 367076320 0
367076320 0 374103317 0
367076320 0 367076320 20665879
367076320 20665879 374103317 23660631
374103317 0 409850931 0
409850931 0 418649944 0
418649944 0 418649944 17415440
316667133 28682167 319894092 63794968
263231010 76911391 263231010 118423640
263231010 118423640 266306876 118750318
266306876 118750318 291589385 118750318
291589385 118750318 291589385 132561308
291589385 118750318 309507529 118750318
309507529 118750318 317513811 128413249
317513811 128413249 317513811 129868968
317513811 128413249 333249981 128413249
291589385 132561308 300019852 144368626
266306876 118750318 266306876 151532771
418649944 0 460575028 0
460575028 0 461232328 0
461232328 0 471910945 0
471910945 0 475583972 0
471910945 0 471910945 8087942
460575028 0 460575028 14928485
460575028 14928485 461232328 36738471
471910945 8087942 475583972 27829174
475583972 0 508791994 0
508791994 0 516783595 0
516783595 0 516783595 19746348
516783595 0 547680454 0
547680454 0 547680454 17177196
547680454 0 570298652 0
570298652 0 570298652 4733682
263231010 76911391 307816496 76911391
307816496 76911391 315603649 76911391
315603649 76911391 316978406 82526457
307816496 76911391 307816496 113527019
316978406 82526457 342351414 95807856
342351414 95807856 345680912 101215602
409850931 0 409850931 47034814
409850931 47034814 413621178 73533722
413621178 73533722 420141332 73533722
413621178 73533722 413621178 95660458
420141332 73533722 423506263 94688062
423506263 94688062 426854443 110712001
426854443 110712001 426854443 111201211
426854443 110712001 451607882 110712001
451607882 110712001 460596787 130366599
460596787 130366599 472769192 155330697
472769192 155330697 472769192 159955078
472769192 155330697 499697561 155330697
472769192 159955078 476616073 196065495
476616073 196065495 485611572 196065495
476616073 196065495 476616073 211313968
476616073 211313968 479979639 211313968
476616073 211313968 476616073 225203942
485611572 196065495 498717817 202202967
498717817 202202967 522311200 213598800
522311200 213598800 523819645 213875499
523819645 213875499 523819645 214281167
523819645 213875499 530376636 213875499
530376636 213875499 537153166 231038452
537153166 231038452 537153166 232772143
537153166 232772143 540142463 234056811
537153166 231038452 560856680 231038452
540142463 234056811 554484108 262800883
554484108 262800883 558670991 280071627
558670991 280071627 558670991 283635883
558670991 280071627 587174523 280071627
587174523 280071627 601958195 302287159
601958195 302287159 603574949 302287159
601958195 302287159 601958195 316210928
601958195 316210928 618362839 340181012
618362839 340181012 618362839 358907375
618362839 340181012 642177403 340181012
642177403 340181012 666795619 340438295
666795619 340438295 676821648 344621341
676821648 344621341 685983539 346929255
685983539 346929255 685983539 359066658
508791994 0 508791994 47817815
508791994 47817815 530983264 56791286
530983264 56791286 531335636 58020422
531335636 58020422 533095397 58020422
531335636 58020422 531335636 67343270
533095397 58020422 546385423 60064565
546385423 60064565 568875127 69900929
568875127 69900929 568875127 70936778
568875127 69900929 573485835 69900929
573485835 69900929 582098897 71167788
582098897 71167788 584487211 90057782
584487211 90057782 617494887 90986427
617494887 90986427 628646227 110066871
628646227 110066871 629314167 125989812
629314167 125989812 645865145 125989812
629314167 125989812 629314167 149558188
629314167 149558188 635562286 150910470
635562286 150910470 646882450 150910470
646882450 150910470 650066593 162477940
650066593 162477940 650066593 163042982
650066593 162477940 667427723 162477940
667427723 162477940 691246301 175626798
691246301 175626798 695643953 183394813
695643953 183394813 697722794 183394813
697722794 183394813 708242230 187721458
708242230 187721458 708242230 198618497
708242230 198618497 708541304 211988755
708541304 211988755 730802272 211988755
708242230 187721458 731967853 187721458
708541304 211988755 708541304 254037710
708541304 254037710 734504637 257895054
734504637 257895054 738856183 257895054
738856183 257895054 753160329 257895054
753160329 257895054 757286098 260997941
757286098 260997941 757910402 273592779
757910402 273592779 769298648 273592779
757910402 273592779 757910402 291045869
734504637 257895054 734504637 275473025
734504637 275473025 738856183 286909044
738856183 286909044 738856183 297495502
738856183 286909044 750529279 286909044
738856183 297495502 744947928 330231384
744947928 330231384 746039641 330231384
744947928 330231384 744947928 332161415
744947928 332161415 769804280 343760129
769804280 343760129 769804280 346945568
769804280 343760129 782987978 343760129
782987978 343760129 783283387 344297567
783283387 344297567 783283387 348480089
783283387 348480089 793211535 350942410
783283387 344297567 800538635 344297567
800538635 344297567 803990625 370433183
803990625 370433183 814431839 370433183
814431839 370433183 820152212 370433183
814431839 370433183 814431839 377498973
814431839 377498973 824068942 394709928
824068942 394709928 824068942 394953014
824068942 394709928 853535441 394709928
803990625 370433183 803990625 409783281
757910402 291045869 799045327 292438246
695643953 183394813 695643953 227743042
695643953 227743042 697682130 227743042
695643953 227743042 695643953 236652115
645865145 125989812 689843576 127560676
689843576 127560676 697803725 127560676
689843576 127560676 689843576 145119813
730802272 211988755 736777449 252311189
333249981 128413249 369744691 139853210
369744691 139853210 385797299 139853210
369744691 139853210 369744691 178704660
369744691 178704660 375504184 183675067
375504184 183675067 375701930 183675067
375504184 183675067 375504184 219549099
375504184 219549099 375504184 229122935
375504184 219549099 385753584 219549099
375701930 183675067 385753584 211519490
385753584 211519490 416975946 211519490
416975946 211519490 420610202 217439616
461232328 36738471 472738767 73187780
476616073 225203942 483731826 266430463
635562286 150910470 635562286 199666570
685983539 346929255 735042960 346929255
735042960 346929255 742740746 372772866
799045327 292438246 813700795 328426344
499697561 155330697 539584471 167366445
618362839 358907375 619010191 410380653
619010191 410380653 631945852 410380653
631945852 410380653 639131389 423146889
639131389 423146889 666477173 423146889
666477173 423146889 666477173 424689023
666477173 423146889 669272322 423146889
669272322 423146889 671060457 427273015
671060457 427273015 693339878 427273015
693339878 427273015 695136520 444605471
695136520 444605471 703910467 458073389
703910467 458073389 712647506 462413041
639131389 423146889 639131389 453653306
671060457 427273015 671060457 470074168
671060457 470074168 678422976 493624166
678422976 493624166 680451800 493624166
678422976 493624166 678422976 528845027
678422976 528845027 688362478 537732537
688362478 537732537 690164537 537732537
690164537 537732537 691838219 539663539
688362478 537732537 688362478 559105121
688362478 559105121 698609021 561667725
691838219 539663539 710660025 549374841
710660025 549374841 710817805 549374841
710660025 549374841 710660025 550470973
680451800 493624166 687299836 525737150
712647506 462413041 754275171 464672394
754275171 464672394 754275171 482876077
754275171 482876077 759652200 497545918
759652200 497545918 759652200 501611905
759652200 501611905 765956728 501611905
765956728 501611905 772764605 502029020
772764605 502029020 780839580 505671623
780839580 505671623 782738854 513624772
759652200 497545918 774142187 497545918
774142187 497545918 774142187 499998931
774142187 497545918 789512952 497545918
759652200 501611905 759652200 521363085
754275171 464672394 777404401 464672394
782738854 513624772 793928729 532728285
777404401 464672394 802025918 472444293
802025918 472444293 802025918 485748684
802025918 472444293 820995341 472444293
820995341 472444293 822671361 501137113
822671361 501137113 825171756 512019121
825171756 512019121 825171756 525141071
825171756 525141071 833008876 539875281
833008876 539875281 844234673 539875281
844234673 539875281 844234673 542700920
833008876 539875281 833008876 552953427
793928729 532728285 799588354 562714872
844234673 539875281 883747216 539875281
698609021 561667725 706617599 598796958
706617599 598796958 708363260 604130119
708363260 604130119 708363260 624699698
708363260 604130119 736184587 604130119
736184587 604130119 740167837 616426176
740167837 616426176 743111486 657637889
743111486 657637889 757323569 672616116
757323569 672616116 763809804 672616116
763809804 672616116 763809804 673388998
763809804 672616116 770188353 672616116
757323569 672616116 757323569 679791472
619010191 410380653 619010191 456607828
710660025 550470973 749754603 559014617
844234673 542700920 847947402 587318579
847947402 587318579 847947402 600349039
847947402 600349039 849568056 600349039
847947402 600349039 847947402 615539600
847947402 587318579 870644897 587318579
870644897 587318579 885865562 596218994
849568056 600349039 859610359 614717763
885865562 596218994 910251610 597283473
910251610 597283473 912459689 612184649
912459689 612184649 927701405 612184649
912459689 612184649 912459689 627773921
912459689 627773921 931001307 641267265
931001307 641267265 932126739 641267265
931001307 641267265 931001307 663753191
931001307 663753191 955802878 687846720
955802878 687846720 960847876 687846720
955802878 687846720 955802878 704766125
385753584 219549099 412168704 246387851
412168704 246387851 414097333 247055850
414097333 247055850 417050809 252048170
417050809 252048170 417050809 262868063
417050809 262868063 429447021 262868063
429447021 262868063 437597805 271673841
437597805 271673841 438156227 286644103
438156227 286644103 450949131 286644103
438156227 286644103 438156227 305560996
438156227 305560996 445316142 305560996
438156227 305560996 438156227 314605825
438156227 314605825 438156227 316062087
438156227 314605825 440668012 314605825
440668012 314605825 459375762 315480954
459375762 315480954 470342763 321126345
417050809 262868063 417050809 283866832
417050809 283866832 417050809 286219551
417050809 283866832 423924138 283866832
445316142 305560996 459375762 312793541
470342763 321126345 489077996 327008219
489077996 327008219 489077996 335803910
489077996 327008219 526640063 327008219
526640063 327008219 534802745 346106694
534802745 346106694 534802745 351729431
534802745 346106694 546513053 346106694
546513053 346106694 566453774 359073163
566453774 359073163 567973873 372049757
567973873 372049757 577380878 372049757
567973873 372049757 567973873 400246274
417050809 252048170 459462064 252048170
489077996 335803910 517427699 351729431
517427699 351729431 517427699 369989621
438156227 316062087 439881705 359940752
439881705 359940752 442234972 390787411
442234972 390787411 442234972 404437159
442234972 390787411 456065979 390787411
456065979 390787411 481709317 410744023
481709317 410744023 490718542 428260419
490718542 428260419 490718542 442196245
490718542 428260419 514598274 428260419
514598274 428260419 517734739 437180747
517734739 437180747 529379353 437180747
529379353 437180747 531288476 470681313
531288476 470681313 533691405 470681313
531288476 470681313 531288476 483939213
385797299 139853210 423456946 157991226
423456946 157991226 430124160 207283504
472738767 73187780 502526701 99675810
502526701 99675810 518730057 103734072
518730057 103734072 527640125 103734072
527640125 103734072 530190841 138976744
530190841 138976744 530190841 150181249
530190841 150181249 539584471 154826818
539584471 154826818 553740063 154826818
530190841 138976744 562485728 138976744
518730057 103734072 518730057 154319742
560856680 231038452 596245344 252548400
596245344 252548400 638558275 261892009
638558275 261892009 646350633 261892009
638558275 261892009 638558275 272356903
638558275 272356903 649171468 273488206
649171468 273488206 657889169 285403355
657889169 285403355 680823246 285403355
657889169 285403355 657889169 336268325
317513811 129868968 320969051 183557912
320969051 183557912 320969051 184660284
320969051 183557912 331476156 183557912
331476156 183557912 335432071 183675067
335432071 183675067 344106906 210421958
320969051 184660284 330777064 210421958
330777064 210421958 330777064 232873134
330777064 232873134 335432071 232873134
330777064 232873134 330777064 239399002
335432071 232873134 358636010 237531931
330777064 239399002 353533207 268197371
353533207 268197371 358106829 293117535
358106829 293117535 393635071 293526573
731967853 187721458 789280059 188158912
789280059 188158912 815570354 216413286
235138241 172875733 258784760 207161927
258784760 207161927 267236192 210150276
267236192 210150276 282147880 210150276
282147880 210150276 282147880 211758679
282147880 210150276 284834424 210150276
267236192 210150276 267236192 243536045
267236192 243536045 274883397 255915086
274883397 255915086 274883397 262501788
274883397 255915086 286168585 255915086
286168585 255915086 303101911 269752298
517734739 437180747 517734739 495668362
517734739 495668362 524508660 495668362
517734739 495668362 517734739 516383869
517734739 516383869 520045387 545522324
520045387 545522324 535837466 548828922
535837466 548828922 548732184 548828922
548732184 548828922 548732184 554714696
548732184 554714696 550743737 596402071
550743737 596402071 558370342 599494100
558370342 599494100 572583334 599494100
572583334 599494100 572583334 604258100
572583334 604258100 574566851 625892200
574566851 625892200 579344477 630667363
579344477 630667363 588771251 630667363
588771251 630667363 588771251 634443851
579344477 630667363 579344477 640418828
588771251 634443851 607366019 635846701
572583334 599494100 596399124 599494100
558370342 599494100 558370342 626630049
558370342 626630049 568241218 626630049
568241218 626630049 570514732 626630049
568241218 626630049 568241218 629572990
558370342 626630049 558370342 638428423
588771251 630667363 616235240 630667363
616235240 630667363 616235240 631980477
616235240 631980477 624428997 634276952
616235240 630667363 627620622 630667363
627620622 630667363 627620622 631283420
627620622 630667363 640099791 630667363
640099791 630667363 655647738 633568246
655647738 633568246 655647738 634276952
624428997 634276952 624428997 656951030
579344477 640418828 584786119 667820225
584786119 667820225 587537599 667820225
584786119 667820225 584786119 678518500
587537599 667820225 608218608 671703482
608218608 671703482 609845804 678945194
609845804 678945194 623298155 678945194
609845804 678945194 609845804 701183970
609845804 701183970 612573082 718997509
655647738 634276952 685697973 639843827
584786119 678518500 588850505 714293457
588850505 714293457 601513484 739351361
601513484 739351361 604664834 739351361
601513484 739351361 601513484 760403572
601513484 760403572 611188746 760403572
611188746 760403572 615405340 765036445
615405340 765036445 618120862 765036445
615405340 765036445 615405340 785530949
615405340 785530949 616678126 785530949
615405340 785530949 615405340 800956332
601513484 760403572 601513484 790581290
601513484 790581290 603249683 808207949
603249683 808207949 615004303 808207949
615004303 808207949 639746467 814013713
639746467 814013713 640748329 814013713
639746467 814013713 639746467 818319015
639746467 818319015 647052797 832757839
647052797 832757839 647052797 840903929
647052797 832757839 671048395 832757839
671048395 832757839 692589193 834473285
692589193 834473285 695627328 834473285
695627328 834473285 702101072 834473285
695627328 834473285 695627328 843165828
695627328 843165828 706121708 849204843
706121708 849204843 726094404 849204843
726094404 849204843 732597512 866278730
706121708 849204843 706121708 884507921
618120862 765036445 644375532 777488516
603249683 808207949 603249683 849220981
603249683 849220981 607453806 849220981
607453806 849220981 617358933 858330666
617358933 858330666 617358933 867097768
617358933 858330666 634199136 858330666
617358933 867097768 629205551 873597157
603249683 849220981 603249683 877679626
629205551 873597157 633088627 910505690
633088627 910505690 633088627 912785203
633088627 910505690 644039055 910505690
612573082 718997509 642952761 730833961
642952761 730833961 643628396 734590398
643628396 734590398 651308291 734590398
643628396 734590398 643628396 757909910
643628396 757909910 663276674 758587968
663276674 758587968 675697794 768031363
675697794 768031363 675697794 797554289
675697794 768031363 715715085 768031363
715715085 768031363 716733736 768031363
715715085 768031363 715715085 789254349
715715085 789254349 726769215 790749442
726769215 790749442 736559966 790749442
726769215 790749442 726769215 801715759
726769215 801715759 731376202 801715759
726769215 801715759 726769215 809558781
716733736 768031363 740837892 770237709
740837892 770237709 740837892 774018099
740837892 770237709 783194122 770237709
783194122 770237709 798051044 782867271
798051044 782867271 798051044 800802610
798051044 782867271 838148024 782867271
838148024 782867271 839343762 785948402
839343762 785948402 843677918 785948402
843677918 785948402 843677918 793744708
839343762 785948402 839343762 818060855
702101072 834473285 742904270 837230392
742904270 837230392 773741811 842395906
773741811 842395906 781333189 842395906
773741811 842395906 773741811 859470427
773741811 859470427 777131798 862969828
777131798 862969828 777131798 865854847
777131798 862969828 782698937 862969828
782698937 862969828 805910913 862969828
782698937 862969828 782698937 886602326
782698937 886602326 798241406 900146034
798241406 900146034 819125835 900146034
819125835 900146034 833209765 900146034
833209765 900146034 839966304 900146034
833209765 900146034 833209765 913827837
819125835 900146034 819125835 917322750
798241406 900146034 798241406 927286611
798241406 927286611 810700168 948762298
810700168 948762298 814291041 948762298
810700168 948762298 810700168 964991760
814291041 948762298 834042505 949866586
834042505 949866586 844112539 957682801
844112539 957682801 871127050 961321336
871127050 961321336 901289272 965047224
901289272 965047224 906357751 993301298
819125835 917322750 830898606 942099620
906357751 993301298 941203294 997967944
548732184 548828922 593899952 548828922
798051044 800802610 826446479 818076339
826446479 818076339 831696562 832586855
843677918 785948402 891156349 785948402
891156349 785948402 900500373 787256299
900500373 787256299 900500373 822496677
900500373 822496677 900500373 836837992
900500373 822496677 920818174 822496677
920818174 822496677 929117610 833479183
929117610 833479183 943965841 837852384
943965841 837852384 944886752 837852384
943965841 837852384 943965841 855334279
944886752 837852384 953227408 848625100
953227408 848625100 953227408 852083286
953227408 848625100 979317543 848625100
900500373 787256299 940179468 787256299
940179468 787256299 964814084 802259118
964814084 802259118 964814084 815421359
964814084 802259118 979434038 802259118
623298155 678945194 663716084 686101174
663716084 686101174 666375999 707244014
666375999 707244014 666375999 709126982
666375999 707244014 683863880 707244014
666375999 709126982 674403517 729556858
655647738 633568246 704183300 633568246
843677918 793744708 882215611 805498079
900500373 836837992 903609774 884317811
903609774 884317811 918569170 885882224
683863880 707244014 731803882 713029863
726769215 809558781 774963918 815608543
704183300 633568246 711968423 680909877
711968423 680909877 718962862 681378059
644039055 910505690 657261959 952645495
657261959 952645495 669246187 955654902
669246187 955654902 669246187 989247622
669246187 989247622 669246187 996850572
669246187 989247622 702605160 989247622
702605160 989247622 735654310 993660304
669246187 955654902 720074843 955654902
720074843 955654902 727053716 971649744
727053716 971649744 775638334 972048872
775638334 972048872 775638334 985285198
775638334 972048872 796219433 972048872
796219433 972048872 797164117 972048872
796219433 972048872 796219433 976242959
796219433 976242959 802400703 993338231
979317543 848625100 986200731 900461036
986200731 900461036 986673291 906309213
986673291 906309213 998422918 906309213
603249683 877679626 611723029 928056274
611723029 928056274 621737970 928056274
611723029 928056274 611723029 943547859
799588354 562714872 800147879 621142122
800147879 621142122 800361879 621142122
800147879 621142122 800147879 626572462
800147879 626572462 801183547 629365204
801183547 629365204 832449498 629365204
832449498 629365204 832521040 634137083
801183547 629365204 801183547 664255789
801183547 664255789 803393732 669267622
345680912 101215602 392290199 113707834
392290199 113707834 392492921 119677629
392492921 119677629 394589928 119677629
394589928 119677629 395207498 133330507
392492921 119677629 392492921 138314977
825171756 512019121 884313814 512019121
884313814 512019121 895995677 520321114
895995677 520321114 895995677 523281446
895995677 520321114 918107544 520321114
918107544 520321114 939702164 530559433
939702164 530559433 964682466 530559433
939702164 530559433 939702164 556867411
939702164 556867411 943582422 556867411
939702164 556867411 939702164 561600291
939702164 561600291 954638615 584340488
943582422 556867411 984409133 559131134
984409133 559131134 988064287 559131134
984409133 559131134 984409133 572472697
984409133 572472697 987414696 605506642
987414696 605506642 989393888 615111308
989393888 615111308 989674798 615111308
989393888 615111308 989393888 648889527
989393888 648889527 995814052 665053841
689843576 145119813 732846912 161435797
732846912 161435797 732846912 165221129
732846912 161435797 749990914 161435797
986673291 906309213 986673291 965696658
986673291 965696658 991408507 980099302
611723029 943547859 630804222 984242294
805910913 862969828 851158437 877711616
851158437 877711616 874323458 878776118
874323458 878776118 887529272 882925121
887529272 882925121 897321736 882925121
897321736 882925121 897714843 883465877
887529272 882925121 887529272 935188804
887529272 935188804 887529272 938059988
887529272 935188804 896431590 935188804
896431590 935188804 917493919 951892728
917493919 951892728 917493919 959374641
917493919 951892728 951951303 951892728
951951303 951892728 966827753 954757796
859610359 614717763 882598746 652165880
882598746 652165880 892430203 652165880
882598746 652165880 882598746 701509026
882598746 701509026 888894722 722293313
888894722 722293313 894272719 722293313
894272719 722293313 899143009 731573728
899143009 731573728 904782679 731573728
899143009 731573728 899143009 747099913
888894722 722293313 888894722 747099913
888894722 747099913 888894722 752797437
904782679 731573728 918979358 744809244
918979358 744809244 919544772 744809244
918979358 744809244 918979358 763736619
919544772 744809244 937585491 749173247
937585491 749173247 939241971 769273481
939241971 769273481 940179468 771055071
918979358 763736619 929539522 784817392
940179468 771055071 978666796 771055071
892430203 652165880 903577001 691737286
459375762 312793541 520430091 312793541
570298652 0 632747754 0
632747754 0 638478688 0
638478688 0 651720668 0
651720668 0 651720668 4401716
651720668 0 660663825 0
660663825 0 660663825 10619527
660663825 0 684468718 0
684468718 0 700800059 0
700800059 0 707500561 0
707500561 0 707500561 16744520
700800059 0 700800059 17297366
707500561 0 732259119 0
732259119 0 732911146 0
732911146 0 746071589 0
732259119 0 732259119 27078675
732259119 27078675 732911146 37369220
732911146 37369220 732911146 39785871
732911146 37369220 746071589 37369220
746071589 37369220 749315950 55906692
638478688 0 638478688 27657869
632747754 0 632747754 28402589
749315950 55906692 769854450 65764203
769854450 65764203 779532027 65764203
769854450 65764203 769854450 77372534
769854450 77372534 796507562 93250746
796507562 93250746 796507562 93935940
796507562 93250746 807034553 93250746
746071589 0 789222732 0
789222732 0 789222732 4068598
779532027 65764203 814195217 74610247
814195217 74610247 831442819 85185215
684468718 0 684468718 45224944
684468718 45224944 685872317 56001457
685872317 56001457 693767407 72475636
693767407 72475636 726734870 85223587
726734870 85223587 754016115 103868802
754016115 103868802 756253020 142566068
756253020 142566068 758115524 145777760
789222732 0 835616994 0
835616994 0 835616994 5197987
835616994 0 876899586 0
876899586 0 876899586 14064790
876899586 0 893621161 0
893621161 0 899249174 0
899249174 0 911671658 0
911671658 0 926512219 0
926512219 0 926512219 5287902
926512219 0 948295835 0
948295835 0 948295835 6897326
948295835 6897326 951696526 11033358
951696526 11033358 953409775 15735066
953409775 15735066 973834342 15735066
911671658 0 911671658 28241267
973834342 15735066 977748031 46979226
977748031 46979226 977748031 56572756
977748031 56572756 996426219 57077846
977748031 46979226 997318885 46979226
831442819 85185215 864338576 99388143
864338576 99388143 865090596 108599078
865090596 108599078 869764597 108599078
865090596 108599078 865090596 126688055
865090596 126688055 866649181 130387148
866649181 130387148 866649181 132522704
866649181 130387148 888462723 130387148
888462723 130387148 900762187 136761931
869764597 108599078 888654116 113011558
888654116 113011558 888654116 118148572
866649181 132522704 878406890 146219456
878406890 146219456 887911022 146219456
878406890 146219456 878406890 157634350
888654116 113011558 918310644 113011558
899249174 0 899249174 47120652
807034553 93250746 822992527 128551220
822992527 128551220 836589123 139295476
836589123 139295476 836589123 140705092
836589123 139295476 853974858 139295476
836589123 140705092 849920772 163357236
758115524 145777760 807546224 148018250
807546224 148018250 818792069 148018250
807546224 148018250 807546224 160318869
807546224 160318869 830883060 177987344
953409775 15735066 953409775 69523594
878406890 157634350 885680334 206986832
885680334 206986832 893094370 241238194
893094370 241238194 930138996 243135608
930138996 243135608 930138996 280746899
930138996 243135608 968547554 243135608
968547554 243135608 983611444 252846865
918310644 113011558 970283042 119798516
970283042 119798516 989730047 159174308
989730047 159174308 996274223 159174308
989730047 159174308 989730047 172275467
989730047 172275467 995539460 192100338
930138996 280746899 960667426 312501441
960667426 312501441 974957587 328913870
974957587 328913870 974957587 331586647
974957587 328913870 982533812 328913870
982533812 328913870 986768813 364957717
986768813 364957717 987132195 365778230
987132195 365778230 996458452 365778230
987132195 365778230 987132195 378077031
553740063 154826818 608188353 163220819
172925199 88565485 236578633 88565485
680823246 285403355 727069228 302812731
769298648 273592779 819166718 287584758
819166718 287584758 851674302 316881871
851674302 316881871 863915952 345912205
863915952 345912205 863915952 347696254
863915952 345912205 873080677 345912205
873080677 345912205 874399766 354571344
874399766 354571344 888412187 354571344
888412187 354571344 888412187 358821295
888412187 354571344 901265836 354571344
888412187 358821295 898008963 371857534
898008963 371857534 898008963 382884223
898008963 371857534 919674261 371857534
919674261 371857534 920682955 377946269
920682955 377946269 920682955 390244386
920682955 390244386 933772679 390244386
920682955 390244386 920682955 405340710
920682955 405340710 932468242 405340710
920682955 377946269 939219200 377946269
939219200 377946269 950108295 377946269
950108295 377946269 951026445 377946269
950108295 377946269 950108295 380511786
939219200 377946269 939219200 389645197
920682955 405340710 920682955 425530402
920682955 425530402 924045039 439878100
932468242 405340710 949009203 420416246
874399766 354571344 874399766 392891216
874399766 392891216 885415613 393682105
898008963 382884223 907941455 428948047
907941455 428948047 912334535 428948047
912334535 428948047 917035025 437942201
907941455 428948047 907941455 450965078
907941455 450965078 909579059 498706153
833209765 913827837 870177126 941449972
0 21214236 0 86457517
0 86457517 0 98739765
0 98739765 1420244 98739765
0 98739765 0 132821075
0 132821075 0 145599925
0 145599925 4047661 145599925
0 86457517 37501772 86457517
0 145599925 0 191753344
0 191753344 44806146 191753344
44806146 191753344 50662047 198397946
50662047 198397946 54609574 219295495
0 132821075 47583003 132821075
0 191753344 0 245538711
0 245538711 9767299 245538711
0 245538711 0 267343291
0 267343291 0 273701965
0 273701965 0 278205144
0 278205144 0 283576437
0 283576437 0 284739174
0 267343291 6712018 267343291
0 284739174 0 293493883
0 293493883 4158714 293493883
0 278205144 34672203 278205144
34672203 278205144 37566754 283576437
37566754 283576437 46441026 284739174
46441026 284739174 50329662 289548658
50329662 289548658 56921871 289548658
56921871 289548658 87556425 295070995
87556425 295070995 105235775 299735113
105235775 299735113 118251388 305972128
118251388 305972128 118251388 308381670
118251388 305972128 137971071 305972128
137971071 305972128 143577678 308104372
143577678 308104372 143577678 344966688
143577678 344966688 143577678 351241737
143577678 351241737 143918752 351241737
143577678 351241737 143577678 358404286
143918752 351241737 150223383 355842318
150223383 355842318 166968510 355842318
166968510 355842318 168175515 370325536
168175515 370325536 174396018 372923900
174396018 372923900 174664274 374449176
143577678 344966688 163735273 344966688
163735273 344966688 182982386 351034189
150223383 355842318 150223383 389018914
6712018 267343291 44925192 273701965
174664274 374449176 219525614 374449176
219525614 374449176 231894078 374449176
219525614 374449176 219525614 391719554
219525614 391719554 219525614 391880768
219525614 391719554 228412230 391719554
44925192 273701965 80787253 283074441
231894078 374449176 274360500 378032289
174664274 374449176 174664274 421394070
174664274 421394070 174664274 436851138
174664274 436851138 175910857 436851138
175910857 436851138 179057444 445421035
174664274 436851138 174664274 467144757
174664274 421394070 211431528 421394070
143577678 308104372 192486904 308104372
192486904 308104372 228719530 309111885
228719530 309111885 253844327 309111885
253844327 309111885 253844327 309553702
253844327 309111885 255726980 309111885
255726980 309111885 256805827 312338320
256805827 312338320 256805827 325576457
256805827 325576457 256805827 330430003
256805827 325576457 263931531 325576457
256805827 312338320 271217090 312338320
228719530 309111885 228719530 335443490
228719530 335443490 228719530 341104336
228719530 335443490 250389770 335443490
263931531 325576457 277952186 347980472
277952186 347980472 281595553 357078544
281595553 357078544 281595553 368166471
281595553 357078544 305200719 357078544
305200719 357078544 329211659 364747960
329211659 364747960 344108691 364747960
329211659 364747960 329211659 387133790
344108691 364747960 357613854 378564395
357613854 378564395 357613854 386357108
357613854 386357108 363781168 389335276
363781168 389335276 373610203 389335276
357613854 378564395 374145351 378564395
374145351 378564395 374145351 384118949
329211659 387133790 345767568 403971327
363781168 389335276 363781168 423469201
374145351 378564395 409992450 378564395
409992450 378564395 413185149 378564395
409992450 378564395 409992450 383147440
409992450 383147440 412111088 394510335
412111088 394510335 412111088 401591995
412111088 401591995 412111088 406211565
412111088 394510335 427816120 394510335
427816120 394510335 427816120 401591995
427816120 394510335 436277903 394510335
436277903 394510335 440888458 416441221
363781168 423469201 383867078 440460120
50329662 289548658 50329662 340530067
50329662 340530067 52625136 356453337
211431528 421394070 227064385 458098557
227064385 458098557 227064385 460833443
227064385 460833443 235861337 474248686
235861337 474248686 245739667 496487654
245739667 496487654 245739667 506066853
245739667 506066853 252276099 522076775
252276099 522076775 252276099 546227898
252276099 546227898 261752999 546227898
252276099 546227898 252276099 556545112
252276099 556545112 260761280 558270740
252276099 522076775 277284305 522076775
277284305 522076775 301730283 522336579
301730283 522336579 301730283 536503241
301730283 536503241 302200263 537048977
302200263 537048977 310154735 537048977
310154735 537048977 329278687 545087056
301730283 522336579 330209989 522336579
260761280 558270740 279534127 571325644
279534127 571325644 287748549 574712551
287748549 574712551 287748549 581430943
287748549 574712551 302200263 574712551
302200263 574712551 303974785 578828541
303974785 578828541 303974785 595795395
303974785 595795395 305162857 600875551
305162857 600875551 322985393 600875551
322985393 600875551 330588048 603713408
330588048 603713408 330588048 611327652
330588048 603713408 339699667 603713408
339699667 603713408 340422465 608176379
340422465 608176379 344261800 608176379
344261800 608176379 344670372 624075506
344670372 624075506 352573183 624075506
303974785 578828541 323394132 578828541
323394132 578828541 323394132 581115517
323394132 581115517 326503791 589082322
344670372 624075506 344670372 645624408
323394132 578828541 352387442 578828541
352387442 578828541 373117933 581818146
373117933 581818146 373117933 589072780
373117933 581818146 383675148 581818146
383675148 581818146 400261540 585223570
400261540 585223570 400261540 609258135
400261540 585223570 425125657 585223570
245739667 496487654 278360521 496487654
400261540 609258135 402512663 641035446
425125657 585223570 449454605 599491692
402512663 641035446 421632671 663275924
421632671 663275924 421632671 673771396
421632671 663275924 441404313 663275924
441404313 663275924 443740080 673056126
443740080 673056126 476511137 673056126
476511137 673056126 481984778 673056126
481984778 673056126 489420202 685937649
476511137 673056126 476511137 694231090
489420202 685937649 518128078 685937649
518128078 685937649 532813510 685937649
518128078 685937649 518128078 706111599
489420202 685937649 489420202 719939074
489420202 719939074 516115120 725678724
516115120 725678724 516549031 726111977
516549031 726111977 516549031 745487961
516549031 726111977 542723596 726111977
542723596 726111977 544627163 726111977
542723596 726111977 542723596 733385219
544627163 726111977 548687499 732859087
548687499 732859087 561481924 739351361
561481924 739351361 561481924 758817915
516549031 745487961 518452568 771874610
561481924 758817915 588769145 760403572
588769145 760403572 588769145 802787752
227064385 458098557 271085634 458098557
271085634 458098557 308236705 464608021
308236705 464608021 341141713 468826729
341141713 468826729 341567654 468826729
341567654 468826729 350246530 469601633
341141713 468826729 341141713 492085283
340422465 608176379 340422465 652217748
340422465 652217748 361420787 673992207
361420787 673992207 372548343 703765974
305162857 600875551 305162857 651124059
0 293493883 0 346405806
0 346405806 0 357709149
0 357709149 0 361280395
0 357709149 6099078 357709149
6099078 357709149 9780821 361280395
0 361280395 0 374330274
0 346405806 26676292 346405806
0 374330274 43030944 374330274
43030944 374330274 79449023 389128419
79449023 389128419 94728482 389128419
79449023 389128419 79449023 411882689
79449023 411882689 87838499 420938154
0 374330274 0 426259661
0 426259661 0 445579308
0 445579308 0 447381418
0 447381418 0 450933334
0 450933334 0 451200557
0 451200557 0 459852859
0 450933334 15939688 450933334
15939688 450933334 19430479 451200557
19430479 451200557 22509379 451200557
19430479 451200557 19430479 459852859
0 459852859 0 476221580
0 476221580 17171596 476221580
0 447381418 18989505 447381418
0 426259661 29039781 426259661
29039781 426259661 40688235 426548599
40688235 426548599 55011540 426548599
40688235 426548599 40688235 445579308
40688235 445579308 50912525 466342024
0 476221580 0 510662200
0 510662200 10799916 510662200
0 510662200 0 523079874
0 523079874 0 524667092
0 524667092 0 538982773
0 538982773 0 550983235
0 550983235 7212395 550983235
0 523079874 21535176 523079874
21535176 523079874 33963113 524667092
33963113 524667092 37965082 524667092
33963113 524667092 33963113 538982773
0 550983235 0 575204062
0 575204062 0 577398227
0 577398227 2247870 577398227
0 577398227 0 587864459
0 587864459 34299900 587864459
50912525 466342024 77310625 476031213
77310625 476031213 77310625 485622653
77310625 476031213 98781252 476031213
98781252 476031213 99682298 482349177
99682298 482349177 99682298 503516697
99682298 503516697 123614138 504174111
123614138 504174111 128739819 504174111
123614138 504174111 123614138 520267732
123614138 520267732 138354532 531565611
138354532 531565611 149696518 531565611
138354532 531565611 138354532 552891838
149696518 531565611 174340808 533573687
174340808 533573687 174606604 558090872
174606604 558090872 183717699 558245046
183717699 558245046 183717699 562226207
183717699 558245046 197397658 558245046
197397658 558245046 212582532 571725627
212582532 571725627 223915829 577333465
223915829 577333465 233668466 580351820
233668466 580351820 239243057 580351820
233668466 580351820 233668466 593831633
233668466 593831633 238219416 593831633
233668466 593831633 233668466 611895727
138354532 552891838 159473124 567216220
159473124 567216220 159473124 572358349
159473124 567216220 172161164 567216220
0 575204062 37404565 575204062
99682298 482349177 137585574 482349177
137585574 482349177 137585574 488729066
137585574 482349177 157433209 482349177
157433209 482349177 161298647 502107015
161298647 502107015 172527076 502107015
161298647 502107015 161298647 515312162
161298647 515312162 187672579 525939179
0 587864459 0 628778421
0 628778421 0 635113720
0 635113720 10596454 635113720
0 628778421 11673458 628778421
0 635113720 0 663514806
0 663514806 6160507 663514806
0 663514806 0 673642872
0 673642872 0 689961208
0 689961208 0 695919630
0 695919630 0 704838183
0 704838183 0 718168349
0 718168349 0 742779442
0 718168349 25290560 718168349
0 673642872 25661450 673642872
25661450 673642872 27192681 678158537
27192681 678158537 27192681 689961208
27192681 689961208 27192681 695919630
27192681 689961208 37873298 689961208
27192681 695919630 35910895 704838183
37873298 689961208 57768793 695498681
57768793 695498681 61315990 696951460
61315990 696951460 61315990 703990473
61315990 703990473 68873163 706618491
27192681 678158537 64516088 678158537
61315990 696951460 99870127 696951460
99870127 696951460 127500689 697900269
127500689 697900269 151490543 711567270
151490543 711567270 152509205 711567270
151490543 711567270 151490543 718097116
152509205 711567270 156034926 717716452
156034926 717716452 156034926 737246532
156034926 717716452 188302137 717716452
188302137 717716452 214266880 718187778
214266880 718187778 245365396 718187778
245365396 718187778 268510249 726568921
268510249 726568921 268510249 744664871
268510249 726568921 291461083 726568921
214266880 718187778 214266880 753847632
214266880 753847632 216035138 753847632
214266880 753847632 214266880 769224285
291461083 726568921 312819306 741367085
312819306 741367085 331458160 756132755
331458160 756132755 331458160 778985782
331458160 778985782 331458160 779949719
331458160 778985782 338468724 778985782
338468724 778985782 357555557 792708650
357555557 792708650 368220078 798911241
368220078 798911241 389861286 798911241
389861286 798911241 395439974 807570884
395439974 807570884 409800609 807570884
395439974 807570884 395439974 847142400
395439974 847142400 406545773 854429337
406545773 854429337 409741367 861464429
409741367 861464429 435617813 874593093
435617813 874593093 448730371 874593093
448730371 874593093 454675809 874640146
454675809 874640146 477147794 874640146
477147794 874640146 489590454 876354274
489590454 876354274 489590454 900261863
489590454 900261863 492258461 900261863
489590454 900261863 489590454 905322415
489590454 905322415 493135659 910754078
493135659 910754078 502332068 910754078
502332068 910754078 515869261 914253647
493135659 910754078 493135659 930634689
435617813 874593093 435617813 903281553
435617813 903281553 442127113 912498541
442127113 912498541 454675809 913977087
489590454 876354274 521539402 876354274
521539402 876354274 528694990 890056399
528694990 890056399 544697017 891777973
544697017 891777973 544697017 904143203
544697017 904143203 556206514 904717763
556206514 904717763 570883712 915329387
570883712 915329387 583419290 915329387
583419290 915329387 593274494 915329387
583419290 915329387 583419290 928971302
583419290 928971302 587909621 942201227
570883712 915329387 570883712 941494568
570883712 941494568 583386636 942201227
583386636 942201227 583386636 942442847
331458160 756132755 371920093 756132755
544697017 891777973 585654774 891777973
585654774 891777973 593097918 900697301
368220078 798911241 368220078 839910217
515869261 914253647 525209819 946076037
525209819 946076037 538925160 957426055
538925160 957426055 538925160 960678662
538925160 957426055 560239697 957426055
560239697 957426055 567836542 959571275
37965082 524667092 70951501 533161254
70951501 533161254 89342932 543796928
89342932 543796928 89342932 556775673
89342932 543796928 106432592 543796928
106432592 543796928 110273212 543796928
106432592 543796928 106432592 553762013
106432592 553762013 111520248 591732159
111520248 591732159 123013833 591732159
111520248 591732159 111520248 621446933
111520248 621446933 124485798 630339087
124485798 630339087 129408460 632721642
129408460 632721642 129408460 642551614
129408460 632721642 150878165 632721642
150878165 632721642 157735753 638027757
157735753 638027757 157735753 655977482
157735753 655977482 172049106 655977482
157735753 638027757 177867468 638027757
177867468 638027757 185227499 638027757
177867468 638027757 177867468 649938844
157735753 655977482 157735753 682810609
157735753 682810609 157735753 684074955
157735753 682810609 160514722 682810609
157735753 684074955 159202251 696466518
68873163 706618491 95646153 723032764
95646153 723032764 96060441 725586152
96060441 725586152 97922929 725586152
97922929 725586152 105400096 742623600
105400096 742623600 108501197 742623600
105400096 742623600 105400096 760426429
105400096 760426429 105400096 762202759
105400096 760426429 107224089 760426429
107224089 760426429 107353514 778261678
96060441 725586152 96060441 767392166
96060441 767392166 98349772 806495559
98349772 806495559 99719145 819573295
99719145 819573295 99719145 849058558
99719145 849058558 99719145 862797979
99719145 849058558 129678148 849058558
129678148 849058558 157223966 852809100
157223966 852809100 163155670 852809100
163155670 852809100 165161640 852809100
163155670 852809100 163155670 860329541
165161640 852809100 174406343 856742187
174406343 856742187 190826439 856742187
157223966 852809100 157223966 881452747
157223966 881452747 157708137 894136458
157708137 894136458 157708137 897826711
157708137 897826711 169281751 897826711
169281751 897826711 171260802 897826711
169281751 897826711 169281751 907012770
157708137 894136458 174406343 894136458
174406343 894136458 187362090 894342419
187362090 894342419 197701463 894342419
197701463 894342419 197701463 900545477
197701463 894342419 206545676 894342419
187362090 894342419 187362090 909408961
169281751 907012770 184321360 909408961
184321360 909408961 184321360 925800387
184321360 925800387 187744356 934443107
587909621 942201227 598793797 975165577
598793797 975165577 599444144 975165577
599444144 975165577 605037981 975353256
598793797 975165577 598793797 991434604
371920093 756132755 410444331 763834598
410444331 763834598 435108470 767485318
435108470 767485318 435108470 774322562
435108470 767485318 453693996 767485318
99719145 819573295 145964633 819573295
157708137 897826711 157708137 944350462
157708137 944350462 166072253 945127819
409800609 807570884 432758136 832107555
187744356 934443107 233410773 936289473
233410773 936289473 233410773 948193411
233410773 936289473 249690161 936289473
233410773 948193411 240247623 959319004
240247623 959319004 240247623 969543983
240247623 969543983 241000396 970306838
240247623 959319004 263855327 959319004
263855327 959319004 264924928 988472712
249690161 936289473 277002236 952323430
277002236 952323430 278258352 952323430
277002236 952323430 277002236 954030853
277002236 954030853 293691851 956272731
293691851 956272731 303997850 958767414
303997850 958767414 324633031 958767414
303997850 958767414 303997850 983363886
303997850 983363886 317799264 996542315
166072253 945127819 181323230 977533560
156034926 737246532 160091628 781464327
160091628 781464327 173127174 804216164
173127174 804216164 173127174 809813369
173127174 804216164 204159755 804216164
204159755 804216164 225048964 815837456
225048964 815837456 226740180 815837456
225048964 815837456 225048964 826018783
226740180 815837456 244663404 820782200
244663404 820782200 244663404 845140028
244663404 845140028 271058884 863568279
271058884 863568279 271661818 864692217
271661818 864692217 271661818 904655642
271661818 904655642 271661818 911066418
271661818 911066418 272030791 933978610
271661818 904655642 306568904 904655642
272030791 933978610 302829112 938873565
302829112 938873565 302829112 947543963
302829112 938873565 325083809 938873565
306568904 904655642 340198730 908112473
271661818 864692217 312257013 864692217
312257013 864692217 321686625 864692217
321686625 864692217 335802353 867625318
335802353 867625318 340198730 884195476
340198730 884195476 357806641 884195476
312257013 864692217 312257013 897444747
172161164 567216220 179667555 608024122
325083809 938873565 372489710 940872220
0 742779442 0 796239099
0 796239099 45399076 796239099
45399076 796239099 65910240 798297187
65910240 798297187 76437831 798297187
76437831 798297187 88581021 810818387
65910240 798297187 65910240 842170634
0 796239099 0 845209955
0 845209955 0 870376523
0 870376523 20048906 870376523
0 870376523 0 893021314
0 893021314 0 895607707
0 895607707 0 897194060
0 897194060 0 907153858
0 907153858 0 914031365
0 914031365 16328161 914031365
0 893021314 17848687 893021314
17848687 893021314 25446459 895607707
25446459 895607707 36941961 897194060
36941961 897194060 39539330 900774559
39539330 900774559 39539330 907153858
39539330 907153858 54560784 909575095
54560784 909575095 71521766 909575095
71521766 909575095 73127591 929482704
73127591 929482704 73127591 936051503
73127591 936051503 75296317 937210189
75296317 937210189 75296317 939221810
75296317 939221810 90811952 939700963
75296317 937210189 96210828 937210189
73127591 929482704 98548443 929482704
0 914031365 0 941990173
0 941990173 9444394 941990173
96210828 937210189 97567781 965948535
97567781 965948535 97567781 973747744
97567781 965948535 108945988 965948535
97567781 973747744 105400988 981246142
105400988 981246142 111586133 981246142
105400988 981246142 105400988 993962231
108945988 965948535 121760012 968732704
54560784 909575095 54560784 941026180
54560784 941026180 61036904 949990102
39539330 900774559 74785631 900774559
0 845209955 38626821 845209955
38626821 845209955 62634031 846087591
9444394 941990173 30223334 972141868
30223334 972141868 37443238 977889029
372489710 940872220 410872362 956028894
410872362 956028894 413746276 957404338
413746276 957404338 413746276 963554638
413746276 963554638 416473037 968520169
416473037 968520169 420731042 970148518
420731042 970148518 428968811 970148518
420731042 970148518 420731042 995803352
413746276 957404338 440470518 957404338
440470518 957404338 463812955 970080419
454675809 913977087 471637935 952670760
440888458 416441221 471692704 442404878
432758136 832107555 474940191 846856583
383867078 440460120 406446488 475062428
406446488 475062428 414467444 475062428
406446488 475062428 406446488 483893688
406446488 483893688 407449726 520129768
407449726 520129768 407449726 521260431
407449726 520129768 438653335 520129768
438653335 520129768 442773618 524718422
442773618 524718422 442773618 548076134
442773618 548076134 442773618 558342341
442773618 548076134 459871406 548076134
442773618 524718422 466848037 524718422
466848037 524718422 475876406 540510529
475876406 540510529 475876406 541758356
475876406 540510529 497571687 540510529
475876406 541758356 485341675 566728944
485341675 566728944 493933077 566728944
485341675 566728944 485341675 578492743
244663404 820782200 302109684 820782200
302109684 820782200 309969259 837652501
309969259 837652501 321126307 847754270
317799264 996542315 374370136 998051570
340198730 908112473 387280765 920254906
387280765 920254906 395267273 934011930
463812955 970080419 512518709 981533608
216035138 753847632 263806316 766997063
449454605 599491692 464190985 646708539
464190985 646708539 464190985 661504245
464190985 646708539 484711589 646708539
484711589 646708539 504024400 648074510
504024400 648074510 504024400 649875640
504024400 648074510 548518336 648074510
330209989 522336579 383228532 531848624
383228532 531848624 391731488 551225605
391731488 551225605 395553313 558342341
395553313 558342341 395553313 564220816
474940191 846856583 523378752 861227456
523378752 861227456 531229936 862740356
99719145 862797979 128854616 896868715
518452568 771874610 526872004 827183587
526872004 827183587 545432152 828226936
545432152 828226936 547547074 828226936
545432152 828226936 545432152 843574180
545432152 843574180 566290558 846702982
453693996 767485318 490188456 795458970
490188456 795458970 502019259 801018377
502019259 801018377 507475272 801018377
507475272 801018377 509164131 823577910
509164131 823577910 509164131 826985822
509164131 826985822 511085617 826985822
509164131 826985822 509164131 829082091
509164131 829082091 511697845 845855718
502019259 801018377 502019259 846226907
509164131 823577910 556134870 823577910
518128078 706111599 568943425 719851594
568943425 719851594 573601965 723947213
84225416 117933614 95022781 173465502
95022781 173465502 96952997 183168399
172049106 655977482 221958515 672455944
221958515 672455944 224852400 674689274
224852400 674689274 224852400 698250773
224852400 674689274 249834645 674689274
558670991 283635883 584052526 325091966
54609574 219295495 79733598 262068449
79733598 262068449 79733598 266536546
79733598 262068449 86594833 262068449
86594833 262068449 91671805 262828779
91671805 262828779 93679769 262828779
91671805 262828779 91671805 266300248
91671805 266300248 97283961 268671954
97283961 268671954 97283961 269805757
443740080 673056126 443740080 741950537
249834645 674689274 288454304 705220218
225048964 826018783 226777031 893557387
570298652 4733682 593855843 51383332
853535441 394709928 857399037 461733087
593899952 548828922 638956937 574816104
638956937 574816104 651819281 576793110
651819281 576793110 661899130 591349044
661899130 591349044 670311211 596432669
105150301 97136709 131951395 141390099
131951395 141390099 160549071 143606080
160549071 143606080 172738053 168726427
685983539 359066658 719695850 396783610
719695850 396783610 723820172 396783610
719695850 396783610 719695850 413230535
719695850 413230535 740828377 420299514
740828377 420299514 772451917 429660333
772451917 429660333 781711185 455747630
97283961 269805757 158699817 280001129
158699817 280001129 187144185 280731899
187144185 280731899 212666080 282760359
274360500 378032289 287962072 436811973
287962072 436811973 292579773 440237071
292579773 440237071 308236705 447046355
308236705 447046355 343883294 447046355
706121708 884507921 717586988 946311703
717586988 946311703 717586988 951932815
717586988 946311703 727201998 946311703
531288476 483939213 598636227 490672214
598636227 490672214 598636227 490943327
598636227 490672214 612060607 490672214
612060607 490672214 614529612 500675349
614529612 500675349 614732528 500675349
614529612 500675349 614529612 533016485
614529612 533016485 638956937 537254323
638956937 537254323 648478409 537254323
464190985 661504245 474631439 725308805
474631439 725308805 482139060 737016871
899249174 47120652 939171478 81651533
692589193 834473285 692589193 909608423
849920772 163357236 876991153 213208274
876991153 213208274 884017067 263321766
884017067 263321766 895679815 316144113
895679815 316144113 925426487 326018381
535837466 548828922 535837466 626901580
150223383 389018914 150458147 468238835
150458147 468238835 160022929 469511183
953227408 852083286 972817456 912199098
271217090 312338320 350104536 313556897
350104536 313556897 352900366 318839535
803393732 669267622 815662333 737347197
815662333 737347197 852232247 738055997
900762187 136761931 929475570 190582752
929475570 190582752 965305657 199830771
305162857 651124059 337854116 701714827
202662180 202646133 231422644 260647519
692589193 909608423 763375223 927008898
815570354 216413286 859063702 263528762
859063702 263528762 876075834 271797629
372548343 703765974 420339613 748803638
97283961 268671954 198211691 268671954
89342932 556775673 92557548 660563546
567973873 400246274 617550986 457932729
949009203 420416246 996701834 490537039
996701834 490537039 999188949 495491011
