1463
0 0 0 0
0 0 0 33257451
0 33257451 0 44932985
0 44932985 0 62897214
0 0 40055994 0
40055994 0 71249354 0
71249354 0 77891815 0
77891815 0 112944555 0
112944555 0 122725897 0
122725897 0 132648056 0
132648056 0 137041045 0
137041045 0 137041045 8717372
137041045 0 153141446 0
153141446 0 153141446 18237642
153141446 0 174188339 0
174188339 0 180472947 0
180472947 0 180472947 17315264
122725897 0 122725897 22916216
122725897 22916216 129117119 35136611
129117119 35136611 132648056 35136611
129117119 35136611 129117119 51950473
174188339 0 174188339 24755481
180472947 0 215238273 0
215238273 0 221019648 0
221019648 0 221019648 8405293
215238273 0 215238273 17770047
221019648 0 243994383 0
243994383 0 243994383 8448475
243994383 0 257369863 0
257369863 0 262566167 0
262566167 0 270745091 0
270745091 0 276326162 0
276326162 0 276326162 2429406
262566167 0 262566167 9214164
276326162 0 286252988 0
286252988 0 286252988 12463533
286252988 0 302461928 0
302461928 0 311535869 0
257369863 0 257369863 18345734
257369863 18345734 270745091 32709819
270745091 32709819 271825887 39411599
271825887 39411599 302461928 39411599
311535869 0 311535869 38588818
311535869 38588818 319093299 68284466
0 44932985 40055994 44932985
40055994 44932985 40222616 45240417
40222616 45240417 40222616 62897214
40222616 45240417 60182985 45240417
60182985 45240417 71249354 45240417
71249354 45240417 71249354 48906125
71249354 45240417 77891815 45240417
60182985 45240417 60182985 56673059
40222616 62897214 57139417 85394459
57139417 85394459 61555783 101953752
61555783 101953752 61555783 111593685
61555783 111593685 64411694 111593685
61555783 101953752 78876825 101953752
78876825 101953752 84059100 102974324
84059100 102974324 84059100 111326887
84059100 102974324 93337029 102974324
93337029 102974324 94090360 109483250
94090360 109483250 94090360 113707316
94090360 113707316 95824717 113707316
94090360 113707316 94090360 119801617
95824717 113707316 103225227 118123254
84059100 111326887 92199645 136238160
103225227 118123254 129488444 131142191
92199645 136238160 96159350 171618804
96159350 171618804 103933126 181205864
103933126 181205864 103933126 190020903
103933126 190020903 108861947 200327596
103933126 181205864 129342049 181205864
129342049 181205864 151163267 194712983
151163267 194712983 183007550 194712983
183007550 194712983 183007550 198585819
183007550 194712983 212600619 194712983
151163267 194712983 151163267 231744577
151163267 231744577 154397420 239485437
154397420 239485437 154397420 273998039
154397420 273998039 156349732 273998039
154397420 273998039 154397420 291658931
154397420 291658931 163181487 293467847
163181487 293467847 177186748 293467847
177186748 293467847 177186748 309182306
177186748 309182306 188452746 313547999
188452746 313547999 193664190 313547999
188452746 313547999 188452746 322412990
177186748 293467847 195121594 293467847
195121594 293467847 201948901 293467847
195121594 293467847 195121594 303279152
188452746 322412990 189588271 341890531
189588271 341890531 189588271 351352742
189588271 341890531 221206963 341890531
221206963 341890531 234346843 352611357
234346843 352611357 241791375 352611357
241791375 352611357 241791375 353209477
241791375 352611357 249582294 352611357
234346843 352611357 234346843 385534223
234346843 385534223 237176076 386369598
237176076 386369598 246806432 386369598
237176076 386369598 237176076 404560433
237176076 404560433 240053869 404560433
240053869 404560433 245395763 410877020
245395763 410877020 245395763 426469910
245395763 426469910 249971435 428766830
249971435 428766830 249971435 431149339
249971435 431149339 253126214 437001603
249971435 428766830 277285621 428766830
237176076 404560433 237176076 437001603
237176076 437001603 237176076 443166929
237176076 443166929 239972270 457150039
241791375 353209477 245128320 384176518
201948901 293467847 231360254 299661305
163181487 293467847 163181487 329813943
163181487 329813943 168167811 354674306
168167811 354674306 168167811 364984962
168167811 354674306 180846531 354674306
168167811 364984962 169148328 397306079
169148328 397306079 179440380 407937398
179440380 407937398 191891577 433055544
191891577 433055544 191891577 433522044
191891577 433055544 221225253 433055544
231360254 299661305 262342909 306450038
262342909 306450038 264175794 306450038
262342909 306450038 262342909 325199176
264175794 306450038 284550015 318140128
284550015 318140128 308270845 328047855
308270845 328047855 308270845 339192561
308270845 328047855 320108919 328047855
320108919 328047855 322949410 345171022
322949410 345171022 322949410 359701423
322949410 345171022 355391901 345171022
355391901 345171022 378198835 357036555
378198835 357036555 378929119 361149984
249582294 352611357 270918639 369727824
154397420 239485437 194863004 239485437
194863004 239485437 195121594 263472130
195121594 263472130 231515422 263472130
112944555 0 112944555 40546297
322949410 359701423 337830507 387109823
129488444 131142191 146953734 157018336
93337029 102974324 131416539 109483250
112944555 40546297 127522834 71763827
270918639 369727824 307466079 379397621
307466079 379397621 318357369 387109823
318357369 387109823 318357369 407893098
318357369 407893098 325372009 424428608
325372009 424428608 325372009 453846998
325372009 453846998 331392943 453846998
325372009 453846998 325372009 464318659
325372009 464318659 327307818 464318659
331392943 453846998 357676899 457127047
357676899 457127047 357676899 467001985
357676899 457127047 367645443 457127047
357676899 467001985 365326111 488024747
365326111 488024747 374593985 491616578
374593985 491616578 393683117 491616578
393683117 491616578 395832627 517501428
325372009 464318659 325372009 497455474
325372009 497455474 332520139 506500039
325372009 424428608 363021338 424428608
327307818 464318659 345363025 485112616
345363025 485112616 351011349 486258085
351011349 486258085 354329514 486258085
351011349 486258085 351011349 494833907
61555783 111593685 61555783 158012728
245395763 410877020 292665850 410877020
367645443 457127047 397025925 475399839
0 62897214 0 111948485
0 111948485 0 117795378
0 117795378 12701170 117795378
0 111948485 14016697 111948485
0 117795378 0 133193893
0 133193893 1173370 133193893
0 133193893 0 161945908
0 161945908 0 170105493
0 161945908 25505138 161945908
25505138 161945908 49403630 170105493
0 170105493 0 215634848
0 215634848 0 223658527
0 215634848 8070096 215634848
8070096 215634848 47644887 223658527
47644887 223658527 58281096 238626251
58281096 238626251 58281096 251479430
58281096 251479430 65947878 251479430
58281096 251479430 58281096 259989481
58281096 259989481 62237052 264750523
62237052 264750523 75784866 264750523
75784866 264750523 75784866 265518040
75784866 264750523 82073192 264750523
82073192 264750523 93282607 280918486
58281096 238626251 86008646 238626251
62237052 264750523 62237052 294367512
62237052 294367512 62391257 316793585
62391257 316793585 71475530 336983002
71475530 336983002 71475530 340762869
71475530 340762869 73926119 340762869
71475530 340762869 71475530 361458905
71475530 361458905 93306979 381733394
93306979 381733394 104256268 405541761
104256268 405541761 126193294 420613438
126193294 420613438 132226782 420613438
126193294 420613438 126193294 450210331
73926119 340762869 104098866 354145500
104098866 354145500 104098866 359936995
104098866 354145500 127844052 354145500
127844052 354145500 149161153 364984962
149161153 364984962 149161153 402904527
86008646 238626251 119813932 253768639
374593985 491616578 374593985 540801905
374593985 540801905 374593985 552112646
374593985 540801905 391246328 540801905
374593985 552112646 380590805 568273846
380590805 568273846 380592369 568273846
380590805 568273846 380590805 588102641
271825887 39411599 271825887 88597512
271825887 88597512 292150065 88597512
292150065 88597512 296444051 110070232
271825887 88597512 271825887 118500444
271825887 118500444 278000410 143256842
278000410 143256842 292613421 156316647
292613421 156316647 292613421 168489114
292613421 156316647 316215286 156316647
215238273 17770047 216772054 66025081
216772054 66025081 236448745 66025081
216772054 66025081 216772054 86476814
296444051 110070232 338206148 118714456
338206148 118714456 341321320 152934301
378929119 361149984 401256861 390003565
401256861 390003565 431847700 390842487
431847700 390842487 434043953 405667764
434043953 405667764 441149480 405667764
434043953 405667764 434043953 413894294
434043953 413894294 436877690 421674311
436877690 421674311 436877690 427572873
436877690 421674311 444039273 421674311
444039273 421674311 444039273 426343410
444039273 426343410 453735420 442447149
453735420 442447149 468413991 455964568
444039273 421674311 472771040 421674311
472771040 421674311 479759800 439631279
380590805 588102641 413980388 606352051
413980388 606352051 413980388 628301220
413980388 606352051 438481299 606352051
438481299 606352051 452808501 622920186
452808501 622920186 452808501 647030330
452808501 622920186 488649790 622920186
488649790 622920186 490019355 625571973
490019355 625571973 497728008 650444283
497728008 650444283 507533417 650444283
507533417 650444283 524386374 655869890
524386374 655869890 544060230 655869890
544060230 655869890 553479201 662100461
497728008 650444283 497728008 681487259
497728008 681487259 500698157 681487259
497728008 681487259 497728008 700159664
497728008 700159664 524386374 702360982
553479201 662100461 555691352 694638655
555691352 694638655 556801045 694638655
556801045 694638655 564293420 708184378
564293420 708184378 564293420 713480079
555691352 694638655 555691352 716686002
555691352 716686002 561606313 725844081
561606313 725844081 576871444 736127768
524386374 702360982 534932132 731714659
534932132 731714659 535096592 731714659
534932132 731714659 534932132 754079346
564293420 708184378 604881787 708184378
604881787 708184378 610088234 718514579
610088234 718514579 610088234 726269298
610088234 718514579 632952910 718514579
632952910 718514579 633023037 722005100
610088234 726269298 612843322 759436606
612843322 759436606 616376826 759436606
612843322 759436606 612843322 775082248
612843322 775082248 617513646 785435016
633023037 722005100 656542988 741100049
656542988 741100049 672351197 756719031
672351197 756719031 672351197 757239588
672351197 756719031 692714815 756719031
692714815 756719031 701704803 758934956
701704803 758934956 701704803 774089538
701704803 774089538 706783014 774089538
701704803 774089538 701704803 781059007
701704803 781059007 704591373 781059007
701704803 781059007 701704803 802338308
701704803 758934956 734647132 758934956
704591373 781059007 725006436 793941195
725006436 793941195 729900997 817107344
729900997 817107344 739496445 847263862
739496445 847263862 743283883 847263862
739496445 847263862 739496445 854438349
739496445 854438349 741227817 855603347
741227817 855603347 741227817 881235299
741227817 881235299 749357665 897103518
749357665 897103518 749357665 900035117
749357665 897103518 758214205 897103518
741227817 855603347 767346248 855603347
767346248 855603347 767346248 856598043
767346248 855603347 808146638 855603347
808146638 855603347 808656467 889707775
808656467 889707775 808876340 905422115
808876340 905422115 808876340 908514471
734647132 758934956 763080104 776182241
576871444 736127768 581096009 778121959
581096009 778121959 586201821 785435016
586201821 785435016 586201821 803720781
586201821 803720781 588711103 805237027
588711103 805237027 588711103 812376560
588711103 812376560 592431516 812376560
592431516 812376560 593473305 812376560
592431516 812376560 592431516 814960829
588711103 805237027 601864284 805237027
601864284 805237027 610133832 811890714
610133832 811890714 610133832 813667326
610133832 813667326 631182862 824560685
631182862 824560685 631182862 830095804
631182862 824560685 638507546 824560685
610133832 811890714 642897067 811890714
588711103 812376560 588711103 858837332
588711103 858837332 595091015 876547682
595091015 876547682 598810742 895077166
598810742 895077166 598810742 918089918
598810742 895077166 626515634 895077166
626515634 895077166 626515634 904899964
626515634 895077166 670589211 895077166
534932132 754079346 560482287 776427887
638507546 824560685 676546424 835345567
676546424 835345567 682196947 835345567
676546424 835345567 676546424 842386211
676546424 842386211 712709278 847091532
712709278 847091532 716964256 847263862
716964256 847263862 727567412 847263862
727567412 847263862 727567412 859522113
716964256 847263862 716964256 859833626
716964256 859833626 717934182 877863988
717934182 877863988 719608862 877863988
719608862 877863988 726452477 881235299
726452477 881235299 726452477 932441429
726452477 932441429 729351475 943088494
729351475 943088494 739168778 952867857
127522834 71763827 167240943 85565978
167240943 85565978 176796046 85565978
176796046 85565978 176796046 92520866
176796046 92520866 181436598 94640014
181436598 94640014 189256574 94640014
189256574 94640014 193286244 101406230
167240943 85565978 167240943 96849969
181436598 94640014 181436598 108775449
176796046 85565978 192525646 85565978
192525646 85565978 192525646 85891904
192525646 85565978 193072876 85565978
212600619 194712983 224549381 236626386
224549381 236626386 250660830 253792679
250660830 253792679 250660830 258893119
250660830 253792679 260546787 253792679
260546787 253792679 283514281 259536813
283514281 259536813 294666354 259536813
294666354 259536813 300986986 259536813
300986986 259536813 303356446 267799290
294666354 259536813 294666354 285342915
294666354 285342915 327215056 286269499
327215056 286269499 330096718 286269499
327215056 286269499 327215056 304703804
283514281 259536813 283514281 294008375
283514281 294008375 285484456 298010543
327215056 304703804 363086199 317495048
363086199 317495048 363086199 321136491
363086199 321136491 367193804 321873310
367193804 321873310 386123521 333324550
386123521 333324550 417719940 336262666
417719940 336262666 421643620 348918684
363086199 317495048 400387726 317495048
421643620 348918684 461096147 349532638
461096147 349532638 469066001 362071354
469066001 362071354 476145840 362071354
469066001 362071354 469066001 382748889
400387726 317495048 438895342 331579988
438895342 331579988 442952259 335321058
469066001 382748889 498610966 407660522
498610966 407660522 498610966 411422276
498610966 407660522 503398233 407660522
503398233 407660522 505228991 413713529
505228991 413713529 543968983 415918714
543968983 415918714 559046629 420928493
559046629 420928493 559402990 428159396
559402990 428159396 559402990 444488881
559402990 444488881 559402990 455941651
559402990 455941651 565146782 455941651
559402990 444488881 572046514 444488881
565146782 455941651 577271222 461858620
559402990 428159396 585981633 428159396
559402990 455941651 559402990 499723189
808876340 908514471 861530629 911690659
861530629 911690659 861530629 919596432
861530629 911690659 880027609 911690659
880027609 911690659 884438921 928248000
884438921 928248000 884438921 930406985
884438921 930406985 887501606 930406985
884438921 930406985 884438921 937331085
884438921 937331085 886509110 946381978
886509110 946381978 897927111 946381978
897927111 946381978 897927111 950254715
897927111 946381978 903820621 946381978
884438921 928248000 899628100 928248000
886509110 946381978 886509110 970281738
903820621 946381978 928422146 958511556
928422146 958511556 932610339 969415068
932610339 969415068 947864127 969415068
932610339 969415068 932610339 989242040
932610339 989242040 932610339 995192965
932610339 989242040 946775629 989242040
861530629 919596432 864569776 953832879
864569776 953832879 879702633 970281738
879702633 970281738 879702633 983236409
947864127 969415068 978585966 988165118
978585966 988165118 985729336 988447562
879702633 983236409 916010757 997387397
397025925 475399839 446946757 481496958
446946757 481496958 447339770 500724634
447339770 500724634 447339770 506128878
447339770 506128878 447339770 513818400
447339770 506128878 457568958 506128878
457568958 506128878 470883765 509872843
470883765 509872843 470883765 538891222
470883765 538891222 492544092 545491056
492544092 545491056 494285576 545491056
470883765 509872843 511002992 509872843
511002992 509872843 524339280 532696996
524339280 532696996 530122322 532696996
524339280 532696996 524339280 543953639
524339280 543953639 555599917 552593294
555599917 552593294 555599917 570051462
555599917 570051462 563995628 584638073
563995628 584638073 586334686 584638073
586334686 584638073 586896138 597755652
586896138 597755652 590710806 597755652
586896138 597755652 586896138 604201845
555599917 552593294 581810568 552593294
581810568 552593294 596175536 556250515
563995628 584638073 563995628 611537371
563995628 611537371 565509097 618165850
565509097 618165850 565509097 635076228
565509097 635076228 565509097 643940730
565509097 643940730 570854662 643940730
565509097 643940730 565509097 650602005
565509097 635076228 578306502 635076228
578306502 635076228 590295935 637878365
565509097 618165850 585662263 618165850
585662263 618165850 585738224 623232110
492544092 545491056 492544092 589330860
492544092 589330860 501811859 594671370
501811859 594671370 505117134 603124863
590295935 637878365 615291285 663838676
615291285 663838676 617385787 666856847
617385787 666856847 629374710 666856847
617385787 666856847 617385787 695254395
617385787 695254395 632952910 700741236
632952910 700741236 651982719 700741236
651982719 700741236 665548391 714729345
665548391 714729345 665548391 718421247
665548391 714729345 690963203 714729345
629374710 666856847 666225412 678407450
666225412 678407450 668820194 678407450
668820194 678407450 668820194 678409227
666225412 678407450 666225412 686164286
668820194 678407450 676844024 678407450
676844024 678407450 707246171 682357307
707246171 682357307 729132928 707438814
729132928 707438814 736895512 728701706
736895512 728701706 745122383 728701706
736895512 728701706 736895512 737038067
745122383 728701706 753938827 729690298
753938827 729690298 753938827 733052586
753938827 729690298 777402659 729690298
753938827 733052586 769917041 757080564
442952259 335321058 486939126 348033018
311535869 0 368361828 0
368361828 0 379548264 0
379548264 0 400378320 0
400378320 0 415605106 0
379548264 0 379548264 22995749
415605106 0 440178422 0
440178422 0 449935011 0
415605106 0 415605106 25336525
415605106 25336525 422544209 34512730
422544209 34512730 440178422 34512730
422544209 34512730 422544209 55580301
449935011 0 476310470 0
476310470 0 489567645 0
489567645 0 489567645 18576123
476310470 0 476310470 26792910
449935011 0 449935011 29233331
368361828 0 368361828 32724638
368361828 32724638 376414000 66185108
476310470 26792910 480557038 64148202
379548264 22995749 400378320 45640685
400378320 45640685 403279869 65007656
403279869 65007656 416783975 65007656
403279869 65007656 403279869 82796239
403279869 82796239 403279869 83070871
403279869 82796239 407513930 82796239
403279869 83070871 405193156 101662929
405193156 101662929 411241349 105950809
411241349 105950809 422994727 105950809
422994727 105950809 429454208 107092999
429454208 107092999 458383544 107092999
458383544 107092999 458383544 115359656
458383544 107092999 477615261 107092999
458383544 115359656 467488584 125734569
467488584 125734569 474991552 125734569
467488584 125734569 467488584 138336362
467488584 138336362 477585952 144770976
477585952 144770976 477585952 165513126
429454208 107092999 429454208 139452271
429454208 139452271 429830011 139452271
429830011 139452271 434321338 144695814
434321338 144695814 443228586 144695814
429454208 139452271 429454208 149307176
434321338 144695814 434321338 172257079
434321338 172257079 439250669 177510043
439250669 177510043 440408033 177510043
439250669 177510043 439250669 196541374
477585952 144770976 514772621 144770976
514772621 144770976 525086863 152140146
525086863 152140146 525086863 153979522
525086863 152140146 547647503 152140146
547647503 152140146 579390075 152140146
477585952 165513126 506235685 177102321
439250669 196541374 452104995 224660313
452104995 224660313 466783751 224660313
466783751 224660313 468119963 233992846
468119963 233992846 468119963 243212080
468119963 233992846 499150392 233992846
499150392 233992846 499692770 233992846
499150392 233992846 499150392 239162841
499150392 239162841 507429958 245525759
507429958 245525759 513336524 245525759
513336524 245525759 531679081 257812833
531679081 257812833 531679081 270335004
531679081 270335004 562641997 272424242
452104995 224660313 452104995 261134494
562641997 272424242 568911907 303712878
568911907 303712878 579730270 315839415
579730270 315839415 579730270 323298008
579730270 323298008 580558440 323298008
579730270 315839415 597641892 315839415
597641892 315839415 606548715 317368749
606548715 317368749 619253907 317368749
619253907 317368749 619253907 327353171
619253907 327353171 620634386 327353171
619253907 327353171 619253907 336051943
619253907 317368749 632465945 317368749
632465945 317368749 638009588 326364666
638009588 326364666 655513099 330448232
655513099 330448232 658536970 332719570
658536970 332719570 658536970 345721819
658536970 345721819 666395663 345721819
658536970 332719570 672466445 332719570
666395663 345721819 673218557 353439564
673218557 353439564 673218557 364416295
658536970 345721819 658536970 361142809
673218557 364416295 683148825 370338646
683148825 370338646 683148825 370439210
683148825 370338646 693178762 370338646
606548715 317368749 606548715 345008798
606548715 345008798 613382578 345008798
613382578 345008798 613627447 345008798
613382578 345008798 613382578 348491481
613382578 348491481 629737536 354900085
606548715 345008798 606548715 380529574
606548715 380529574 612449604 400555090
693178762 370338646 715001071 384879713
715001071 384879713 720798399 398578116
720798399 398578116 720798399 423158406
720798399 423158406 722359393 437796112
720798399 398578116 748197162 398578116
748197162 398578116 748197162 398940988
748197162 398578116 758770987 398578116
758770987 398578116 763224564 402747187
763224564 402747187 767621436 407407508
722359393 437796112 734815188 461995318
734815188 461995318 742333811 461995318
734815188 461995318 734815188 488106254
734815188 488106254 740794848 506753446
740794848 506753446 740794848 523516351
740794848 523516351 741596942 523516351
740794848 523516351 740794848 530715549
740794848 506753446 765699634 506753446
740794848 530715549 762857897 545979067
762857897 545979067 762857897 547443767
762857897 545979067 767052498 545979067
762857897 547443767 765173007 556487877
765173007 556487877 790822612 556487877
767052498 545979067 795989521 552742104
795989521 552742104 796341464 555724712
612449604 400555090 647514117 404781654
647514117 404781654 647514117 405647776
647514117 404781654 655414177 404781654
547647503 152140146 547647503 195366823
547647503 195366823 557125999 196002403
673218557 353439564 717171534 353439564
717171534 353439564 751114255 354483543
796341464 555724712 797759935 598369887
797759935 598369887 797759935 612648529
797759935 598369887 812932060 598369887
812932060 598369887 828957206 601486696
828957206 601486696 855646598 601486696
855646598 601486696 874763725 603280177
874763725 603280177 877321362 608447813
877321362 608447813 880607319 608447813
880607319 608447813 887388937 614731972
887388937 614731972 887388937 617368155
877321362 608447813 877321362 626402275
828957206 601486696 828957206 635442117
828957206 635442117 830113870 649873124
830113870 649873124 830113870 675037567
830113870 675037567 841238663 694564771
841238663 694564771 850886400 696455259
850886400 696455259 869886290 696455259
850886400 696455259 850886400 721907336
850886400 721907336 864591595 725759846
864591595 725759846 885128897 729071893
885128897 729071893 905088440 730256090
905088440 730256090 936198798 730256090
936198798 730256090 959087157 737980129
959087157 737980129 981026216 739718170
981026216 739718170 981900329 739718170
981026216 739718170 981026216 750816976
981026216 750816976 981614663 757397637
981614663 757397637 981614663 764223773
981614663 757397637 998652761 757397637
905088440 730256090 905088440 764240587
905088440 764240587 906137935 764240587
906137935 764240587 911424143 765081128
905088440 764240587 905088440 776476578
905088440 776476578 905320202 786976435
911424143 765081128 919065041 775699705
919065041 775699705 934570508 775699705
934570508 775699705 945508943 781746057
981614663 764223773 986383017 795620947
986383017 795620947 998476056 795620947
830113870 649873124 866887415 649873124
919065041 775699705 919065041 812746691
919065041 812746691 923714000 815674653
923714000 815674653 925628338 841071549
925628338 841071549 925628338 846236572
925628338 846236572 943053930 867586353
943053930 867586353 951041546 867586353
951041546 867586353 953024751 872967609
953024751 872967609 953024751 879791153
953024751 872967609 962192137 872967609
943053930 867586353 943053930 880794418
945508943 781746057 979165493 791215260
979165493 791215260 981576203 795053557
986383017 795620947 986383017 840659581
797759935 612648529 811934338 643865081
811934338 643865081 811934338 644156865
811934338 643865081 812381795 643865081
579730270 323298008 579730270 368971322
440408033 177510043 477378844 188074892
429454208 149307176 431698165 195533850
953024751 879791153 956793883 925133445
956793883 925133445 960791302 939901507
960791302 939901507 963058300 940816371
963058300 940816371 979732145 941218522
979732145 941218522 979732145 948748576
979732145 941218522 988131868 941218522
647514117 405647776 654159210 448554524
654159210 448554524 659451675 465766298
659451675 465766298 659451675 467693606
659451675 467693606 666140393 477649286
666140393 477649286 666140393 492867798
666140393 492867798 667906647 494179850
667906647 494179850 670333620 494179850
666140393 477649286 700387988 477649286
700387988 477649286 701208317 508815985
701208317 508815985 709626926 514404673
709626926 514404673 711041647 514404673
711041647 514404673 711041647 515855517
711041647 514404673 722250645 514404673
709626926 514404673 709626926 534755011
709626926 534755011 713495223 555524490
713495223 555524490 726840003 567692788
667906647 494179850 667906647 534704980
667906647 534704980 688786031 534755011
688786031 534755011 688987947 534755011
688987947 534755011 688987947 543677504
659451675 465766298 706292991 465766298
706292991 465766298 707857628 466562917
707857628 466562917 718051361 476845717
887388937 614731972 937018025 614731972
937018025 614731972 955097960 624408865
955097960 624408865 955097960 634430886
955097960 634430886 971278635 634430886
955097960 634430886 955097960 650987569
955097960 650987569 967196737 667612353
955097960 624408865 985413110 624408865
866887415 649873124 913098955 653385734
913098955 653385734 927407627 681090412
927407627 681090412 929563111 697589955
765173007 556487877 765173007 608353154
925628338 841071549 978032248 841071549
489567645 0 542157605 0
542157605 0 553034306 0
553034306 0 567320783 0
567320783 0 567320783 5245431
542157605 0 542157605 18864208
542157605 18864208 553034306 21917159
726840003 567692788 738892780 608283777
738892780 608283777 741732414 608283777
738892780 608283777 738892780 627880990
738892780 627880990 753361002 662860498
477615261 107092999 516844263 121862504
516844263 121862504 531954090 135813380
531954090 135813380 544876576 147062573
887388937 617368155 933256526 626283397
531679081 257812833 586992760 257812833
586992760 257812833 618422230 258643357
618422230 258643357 618422230 258732533
618422230 258732533 630385241 259420621
630385241 259420621 640589332 259420621
640589332 259420621 642477403 261174545
642477403 261174545 646843819 261174545
618422230 258643357 640589332 258643357
640589332 258643357 663788364 258643357
642477403 261174545 642477403 286645606
642477403 286645606 649166026 300976967
663788364 258643357 688561183 261573328
688561183 261573328 691990405 261573328
688561183 261573328 688561183 288839472
630385241 259420621 630385241 291833109
688561183 288839472 717968161 297088084
717968161 297088084 731110563 297088084
717968161 297088084 717968161 320923727
731110563 297088084 764605735 309352505
764605735 309352505 772650156 313435441
772650156 313435441 772650156 331769022
649166026 300976967 684028488 314292683
772650156 313435441 821129046 313435441
821129046 313435441 833044150 343614854
833044150 343614854 833044150 350275950
833044150 350275950 833044150 362397582
833044150 350275950 857385632 350275950
857385632 350275950 877993795 377353237
877993795 377353237 877993795 388453484
877993795 388453484 883142338 388453484
877993795 388453484 877993795 396520354
877993795 377353237 898993594 377353237
877993795 396520354 879877125 420202180
898993594 377353237 920027512 395821285
920027512 395821285 920027512 401858277
920027512 401858277 931780488 411047807
931780488 411047807 944291895 426708074
944291895 426708074 970568976 426708074
920027512 395821285 952847941 395821285
944291895 426708074 944291895 460937485
944291895 460937485 945552610 460937485
944291895 460937485 944291895 465258211
944291895 465258211 947714566 467550014
947714566 467550014 973321723 467550014
973321723 467550014 975628301 467550014
973321723 467550014 973321723 475266823
947714566 467550014 947714566 495066819
947714566 495066819 949771349 495066819
949771349 495066819 949771349 496445298
949771349 495066819 970802090 495066819
970568976 426708074 973321723 459565112
973321723 459565112 977682688 459565112
977682688 459565112 993562441 459675414
947714566 495066819 947714566 539495771
947714566 539495771 948453420 547400145
948453420 547400145 960062121 559481703
960062121 559481703 985468184 566797216
985468184 566797216 988560077 566797216
988560077 566797216 995549410 567175320
985468184 566797216 985468184 610300609
772650156 331769022 804937759 349407321
717968161 320923727 757956995 336558129
751114255 354483543 789525325 373444383
789525325 373444383 789525325 373588157
789525325 373444383 799293026 373444383
833044150 362397582 836922207 415975459
836922207 415975459 848896570 420202180
848896570 420202180 848896570 441743057
848896570 441743057 864499485 455265898
864499485 455265898 869233947 455265898
758214205 897103518 807098465 905708780
71475530 336983002 129769545 336983002
129769545 336983002 145844380 338256850
216772054 86476814 226072703 135609256
226072703 135609256 228378719 142834618
228378719 142834618 244328105 143256842
244328105 143256842 267497143 143256842
267497143 143256842 267497143 160948901
267497143 160948901 275384114 173393677
244328105 143256842 244328105 177124286
244328105 177124286 244328105 186633337
244328105 177124286 261992875 177124286
244328105 186633337 261369275 188455237
767621436 407407508 807272093 426715571
807272093 426715571 821502414 435043472
717934182 877863988 717934182 937380316
598810742 918089918 625211919 951370401
625211919 951370401 638578737 990770462
0 223658527 0 283505183
0 283505183 0 300123364
0 300123364 0 306663624
0 306663624 0 316719420
0 316719420 3087088 316719420
0 316719420 0 323939643
0 323939643 0 335138334
0 335138334 3837876 335138334
0 335138334 0 345926965
0 345926965 0 354995933
0 354995933 2179703 354995933
0 306663624 20910451 306663624
0 283505183 22674651 283505183
20910451 306663624 28324024 323939643
28324024 323939643 32506944 345926965
0 354995933 0 383193170
0 383193170 5485497 383193170
22674651 283505183 36541034 300123364
0 383193170 0 430717936
0 430717936 518923 430717936
0 430717936 0 437752329
0 437752329 0 440712533
0 440712533 0 449781690
0 449781690 0 456007372
0 456007372 2779896 456007372
0 449781690 11675707 449781690
0 456007372 0 473323931
0 473323931 0 483240175
0 483240175 0 494954008
0 494954008 0 502264967
0 483240175 22669122 483240175
22669122 483240175 32619692 494954008
32619692 494954008 32619692 502264967
32619692 494954008 46496116 494954008
0 440712533 35896546 440712533
0 502264967 0 538685892
0 538685892 798267 538685892
0 538685892 0 569679679
0 569679679 0 576771595
0 576771595 0 579417832
0 579417832 0 604110644
0 604110644 0 610970871
0 610970871 0 622454821
0 622454821 0 648935582
0 648935582 0 651984574
0 651984574 0 659266867
0 648935582 9045995 648935582
0 659266867 0 675270903
0 675270903 0 682527131
0 675270903 11286978 675270903
0 682527131 0 700923139
0 700923139 0 706679297
0 706679297 0 707574879
0 707574879 0 733724551
0 733724551 0 742396523
0 742396523 0 762873111
0 762873111 0 765254240
0 765254240 0 771732052
0 762873111 13823925 762873111
0 771732052 0 786900973
0 786900973 0 787301966
0 786900973 1190548 786900973
0 787301966 0 798750301
0 798750301 0 798788576
0 798750301 11955882 798750301
11955882 798750301 26091743 798788576
13823925 762873111 35419479 765254240
35419479 765254240 35419479 771732052
35419479 765254240 47061698 765254240
47061698 765254240 48489045 774237808
48489045 774237808 48489045 776205605
48489045 776205605 48489045 787301966
48489045 776205605 61116108 776205605
61116108 776205605 81180548 777081889
81180548 777081889 82998913 799433923
0 569679679 27401128 569679679
27401128 569679679 27476532 576771595
27476532 576771595 36246079 579417832
82998913 799433923 97944305 811972233
0 706679297 28442209 706679297
28442209 706679297 41904982 706829999
41904982 706829999 46898593 706829999
46898593 706829999 46898593 707574879
41904982 706829999 41904982 733724551
48489045 774237808 78853179 774237808
36246079 579417832 47213830 599404377
47213830 599404377 47213830 604110644
47213830 604110644 49535703 604110644
47213830 604110644 47213830 610970871
47213830 610970871 49818185 622454821
47213830 599404377 62852398 599404377
0 700923139 31508170 700923139
46898593 706829999 78425178 706829999
0 659266867 31661669 659266867
0 742396523 33030148 742396523
97944305 811972233 134916705 811972233
134916705 811972233 164207166 817299659
164207166 817299659 164405528 818814985
46496116 494954008 67640025 512597046
31661669 659266867 47416760 682527131
164405528 818814985 167832661 854578304
9045995 648935582 45884259 651984574
35896546 440712533 43284935 473323931
43284935 473323931 62173920 489742233
49818185 622454821 73829917 641016502
73829917 641016502 73829917 647679187
73829917 641016502 95458928 641016502
95458928 641016502 114298967 644173541
41904982 733724551 68295508 751178358
68295508 751178358 69010361 761417136
0 798788576 0 845167507
0 845167507 0 852510948
0 852510948 0 860128847
0 860128847 0 877917618
0 877917618 0 884366666
0 884366666 0 899322835
0 899322835 11351237 899322835
0 860128847 19724439 860128847
0 884366666 20177104 884366666
0 852510948 21386179 852510948
19724439 860128847 52265369 863547680
52265369 863547680 60655436 866835673
60655436 866835673 65370018 866835673
65370018 866835673 65370018 870266428
65370018 870266428 68675349 884349268
60655436 866835673 60655436 892069220
68675349 884349268 87212677 891705572
87212677 891705572 87212677 895628098
87212677 895628098 92496451 897271044
87212677 891705572 95450018 891705572
65370018 866835673 96796397 866835673
0 845167507 37132562 845167507
0 899322835 0 936666587
0 936666587 0 947044646
0 947044646 8263986 947044646
8263986 947044646 22145936 947044646
8263986 947044646 8263986 967065223
37132562 845167507 46350847 877917618
46350847 877917618 54466238 900574085
0 936666587 47084264 936666587
47084264 936666587 54818166 966332287
54818166 966332287 54818166 971091376
54818166 971091376 55913664 971091376
54818166 971091376 54818166 973879383
55913664 971091376 66952436 972135970
54818166 966332287 79599762 966332287
114298967 644173541 115909796 690021038
115909796 690021038 117589174 690021038
115909796 690021038 115909796 700635718
115909796 700635718 117660031 706644232
117660031 706644232 123158546 710390779
123158546 710390779 123158546 718981539
123158546 710390779 166331753 710390779
166331753 710390779 199182522 711775408
199182522 711775408 204375217 747466087
204375217 747466087 222397667 748388419
69010361 761417136 116457159 761752916
116457159 761752916 142801272 777313505
142801272 777313505 164207166 779407302
164207166 779407302 170606031 779407302
170606031 779407302 179917499 784695494
179917499 784695494 180541756 784695494
179917499 784695494 179917499 789666882
179917499 789666882 189264488 813372637
95450018 891705572 143554720 891787544
143554720 891787544 157301560 901720740
157301560 901720740 157301560 904072832
157301560 901720740 170489072 901720740
170489072 901720740 182831034 917667703
182831034 917667703 182831034 931654952
182831034 917667703 215418065 917667703
215418065 917667703 215903102 917667703
215418065 917667703 215418065 922316149
0 437752329 48528308 437752329
48528308 437752329 78891185 455361747
78891185 455361747 93314737 461299552
93314737 461299552 117987739 468591854
97944305 811972233 97944305 860508787
97944305 860508787 103521726 865502898
103521726 865502898 147776752 867622551
147776752 867622551 158569070 888403839
62173920 489742233 64532842 536273389
64532842 536273389 65495405 538000349
65495405 538000349 65495405 551120932
65495405 538000349 98734646 538000349
98734646 538000349 144651328 538417945
144651328 538417945 144651328 538765774
144651328 538765774 151411898 543235001
144651328 538417945 165820246 538417945
165820246 538417945 166774209 557206427
166774209 557206427 169011206 557206427
166774209 557206427 166774209 560882870
169011206 557206427 199008435 557465878
199008435 557465878 199008435 559729237
199008435 559729237 203243973 583695998
199008435 557465878 228831076 557465878
228831076 557465878 238135473 574327724
238135473 574327724 260133723 578095639
260133723 578095639 284914595 579203927
284914595 579203927 297551692 579203927
297551692 579203927 301579048 579203927
297551692 579203927 297551692 608661849
297551692 608661849 301858320 622411089
301858320 622411089 301858320 638953372
301858320 638953372 309024383 653936923
309024383 653936923 330979043 653936923
330979043 653936923 333230650 660284939
333230650 660284939 333230650 662703690
301858320 622411089 325761056 622411089
325761056 622411089 325950814 622411089
325761056 622411089 325761056 632995037
309024383 653936923 309024383 680427134
284914595 579203927 284914595 611805606
333230650 660284939 369731565 660284939
369731565 660284939 370372660 677661193
370372660 677661193 375587345 677661193
370372660 677661193 370372660 697086666
375587345 677661193 378998766 695914742
370372660 697086666 373774575 726303637
378998766 695914742 411219790 702825182
411219790 702825182 411219790 719669169
411219790 719669169 411219790 721954014
411219790 721954014 419090764 723678705
419090764 723678705 422044476 723678705
411219790 719669169 422122949 719669169
422122949 719669169 440790443 720407856
440790443 720407856 447515434 726812797
422044476 723678705 440777463 726812797
447515434 726812797 466718757 733545314
440777463 726812797 440777463 761597937
440777463 761597937 441397351 762932132
441397351 762932132 441397351 763014482
441397351 763014482 448283304 784239559
448283304 784239559 448283304 786525426
448283304 784239559 456206174 784239559
456206174 784239559 461717576 791558723
411219790 702825182 448607414 702825182
448607414 702825182 481274049 707089333
309024383 680427134 316655004 713541734
316655004 713541734 323027759 713541734
316655004 713541734 316655004 722897288
316655004 722897288 330867981 725928192
330867981 725928192 332907312 740902817
332907312 740902817 344976841 740902817
332907312 740902817 332907312 773051426
332907312 773051426 332907312 774083862
332907312 773051426 344073505 773051426
332907312 774083862 332921304 796261122
344073505 773051426 367804882 783948111
367804882 783948111 367804882 790502441
367804882 783948111 391587501 783948111
391587501 783948111 404534129 807522391
404534129 807522391 410183298 807522391
410183298 807522391 412256935 807522391
410183298 807522391 410183298 811365862
404534129 807522391 404534129 819289478
466718757 733545314 495661998 745683264
495661998 745683264 495661998 761387220
495661998 761387220 500831507 764321220
495661998 745683264 523612119 745683264
523612119 745683264 531665427 763542083
419090764 723678705 419090764 765597690
166774209 560882870 198957866 574212665
325761056 632995037 369334821 636343620
441397351 762932132 489339645 762932132
65495405 551120932 95439589 569905988
95439589 569905988 96941827 578222889
96941827 578222889 96941827 591453927
96941827 578222889 116839653 578222889
116839653 578222889 117480535 581369195
117480535 581369195 120938365 588357460
120938365 588357460 126952504 621284545
96941827 591453927 104700105 622858490
104700105 622858490 114298967 629684988
114298967 629684988 124820060 629684988
126952504 621284545 163149121 629481979
163149121 629481979 174357776 630979259
174357776 630979259 174357776 632823402
174357776 632823402 185686148 643503979
185686148 643503979 199293381 643503979
185686148 643503979 185686148 667801521
174357776 630979259 198840323 630979259
199293381 643503979 224231114 654040834
224231114 654040834 224231114 655178812
224231114 654040834 236700799 654040834
54466238 900574085 83176607 923112319
83176607 923112319 113858536 930643135
113858536 930643135 119404052 940275769
301579048 579203927 340774672 592649859
340774672 592649859 361112817 597362717
185686148 667801521 220047618 686653432
220047618 686653432 231259852 705774368
231259852 705774368 231259852 710935897
231259852 710935897 235241092 740876339
235241092 740876339 272822533 744714347
272822533 744714347 289085614 744714347
272822533 744714347 272822533 768634910
272822533 768634910 279540074 769551968
279540074 769551968 305226512 772927757
305226512 772927757 311424994 802586786
311424994 802586786 323677823 802586786
311424994 802586786 311424994 830468557
311424994 830468557 317445808 830468557
311424994 830468557 311424994 864257265
311424994 864257265 320151570 878019615
320151570 878019615 335909444 878019615
320151570 878019615 320151570 903977448
320151570 903977448 328309773 924429350
328309773 924429350 328979230 924429350
328979230 924429350 332573769 927337886
332573769 927337886 344397625 927337886
344397625 927337886 362654996 931673407
332573769 927337886 332573769 952849386
332573769 952849386 340273190 954388008
340273190 954388008 350260908 968453841
328309773 924429350 328309773 952849386
328309773 952849386 328309773 959601225
362654996 931673407 381616045 949203641
381616045 949203641 382672459 976076253
382672459 976076253 382672459 989775980
382672459 976076253 411385950 976076253
411385950 976076253 430494106 993719196
317445808 830468557 344745959 845081590
231259852 705774368 274150206 705774368
274150206 705774368 302220037 728613286
123158546 718981539 159691211 739907119
203243973 583695998 231586032 613852579
231586032 613852579 253167530 620779075
480557038 64148202 532029973 72747856
92496451 897271044 137914300 912011136
507429958 245525759 507429958 305980212
507429958 305980212 518846825 322605402
642897067 811890714 698160930 817203294
767346248 856598043 796218985 888381457
796218985 888381457 801834147 889707775
801834147 889707775 801834147 922214996
801834147 922214996 814991004 964092453
814991004 964092453 822249702 964092453
822249702 964092453 822249702 968716788
822249702 968716788 826811011 983365802
822249702 964092453 841993019 964092453
814991004 964092453 814991004 992798132
814991004 992798132 814991004 993518309
814991004 992798132 820965926 992798132
688786031 534755011 688786031 595552703
215903102 917667703 276664421 918690719
276664421 918690719 281225172 919643393
281225172 919643393 283209786 924429350
283209786 924429350 283209786 925059645
283209786 925059645 299327157 939437376
299327157 939437376 306945286 939437376
299327157 939437376 299327157 974824087
506235685 177102321 526152233 219375352
239972270 457150039 239972482 519410306
590710806 597755652 649965239 600962709
649965239 600962709 658137978 604677996
658137978 604677996 670457496 604677996
670457496 604677996 679675177 609320786
658137978 604677996 658137978 631849839
679675177 609320786 685630491 631051769
685630491 631051769 714140038 647631226
714140038 647631226 714809398 647631226
714140038 647631226 714140038 676583480
341321320 152934301 346447603 210328728
970802090 495066819 995707328 532750972
869233947 455265898 919733216 467785771
919733216 467785771 923232781 470186457
763080104 776182241 820727459 782010492
820727459 782010492 827144108 808682663
827144108 808682663 827144108 817646781
827144108 817646781 831644549 817646781
827144108 817646781 827144108 829286545
827144108 829286545 830661123 829286545
827144108 829286545 827144108 839482928
827144108 839482928 845913785 844144244
827144108 808682663 859670214 808682663
859670214 808682663 859670214 811439847
859670214 808682663 876257392 808682663
553034306 21917159 570595224 68080851
570595224 68080851 570595224 72564600
570595224 72564600 585160686 100458972
585160686 100458972 606584672 107483968
606584672 107483968 628744632 107483968
606584672 107483968 606584672 130330168
628744632 107483968 641800772 129584148
641800772 129584148 643597413 129584148
641800772 129584148 641800772 139290988
641800772 139290988 654894498 148288466
654894498 148288466 654894498 158746529
654894498 158746529 662103915 159793381
662103915 159793381 673529964 159793381
654894498 148288466 677329366 148288466
662103915 159793381 662103915 185789934
662103915 185789934 672456517 210262246
672456517 210262246 681921810 217727481
681921810 217727481 686054146 219393335
686054146 219393335 690920312 219393335
690920312 219393335 694726587 221740716
694726587 221740716 694726587 222495904
694726587 222495904 698114095 231486836
694726587 221740716 711781424 221740716
686054146 219393335 686054146 250731154
711781424 221740716 731138682 242960635
119404052 940275769 140747395 982706734
140747395 982706734 175945339 986568540
175945339 986568540 175945339 989343201
175945339 986568540 206213404 986568540
206213404 986568540 219963573 986572533
219963573 986572533 229021844 986572533
229021844 986572533 229021844 989115932
219963573 986572533 219963573 999466790
229021844 986572533 252632619 986572533
407513930 82796239 465420494 89850585
404534129 819289478 417627273 871176933
417627273 871176933 429943152 886966802
429943152 886966802 466647486 886966802
466647486 886966802 476546673 889547961
476546673 889547961 476546673 898203944
476546673 898203944 477815362 902042985
477815362 902042985 483761389 902042985
483761389 902042985 483895460 927935387
429943152 886966802 429943152 929000996
476546673 889547961 541422005 889547961
541422005 889547961 547737095 918640367
547737095 918640367 547737095 923827650
547737095 918640367 553962224 918640367
553962224 918640367 553962224 921999870
553962224 918640367 568790976 918640367
553962224 921999870 556903102 948891219
556903102 948891219 562195512 962593764
562195512 962593764 573926735 962593764
573926735 962593764 573926735 963139719
573926735 962593764 591304350 962593764
573926735 963139719 583461508 974262563
562195512 962593764 562195512 986885616
583461508 974262563 595592879 998025662
292613421 168489114 311627617 214878267
93282607 280918486 148147943 291658931
148147943 291658931 148147943 315385636
77891815 45240417 104436221 84586730
104436221 84586730 115195831 100135328
447339770 500724634 513321834 500724634
477815362 902042985 477815362 968143107
477815362 968143107 528286958 969516328
833044150 343614854 899185855 343614854
577271222 461858620 619701308 485798772
619701308 485798772 630032299 521165541
630032299 521165541 648618925 521165541
630032299 521165541 630032299 552390623
585981633 428159396 640004446 440579371
367804882 790502441 390242797 834563582
585738224 623232110 647276065 628767380
647276065 628767380 656384455 646051772
167832661 854578304 223442991 866227289
223442991 866227289 227434203 866227289
227434203 866227289 231201931 866648193
231201931 866648193 240471523 866648193
223442991 866227289 223442991 886285005
223442991 886285005 231201931 889692312
231201931 889692312 265657412 905796762
265657412 905796762 267918522 944375732
267918522 944375732 274231424 944375732
267918522 944375732 267918522 983551461
261369275 188455237 291399377 225722435
373774575 726303637 400518020 766954280
677329366 148288466 743164152 150971403
743164152 150971403 748107858 180623672
748107858 180623672 748107858 187414203
748107858 187414203 748107858 187721186
748107858 187414203 748616207 187414203
748107858 180623672 758652792 180623672
748616207 187414203 748913556 200839346
748913556 200839346 748913556 203188438
748913556 200839346 772447750 200839346
772447750 200839346 793116034 209648870
793116034 209648870 797075642 209648870
797075642 209648870 797075642 216297563
797075642 209648870 808824298 209648870
793116034 209648870 793116034 224842153
793116034 224842153 803758499 241994748
803758499 241994748 809913208 247321194
809913208 247321194 824789101 247321194
824789101 247321194 824789101 256405017
809913208 247321194 809913208 264696149
809913208 264696149 814114341 264696149
809913208 264696149 809913208 270133994
824789101 256405017 825896579 273465702
825896579 273465702 825896579 277454558
825896579 273465702 842802526 273465702
825896579 277454558 838703101 281799672
824789101 247321194 849351434 247321194
849351434 247321194 849351434 249287044
849351434 247321194 863937903 247321194
748913556 203188438 764387631 238993744
764387631 238993744 780554484 272687607
808824298 209648870 865229562 218525488
865229562 218525488 865229562 224363103
865229562 218525488 888151707 218525488
888151707 218525488 891393864 222290979
891393864 222290979 891393864 230418896
891393864 230418896 899368212 239022454
899368212 239022454 928565718 239022454
928565718 239022454 930008924 251884905
930008924 251884905 961125904 251884905
930008924 251884905 930008924 288183663
930008924 288183663 930008924 300235362
930008924 300235362 936609047 306516532
936609047 306516532 936609047 307631677
930008924 288183663 945484348 288183663
936609047 306516532 956576087 306516532
891393864 222290979 939650556 222290979
939650556 222290979 950087581 227793309
899368212 239022454 899368212 299913994
899368212 299913994 911058107 308847106
5485497 383193170 66346958 391056014
66346958 391056014 66930695 391056014
66346958 391056014 66346958 419165031
742333811 461995318 791678218 481515443
221225253 433055544 229679966 494301495
229679966 494301495 237966811 503314715
237966811 503314715 237966811 537432207
237966811 503314715 272107184 503314715
272107184 503314715 310825526 506500039
310825526 506500039 310825526 545452770
310825526 545452770 312627820 566995235
312627820 566995235 352196068 569620149
352196068 569620149 354263974 575427300
354263974 575427300 354263974 576003530
354263974 575427300 361198702 575427300
864499485 455265898 864499485 524970117
864499485 524970117 905297949 540302547
905297949 540302547 906735434 540302547
905297949 540302547 905297949 574722168
905297949 574722168 909708538 587819937
909708538 587819937 914367085 587819937
909708538 587819937 909708538 594628399
909708538 594628399 920998909 599408418
240471523 866648193 309600136 867789367
174188339 24755481 199899640 69709728
570595224 68080851 641264409 68080851
641264409 68080851 659789708 78340646
659789708 78340646 671046683 78340646
671046683 78340646 671046683 89667940
671046683 78340646 685217510 78340646
659789708 78340646 659789708 94060662
685217510 78340646 699387929 83392729
699387929 83392729 699387929 92720750
699387929 83392729 709708770 83392729
709708770 83392729 715732933 94506582
715732933 94506582 715732933 103455093
715732933 94506582 736377942 94506582
736377942 94506582 737599661 94506582
736377942 94506582 736377942 100040465
737599661 94506582 756390030 96828234
756390030 96828234 768882249 109149093
768882249 109149093 775907819 109149093
768882249 109149093 768882249 116475844
775907819 109149093 789925019 116087182
789925019 116087182 811980626 119054671
811980626 119054671 811980626 130314606
811980626 119054671 836167071 119054671
715732933 103455093 723796224 129117770
836167071 119054671 847111983 141943823
847111983 141943823 858453828 148517847
858453828 148517847 858453828 195889453
858453828 148517847 907776409 148517847
907776409 148517847 910819152 148517847
907776409 148517847 907776409 192418679
907776409 192418679 949826057 198521519
949826057 198521519 949826057 207778195
949826057 198521519 965656849 198521519
965656849 198521519 969698251 210710624
557125999 196002403 626947707 197227542
626947707 197227542 631365833 223961542
910819152 148517847 938216987 192326861
670589211 895077166 694079397 946683687
936609047 307631677 948689011 371679237
948689011 371679237 990074429 374497253
990074429 374497253 995105949 374497253
990074429 374497253 990074429 388833630
956576087 306516532 978443228 363085707
978443228 363085707 999490489 363549156
411241349 105950809 411241349 185292911
567320783 0 650928730 0
650928730 0 660114289 0
660114289 0 667903545 0
667903545 0 669209714 0
669209714 0 672661300 0
672661300 0 672715332 0
672715332 0 672715332 9956397
667903545 0 667903545 17628688
667903545 17628688 669209714 44306685
669209714 44306685 671046683 49575192
671046683 49575192 672661300 49575192
660114289 0 660114289 29877328
672715332 0 712741317 0
712741317 0 723975093 0
723975093 0 723975093 14332668
712741317 0 712741317 33039110
723975093 0 760353880 0
760353880 0 760353880 130075
760353880 0 771364670 0
771364670 0 781146046 0
781146046 0 781146046 21385015
781146046 0 817948734 0
817948734 0 820533468 0
820533468 0 825428936 0
825428936 0 826530555 0
820533468 0 820533468 7457967
826530555 0 850225962 0
850225962 0 862865021 0
862865021 0 862865021 3980013
850225962 0 850225962 16263202
820533468 7457967 826530555 25333062
817948734 0 817948734 35220219
817948734 35220219 825428936 42457162
825428936 42457162 829775471 58972542
771364670 0 771364670 39960919
650928730 0 650928730 42664182
712741317 33039110 737469274 53404546
737469274 53404546 739701692 67881187
862865021 0 908911168 0
908911168 0 913768352 0
908911168 0 908911168 38676127
771364670 39960919 788846155 69976706
788846155 69976706 788846155 70013143
788846155 69976706 813554682 69976706
813554682 69976706 815948917 96144296
815948917 96144296 849588211 97859702
849588211 97859702 849588211 98119824
849588211 98119824 854869297 102731805
854869297 102731805 854869297 115637838
854869297 102731805 877976413 102731805
849588211 97859702 885699761 97859702
885699761 97859702 894116490 99249728
788846155 70013143 808129880 88321385
894116490 99249728 936542937 111349321
936542937 111349321 936542937 122161411
936542937 122161411 945209647 122507099
945209647 122507099 945209647 139709802
945209647 122507099 969204725 122507099
936542937 111349321 983722137 111349321
945209647 139709802 957900838 185275169
829775471 58972542 893973088 73735716
913768352 0 993240226 612219
993240226 612219 994272742 86601114
461717576 791558723 473014386 867431349
473014386 867431349 533019219 880255778
146953734 157018336 220101659 173107624
220101659 173107624 220989570 173412724
791678218 481515443 834446211 529626229
834446211 529626229 852745720 540302547
852745720 540302547 852745720 591155224
808876340 905422115 909368184 905422115
893973088 73735716 985355434 87385437
411241349 185292911 424641492 277587030
424641492 277587030 426065409 282991312
426065409 282991312 444582937 297707057
