1473
0 0 0 5064253
0 5064253 0 11388331
0 0 8506694 0
0 11388331 8506694 11388331
8506694 0 20593361 0
20593361 0 20593361 5064253
0 11388331 0 57621144
0 57621144 49902574 57621144
49902574 57621144 53005442 57725397
53005442 57725397 53005442 66676472
53005442 57725397 64843923 57725397
64843923 57725397 96637127 61276582
96637127 61276582 96637127 72205854
96637127 72205854 97924599 73727930
96637127 61276582 120573303 61276582
120573303 61276582 129332341 66383835
129332341 66383835 139309952 66383835
129332341 66383835 129332341 77077445
129332341 77077445 176467460 81676074
176467460 81676074 178248661 83842305
178248661 83842305 178248661 109372625
178248661 109372625 180714318 109372625
178248661 109372625 178248661 120198539
178248661 120198539 191141392 125842098
191141392 125842098 207183067 125842098
207183067 125842098 223272066 131212487
223272066 131212487 223272066 131915351
191141392 125842098 191141392 155900300
180714318 109372625 217215282 115088222
223272066 131212487 270027190 131212487
270027190 131212487 276759921 134554991
276759921 134554991 297481917 134554991
297481917 134554991 297481917 136443604
297481917 134554991 317214576 134554991
297481917 136443604 313682248 145024401
313682248 145024401 313682248 164752094
313682248 164752094 320175398 167246402
320175398 167246402 334656556 167246402
320175398 167246402 320175398 186085800
320175398 186085800 326704224 186085800
326704224 186085800 329424305 193496963
329424305 193496963 329424305 194578196
329424305 193496963 342524971 193496963
342524971 193496963 350706610 194059535
350706610 194059535 350706610 196855360
350706610 194059535 364092902 194059535
364092902 194059535 364633353 211948117
364633353 211948117 368752532 222647470
368752532 222647470 374768156 222647470
374768156 222647470 377168921 228577940
377168921 228577940 377168921 245596805
368752532 222647470 368752532 242091685
320175398 186085800 320175398 206242492
320175398 206242492 320175398 208798119
320175398 206242492 324603581 206242492
324603581 206242492 337548888 208034589
313682248 145024401 334656556 145024401
334656556 145024401 338250950 145024401
338250950 145024401 358942924 145657850
358942924 145657850 376731493 145657850
358942924 145657850 358942924 171332776
358942924 171332776 364092902 182778394
364092902 182778394 393733018 182778394
276759921 134554991 276759921 165207287
377168921 228577940 417615563 228577940
417615563 228577940 430782155 233345956
430782155 233345956 452247253 233345956
452247253 233345956 452247253 240117259
452247253 233345956 467942911 233345956
276759921 165207287 282212577 205775485
282212577 205775485 282212577 207911090
282212577 205775485 297975845 205775485
297975845 205775485 313423359 207963558
313423359 207963558 316539582 213467331
316539582 213467331 316812953 219302831
178248661 83842305 229163257 83842305
377168921 245596805 378677335 296018286
378677335 296018286 391548042 302771967
391548042 302771967 391548042 334002437
391548042 302771967 435913198 302771967
435913198 302771967 435913198 331354090
435913198 302771967 466127767 302771967
466127767 302771967 496553214 322622005
496553214 322622005 520989842 322622005
520989842 322622005 520989842 330157360
520989842 330157360 528261680 330157360
520989842 330157360 520989842 339341545
520989842 322622005 530653015 322622005
530653015 322622005 537704765 328900923
537704765 328900923 537704765 339658949
537704765 339658949 547137768 340374329
520989842 339341545 529485573 360922724
529485573 360922724 530074551 360922724
529485573 360922724 529485573 371560500
529485573 371560500 559525291 371913026
496553214 322622005 496553214 353611222
496553214 353611222 498814886 353611222
496553214 353611222 496553214 371769678
496553214 371769678 507305418 385255383
507305418 385255383 507729044 385255383
507305418 385255383 507305418 392193611
537704765 328900923 572703877 328900923
572703877 328900923 600659027 332271698
600659027 332271698 600659027 344469143
600659027 344469143 603707679 365656081
603707679 365656081 603707679 372783108
603707679 372783108 610149136 372783108
600659027 332271698 627191118 332271698
603707679 365656081 633161546 365656081
603707679 372783108 603707679 412949970
603707679 412949970 627832091 424312207
507305418 392193611 520973520 419276290
520973520 419276290 524052294 419276290
524052294 419276290 525145702 428432036
520973520 419276290 520973520 450921405
520973520 450921405 525145702 465572284
525145702 465572284 530982241 465572284
525145702 465572284 525145702 473716372
525145702 473716372 541108812 483851420
525145702 428432036 568146926 428432036
568146926 428432036 582752502 447100931
582752502 447100931 593232554 474296275
593232554 474296275 607417609 485640498
607417609 485640498 607417609 490295342
607417609 485640498 622378058 485640498
622378058 485640498 627728919 497053489
627728919 497053489 627728919 503458889
627728919 503458889 645151251 512406291
645151251 512406291 655879745 512630943
627728919 497053489 655339635 497053489
655339635 497053489 656823931 497369591
656823931 497369591 690159155 500724573
690159155 500724573 707731329 518310296
627832091 424312207 671532341 424653773
671532341 424653773 671532341 439261179
671532341 439261179 671687721 439261179
671687721 439261179 671687721 439413863
671687721 439261179 684975578 439261179
671532341 439261179 671532341 453334006
671532341 424653773 692685520 424653773
692685520 424653773 712932157 428730823
712932157 428730823 722508777 428730823
712932157 428730823 712932157 440219217
712932157 440219217 728390073 451154225
728390073 451154225 732898726 451154225
732898726 451154225 739954576 456237926
739954576 456237926 740650067 456275995
740650067 456275995 740650067 465146888
740650067 465146888 741690756 471450766
740650067 456275995 750074424 456275995
750074424 456275995 750074424 462189214
728390073 451154225 728390073 465262289
741690756 471450766 745338644 488466746
633161546 365656081 658067051 386030394
750074424 456275995 795833166 456275995
795833166 456275995 798870658 460108410
607417609 490295342 613757476 531405356
613757476 531405356 617387693 541573788
617387693 541573788 617387693 542854452
655879745 512630943 674895043 541573788
674895043 541573788 691759703 553109467
691759703 553109467 696561077 553109467
696561077 553109467 696561077 561138507
691759703 553109467 691759703 577766167
696561077 553109467 722665058 553109467
722665058 553109467 724147836 583606326
724147836 583606326 747162927 592946099
747162927 592946099 757554741 615994017
610149136 372783108 627832091 404253657
627832091 404253657 628899343 404253657
617387693 542854452 618565983 595037919
618565983 595037919 621459434 595037919
621459434 595037919 621459434 611122803
621459434 611122803 627766233 618288293
627766233 618288293 642756862 618288293
627766233 618288293 627766233 640419746
627766233 640419746 632131086 652719171
632131086 652719171 632131086 664997790
618565983 595037919 618565983 618288293
618565983 618288293 618565983 645846045
621459434 595037919 651346769 595037919
632131086 652719171 671277482 652719171
671277482 652719171 684783987 660259551
684783987 660259551 704596033 686700660
632131086 664997790 634044270 711215797
634044270 711215797 634044270 739162293
634044270 711215797 665678470 711215797
665678470 711215797 669300852 716074784
669300852 716074784 676416271 716074784
676416271 716074784 677405644 724775552
677405644 724775552 677405644 743901328
677405644 743901328 679849963 763966822
677405644 724775552 700348207 724775552
634044270 739162293 639020069 772221569
639020069 772221569 644169441 772221569
639020069 772221569 639020069 797544654
639020069 797544654 644854930 808313315
644854930 808313315 673118892 808313315
644854930 808313315 644854930 837550173
644854930 837550173 648579177 837550173
644854930 837550173 644854930 843625020
644854930 843625020 660764474 844304280
660764474 844304280 660764474 864314866
660764474 864314866 662989849 877582985
662989849 877582985 665257103 877582985
665257103 877582985 665257103 880723705
665257103 880723705 670168816 884057131
665257103 877582985 677274542 877582985
662989849 877582985 662989849 894206062
660764474 844304280 682441913 844304280
682441913 844304280 703387163 853560265
669300852 716074784 669300852 755681928
700348207 724775552 734480390 733233801
734480390 733233801 736602923 733233801
736602923 733233801 755774602 734867631
734480390 733233801 734480390 757919415
734480390 757919415 741323688 784784420
741323688 784784420 741323688 795804222
741323688 795804222 747953823 795804222
747953823 795804222 763359109 795909185
741323688 795804222 741323688 834675644
741323688 834675644 759858810 853179574
759858810 853179574 774472972 853179574
759858810 853179574 759858810 883751895
759858810 883751895 782295643 886140338
782295643 886140338 794795629 888712557
794795629 888712557 794795629 908995155
794795629 908995155 794947793 927049039
794947793 927049039 811917140 927049039
794795629 888712557 818850811 888712557
794947793 927049039 794947793 959697649
774472972 853179574 780605695 880934348
780605695 880934348 782295643 880934348
780605695 880934348 780605695 901747523
782295643 880934348 820796108 880934348
818850811 888712557 852783483 895258328
852783483 895258328 852783483 903172112
852783483 895258328 861602232 895258328
861602232 895258328 863752670 931281013
863752670 931281013 885405494 953072352
885405494 953072352 906376352 962161777
906376352 962161777 916928079 972805597
916928079 972805597 964809071 973593908
755774602 734867631 799321995 740126004
799321995 740126004 820994885 740126004
799321995 740126004 799321995 781917113
799321995 781917113 799321995 785767826
799321995 781917113 805051880 781917113
799321995 785767826 802758882 793937198
802758882 793937198 821251419 796714180
821251419 796714180 840304624 800319491
840304624 800319491 840304624 812573552
840304624 812573552 840304624 815094387
840304624 812573552 844336236 812573552
840304624 800319491 858014165 800319491
858014165 800319491 873194625 802882864
873194625 802882864 880362783 802882864
880362783 802882864 880875315 802882864
880362783 802882864 880362783 822795251
880362783 822795251 898040392 826634724
898040392 826634724 898040392 827158238
898040392 826634724 912863488 826634724
912863488 826634724 934459341 826945492
934459341 826945492 935089929 826945492
934459341 826945492 934459341 833864074
935089929 826945492 943741854 828781805
873194625 802882864 873194625 826265444
873194625 826265444 874223112 826265444
873194625 826265444 873194625 834782951
898040392 827158238 909753167 860598579
909753167 860598579 911859849 868432215
911859849 868432215 927212406 868432215
911859849 868432215 911859849 892429059
911859849 892429059 924412153 892429059
911859849 892429059 911859849 917015407
927212406 868432215 960418724 875200585
911859849 917015407 942022978 929630166
942022978 929630166 961471416 938607495
961471416 938607495 961471416 946019682
961471416 938607495 976180433 938607495
976180433 938607495 976180433 941925235
976180433 938607495 979930598 938607495
679849963 763966822 707691892 785169806
707691892 785169806 709174024 785169806
709174024 785169806 716782441 792225421
707691892 785169806 707691892 805886674
642756862 618288293 683291178 628135866
683291178 628135866 684783987 637210355
684783987 637210355 684783987 640594848
684783987 640594848 693761235 640594848
693761235 640594848 697859571 645899551
697859571 645899551 712185724 648180166
712185724 648180166 712185724 655106449
712185724 648180166 741797633 648180166
741797633 648180166 749097930 659315475
749097930 659315475 749097930 665863811
749097930 659315475 770047768 659315475
749097930 665863811 761252339 674945912
761252339 674945912 765637270 686744608
765637270 686744608 770219331 695028469
770219331 695028469 770219331 708783965
770219331 695028469 798638980 695028469
798638980 695028469 829201946 695974283
829201946 695974283 838624959 697962518
838624959 697962518 849461539 719751956
849461539 719751956 849461539 719830527
849461539 719751956 881400062 719751956
770219331 708783965 794108775 728824390
684783987 637210355 733194608 637210355
964809071 973593908 993802890 995727192
741323688 784784420 793033699 784784420
452247253 240117259 467846753 278200789
223272066 131915351 237983661 170998560
880875315 802882864 921517905 818262302
430782155 233345956 430782155 289547380
237983661 170998560 243688334 221921819
243688334 221921819 248546299 222278006
248546299 222278006 251554624 222278006
251554624 222278006 257426832 223551494
248546299 222278006 248546299 230793516
248546299 230793516 249187360 230793516
248546299 230793516 248546299 239036850
248546299 239036850 248649652 268408555
248649652 268408555 249116302 302673339
249116302 302673339 249116302 305324389
249116302 302673339 257185210 302673339
257185210 302673339 261828923 316388088
261828923 316388088 261828923 321710999
261828923 316388088 280305119 316388088
280305119 316388088 280940102 316550643
280940102 316550643 291092053 321037713
291092053 321037713 297255309 321037713
297255309 321037713 299223194 336457383
299223194 336457383 299223194 347969768
299223194 336457383 312131810 336457383
291092053 321037713 291092053 366977106
291092053 366977106 293670825 372310438
293670825 372310438 296700973 377032722
296700973 377032722 334707073 385812170
334707073 385812170 362737972 403234113
627191118 332271698 664469137 351885029
664469137 351885029 664469137 354073856
664469137 351885029 671326678 351885029
671326678 351885029 708119994 360885861
708119994 360885861 709418106 368767880
709418106 368767880 712932157 395450440
712932157 395450440 729357409 395450440
729357409 395450440 732898726 404099872
732898726 404099872 752150554 404099872
752150554 404099872 764841565 411096473
764841565 411096473 764841565 416243045
764841565 411096473 770764336 411096473
770764336 411096473 814649156 417954189
814649156 417954189 814649156 451508689
814649156 417954189 857968421 417954189
857968421 417954189 877154378 419060549
877154378 419060549 915936206 419060549
915936206 419060549 923366711 424634381
877154378 419060549 877154378 459117411
877154378 459117411 877154378 468364009
877154378 468364009 890559540 479846586
890559540 479846586 906318271 480510056
906318271 480510056 923366711 480510056
923366711 480510056 929747815 487925732
929747815 487925732 929747815 513084617
929747815 513084617 929747815 521117454
906318271 480510056 906318271 506015417
906318271 506015417 920767769 508621292
920767769 508621292 921952578 508621292
920767769 508621292 920767769 518388062
929747815 487925732 956451054 487925732
956451054 487925732 966252606 488288803
966252606 488288803 985098380 488288803
985098380 488288803 985098380 488502295
985098380 488502295 985147603 488502295
985098380 488502295 985098380 494662363
985098380 488288803 996989056 488288803
985098380 494662363 990881395 512083491
966252606 488288803 966252606 513084617
966252606 513084617 967778518 513508895
929747815 521117454 934052187 549835855
934052187 549835855 941282660 549835855
941282660 549835855 944635834 556505833
944635834 556505833 944639665 556505833
934052187 549835855 934052187 568411996
934052187 568411996 944635834 575446948
944639665 556505833 958889352 563860370
958889352 563860370 978697450 567126437
978697450 567126437 980873905 576583316
980873905 576583316 980873905 583109503
980873905 576583316 993234820 576583316
993234820 576583316 993320685 591186076
993320685 591186076 994050062 591186076
993320685 591186076 993320685 612282316
877154378 459117411 915208698 459117411
944635834 575446948 949779835 609013344
990881395 512083491 998877641 549880752
923366711 424634381 971310681 424634381
393733018 182778394 447299453 186435406
447299453 186435406 447535854 186435406
447299453 186435406 447299453 195095450
447535854 186435406 461329826 193246816
461329826 193246816 482112102 208989200
482112102 208989200 482112102 219015165
482112102 208989200 498066753 208989200
498066753 208989200 542743324 214187052
542743324 214187052 551419761 218686473
551419761 218686473 551419761 257334906
551419761 218686473 598231265 218686473
598231265 218686473 602622982 218686473
598231265 218686473 598231265 224421505
602622982 218686473 636601524 221113547
636601524 221113547 636601524 225196915
636601524 225196915 651122724 225900744
651122724 225900744 651122724 252653715
598231265 224421505 634248885 224895764
634248885 224895764 634248885 233572722
634248885 224895764 660675230 224895764
660675230 224895764 695812385 225900744
695812385 225900744 698038552 230358801
698038552 230358801 707989217 230358801
698038552 230358801 698038552 267298746
634248885 233572722 644144737 264540268
644144737 264540268 648564266 271849783
648564266 271849783 656300277 296138431
656300277 296138431 656300277 301281280
656300277 301281280 664469137 307631812
656300277 296138431 675943153 296138431
664469137 307631812 685161407 307631812
685161407 307631812 686705679 315140320
686705679 315140320 686705679 333828756
686705679 315140320 718883568 315140320
718883568 315140320 730362070 319509404
730362070 319509404 730362070 327287985
730362070 319509404 749769190 319509404
749769190 319509404 751593841 333179853
751593841 333179853 751593841 344411405
751593841 344411405 761123435 355541217
761123435 355541217 761123435 356586266
761123435 355541217 790017479 355541217
790017479 355541217 792697921 363398092
792697921 363398092 792697921 363429157
792697921 363398092 810955743 363398092
792697921 363429157 800123154 375672654
761123435 356586266 788745255 358277223
636601524 221113547 679654373 221113547
679654373 221113547 714872949 221127739
714872949 221127739 738496972 224453251
738496972 224453251 738496972 227205405
738496972 224453251 765280494 224453251
765280494 224453251 766524672 226745569
766524672 226745569 777296678 226745569
777296678 226745569 777453312 232899377
777453312 232899377 777453312 237795189
777453312 237795189 781593744 239985266
781593744 239985266 781593744 244621203
781593744 239985266 786649472 239985266
786649472 239985266 786649472 242615063
766524672 226745569 766524672 252243210
766524672 252243210 766524672 256408343
766524672 252243210 776919845 252243210
786649472 242615063 804144373 257574017
804144373 257574017 812419707 257574017
804144373 257574017 804144373 272794089
776919845 252243210 782452464 284610778
800123154 375672654 812023653 408121889
751593841 333179853 796719189 333179853
796719189 333179853 815619063 353195158
815619063 353195158 837869914 358112859
837869914 358112859 865748292 376986517
865748292 376986517 865748292 378854582
865748292 376986517 904321275 376986517
904321275 376986517 932502665 393285161
932502665 393285161 932502665 394920917
932502665 393285161 947875595 393285161
786649472 239985266 835659511 239985266
835659511 239985266 860456482 243020796
860456482 243020796 862898629 243020796
862898629 243020796 862898629 256978644
862898629 256978644 864468471 273943897
864468471 273943897 879093205 273943897
864468471 273943897 864468471 288772063
862898629 243020796 881720793 243020796
881720793 243020796 886698956 257341951
886698956 257341951 890235516 257341951
886698956 257341951 886698956 262435429
860456482 243020796 860456482 266813125
782452464 284610778 800131136 316861284
777453312 232899377 832284406 232899377
770047768 659315475 814766346 673679339
993320685 612282316 999456955 665301892
798870658 460108410 799231413 519520094
799231413 519520094 799398199 543175781
799398199 543175781 807168014 558214349
807168014 558214349 823341534 566420406
823341534 566420406 846173158 566420406
846173158 566420406 847828809 566420406
846173158 566420406 846173158 571420384
846173158 571420384 847898334 599126834
847898334 599126834 847898334 601771155
847898334 599126834 859903804 599126834
859903804 599126834 871281370 617907356
823341534 566420406 823341534 605112949
823341534 605112949 827473058 607136249
827473058 607136249 839692977 607136249
839692977 607136249 841125248 607136249
839692977 607136249 839692977 614175223
827473058 607136249 827473058 619971694
827473058 619971694 833405325 619971694
827473058 619971694 827473058 639200398
827473058 639200398 829201946 652596370
829201946 652596370 870250526 652596370
871281370 617907356 904537712 638112066
904537712 638112066 914637264 640257558
914637264 640257558 927776689 640257558
927776689 640257558 933166839 640257558
927776689 640257558 927776689 659150629
927776689 659150629 951770743 678338016
951770743 678338016 964524895 691404021
964524895 691404021 984053155 691404021
984053155 691404021 986123236 694123770
986123236 694123770 994869118 694123770
986123236 694123770 986123236 703049378
964524895 691404021 964524895 721632326
964524895 721632326 966650167 724177058
966650167 724177058 968842602 738268783
968842602 738268783 987761173 738268783
968842602 738268783 968842602 774505074
933166839 640257558 972527514 656901949
0 57621144 0 117489392
0 117489392 0 119626387
0 119626387 0 128909982
0 119626387 9626040 119626387
9626040 119626387 14059606 128909982
0 128909982 0 146566014
0 146566014 12775892 146566014
0 146566014 0 171301020
0 171301020 0 191340784
0 191340784 0 196690300
0 196690300 7274219 196690300
0 191340784 14909967 191340784
0 196690300 0 221390024
0 117489392 26620902 117489392
0 171301020 33848446 171301020
0 221390024 35041028 221390024
0 221390024 0 258829182
0 258829182 8884920 258829182
0 258829182 0 290172388
0 290172388 0 296889470
0 296889470 17598345 296889470
0 296889470 0 329102424
17598345 296889470 44708995 303308668
44708995 303308668 44708995 329102424
44708995 329102424 53351333 340197819
53351333 340197819 74735512 340197819
53351333 340197819 53351333 363697825
53351333 363697825 57347305 363697825
53351333 363697825 53351333 368526474
44708995 303308668 75484446 303308668
53351333 368526474 69141507 383880359
69141507 383880359 89237795 383880359
89237795 383880359 95909572 391739632
95909572 391739632 95909572 392734077
95909572 392734077 97523579 392734077
95909572 392734077 95909572 413485638
95909572 413485638 98921540 421463958
69141507 383880359 69141507 405555816
69141507 405555816 85643066 409797419
95909572 391739632 130177527 391739632
0 290172388 42800697 290172388
26620902 117489392 71503772 119453323
71503772 119453323 71503772 129614684
71503772 119453323 89824610 119453323
71503772 129614684 86949950 133108051
86949950 133108051 90974614 142731040
90974614 142731040 91069134 142731040
91069134 142731040 97240064 143162697
90974614 142731040 90974614 160689233
90974614 160689233 97240064 167668782
33848446 171301020 80696651 180382256
80696651 180382256 92696940 196818385
92696940 196818385 93143735 203718002
93143735 203718002 93143735 241843688
93143735 241843688 93143735 268859793
93143735 268859793 93831718 277047125
93143735 241843688 129045055 241843688
93143735 203718002 137642553 203718002
137642553 203718002 145678796 207605073
145678796 207605073 157871052 207605073
145678796 207605073 145678796 239039740
145678796 239039740 161823756 239486002
161823756 239486002 177386915 239486002
161823756 239486002 161823756 259828815
177386915 239486002 203144615 240133399
203144615 240133399 216581453 280813785
216581453 280813785 222397474 280813785
216581453 280813785 216581453 297957346
216581453 297957346 223620898 327692121
223620898 327692121 230599718 349833077
97240064 143162697 155034467 143162697
155034467 143162697 170578507 175519687
170578507 175519687 185463418 201717636
93831718 277047125 128306441 300645066
128306441 300645066 149635797 303178883
149635797 303178883 149635797 308937923
149635797 303178883 191814325 303178883
191814325 303178883 200391042 330570429
200391042 330570429 200901242 334101831
200901242 334101831 206036339 334336702
206036339 334336702 214026746 334336702
214026746 334336702 214650070 343188125
214650070 343188125 214650070 347255162
214650070 343188125 221988592 343188125
206036339 334336702 206036339 373780081
206036339 373780081 217780809 393947995
217780809 393947995 230547527 399768659
230547527 399768659 245674093 412298686
245674093 412298686 245674093 419751447
245674093 419751447 253282040 440062119
245674093 412298686 286444197 412298686
286444197 412298686 318522653 423927998
318522653 423927998 320139739 442355793
320139739 442355793 321032998 450090273
321032998 450090273 321032998 458454936
321032998 450090273 349255781 450090273
349255781 450090273 349816233 450439770
349816233 450439770 356987083 452380514
356987083 452380514 356987083 453976140
356987083 453976140 357401630 453976140
356987083 453976140 356987083 456017312
356987083 456017312 375997884 472743985
253282040 440062119 273710594 469166911
273710594 469166911 284671228 494598435
284671228 494598435 288279779 509328432
288279779 509328432 288279779 509861114
288279779 509861114 294035526 531445371
294035526 531445371 304139586 531445371
294035526 531445371 294035526 546456051
294035526 546456051 296590922 563310169
296590922 563310169 315479543 563310169
315479543 563310169 327078477 566276608
296590922 563310169 296590922 590281736
296590922 590281736 297450416 594180503
288279779 509328432 316106030 509328432
316106030 509328432 317539495 513463348
317539495 513463348 317539495 515541556
304139586 531445371 323256189 544543238
317539495 513463348 359238579 513463348
356987083 452380514 407958870 452380514
327078477 566276608 355387830 589477333
355387830 589477333 355387830 594223027
355387830 589477333 369482551 589477333
355387830 594223027 356941116 613206515
369482551 589477333 402073897 594007184
402073897 594007184 413264009 617601704
413264009 617601704 413264009 626572148
413264009 617601704 424077314 617601704
424077314 617601704 426063614 625907755
426063614 625907755 430587079 641895356
430587079 641895356 430587079 645265751
430587079 645265751 433324637 655470112
433324637 655470112 433324637 673120582
433324637 673120582 438527905 676399157
438527905 676399157 451645897 676399157
433324637 655470112 451741113 655470112
451741113 655470112 459571913 663209402
459571913 663209402 459581944 663209402
459571913 663209402 459571913 672268560
459571913 672268560 474831720 677563850
474831720 677563850 474831720 678511419
474831720 677563850 488506517 677563850
488506517 677563850 488506517 677630467
438527905 676399157 438527905 702705716
438527905 702705716 441884583 722468426
488506517 677563850 515845700 677563850
515845700 677563850 526586851 686647809
526586851 686647809 529837114 686647809
526586851 686647809 526586851 699643377
529837114 686647809 544915017 690982855
544915017 690982855 544915017 696554581
544915017 690982855 567706009 690982855
567706009 690982855 574879680 703637133
574879680 703637133 574879680 705174837
574879680 703637133 600225839 703637133
441884583 722468426 462889667 730783455
462889667 730783455 462889667 736125655
462889667 730783455 480089340 730783455
462889667 736125655 466516316 754978313
480089340 730783455 502577902 735466695
502577902 735466695 502577902 743623106
502577902 735466695 527073985 735466695
430587079 641895356 461638449 641895356
461638449 641895356 482762574 645461469
466516316 754978313 474656098 794105845
474656098 794105845 482434702 794105845
482434702 794105845 487969453 800214407
474656098 794105845 474656098 815655073
474656098 815655073 484805115 826421142
484805115 826421142 487969453 826421142
487969453 800214407 511587160 800214407
487969453 826421142 500445345 838104523
484805115 826421142 484805115 853441977
500445345 838104523 518903486 853020898
518903486 853020898 528588544 853020898
518903486 853020898 518903486 883128279
518903486 883128279 519832030 883128279
518903486 883128279 518903486 901884731
528588544 853020898 551751054 868204615
551751054 868204615 566112702 873910207
566112702 873910207 588420392 873910207
588420392 873910207 600305974 874147221
600305974 874147221 623537643 889825666
623537643 889825666 641025566 889825666
623537643 889825666 623537643 909827291
623537643 909827291 626217897 946278605
626217897 946278605 634458049 968172575
634458049 968172575 661189898 969558333
661189898 969558333 682013121 977931724
682013121 977931724 699929713 978189924
699929713 978189924 699929713 998142055
699929713 978189924 733286515 978189924
733286515 978189924 744837306 998987333
566112702 873910207 566112702 915052360
566112702 915052360 579784559 925425184
579784559 925425184 587939639 930386475
587939639 930386475 603435028 945010556
603435028 945010556 609463155 979461707
502577902 743623106 512414816 783559377
511587160 800214407 547417942 815212361
547417942 815212361 549178606 815212361
547417942 815212361 547417942 823757293
549178606 815212361 572538391 819546851
572538391 819546851 579474651 819581492
579474651 819581492 604841035 819581492
579474651 819581492 579474651 864704606
579474651 864704606 579784559 865565927
579784559 865565927 603218914 865565927
407958870 452380514 426287983 487661924
426287983 487661924 437635096 489563107
437635096 489563107 437635096 520233905
437635096 520233905 455275339 520233905
437635096 520233905 437635096 538738037
437635096 538738037 448372625 547161028
448372625 547161028 448956292 558041059
448956292 558041059 449263877 558041059
449263877 558041059 462477196 563714745
462477196 563714745 462477196 568211601
462477196 568211601 467426258 569240204
462477196 563714745 474435980 563714745
467426258 569240204 469062805 586441213
448956292 558041059 448956292 588334134
437635096 489563107 477653418 489563107
477653418 489563107 504560799 499116073
504560799 499116073 511455239 499116073
504560799 499116073 504560799 519854451
504560799 519854451 507727305 525388658
507727305 525388658 512594082 525388658
507727305 525388658 507727305 542211642
512594082 525388658 532230929 530792350
532230929 530792350 532230929 550820398
532230929 550820398 533990481 558822562
533990481 558822562 533990481 596021300
533990481 596021300 533990481 598690605
533990481 596021300 549353652 596021300
533990481 558822562 573576932 558822562
573576932 558822562 582021415 558822562
573576932 558822562 573576932 575053161
573576932 575053161 588151103 578321537
588151103 578321537 590263594 578321537
590263594 578321537 590263594 587392896
590263594 578321537 617041123 578321537
588151103 578321537 588151103 617934038
588151103 617934038 595311133 652419122
532230929 530792350 574073937 530792350
574073937 530792350 582021415 531405356
582021415 531405356 585922827 531405356
585922827 531405356 585922827 532671811
585922827 532671811 598378596 551797479
590263594 587392896 609044855 617287364
359238579 513463348 379671574 547215939
379671574 547215939 379671574 550142816
379671574 547215939 388705468 547215939
388705468 547215939 391815400 582619158
391815400 582619158 402073897 588334134
527073985 735466695 562586500 760348074
562586500 760348074 562586500 763146559
562586500 760348074 565683013 760348074
565683013 760348074 574103276 767261678
574103276 767261678 579584618 767261678
574103276 767261678 574103276 807977979
574103276 807977979 594519249 818690706
74735512 340197819 116156297 359795387
116156297 359795387 122119824 362858708
122119824 362858708 122119824 373369064
122119824 362858708 146107892 362858708
146107892 362858708 146107892 363849200
146107892 363849200 146384966 369957798
146107892 362858708 176081497 362858708
849461539 719830527 868528985 763089322
868528985 763089322 880151188 767730541
880151188 767730541 899774976 767730541
880151188 767730541 880151188 795447231
899774976 767730541 929177261 778032706
0 329102424 0 391598502
0 391598502 347548 391598502
0 391598502 0 400392124
0 400392124 0 410039114
0 410039114 0 413718194
0 410039114 9746296 410039114
9746296 410039114 14963607 413718194
0 413718194 0 434844722
0 434844722 0 451935391
0 451935391 0 457513904
0 457513904 0 474337225
0 474337225 13189289 474337225
0 434844722 27244931 434844722
27244931 434844722 33230987 440737868
33230987 440737868 48005172 440737868
48005172 440737868 48005172 451935391
48005172 440737868 63562415 440737868
33230987 440737868 33230987 457513904
0 400392124 28525149 400392124
0 474337225 0 534550877
0 534550877 6656445 534550877
0 534550877 0 553690098
0 553690098 0 556718178
0 556718178 2517842 556718178
0 553690098 12459285 553690098
0 556718178 0 578649292
0 578649292 0 613960794
0 613960794 0 632386468
0 632386468 13472568 632386468
0 632386468 0 647352919
0 647352919 19262509 647352919
0 613960794 21895102 613960794
0 647352919 0 675026539
0 675026539 0 683124888
0 683124888 0 698243747
0 698243747 0 702469937
0 702469937 0 708980237
0 708980237 0 717581016
0 717581016 15540905 717581016
0 717581016 0 735216117
0 735216117 0 745400769
0 745400769 762069 745400769
0 735216117 19109882 735216117
0 698243747 19490787 698243747
0 675026539 23362015 675026539
23362015 675026539 23481924 683124888
19490787 698243747 45847886 702469937
45847886 702469937 49319414 708980237
49319414 708980237 55422130 710361808
55422130 710361808 59130784 710361808
59130784 710361808 59130784 715733418
59130784 710361808 75851678 710361808
0 745400769 0 782845015
0 782845015 0 787667721
0 787667721 4573411 787667721
0 782845015 5692514 782845015
0 787667721 0 797480357
0 797480357 1385378 797480357
0 797480357 0 800716718
0 800716718 38165143 800716718
0 578649292 44781162 578649292
44781162 578649292 69773624 585316725
69773624 585316725 81580149 585316725
81580149 585316725 82838037 585316725
81580149 585316725 81580149 589084884
82838037 585316725 89627292 586118137
89627292 586118137 94890932 589739052
94890932 589739052 111279735 589739052
69773624 585316725 69773624 605359574
94890932 589739052 94890932 609976876
94890932 609976876 95917044 613755242
95917044 613755242 108837288 613755242
108837288 613755242 108837288 623107019
108837288 613755242 144583351 613755242
144583351 613755242 152769185 617991856
152769185 617991856 172046099 629819664
172046099 629819664 183432555 629819664
183432555 629819664 183432555 645489540
183432555 629819664 200725472 629819664
183432555 645489540 186546516 670379695
186546516 670379695 188857291 670379695
188857291 670379695 200895578 672166908
186546516 670379695 186546516 684288571
200895578 672166908 220592325 672166908
220592325 672166908 222077079 679714570
200895578 672166908 200895578 696258017
200895578 696258017 204983714 697596813
204983714 697596813 209861881 703711843
209861881 703711843 209861881 711795362
209861881 711795362 217252702 716643230
217252702 716643230 217252702 725410743
217252702 725410743 220894621 725410743
217252702 716643230 232471321 716643230
209861881 703711843 239370575 703711843
172046099 629819664 172046099 659854211
217252702 725410743 217252702 758103389
217252702 758103389 234723401 766567089
234723401 766567089 253962659 769830452
253962659 769830452 282751695 769830452
282751695 769830452 285497155 769830452
285497155 769830452 298487422 783224390
298487422 783224390 308473862 805065864
308473862 805065864 308473862 814829499
308473862 805065864 324394949 805065864
324394949 805065864 324394949 813395334
324394949 805065864 336891845 805065864
336891845 805065864 354680360 809207266
354680360 809207266 359925848 817025270
359925848 817025270 359925848 848673776
282751695 769830452 282751695 804156353
282751695 804156353 292586807 815069238
232471321 716643230 234723401 749316824
234723401 749316824 235300865 749316824
235300865 749316824 235300865 753251228
235300865 749316824 248959185 749316824
239370575 703711843 274651890 704867976
253962659 769830452 253962659 809596429
253962659 809596429 276857703 815069238
276857703 815069238 276857703 821298984
276857703 821298984 292202701 845255392
292202701 845255392 294631841 859133157
294631841 859133157 294665080 859133157
294631841 859133157 294631841 895640785
294631841 895640785 299313645 908497222
299313645 908497222 299313645 909892315
299313645 909892315 302952780 909892315
299313645 909892315 299313645 917269157
299313645 917269157 315319551 926157117
315319551 926157117 341243386 926157117
315319551 926157117 315319551 955305231
315319551 955305231 340684518 958917567
340684518 958917567 340684518 960080829
340684518 958917567 348995864 958917567
348995864 958917567 351993027 973885008
351993027 973885008 351993027 985338782
351993027 973885008 365986119 973885008
340684518 960080829 345694011 977987359
95917044 613755242 95917044 654095089
359925848 848673776 370252929 881085620
370252929 881085620 370252929 892150808
370252929 881085620 398332022 881085620
370252929 892150808 377709926 921414129
377709926 921414129 377709926 934779376
377709926 921414129 396253682 921414129
359925848 817025270 403979418 817025270
403979418 817025270 410063103 817025270
410063103 817025270 414257522 822225457
414257522 822225457 417859540 822225457
403979418 817025270 403979418 835271819
403979418 835271819 414257522 861321955
414257522 861321955 426286020 873879532
426286020 873879532 426286020 879889847
426286020 873879532 460098827 873879532
426286020 879889847 438129303 904673308
248959185 749316824 293833912 750759718
293833912 750759718 293833912 756518515
293833912 756518515 298487422 767296254
298487422 767296254 322089614 767296254
95917044 654095089 132460586 664254025
132460586 664254025 138453478 672695854
138453478 672695854 146526213 672695854
146526213 672695854 146526213 676228609
146526213 672695854 161337807 672695854
146526213 676228609 149517488 700584374
149517488 700584374 171592438 706624082
171592438 706624082 171592438 709122245
171592438 706624082 184514499 706624082
293833912 750759718 340906721 750759718
340906721 750759718 340906721 755741508
340906721 750759718 371985852 750759718
341243386 926157117 364345081 950456445
0 800716718 0 848210079
0 848210079 0 852660291
0 852660291 0 861216950
0 848210079 20243043 848210079
0 861216950 0 883896496
0 883896496 0 893705050
0 893705050 8637618 893705050
20243043 848210079 44786427 850794748
44786427 850794748 44786427 852660291
44786427 852660291 48298931 861216950
0 883896496 42868935 883896496
42868935 883896496 50298983 908873751
50298983 908873751 50298983 920525964
50298983 908873751 83173054 908873751
83173054 908873751 96994659 909300088
96994659 909300088 129051795 909300088
129051795 909300088 154278242 909300088
129051795 909300088 129051795 935003760
129051795 935003760 146980906 962104889
146980906 962104889 156884002 962850564
156884002 962850564 156884002 999170908
156884002 962850564 194560808 962850564
194560808 962850564 196873161 965299415
196873161 965299415 196873161 976223671
196873161 965299415 236029433 965299415
236029433 965299415 265604728 972436920
265604728 972436920 294454224 979024246
302952780 909892315 347161770 914068397
69773624 605359574 79032297 645511583
222077079 679714570 268176197 683556572
268176197 683556572 269989828 692689020
96994659 909300088 96994659 960387718
96994659 960387718 115712682 962104889
115712682 962104889 115712682 989056274
115712682 989056274 131497952 998231426
0 893705050 0 944880093
0 944880093 17604830 944880093
17604830 944880093 18057523 944880093
17604830 944880093 17604830 962127779
17604830 962127779 18125871 976979785
18125871 976979785 18125871 985195394
18125871 976979785 35038852 976979785
35038852 976979785 38497648 990261308
38497648 990261308 44058589 990261308
44058589 990261308 44058589 996041095
38497648 990261308 38497648 996161666
38497648 996161666 43028037 996439772
0 944880093 0 978056831
44058589 990261308 86866575 990261308
184514499 706624082 190945788 755935513
190945788 755935513 192645721 756974659
75851678 710361808 98418848 744344655
98418848 744344655 98418848 753986225
98418848 753986225 103397533 753986225
98418848 753986225 98418848 761765493
98418848 744344655 129444862 744344655
98418848 761765493 123053229 770764102
123053229 770764102 126982494 770764102
126982494 770764102 136652328 775996827
123053229 770764102 123053229 797999045
123053229 797999045 134666457 812444010
134666457 812444010 139912391 812444010
139912391 812444010 141218902 818461345
134666457 812444010 134666457 834241954
134666457 834241954 136078224 845920379
136078224 845920379 136078224 854072566
299313645 908497222 358687804 908497222
136078224 845920379 196555614 845920379
196555614 845920379 202519272 868523406
202519272 868523406 202519272 875972635
202519272 875972635 223143562 875972635
202519272 875972635 202519272 902055551
202519272 868523406 251487891 868523406
251487891 868523406 274933265 894970807
111279735 589739052 157544466 605503979
13472568 632386468 63386632 644742357
703387163 853560265 730670144 889355642
730670144 889355642 730768177 898913848
730768177 898913848 730768177 915966972
730768177 915966972 751656641 919327736
751656641 919327736 754112945 919327736
754112945 919327736 755474429 919327736
754112945 919327736 754112945 936330577
730768177 898913848 755153869 898913848
751656641 919327736 751656641 957155176
79032297 645511583 89605174 698569433
914637264 640257558 914637264 704145927
914637264 704145927 923718251 716359255
923718251 716359255 926687269 716359255
926687269 716359255 926687269 716610172
926687269 716359255 947685760 716359255
923718251 716359255 923718251 746924733
923718251 746924733 926419922 753178118
926419922 753178118 926419922 756519157
926419922 756519157 935873231 764027301
926419922 753178118 952148249 753178118
138453478 672695854 138453478 736692089
229163257 83842305 272130398 104948731
272130398 104948731 297481917 108237354
297481917 108237354 317209013 108237354
317209013 108237354 317214576 111510220
317214576 111510220 381005568 111510220
97240064 167668782 145438620 183880601
971310681 424634381 988759149 471820301
312131810 336457383 363243534 350273353
363243534 350273353 374756290 350273353
363243534 350273353 363243534 367548401
363243534 367548401 388669126 377811931
814649156 451508689 837017982 494867047
837017982 494867047 843354178 494909712
843354178 494909712 843354178 516389941
843354178 494909712 870679406 494909712
843354178 516389941 858846288 532521185
858846288 532521185 885804855 548325902
885804855 548325902 886465206 551867028
886465206 551867028 916932482 582194770
916932482 582194770 921775184 585688808
921775184 585688808 925058152 614773428
14909967 191340784 61623136 211064186
61623136 211064186 61623136 214333594
61623136 211064186 68967133 211064186
316812953 219302831 317010162 286176767
317010162 286176767 324567629 290043936
324567629 290043936 324567629 303210534
324567629 303210534 357189372 305805842
357189372 305805842 363243534 334399281
363243534 334399281 378144780 334399281
324567629 290043936 361744354 290043936
361744354 290043936 364538925 290308341
364538925 290308341 364538925 296840351
364538925 290308341 411773378 290308341
943741854 828781805 988074982 852314448
662989849 894206062 690800777 934662016
690800777 934662016 721591014 963650465
721591014 963650465 722810263 964656122
722810263 964656122 723493903 968973210
864468471 288772063 895142316 327186674
895142316 327186674 907284400 327186674
907284400 327186674 915880801 332760167
915880801 332760167 923585735 335776478
923585735 335776478 929312354 335776478
929312354 335776478 929312354 340481706
929312354 335776478 935454982 335776478
895142316 327186674 895142316 345770158
923585735 335776478 923585735 369627083
935454982 335776478 951060112 361238344
55422130 710361808 55422130 779715292
396253682 921414129 415352613 971713576
738496972 227205405 742651784 292692264
742651784 292692264 755155400 296246573
44786427 850794748 116575583 850794748
116575583 850794748 124270224 864012152
415352613 971713576 471911122 987199832
471911122 987199832 471911122 988658423
471911122 987199832 486442457 987199832
486442457 987199832 520978152 995392650
520978152 995392650 581896855 997975965
947875595 393285161 992725659 420627749
879093205 273943897 942309387 283730269
942309387 283730269 967939901 292048866
967939901 292048866 970005793 297865431
970005793 297865431 974898147 297865431
974898147 297865431 976951272 304361990
970005793 297865431 970005793 325803546
381005568 111510220 423324734 143681195
371985852 750759718 413702787 783568897
413702787 783568897 415936453 807175743
274933265 894970807 289746966 954994116
388669126 377811931 423550076 417882378
423550076 417882378 446855084 419453467
446855084 419453467 471069958 419453467
471069958 419453467 477341458 419453467
471069958 419453467 471069958 438759299
471069958 438759299 486192855 450921405
486192855 450921405 486192855 460495310
486192855 460495310 504656725 465572284
504656725 465572284 504656725 482943154
446855084 419453467 446855084 447653125
136078224 854072566 165825996 899348216
165825996 899348216 171680189 906453758
8884920 258829182 56791417 286312259
469062805 586441213 527098987 603864230
130177527 391739632 173368734 424811934
173368734 424811934 176986229 454824184
176986229 454824184 192287782 483259317
192287782 483259317 192287782 504716534
192287782 504716534 192287782 515481546
192287782 515481546 194043472 526550683
194043472 526550683 194043472 541718143
194043472 541718143 217284471 543326654
217284471 543326654 217284471 546651079
217284471 543326654 242039371 543326654
192287782 504716534 222677679 504716534
242039371 543326654 249862068 576560875
249862068 576560875 252898008 578794557
252898008 578794557 252898008 584422333
252898008 584422333 268443988 589253716
268443988 589253716 273258558 589253716
252898008 578794557 280223762 578794557
222677679 504716534 254570378 519164725
254570378 519164725 254570378 526550683
254570378 519164725 269000027 519164725
192287782 483259317 239161094 483259317
273258558 589253716 274211687 638528055
274211687 638528055 291319524 643127803
291319524 643127803 291319524 668507128
291319524 668507128 291319524 678136283
291319524 668507128 307909390 668507128
291319524 643127803 331865277 643127803
331865277 643127803 353130693 658202035
353130693 658202035 378923192 670506612
378923192 670506612 384474130 670506612
378923192 670506612 378923192 682284913
378923192 682284913 389037413 726339987
389037413 726339987 412798268 740405633
268443988 589253716 268443988 659697274
268443988 659697274 270993623 664668193
217284471 546651079 235512682 601579800
20593361 0 100600742 0
100600742 0 100600742 13003678
100600742 0 114396432 0
114396432 0 114396432 14816564
114396432 0 131653609 0
131653609 0 131653609 29058410
131653609 0 172481960 0
172481960 0 178247223 0
178247223 0 181063022 0
178247223 0 178247223 4276964
181063022 0 203714454 0
203714454 0 203714454 2525588
203714454 0 206810110 0
206810110 0 210922581 0
210922581 0 217361294 0
217361294 0 220421213 0
220421213 0 222613309 0
222613309 0 224512038 0
220421213 0 220421213 8038158
220421213 8038158 222613309 17944907
210922581 0 210922581 13361186
224512038 0 240895608 0
240895608 0 254193580 0
222613309 17944907 224512038 40599329
210922581 13361186 217361294 33343399
172481960 0 172481960 26430797
172481960 26430797 181063022 40719434
254193580 0 254193580 27359798
240895608 0 240895608 31621440
240895608 31621440 243598773 59020229
181063022 40719434 206810110 49319855
254193580 0 290061176 0
290061176 0 290061176 11441079
114396432 14816564 119114531 55113977
254193580 27359798 278043915 51320803
278043915 51320803 285578638 58475924
285578638 58475924 298048561 58475924
298048561 58475924 298048561 58528274
285578638 58475924 285578638 72708379
298048561 58475924 338967342 58475924
338967342 58475924 341272492 71892592
341272492 71892592 344582001 71892592
341272492 71892592 341272492 94980402
341272492 94980402 358514368 107340214
358514368 107340214 379208544 134129859
285578638 72708379 312222240 94360732
312222240 94360732 331218640 94980402
331218640 94980402 331218640 96886986
131653609 29058410 164590404 52707620
290061176 0 357791839 0
357791839 0 362542884 0
362542884 0 364034074 0
364034074 0 364034074 3435094
364034074 0 368043508 0
368043508 0 374523958 0
368043508 0 368043508 12091856
368043508 12091856 374523958 12255613
374523958 0 401112514 0
401112514 0 405984080 0
405984080 0 412039960 0
412039960 0 413538592 0
401112514 0 401112514 8990599
401112514 8990599 405984080 16058034
405984080 16058034 412039960 20286326
412039960 20286326 413538592 26087912
413538592 0 426582385 0
413538592 26087912 426582385 29113687
426582385 29113687 426870050 53993761
426870050 53993761 426870050 80821326
426870050 80821326 426870050 96118556
426870050 80821326 464355125 80821326
464355125 80821326 468883026 89397826
468883026 89397826 477257500 95714472
477257500 95714472 477257500 120986419
477257500 120986419 481706675 120986419
477257500 120986419 477257500 138065875
477257500 138065875 480287495 138065875
477257500 138065875 477257500 141667469
477257500 95714472 505292602 95714472
505292602 95714472 506232942 95714472
505292602 95714472 505292602 105184402
505292602 105184402 505404761 105184402
505292602 105184402 505292602 111564381
505292602 111564381 514249956 111799243
506232942 95714472 514249956 100392126
514249956 111799243 522302610 116539560
522302610 116539560 531455338 128328489
531455338 128328489 536887192 136089880
536887192 136089880 536887192 153160834
536887192 153160834 536887192 156180833
536887192 153160834 550328339 153160834
550328339 153160834 553242801 157300030
553242801 157300030 553242801 159204557
553242801 159204557 553242801 177099972
553242801 159204557 571290645 159204557
426870050 96118556 462549200 100708104
553242801 157300030 593879122 157300030
593879122 157300030 621508932 159900441
426870050 53993761 470896974 53993761
470896974 53993761 470988043 59055860
470988043 59055860 471100436 67086805
471100436 67086805 471100436 71493857
471100436 67086805 504352274 67086805
504352274 67086805 506232942 79303456
506232942 79303456 528065202 79303456
528065202 79303456 561225442 79460923
561225442 79460923 561855422 80400597
561855422 80400597 569090775 80400597
569090775 80400597 579088515 80573440
561855422 80400597 561855422 100392126
362542884 0 362542884 44239028
357791839 0 357791839 44425053
536887192 136089880 583124553 136089880
621508932 159900441 661749299 172207498
661749299 172207498 672014370 186123255
583124553 136089880 637148676 139708834
637148676 139708834 664853404 143679070
664853404 143679070 664853404 146486518
664853404 143679070 685985874 143679070
685985874 143679070 718239204 148390780
718239204 148390780 745745858 182198981
745745858 182198981 757051071 213913789
561855422 100392126 603884323 120879629
603884323 120879629 644556099 121756366
579088515 80573440 639461479 87727576
639461479 87727576 644556099 112582124
644556099 112582124 662055946 112582124
426582385 0 495564529 0
495564529 0 495564529 16466943
495564529 0 524036739 0
524036739 0 524036739 17036722
524036739 0 556411119 0
556411119 0 556411119 1061466
556411119 0 586592762 0
586592762 0 605708824 0
605708824 0 634646370 0
634646370 0 634808421 0
634646370 0 634646370 3056480
634646370 3056480 634808421 13360784
605708824 0 605708824 39164796
605708824 39164796 626703445 53970718
626703445 53970718 626703445 54793195
626703445 53970718 634350405 53970718
586592762 0 586592762 40196627
634808421 0 680504044 0
680504044 0 682749610 0
682749610 0 682749610 12128506
682749610 0 699572028 0
699572028 0 700942379 0
700942379 0 701895746 0
700942379 0 700942379 12878581
700942379 12878581 701895746 16664866
701895746 0 718182747 0
718182747 0 726486410 0
726486410 0 730025898 0
730025898 0 731509607 0
726486410 0 726486410 8326552
718182747 0 718182747 13938091
731509607 0 749665965 0
726486410 8326552 730025898 33191673
730025898 33191673 731509607 33191673
730025898 33191673 730025898 40085114
730025898 40085114 749665965 41377042
749665965 0 786002026 0
786002026 0 787904981 0
787904981 0 790021166 0
790021166 0 790021166 19497045
786002026 0 786002026 40273071
786002026 40273071 798688667 54268782
798688667 54268782 798688667 66876248
798688667 66876248 799258254 66876248
799258254 66876248 801909325 71421540
801909325 71421540 801909325 76475569
798688667 54268782 825221283 54268782
825221283 54268782 837368302 62713534
837368302 62713534 843326593 71421540
843326593 71421540 843326593 106210527
843326593 106210527 862780545 110911794
862780545 110911794 862780545 115235318
862780545 110911794 873765035 110911794
873765035 110911794 878185182 110977279
878185182 110977279 878185182 115609117
878185182 110977279 892612587 110977279
892612587 110977279 892612587 113562143
892612587 110977279 907864580 110977279
907864580 110977279 920985712 133979760
920985712 133979760 920985712 143011108
920985712 143011108 922824291 148057037
922824291 148057037 927357293 148057037
927357293 148057037 927357293 150510220
927357293 148057037 935870615 148057037
922824291 148057037 922824291 163257200
920985712 133979760 942059548 133979760
922824291 163257200 925958675 193905961
925958675 193905961 925958675 205920128
798688667 66876248 798688667 106408691
798688667 106408691 799064681 110566170
799064681 110566170 810187608 110566170
810187608 110566170 818207270 121140338
799064681 110566170 799064681 139591017
799064681 139591017 802670266 139591017
799064681 139591017 799064681 163162833
843326593 71421540 887470724 71421540
892612587 113562143 899854469 151254493
899854469 151254493 901945043 163257200
901945043 163257200 919406787 163257200
919406787 163257200 919406787 167906177
901945043 163257200 901945043 181835754
680504044 0 680504044 45651063
680504044 45651063 696265911 47019479
696265911 47019479 699572028 47019479
696265911 47019479 696265911 72794373
696265911 72794373 709251553 103816113
709251553 103816113 725477075 122397110
725477075 122397110 725477075 130371285
725477075 130371285 756329599 132019020
756329599 132019020 756329599 142162242
756329599 132019020 772523600 132019020
725477075 122397110 770268479 122397110
878185182 115609117 881027321 158722638
881027321 158722638 881027321 167825683
881027321 158722638 892301293 158722638
756329599 142162242 769652050 175929687
769652050 175929687 788365572 178958321
788365572 178958321 788365572 180441370
788365572 178958321 798748838 178958321
798748838 178958321 811746292 204645225
887470724 71421540 921579425 86920127
925958675 193905961 980358664 193905961
626703445 54793195 629262117 115341360
901945043 181835754 918681218 240508239
921579425 86920127 985544378 99363648
98921540 421463958 106039302 495820029
106039302 495820029 121098779 495820029
106039302 495820029 106039302 515692194
121098779 495820029 135180071 503932237
106039302 515692194 127791617 547018863
127791617 547018863 127791617 550325699
127791617 547018863 158739328 547018863
158739328 547018863 169359023 547298785
169359023 547298785 180536066 547298785
169359023 547298785 169359023 583239675
127791617 550325699 155026916 576306136
149635797 308937923 186433089 355539781
202519272 902055551 238157205 951397082
238157205 951397082 241630715 951397082
238157205 951397082 238157205 959582488
241630715 951397082 264099951 959216197
518903486 901884731 543675930 965692401
543675930 965692401 543675930 971402710
543675930 965692401 549921631 965692401
549921631 965692401 549921631 966013958
549921631 965692401 563838019 965692401
543675930 971402710 549663793 985473599
790021166 0 879262514 0
879262514 0 881263400 0
881263400 0 896287922 0
896287922 0 900001666 0
900001666 0 901468315 0
901468315 0 901708008 0
901468315 0 901468315 4057279
896287922 0 896287922 7263304
901468315 4057279 901708008 21556570
879262514 0 879262514 33329013
879262514 33329013 881263400 41690562
881263400 41690562 900001666 44293956
900001666 44293956 919337052 44978342
919337052 44978342 937876355 44978342
919337052 44978342 919337052 64707928
937876355 44978342 956267999 60158814
956267999 60158814 959684149 77432916
901708008 0 937876355 0
937876355 0 965967409 21238015
435913198 331354090 450126496 406774360
450126496 406774360 476532101 407101492
980358664 193905961 998774296 265297393
135180071 503932237 183667245 546802620
6656445 534550877 95540828 538225060
757554741 615994017 822002562 646708780
274651890 704867976 340873207 735953953
438129303 904673308 482904122 971230957
