1458
0 0 0 0
0 0 0 13999805
0 0 15299202 0
15299202 0 18544766 0
18544766 0 29269920 0
29269920 0 36766576 0
29269920 0 29269920 13999805
36766576 0 52224128 0
52224128 0 52224128 23218313
0 13999805 0 44519005
0 44519005 0 47353023
0 47353023 0 53814275
0 53814275 0 60502475
0 60502475 0 70408441
0 70408441 0 77341962
0 70408441 8960888 70408441
8960888 70408441 15672550 77341962
0 44519005 15299202 44519005
15299202 44519005 35603436 47353023
35603436 47353023 36766576 47353023
35603436 47353023 35603436 53814275
0 77341962 0 106516184
0 106516184 0 111430749
0 106516184 20615716 106516184
20615716 106516184 37477258 111430749
37477258 111430749 51407645 112070650
51407645 112070650 51407645 121727845
51407645 121727845 64995060 124794014
64995060 124794014 91424615 124794014
91424615 124794014 97430093 144523319
97430093 144523319 116031989 145735330
116031989 145735330 116738870 155801511
0 111430749 0 139628813
0 139628813 11887247 139628813
0 60502475 31757029 60502475
51407645 112070650 83252563 112070650
0 139628813 0 176556556
0 176556556 0 183258826
0 183258826 0 210371516
0 210371516 0 212440911
0 212440911 0 222262847
0 222262847 0 232373222
0 232373222 0 240946715
0 240946715 0 249921853
0 249921853 0 256510603
0 256510603 0 259295810
0 259295810 0 261312266
0 259295810 6023601 259295810
0 210371516 14115823 210371516
14115823 210371516 24049715 212440911
0 261312266 0 279232362
0 279232362 0 283378209
0 283378209 3844384 283378209
0 256510603 21747385 256510603
21747385 256510603 35155528 261312266
0 240946715 22374004 240946715
35155528 261312266 41630957 279232362
41630957 279232362 53205086 286243745
22374004 240946715 42249828 249921853
42249828 249921853 61744175 253069845
0 176556556 28968143 176556556
28968143 176556556 35041433 183258826
0 283378209 0 312683983
0 312683983 0 340987643
0 340987643 5411023 340987643
0 340987643 0 361257790
0 361257790 0 371554992
0 371554992 202484 371554992
0 371554992 0 380734446
24049715 212440911 43936359 222262847
43936359 222262847 48750978 222262847
43936359 222262847 43936359 232373222
53205086 286243745 85166680 290081124
85166680 290081124 85166680 290319260
85166680 290319260 88751834 304992274
88751834 304992274 101878506 315783612
85166680 290081124 114762267 290081124
0 312683983 36342552 312683983
36342552 312683983 67158372 318635668
116738870 155801511 116738870 192741658
116738870 155801511 154466582 155801511
154466582 155801511 156156551 155801511
156156551 155801511 166426557 165861291
166426557 165861291 168305117 180433580
168305117 180433580 168305117 193154335
168305117 193154335 168989148 193154335
154466582 155801511 154466582 177478075
168989148 193154335 190642376 199733890
168305117 193154335 168305117 223839726
168305117 223839726 187691878 235162033
190642376 199733890 205854942 219307092
205854942 219307092 205854942 220908986
205854942 219307092 210525771 219307092
210525771 219307092 216960736 228217492
216960736 228217492 221232404 228217492
221232404 228217492 221232404 243391287
67158372 318635668 76510783 349575415
83252563 112070650 123987920 113386716
221232404 243391287 242075087 264857807
242075087 264857807 242075087 273569767
242075087 264857807 263478573 264857807
242075087 273569767 250322022 297148173
250322022 297148173 265421475 297148173
265421475 297148173 268670734 303736074
268670734 303736074 269055428 304067362
250322022 297148173 250322022 313538871
269055428 304067362 288415918 304067362
269055428 304067362 269055428 326131422
269055428 326131422 269055428 333287557
269055428 326131422 276271406 326131422
276271406 326131422 282771043 327011802
282771043 327011802 282771043 328210384
263478573 264857807 293870724 267669137
293870724 267669137 298395450 267669137
298395450 267669137 301894584 268599609
293870724 267669137 293870724 275965538
301894584 268599609 301894584 278343781
64995060 124794014 64995060 167469552
221232404 228217492 264932483 228217492
264932483 228217492 292524985 234154566
292524985 234154566 319815916 234154566
319815916 234154566 338438216 234154566
338438216 234154566 344164065 234154566
338438216 234154566 338438216 252172808
319815916 234154566 319815916 259790377
292524985 234154566 292524985 263910282
292524985 263910282 292524985 264159484
292524985 263910282 294342756 263910282
338438216 252172808 356056142 268599609
344164065 234154566 371378283 250517045
371378283 250517045 390340428 250904109
390340428 250904109 394164159 268325168
394164159 268325168 394164159 279209976
394164159 279209976 394164159 282765625
394164159 282765625 396601715 288424604
396601715 288424604 396601715 307165235
396601715 288424604 418774232 288424604
394164159 279209976 416643845 279209976
418774232 288424604 419078556 316318002
394164159 268325168 423631802 268325168
423631802 268325168 425122978 268325168
423631802 268325168 423631802 272697699
425122978 268325168 437837767 272578455
419078556 316318002 424397217 346072401
424397217 346072401 436797781 366653501
436797781 366653501 462856419 366653501
462856419 366653501 462856419 366926717
462856419 366653501 470261045 366653501
470261045 366653501 482005043 375699263
482005043 375699263 482005043 384851576
482005043 384851576 482005043 392297012
482005043 392297012 489568620 402039656
489568620 402039656 492607156 405277898
482005043 384851576 504316300 384851576
492607156 405277898 492607156 429658763
492607156 405277898 517929242 405277898
517929242 405277898 518105724 410304164
518105724 410304164 544232547 410304164
544232547 410304164 544232547 416218524
492607156 429658763 495433797 457304119
544232547 410304164 576411260 410304164
576411260 410304164 576712373 420952143
576712373 420952143 582897090 420952143
582897090 420952143 584507851 440920314
576712373 420952143 576712373 449441676
518105724 410304164 518105724 444914026
518105724 444914026 542274915 449441676
542274915 449441676 542274915 482955645
542274915 482955645 548419016 508268317
548419016 508268317 548419016 509554941
548419016 508268317 550181009 508268317
548419016 509554941 549208137 517027890
576712373 449441676 597161769 463873004
597161769 463873004 597161769 464896630
597161769 463873004 599855643 463873004
597161769 464896630 599515988 472049658
599515988 472049658 608285177 478186392
608285177 478186392 626532798 478186392
608285177 478186392 608285177 500360586
608285177 500360586 618931267 500360586
608285177 500360586 608285177 512766270
123987920 113386716 157983232 125547982
157983232 125547982 158365735 125547982
157983232 125547982 157983232 128930096
168305117 180433580 214894428 180433580
116738870 192741658 121711583 234429994
214894428 180433580 257378006 185001224
257378006 185001224 257378006 204565581
257378006 185001224 287873152 185001224
437837767 272578455 480784751 278398540
480784751 278398540 489028175 281329383
489028175 281329383 493758542 281329383
493758542 281329383 519019407 281434719
519019407 281434719 519019407 282395099
519019407 281434719 545091485 281434719
545091485 281434719 574931479 283037920
574931479 283037920 586961501 283451929
586961501 283451929 590511484 286088648
590511484 286088648 595348168 286088648
595348168 286088648 595356303 302024454
595356303 302024454 617432589 317289546
617432589 317289546 617432589 325484142
617432589 317289546 629640973 317289546
629640973 317289546 629640973 318916010
629640973 317289546 653080818 317289546
653080818 317289546 658668700 319793815
658668700 319793815 658668700 350188775
658668700 350188775 667507509 357252375
667507509 357252375 667507509 361732373
667507509 357252375 690486145 357252375
489028175 281329383 489028175 322083236
629640973 318916010 635768734 356160607
635768734 356160607 643944293 356160607
635768734 356160607 635768734 383962161
0 380734446 49023637 380734446
49023637 380734446 55615986 393672881
55615986 393672881 58878464 393672881
58878464 393672881 61357977 406686277
61357977 406686277 64310299 406686277
64310299 406686277 66051053 409306878
61357977 406686277 61357977 415022894
61357977 415022894 66051053 420485752
66051053 420485752 71267382 424327524
71267382 424327524 72723737 429095081
55615986 393672881 55615986 410360473
72723737 429095081 102659730 429095081
102659730 429095081 123975853 436321318
123975853 436321318 123975853 441715884
123975853 436321318 137081349 436321318
137081349 436321318 138685718 436372262
138685718 436372262 153594663 443415729
123975853 441715884 131974582 465105319
131974582 465105319 131974582 465988563
131974582 465105319 133584520 465105319
133584520 465105319 151232302 470397223
151232302 470397223 161467130 470397223
161467130 470397223 163997966 474833165
163997966 474833165 163997966 502476702
163997966 474833165 196928079 474833165
66051053 409306878 99000223 409306878
72723737 429095081 72723737 467906454
72723737 467906454 81323095 473274661
81323095 473274661 99433923 473274661
99433923 473274661 115460184 473274661
99433923 473274661 99433923 491104214
81323095 473274661 81323095 495005102
163997966 502476702 195294911 511517527
195294911 511517527 200918724 516176775
200918724 516176775 200918724 532428503
200918724 532428503 202970696 532428503
200918724 516176775 238564288 516176775
151232302 470397223 151232302 511613067
153594663 443415729 186587766 457306423
186587766 457306423 186587766 461722820
186587766 457306423 213102407 457306423
658668700 319793815 708854563 319793815
708854563 319793815 715472215 319793815
715472215 319793815 716073267 326377018
708854563 319793815 708854563 328747039
708854563 328747039 711309163 333902166
711309163 333902166 725536780 338399584
725536780 338399584 725536780 345788537
725536780 338399584 749268347 338399584
749268347 338399584 756613787 343716532
756613787 343716532 756613787 350253613
756613787 350253613 759081655 365789280
759081655 365789280 762549470 365789280
762549470 365789280 763493441 377170134
763493441 377170134 763493441 382235755
763493441 377170134 776575505 377170134
759081655 365789280 759081655 380458075
725536780 345788537 746130567 350253613
746130567 350253613 746130567 361052272
746130567 361052272 748029585 361052272
746130567 361052272 746130567 385735715
756613787 343716532 783723564 343716532
746130567 385735715 755152181 408467527
763493441 382235755 775651835 407785364
775651835 407785364 786484869 415622454
786484869 415622454 799114297 424357605
799114297 424357605 803914732 424357605
803914732 424357605 815089117 442268105
815089117 442268105 815089117 444379869
815089117 442268105 833575928 442268105
833575928 442268105 854867141 453428254
854867141 453428254 854867141 454674782
854867141 453428254 881619249 453428254
799114297 424357605 799114297 460159011
799114297 460159011 802093523 496300995
802093523 496300995 803233449 502141020
803233449 502141020 804675021 523233575
804675021 523233575 804675021 529943275
804675021 523233575 831704709 523233575
831704709 523233575 855166924 530898083
855166924 530898083 865939836 538508722
865939836 538508722 884031580 538508722
884031580 538508722 884031580 551083022
884031580 551083022 891798360 554260175
884031580 538508722 917319271 538508722
917319271 538508722 923402924 544938397
923402924 544938397 923402924 549990891
923402924 544938397 929689067 544938397
929689067 544938397 938234615 545536000
938234615 545536000 938234615 546190617
938234615 546190617 962001066 548337469
962001066 548337469 978775651 554190565
978775651 554190565 993799890 554190565
993799890 554190565 996233727 566611013
996233727 566611013 998523130 566611013
996233727 566611013 996233727 582821736
978775651 554190565 978775651 572693568
923402924 549990891 924363134 577869563
924363134 577869563 924446823 590008178
865939836 538508722 865939836 574647220
865939836 574647220 867600511 574812817
867600511 574812817 880117718 574812817
880117718 574812817 892464584 598118759
892464584 598118759 914669336 599432505
938234615 545536000 976203600 545536000
881619249 453428254 882921773 491990143
924446823 590008178 936235927 619422219
804675021 529943275 829614034 550906143
0 380734446 0 431288261
0 431288261 17313880 431288261
0 431288261 0 450569242
0 450569242 0 452511989
0 452511989 0 463919423
0 463919423 4625913 463919423
0 463919423 0 482176297
0 482176297 0 483767120
0 483767120 0 484357011
0 484357011 3883624 484357011
0 484357011 0 492856775
0 492856775 8147563 492856775
0 483767120 15011119 483767120
0 450569242 23712803 450569242
23712803 450569242 24923529 452511989
0 482176297 30858335 482176297
24923529 452511989 55376788 470205410
815089117 444379869 830308484 480179725
830308484 480179725 831910291 480179725
830308484 480179725 830308484 492479259
830308484 492479259 848259082 517954100
848259082 517954100 855166924 521823446
855166924 521823446 860915164 521823446
608285177 512766270 628473226 544269285
628473226 544269285 640458426 562007912
640458426 562007912 640458426 580277488
640458426 580277488 651347334 587828284
651347334 587828284 657066192 587828284
657066192 587828284 657066192 590049008
657066192 590049008 668310254 592151162
668310254 592151162 668310254 593649914
668310254 592151162 685825260 592151162
685825260 592151162 688803602 603113764
688803602 603113764 702596025 613005969
702596025 613005969 707608960 613005969
702596025 613005969 702596025 629660907
702596025 629660907 702801110 632690114
707608960 613005969 716782648 625385802
716782648 625385802 716782648 641336641
702801110 632690114 702801110 656619500
702801110 656619500 716467095 666381354
716467095 666381354 729196611 666381354
729196611 666381354 729196611 675241558
729196611 675241558 730899879 679113404
730899879 679113404 741230664 679113404
716467095 666381354 716467095 684105616
716467095 684105616 718069963 684105616
716467095 684105616 716467095 687814905
718069963 684105616 728419062 685827230
728419062 685827230 728419062 697620753
728419062 697620753 730899879 705259528
741230664 679113404 753321309 685827230
729196611 666381354 749695563 666381354
749695563 666381354 757244690 673821265
716467095 687814905 716931031 716162975
640458426 562007912 672118189 562007912
672118189 562007912 680901140 565179496
680901140 565179496 690684439 572686467
690684439 572686467 690684439 587828284
690684439 572686467 717590386 572686467
716782648 625385802 749817307 625385802
749817307 625385802 749817307 632690114
749817307 632690114 757244690 639041816
749817307 625385802 767293560 625385802
757244690 639041816 777060380 639041816
777060380 639041816 788500840 660114904
788500840 660114904 789054882 662639773
789054882 662639773 793387297 662639773
793387297 662639773 793387297 663473408
793387297 662639773 814312780 662639773
814312780 662639773 826034558 677067348
826034558 677067348 828957461 693405561
828957461 693405561 828957461 700952701
828957461 693405561 858040231 693405561
858040231 693405561 858040231 698808475
858040231 693405561 883683855 693405561
883683855 693405561 883683855 693521135
883683855 693405561 890618072 693405561
890618072 693405561 894589680 700597357
894589680 700597357 899420426 700597357
899420426 700597357 914902647 705430508
914902647 705430508 917689250 705430508
914902647 705430508 914902647 712190847
914902647 712190847 915153071 724387105
915153071 724387105 937989438 724387105
937989438 724387105 940811101 739298724
917689250 705430508 943115785 708842511
943115785 708842511 960938718 709662741
894589680 700597357 894589680 732657652
894589680 732657652 911755919 739298724
911755919 739298724 911755919 741186315
911755919 741186315 915153071 757799769
828957461 700952701 838153277 726806495
838153277 726806495 846159688 732247021
651347334 587828284 651347334 622932821
651347334 622932821 654226468 632399936
654226468 632399936 655819561 632399936
654226468 632399936 654226468 647547247
846159688 732247021 850094198 765326477
850094198 765326477 850094198 771452397
850094198 765326477 869289432 765326477
869289432 765326477 876450967 776484811
876450967 776484811 894726417 776484811
894726417 776484811 896569296 793926530
896569296 793926530 907708442 793926530
896569296 793926530 896569296 814364077
876450967 776484811 876450967 799397163
876450967 799397163 878390584 809424128
878390584 809424128 891042483 809424128
878390584 809424128 878390584 836630288
907708442 793926530 927008370 807444195
878390584 836630288 907563199 840317522
907563199 840317522 918161796 843836144
918161796 843836144 918161796 861836702
918161796 861836702 922089091 862288907
922089091 862288907 927130986 864029975
927130986 864029975 927130986 866440963
927130986 866440963 938375334 881224499
938375334 881224499 948562146 895887870
948562146 895887870 950741560 895887870
948562146 895887870 948562146 910110357
950741560 895887870 965262351 906965402
918161796 843836144 944221281 843836144
927130986 864029975 959470589 864029975
959470589 864029975 971632582 887330523
971632582 887330523 997025434 899924734
793387297 663473408 811360618 688795205
940811101 739298724 969025440 758924626
969025440 758924626 969025440 772523555
969025440 758924626 986268322 758924626
753321309 685827230 763386257 723625477
763386257 723625477 763386257 728226030
763386257 723625477 774601675 723625477
774601675 723625477 789768486 728179318
789768486 728179318 795483823 742488970
795483823 742488970 795483823 762922305
795483823 762922305 797225015 766889003
795483823 742488970 819853875 742488970
797225015 766889003 806980288 798261913
806980288 798261913 829506185 805711191
829506185 805711191 836280785 805711191
829506185 805711191 829506185 836275273
829506185 836275273 831595995 836275273
831595995 836275273 844019812 837746309
844019812 837746309 844019812 845927603
844019812 837746309 856814791 837746309
829506185 836275273 829506185 865761933
829506185 865761933 844024509 891044998
844024509 891044998 848358353 891044998
844024509 891044998 844024509 898881527
969025440 772523555 972942722 817085392
972942722 817085392 997230047 822376827
997230047 822376827 998281980 847642008
789054882 662639773 789054882 711769613
789054882 711769613 789768486 717031859
789768486 717031859 807414009 717031859
767293560 625385802 807772486 634126077
844024509 898881527 858314372 935790666
858314372 935790666 868625526 937203177
868625526 937203177 868625526 952749067
868625526 952749067 875069537 955480310
868625526 937203177 884813276 937203177
884813276 937203177 884813276 944633109
884813276 937203177 925334175 937203177
925334175 937203177 931154452 971799426
931154452 971799426 939614568 971799426
931154452 971799426 931154452 997916729
238564288 516176775 256848651 549718124
436797781 366653501 436797781 418585600
436797781 418585600 436797781 424358478
436797781 418585600 452104673 418585600
452104673 418585600 453093846 443333145
453093846 443333145 453093846 457497447
453093846 443333145 467576814 443333145
453093846 457497447 453965259 472736073
453965259 472736073 465859436 476742782
465859436 476742782 480889195 476742782
480889195 476742782 482669087 476742782
480889195 476742782 480889195 497025646
480889195 497025646 488251269 518826574
488251269 518826574 504430102 521131953
504430102 521131953 525204724 521131953
525204724 521131953 530067467 528877225
530067467 528877225 533921611 536131149
533921611 536131149 536694605 536131149
533921611 536131149 533921611 558731280
533921611 558731280 534600351 564867890
534600351 564867890 534600351 577959345
534600351 577959345 538861436 583687332
534600351 564867890 563423663 564867890
563423663 564867890 566805108 586478351
566805108 586478351 592004376 586478351
504430102 521131953 504430102 550955552
504430102 550955552 504430102 555901962
504430102 550955552 521102115 550955552
202970696 532428503 205769293 581802313
205769293 581802313 226725832 583737053
226725832 583737053 256169118 583737053
256169118 583737053 256279460 596629149
256279460 596629149 275922109 613576426
275922109 613576426 279831616 613576426
275922109 613576426 275922109 631158983
275922109 631158983 285922474 639339059
285922474 639339059 301525043 649076691
301525043 649076691 342967175 649283176
342967175 649283176 356379598 649283176
342967175 649283176 342967175 676227365
342967175 676227365 348344487 683639464
356379598 649283176 406241860 651416194
406241860 651416194 407512176 651416194
406241860 651416194 406241860 663768263
406241860 663768263 408727239 670499039
408727239 670499039 410178239 671009275
410178239 671009275 410178239 690135714
410178239 690135714 410178239 690555445
410178239 690135714 413668704 690135714
413668704 690135714 416095708 693103158
416095708 693103158 416095708 727411578
416095708 727411578 416095708 734379742
416095708 727411578 437099991 727411578
437099991 727411578 441980772 727492310
441980772 727492310 441980772 739332207
441980772 727492310 467231561 727492310
416095708 693103158 450858610 693103158
450858610 693103158 457351277 693656124
457351277 693656124 462754789 694852350
462754789 694852350 480793668 694852350
462754789 694852350 462754789 722743238
410178239 671009275 456138113 671009275
456138113 671009275 464225762 692493141
467231561 727492310 467231561 780141925
467231561 780141925 469725634 784131561
469725634 784131561 469725634 790854533
469725634 784131561 482426723 784131561
482426723 784131561 486673447 789982135
486673447 789982135 486673447 792378063
486673447 792378063 504741382 803894178
504741382 803894178 524690205 805073258
469725634 790854533 470571970 824518315
470571970 824518315 471520075 824518315
470571970 824518315 470571970 845897405
470571970 845897405 476213125 850781825
476213125 850781825 488184967 850781825
476213125 850781825 476213125 880911771
476213125 880911771 480604527 885496052
480604527 885496052 480604527 898541249
480604527 898541249 487132197 914393265
480604527 885496052 504854198 885496052
504854198 885496052 509729843 886852482
509729843 886852482 513294326 891610803
513294326 891610803 513294326 908792940
513294326 908792940 515574479 910130396
515574479 910130396 519436811 910130396
513294326 891610803 533951578 891610803
515574479 910130396 515574479 934867933
515574479 934867933 538219670 938867006
538219670 938867006 538977164 965156023
538977164 965156023 540350648 965156023
540350648 965156023 552861651 982107434
552861651 982107434 554468647 982107434
552861651 982107434 552861651 999333369
488184967 850781825 504854198 865579507
538977164 965156023 538977164 997460953
533951578 891610803 572722318 894435488
572722318 894435488 613851846 894518204
613851846 894518204 622358774 894518204
613851846 894518204 613851846 903080189
504854198 865579507 552442314 865579507
552442314 865579507 568949341 866036465
568949341 866036465 570270297 867166942
570270297 867166942 596068777 877373187
524690205 805073258 560340768 817038975
560340768 817038975 563260839 817038975
560340768 817038975 560340768 822766729
560340768 822766729 568949341 837907248
568949341 837907248 574925606 837907248
574925606 837907248 576463801 843529924
568949341 837907248 568949341 846159298
568949341 846159298 570670185 846159298
570670185 846159298 573522456 846159298
570670185 846159298 570670185 849273205
570670185 849273205 571944151 849273205
570670185 849273205 570670185 857849895
570670185 857849895 600594617 861736006
600594617 861736006 612146242 863708460
612146242 863708460 654805583 871722718
654805583 871722718 654805583 878364000
654805583 871722718 673045772 871722718
673045772 871722718 695047095 884107217
695047095 884107217 716543771 884107217
695047095 884107217 695047095 923773462
695047095 923773462 707338136 923773462
695047095 923773462 695047095 956916626
695047095 956916626 732563465 969963040
732563465 969963040 751088097 980652348
751088097 980652348 751088097 981022149
751088097 980652348 755914199 980652348
755914199 980652348 756015659 987173923
756015659 987173923 801503596 992338276
486673447 789982135 539215726 789982135
539215726 789982135 564873520 799187351
15672550 77341962 50405029 95273145
50405029 95273145 100575511 96262243
100575511 96262243 132605148 99275447
132605148 99275447 132605148 100312167
132605148 100312167 150954570 109139408
132605148 99275447 165264271 99275447
690486145 357252375 704097745 396617470
704097745 396617470 704151822 396617470
704097745 396617470 704097745 404076360
704097745 404076360 704623837 408467527
704623837 408467527 717653544 408467527
717653544 408467527 717653544 412794191
717653544 412794191 721331000 421184574
721331000 421184574 724906995 423377205
724906995 423377205 729072686 437177872
704623837 408467527 704623837 435136046
704623837 435136046 716106218 458359242
716106218 458359242 716653067 458359242
716106218 458359242 716106218 480844656
716106218 480844656 756605461 484229144
756605461 484229144 756605461 495926543
756605461 484229144 781873702 484229144
756605461 495926543 763867827 520666904
763867827 520666904 774406202 520666904
763867827 520666904 763867827 542741038
269055428 333287557 273065077 382313738
273065077 382313738 275226285 382313738
275226285 382313738 276167182 384167866
273065077 382313738 273065077 409709845
273065077 409709845 276167182 416412472
276167182 416412472 276167182 418543167
276167182 418543167 277412519 424496995
277412519 424496995 293331948 424496995
293331948 424496995 296440659 458370472
296440659 458370472 299569316 465768461
299569316 465768461 299569316 475702306
299569316 475702306 304870791 493866542
304870791 493866542 309181935 498395340
309181935 498395340 309181935 513571636
309181935 513571636 313087900 529131888
313087900 529131888 316726022 538490601
309181935 498395340 338465041 498395340
299569316 465768461 330341824 465768461
330341824 465768461 330341824 467341112
330341824 465768461 336043954 465768461
316726022 538490601 321515101 565446771
321515101 565446771 321515101 570199433
321515101 565446771 342168248 565446771
342168248 565446771 346074009 572847191
346074009 572847191 347445917 572847191
347445917 572847191 364882186 572847191
364882186 572847191 367547718 588194619
367547718 588194619 367547718 601932661
347445917 572847191 347445917 593772602
347445917 593772602 351311912 613914402
351311912 613914402 362522801 617947415
362522801 617947415 372889305 632235790
372889305 632235790 392184180 643440903
392184180 643440903 398580156 645168607
346074009 572847191 346074009 605299336
277412519 424496995 277412519 472377543
277412519 472377543 291825716 505100552
367547718 588194619 420467202 588194619
420467202 588194619 421680665 604764475
421680665 604764475 437554772 604764475
437554772 604764475 440543532 604764475
437554772 604764475 437554772 622290146
421680665 604764475 421680665 624013236
437554772 622290146 459848714 635614553
459848714 635614553 479581781 659382234
479581781 659382234 485525158 661966820
276167182 416412472 330605778 416412472
330605778 416412472 370029443 425712493
370029443 425712493 370342563 425712493
370342563 425712493 387704901 426452729
387704901 426452729 406970376 435927087
406970376 435927087 417077186 457497447
417077186 457497447 417077186 472530133
417077186 472530133 425483474 472530133
417077186 472530133 417077186 484516749
370029443 425712493 370029443 465648711
370029443 465648711 372586822 486856019
372586822 486856019 389380622 511190798
867600511 574812817 867600511 629850377
165264271 99275447 219325314 100297360
219325314 100297360 220251495 100297360
220251495 100297360 222944718 112420597
219325314 100297360 219325314 124094335
219325314 124094335 225730455 145221982
225730455 145221982 239932849 148942448
239932849 148942448 239932849 156830948
239932849 156830948 243583943 157762828
239932849 148942448 288316107 148942448
288316107 148942448 304646719 149327413
304646719 149327413 339689302 150922812
339689302 150922812 343811885 150922812
339689302 150922812 339689302 159010509
339689302 159010509 358743009 193206988
358743009 193206988 372020192 193206988
358743009 193206988 358743009 208735242
372020192 193206988 381225036 207779968
381225036 207779968 390340428 220379795
390340428 220379795 390340428 234144513
390340428 234144513 393750495 234144513
390340428 220379795 439466004 220379795
439466004 220379795 446259189 220901237
446259189 220901237 446259189 246245934
446259189 220901237 498134488 220901237
498134488 220901237 504776745 253325225
213102407 457306423 265180779 461359282
867600511 629850377 891358143 662971425
891358143 662971425 899420426 667789890
899420426 667789890 901872522 667789890
901872522 667789890 918053147 667789890
918053147 667789890 919119965 672420022
919119965 672420022 921743621 672420022
919119965 672420022 919119965 679278168
919119965 679278168 920177750 679278168
919119965 679278168 919119965 695477810
901872522 667789890 901872522 691429008
920177750 679278168 943908846 682680198
943908846 682680198 958012843 687729582
776575505 377170134 817320580 393350179
817320580 393350179 848017533 395103261
848017533 395103261 875008970 397947467
716543771 884107217 747675032 909938380
747675032 909938380 763937272 914900974
763937272 914900974 763937272 916575006
763937272 914900974 766536464 914900974
536694605 536131149 571958533 557943617
549208137 517027890 590134253 533737315
936235927 619422219 956968162 658064946
276167182 384167866 335684675 384167866
335684675 384167866 356891517 405309798
783723564 343716532 841441576 345873390
841441576 345873390 849520484 348802068
849520484 348802068 849520484 367390767
849520484 348802068 894717563 348802068
894717563 348802068 894717563 351598034
894717563 351598034 895134870 355132248
894717563 348802068 914329732 348802068
914329732 348802068 925747113 366934372
925747113 366934372 925747113 367326271
925747113 366934372 941987509 366934372
925747113 367326271 936777630 383499555
936777630 383499555 936777630 390453940
936777630 383499555 969975700 383499555
969975700 383499555 988311967 412144454
988311967 412144454 996780029 422968770
766536464 914900974 800589849 940872028
800589849 940872028 801503596 954100416
801503596 954100416 836738567 954100416
836738567 954100416 836738567 959830065
836738567 954100416 851809359 954100416
836738567 959830065 845364880 973259707
845364880 973259707 864607691 990121047
807772486 634126077 857692023 644298639
936777630 390453940 954218683 433154444
954218683 433154444 954671394 436331252
954671394 436331252 956188459 458657683
956188459 458657683 962190465 458657683
956188459 458657683 956188459 505037670
956188459 505037670 960109359 505037670
956188459 505037670 956188459 525433668
956188459 525433668 996049350 536240067
348344487 683639464 361977443 730194844
361977443 730194844 370336229 749290568
370336229 749290568 372050532 757781844
372050532 757781844 372050532 773371915
372050532 773371915 374726541 784722744
374726541 784722744 383297510 784722744
383297510 784722744 398168270 788015895
374726541 784722744 374726541 809203280
374726541 809203280 378327639 812499653
378327639 812499653 383031261 828038979
383031261 828038979 383031261 833048544
383031261 833048544 383252105 833048544
383252105 833048544 384269832 833872412
384269832 833872412 399782741 833872412
383031261 833048544 383031261 851334597
383031261 851334597 384269832 861624408
384269832 861624408 384269832 870287559
384269832 870287559 409364919 871901218
399782741 833872412 420064690 842704711
384269832 861624408 416558553 861624408
372050532 757781844 406022545 757781844
409364919 871901218 446982610 874774394
446982610 874774394 464275757 874774394
464275757 874774394 464379792 879271262
446982610 874774394 446982610 901814656
446982610 901814656 446982610 906175231
446982610 901814656 456045588 901814656
383031261 828038979 429471557 828038979
429471557 828038979 429471557 832947926
429471557 828038979 438653293 828038979
487132197 914393265 494889842 967024968
654226468 647547247 670525722 691932035
670525722 691932035 675384365 735488883
282771043 327011802 343712750 327011802
343712750 327011802 355852406 346306196
355852406 346306196 355852406 346745713
355852406 346745713 356822373 346745713
355852406 346306196 363713906 346306196
355852406 346745713 355852406 369299845
456045588 901814656 459718344 959306334
459718344 959306334 463136429 961443366
463136429 961443366 463136429 967731319
463136429 961443366 478054553 961443366
478054553 961443366 481861840 972961802
481861840 972961802 485333722 986079036
485333722 986079036 485563182 992040287
398168270 788015895 452194537 796126974
590511484 286088648 590511484 348585298
554468647 982107434 614094705 985814053
614094705 985814053 633095936 989212030
633095936 989212030 642091879 989212030
633095936 989212030 633095936 998599849
226725832 583737053 226725832 647329195
226725832 647329195 235430797 650445021
235430797 650445021 251001611 650445021
251001611 650445021 254129766 658342547
235430797 650445021 235430797 672328761
254129766 658342547 262293491 690964679
52224128 0 115870270 0
115870270 0 119118142 0
119118142 0 119118142 3995397
115870270 0 115870270 8471618
119118142 0 170689346 0
170689346 0 170689346 1034243
170689346 0 186673040 0
186673040 0 191422874 0
191422874 0 191422874 4543448
191422874 0 197837582 0
197837582 0 231113938 0
231113938 0 239450723 0
239450723 0 239450723 5860984
231113938 0 231113938 25272672
186673040 0 186673040 33490318
186673040 33490318 197837582 37406192
239450723 0 280849576 0
280849576 0 280849576 1358401
280849576 0 293200044 0
293200044 0 295978545 0
295978545 0 295978545 10661666
293200044 0 293200044 14199229
295978545 0 319627561 0
319627561 0 330429156 0
330429156 0 330429156 8792577
319627561 0 319627561 13321836
293200044 14199229 297618221 57132070
297618221 57132070 298465252 64217288
298465252 64217288 319339627 64217288
319339627 64217288 336944823 67965311
336944823 67965311 372069616 84393619
372069616 84393619 372069616 90821865
372069616 84393619 381326910 84393619
381326910 84393619 399387730 87488180
399387730 87488180 399387730 91607337
399387730 91607337 404506260 91607337
399387730 91607337 399387730 105988348
399387730 105988348 403135973 108630427
399387730 87488180 415679392 87488180
403135973 108630427 424171631 108630427
424171631 108630427 424171631 118121492
403135973 108630427 403135973 140682359
424171631 108630427 460652285 108630427
424171631 118121492 453700530 139116310
453700530 139116310 488165414 139832289
488165414 139832289 500155513 139832289
500155513 139832289 500880002 139979618
500880002 139979618 500880002 157916072
500880002 157916072 500880002 164479859
500880002 157916072 509432368 157916072
509432368 157916072 528993659 168262250
528993659 168262250 529957243 168262250
529957243 168262250 529957243 172700968
529957243 172700968 532355499 172700968
529957243 172700968 529957243 177129101
529957243 168262250 537354397 168262250
528993659 168262250 528993659 200958343
298465252 64217288 298465252 116427237
298465252 116427237 298465252 121509804
298465252 116427237 311587837 116427237
500880002 139979618 555488888 139979618
555488888 139979618 558746419 139979618
555488888 139979618 555488888 156754986
311587837 116427237 370499265 116451471
460652285 108630427 519648069 112185949
519648069 112185949 521373724 112185949
519648069 112185949 519648069 125863457
571958533 557943617 623966360 569645000
504316300 384851576 564871120 388842576
564871120 388842576 589400242 396884972
589400242 396884972 589400242 406384244
589400242 396884972 624453595 396884972
592004376 586478351 592928609 650451467
287873152 185001224 311431228 226793368
763386257 728226030 767403372 789684247
767403372 789684247 784589504 818326521
415679392 87488180 480855221 87880038
235430797 672328761 247973975 725513867
247973975 725513867 261222028 725513867
247973975 725513867 247973975 751609288
247973975 751609288 250083436 755810520
250083436 755810520 250083436 781918459
250083436 781918459 254495789 807778757
254495789 807778757 254495789 822671694
254495789 822671694 260171417 824705254
260171417 824705254 264029848 824705254
254495789 807778757 287717255 807778757
287717255 807778757 289609151 818674226
261222028 725513867 300648192 725738161
300648192 725738161 305133045 743717345
305133045 743717345 310631610 759185637
310631610 759185637 312108358 776268030
312108358 776268030 338966601 776268030
338966601 776268030 339481072 776268030
339481072 776268030 339481072 776455980
339481072 776268030 346225062 776268030
338966601 776268030 338966601 786830865
338966601 786830865 346641936 788937074
346641936 788937074 353576620 788937074
346641936 788937074 346641936 815815851
346641936 815815851 347123976 818660053
312108358 776268030 312108358 805376978
312108358 805376978 312108358 806611239
312108358 805376978 316232772 805376978
312108358 806611239 313038121 836350233
313038121 836350233 328422219 841020969
328422219 841020969 337066103 841020969
337066103 841020969 359322432 844481282
359322432 844481282 365091293 847888820
347123976 818660053 357898215 840587697
353576620 788937074 362973303 814434525
328422219 841020969 328422219 877370180
328422219 877370180 336300789 909602563
336300789 909602563 336300789 910710679
336300789 909602563 346957761 909602563
346957761 909602563 358475125 923666671
358475125 923666671 358475125 937315161
358475125 923666671 375910343 923666671
375910343 923666671 408567438 929162887
408567438 929162887 427395338 938968510
264029848 824705254 272222598 858817464
272222598 858817464 278021739 868507500
260171417 824705254 260171417 868507500
260171417 868507500 260171417 897188649
260171417 897188649 260744402 898720635
260744402 898720635 275649359 932389881
275649359 932389881 275649359 933430950
275649359 932389881 288049931 932389881
288049931 932389881 301096284 937938297
301096284 937938297 301096284 950563831
301096284 950563831 324938575 950563831
301096284 950563831 301096284 977587393
301096284 977587393 315524568 989201288
301096284 937938297 329861327 937938297
315524568 989201288 340760074 994031656
340760074 994031656 377375293 997393802
250083436 755810520 300218125 755810520
427395338 938968510 434058645 988420937
467231561 727492310 533100212 727492310
533100212 727492310 542321757 727492310
542321757 727492310 549083287 735973234
549083287 735973234 549083287 747329182
533100212 727492310 533100212 753011222
549083287 735973234 589908582 735973234
589908582 735973234 595014312 735973234
595014312 735973234 619786126 752144874
619786126 752144874 642825819 761923376
642825819 761923376 645516569 807684652
645516569 807684652 645516569 815739076
645516569 815739076 645516569 816047382
645516569 815739076 650418475 815739076
645516569 807684652 655621543 807684652
650418475 815739076 666503025 829053142
645516569 816047382 649307476 844070114
666503025 829053142 681743964 859395098
655621543 807684652 696882804 812562829
696882804 812562829 714900167 825358310
714900167 825358310 722242195 857316653
589908582 735973234 589908582 785896898
722242195 857316653 756340630 875539990
589908582 785896898 627553206 807096714
627553206 807096714 640830111 830564286
756340630 875539990 801425203 893367028
801425203 893367028 829331421 898881527
829331421 898881527 829331421 923186656
200918724 532428503 200918724 598620853
262293491 690964679 327009875 692953777
327009875 692953777 329414971 692953777
327009875 692953777 327009875 697689238
566805108 586478351 566805108 653256129
566805108 653256129 585242845 679642918
585242845 679642918 588068252 684619659
588068252 684619659 588402848 684619659
588068252 684619659 588068252 722975971
588068252 722975971 589908582 725293288
589908582 725293288 605759896 725293288
605759896 725293288 619786126 729253722
619786126 729253722 622359556 729253722
482005043 375699263 548943717 375699263
548943717 375699263 549509529 375699263
548943717 375699263 548943717 380530712
618931267 500360586 679387679 507587260
679387679 507587260 686219664 526266740
686219664 526266740 697787308 532616469
697787308 532616469 733674668 551477562
55376788 470205410 70292826 523123552
667507509 361732373 668623864 428726404
599855643 463873004 664429227 467467780
664429227 467467780 667644849 474010679
667644849 474010679 701015816 483036652
701015816 483036652 704556352 487372931
465859436 476742782 465859436 545396408
465859436 545396408 468932390 550955552
468932390 550955552 468932390 573005216
468932390 573005216 493396674 577469498
488165414 139832289 488165414 210398217
43936359 232373222 107498788 239402173
121711583 234429994 160751411 266747030
160751411 266747030 162895988 266747030
160751411 266747030 160751411 289995862
160751411 289995862 197288713 301542103
197288713 301542103 201626705 301542103
201626705 301542103 216960736 301542103
201626705 301542103 201626705 317363242
201626705 317363242 204372207 348501591
204372207 348501591 220704820 373945981
220704820 373945981 230458427 395289328
230458427 395289328 232587686 412653944
232587686 412653944 259559205 412653944
259559205 412653944 259559205 418190858
259559205 412653944 267887927 412653944
232587686 412653944 232587686 445072096
259559205 418190858 260479459 450071777
260479459 450071777 262932695 450071777
260479459 450071777 260479459 466185204
197288713 301542103 197288713 351073240
197288713 351073240 202858097 367879681
202858097 367879681 214813832 408402605
214813832 408402605 218898457 418929721
232587686 445072096 257392571 486516090
282771043 328210384 334362203 348699401
504776745 253325225 574867269 255797286
574867269 255797286 590946586 255797286
574867269 255797286 574867269 273114686
590946586 255797286 598721209 268632523
598721209 268632523 607807644 271061909
588402848 684619659 630414364 715483686
630414364 715483686 637370272 716469971
637370272 716469971 653859371 719925272
202484 371554992 65938064 380706949
99000223 409306878 162970483 420358689
162970483 420358689 162970483 420484799
162970483 420358689 197030312 420358689
0 492856775 0 567948440
0 567948440 0 574977564
0 574977564 3395117 574977564
0 574977564 0 582409606
0 582409606 0 583350568
0 583350568 0 590663340
0 582409606 11699389 582409606
11699389 582409606 26187933 583350568
0 590663340 0 613109223
0 613109223 0 621035610
0 621035610 12739170 621035610
26187933 583350568 48757866 588482337
48757866 588482337 48757866 590663340
48757866 588482337 52442850 588482337
52442850 588482337 61622048 598989302
0 567948440 28270698 567948440
61622048 598989302 72502334 629641680
72502334 629641680 76480169 640932569
76480169 640932569 76480169 660662744
76480169 660662744 78478219 660662744
76480169 660662744 76480169 675525904
76480169 640932569 113550770 640932569
113550770 640932569 113550770 655750787
113550770 640932569 128756135 640932569
128756135 640932569 128756135 642007548
128756135 640932569 141327143 640932569
128756135 642007548 129937896 665960175
129937896 665960175 138403649 665960175
138403649 665960175 138403649 669472297
138403649 665960175 144918025 665960175
144918025 665960175 162028503 670930655
129937896 665960175 129937896 690940890
129937896 690940890 135668884 690940890
162028503 670930655 174625501 686085128
174625501 686085128 194164986 686085128
194164986 686085128 195107478 686384483
195107478 686384483 204309750 686384483
204309750 686384483 207477349 690964679
207477349 690964679 207477349 711603596
207477349 711603596 211161663 722154748
141327143 640932569 144918025 665682983
195107478 686384483 195107478 715658131
174625501 686085128 174625501 715841184
174625501 715841184 174848750 722854718
174848750 722854718 191454740 722854718
129937896 690940890 129937896 722152829
144918025 665682983 179989670 665682983
0 613109223 41706788 613109223
174848750 722854718 174848750 774643824
174848750 774643824 186130150 789953759
186130150 789953759 194554720 807063405
194554720 807063405 199284535 846271986
199284535 846271986 199284535 850135781
199284535 850135781 200928765 853986654
200928765 853986654 204089513 853986654
204089513 853986654 204089513 854609764
204089513 853986654 206648475 853986654
206648475 853986654 212461811 868105510
212461811 868105510 212461811 868232423
212461811 868105510 242910909 868105510
199284535 846271986 240805695 846271986
200928765 853986654 200928765 913350920
200928765 913350920 219198360 952973821
219198360 952973821 226873331 982119502
226873331 982119502 258550169 984969635
0 621035610 0 686864783
0 686864783 31022230 686864783
0 686864783 0 720910839
0 720910839 0 727272630
0 727272630 0 730983431
0 730983431 14386250 730983431
0 720910839 38323323 720910839
38323323 720910839 41971615 727272630
41971615 727272630 52067446 729719801
52067446 729719801 52067446 738864452
52067446 729719801 93159996 729719801
93159996 729719801 97933705 749583344
97933705 749583344 125000268 751363603
125000268 751363603 129436935 785453184
129436935 785453184 129436935 787626164
129436935 787626164 129436935 789544268
129436935 787626164 159900095 787626164
159900095 787626164 169017490 806244697
129436935 785453184 163501071 785453184
163501071 785453184 163875529 816725379
163875529 816725379 166728242 823485084
129436935 789544268 137255367 816503739
137255367 816503739 141449145 816503739
137255367 816503739 137255367 827952804
137255367 827952804 137632692 827952804
137255367 827952804 137255367 831669543
52067446 738864452 62727496 772391657
62727496 772391657 62727496 775914602
62727496 772391657 86428384 772391657
0 730983431 0 781966791
0 781966791 0 785647111
0 785647111 0 790745849
0 790745849 13391811 790745849
0 790745849 0 814503483
0 814503483 0 818133259
0 818133259 0 818449733
0 818449733 6572142 818449733
0 818133259 8643644 818133259
0 814503483 10122446 814503483
0 818449733 0 855066802
0 855066802 0 877531125
0 877531125 3306089 877531125
0 877531125 0 896384445
0 896384445 0 898148015
0 898148015 17712345 898148015
0 898148015 0 916754186
0 916754186 0 926550520
0 926550520 0 927573660
0 927573660 1157985 927573660
1157985 927573660 8937584 927573660
0 926550520 28042211 926550520
17712345 898148015 48138084 902241246
48138084 902241246 48138084 916754186
1157985 927573660 1157985 962905482
0 785647111 37187620 785647111
1157985 962905482 15385885 987027518
0 781966791 46206306 781966791
0 896384445 47799370 896384445
0 855066802 49453718 855066802
49453718 855066802 63131396 872630328
48138084 916754186 97225243 919300884
97225243 919300884 104824592 919300884
86428384 772391657 94226505 817016226
94226505 817016226 102989331 817016226
94226505 817016226 94226505 828143663
48138084 902241246 103668458 902241246
103668458 902241246 112863142 918578076
97225243 919300884 97225243 977686436
112863142 918578076 149935038 943236559
63131396 872630328 123061814 875416684
123061814 875416684 146148026 890975167
146148026 890975167 146148026 897225860
146148026 890975167 160952191 890975167
160952191 890975167 197213684 913350920
197213684 913350920 197213684 921416972
763867827 542741038 791271729 591140448
791271729 591140448 800106344 592360686
800106344 592360686 811634234 602626673
811634234 602626673 816969754 620369509
816969754 620369509 857432391 632361564
555488888 156754986 605657563 182601134
605657563 182601134 615154705 182601134
605657563 182601134 605657563 199527963
605657563 199527963 617609059 202138365
617609059 202138365 621672182 205921207
621672182 205921207 644404938 205921207
644404938 205921207 649137768 208991456
649137768 208991456 649137768 216164992
621672182 205921207 621672182 255474977
621672182 255474977 626455315 260885441
649137768 208991456 706927427 208991456
706927427 208991456 721607353 208991456
706927427 208991456 706927427 232780516
706927427 232780516 711361785 238860237
711361785 238860237 711361785 243005025
711361785 243005025 713381845 243005025
721607353 208991456 744135502 210820376
713381845 243005025 714869320 271652389
714869320 271652389 720610815 275414554
711361785 238860237 741856279 238860237
741856279 238860237 746214500 243358982
720610815 275414554 732861561 297225177
746214500 243358982 792676855 251854194
792676855 251854194 792676855 261670194
792676855 261670194 792676855 281456445
792676855 261670194 816958463 261670194
792676855 281456445 803887043 298319618
803887043 298319618 810824238 326988605
810824238 326988605 810824238 338012520
810824238 326988605 822443482 326988605
792676855 251854194 833536736 251854194
833536736 251854194 833536736 253502523
833536736 251854194 856974911 251854194
833536736 253502523 844210714 291839971
649137768 216164992 672703490 254791031
744135502 210820376 791326107 226567566
856974911 251854194 899526666 272460516
899526666 272460516 907377333 273915261
907377333 273915261 907377333 276301529
907377333 273915261 910282422 273915261
907377333 276301529 907592268 338050842
907592268 338050842 938676235 343368868
711361785 243005025 711361785 314126416
35603436 53814275 109818891 56051767
109818891 56051767 160163779 78331301
996233727 582821736 998172877 657639246
910282422 273915261 951474483 310244843
951474483 310244843 959655763 315739375
959655763 315739375 959655763 333825127
959655763 315739375 994646235 315739375
330429156 8792577 366400295 50774461
366400295 50774461 398882503 56061236
398882503 56061236 429818832 60801250
429818832 60801250 439423168 64880077
439423168 64880077 479322075 83130096
330429156 0 412629437 0
412629437 0 418310952 0
418310952 0 419628987 0
418310952 0 418310952 11360430
418310952 11360430 419628987 17352549
412629437 0 412629437 16924593
419628987 0 472118652 0
472118652 0 488107796 0
488107796 0 488107796 24028833
472118652 0 472118652 33857299
488107796 0 525167018 0
525167018 0 531443740 0
531443740 0 531443740 18906367
525167018 0 525167018 32116309
531443740 0 566823035 0
566823035 0 567346492 0
567346492 0 567871072 0
567871072 0 567871072 13466869
566823035 0 566823035 24608677
566823035 24608677 567346492 46098805
567346492 46098805 595879786 54335835
595879786 54335835 607138707 75399216
472118652 33857299 485317337 60445184
567871072 0 615840827 0
615840827 0 615840827 36372928
525167018 32116309 563337584 51110367
563337584 51110367 615653175 53128456
607138707 75399216 625932534 115497974
625932534 115497974 625932534 126561472
625932534 126561472 625932534 132480785
625932534 126561472 633085232 126561472
633085232 126561472 633085232 126938205
633085232 126561472 636526543 126561472
625932534 115497974 653813256 115497974
636526543 126561472 640512423 161059275
640512423 161059275 644404938 161453804
644404938 161453804 644404938 175629874
644404938 175629874 695012360 175629874
695012360 175629874 704811646 183990455
704811646 183990455 704811646 186287902
704811646 183990455 742779521 183990455
742779521 183990455 746573838 191123803
746573838 191123803 746573838 199078100
746573838 191123803 755696276 191123803
755696276 191123803 763728838 204255311
644404938 161453804 696832251 161453804
615653175 53128456 670275856 61261913
670275856 61261913 685023139 74658995
685023139 74658995 695331315 82545607
695331315 82545607 706518270 82545607
706518270 82545607 722018820 105073671
722018820 105073671 733715596 105073671
733715596 105073671 734458669 114267320
734458669 114267320 734458669 131349743
722018820 105073671 722018820 131422074
734458669 131349743 742779521 155290533
742779521 155290533 745032462 155290533
745032462 155290533 746573838 156701655
746573838 156701655 755056781 156701655
755056781 156701655 755696276 158951615
755696276 158951615 783708464 158951615
734458669 114267320 787632750 114267320
787632750 114267320 787632750 121397526
787632750 114267320 813778425 114267320
813778425 114267320 826946458 116082826
826946458 116082826 826946458 116180140
787632750 121397526 805909683 133877986
805909683 133877986 814443341 144859395
814443341 144859395 814443341 153709603
826946458 116082826 867437871 116082826
867437871 116082826 869879583 117308984
869879583 117308984 869879583 123283861
869879583 123283861 869879583 129161378
869879583 129161378 872687244 140289739
872687244 140289739 884809846 145724978
884809846 145724978 894158828 145724978
869879583 123283861 905772508 123283861
905772508 123283861 917086469 138871989
917086469 138871989 943724669 138871989
943724669 138871989 947242007 144134979
947242007 144134979 947242007 153981146
947242007 153981146 949697886 153981146
947242007 153981146 947242007 157960029
947242007 157960029 948077561 181660671
947242007 144134979 980646390 144134979
980646390 144134979 982540542 144134979
980646390 144134979 980646390 153330963
917086469 138871989 917086469 180011406
917086469 180011406 932890224 205936961
932890224 205936961 933161533 234723167
933161533 234723167 933161533 237291397
933161533 237291397 947868947 238764623
947868947 238764623 951576880 244368878
951576880 244368878 951576880 245871336
951576880 245871336 951576880 256679387
951576880 245871336 968190000 245871336
933161533 234723167 949809771 234723167
951576880 244368878 979828206 244368878
814443341 144859395 862137680 144859395
862137680 144859395 866000598 145724978
695331315 82545607 695331315 137512179
615840827 0 679556777 0
679556777 0 679556777 33441795
679556777 0 716884127 0
716884127 0 716884127 2901568
716884127 0 737584849 0
737584849 0 755809442 0
755809442 0 756577769 0
756577769 0 756577769 12663601
755809442 0 755809442 21165023
756577769 0 779619537 0
779619537 0 779619537 10151201
779619537 0 790943359 0
790943359 0 790943359 14599782
790943359 0 814502845 0
814502845 0 818813403 0
818813403 0 825328960 0
818813403 0 818813403 7675670
818813403 7675670 825328960 21165098
814502845 0 814502845 21067562
825328960 0 849771214 0
849771214 0 849771214 6992257
849771214 0 859340908 0
859340908 0 859340908 446597
859340908 0 875459580 0
875459580 0 881573431 0
881573431 0 888889590 0
888889590 0 888889590 7260385
888889590 0 897057389 0
897057389 0 897501972 0
897501972 0 897501972 234016
897501972 234016 897501972 18902449
897057389 0 897057389 36777254
897057389 36777254 900223552 55062770
900223552 55062770 907827241 55062770
900223552 55062770 900223552 72135774
900223552 72135774 905772508 98351850
881573431 0 881573431 43311844
737584849 0 737584849 45363608
875459580 0 875459580 47488443
884809846 145724978 884809846 212017493
884809846 212017493 887478576 236856588
887478576 236856588 887478576 244683630
887478576 236856588 904607508 236856588
904607508 236856588 930860858 270685044
905772508 98351850 972885209 98351850
972885209 98351850 973129941 98351850
972885209 98351850 972885209 117308984
972885209 117308984 987425005 138492533
825328960 21165098 829122401 87333294
829122401 87333294 829122401 98069837
829122401 87333294 841553084 87333294
841553084 87333294 859582107 100615550
866000598 145724978 866000598 220280728
866000598 220280728 883770545 234143947
907827241 55062770 976333085 65347459
149935038 943236559 196088002 979674079
70292826 523123552 119921380 556106315
480793668 694852350 543536404 714847818
543536404 714847818 549083287 722975971
231113938 25272672 242621015 97082084
730899879 705259528 732347789 790988705
732347789 790988705 732347789 794000739
732347789 790988705 746613628 790988705
897501972 234016 986260841 234016
613851846 903080189 629096186 977975499
629096186 977975499 629096186 980712601
629096186 977975499 639604724 977975499
639604724 977975499 651053927 982149698
651053927 982149698 654257263 985909374
119921380 556106315 158864983 611834960
158864983 611834960 197396451 640363838
197396451 640363838 197632069 640622743
654805583 878364000 656616140 972350227
656616140 972350227 656616140 973669346
656616140 972350227 658285274 972350227
814443341 153709603 845406505 219132654
675384365 735488883 711116516 801564650
528993659 200958343 604013783 252667305
