1459
0 0 0 54799164
0 54799164 0 61769082
0 61769082 0 73240271
0 73240271 0 75791736
0 75791736 0 80619095
0 80619095 0 86678063
0 86678063 11421426 86678063
0 80619095 29857039 80619095
0 54799164 30393822 54799164
30393822 54799164 37201096 55794441
37201096 55794441 37201096 61769082
37201096 61769082 44007729 66193140
44007729 66193140 44007729 73240271
44007729 73240271 46863085 75791736
44007729 66193140 84321552 66193140
84321552 66193140 111911380 80995741
111911380 80995741 129475193 97452721
129475193 97452721 138821113 105603721
138821113 105603721 138821113 111963363
138821113 105603721 153557748 105603721
153557748 105603721 159494239 110684976
138821113 111963363 139644379 126159404
159494239 110684976 177352809 124588520
46863085 75791736 72922527 111999333
72922527 111999333 77443483 158423053
77443483 158423053 111941941 163586593
111941941 163586593 117032897 169010977
117032897 169010977 118123825 179894906
118123825 179894906 131884877 179894906
131884877 179894906 132608070 182986307
132608070 182986307 161706397 182986307
161706397 182986307 161706397 185644958
132608070 182986307 132608070 213237867
132608070 213237867 137885018 213237867
137885018 213237867 146937432 217667997
146937432 217667997 171349358 217667997
132608070 213237867 132608070 241995541
132608070 241995541 138054880 249915047
138054880 249915047 146937432 249915047
146937432 249915047 147832619 259457149
147832619 259457149 147832619 268807050
138054880 249915047 138054880 275831126
147832619 268807050 173790086 270897476
173790086 270897476 208438131 270897476
208438131 270897476 223036549 270897476
208438131 270897476 208438131 291856256
208438131 291856256 209901356 295964963
209901356 295964963 237407540 295964963
237407540 295964963 239739399 295964963
237407540 295964963 237407540 305924510
209901356 295964963 209901356 326962550
209901356 326962550 209901356 327395395
209901356 326962550 232071355 326962550
209901356 327395395 217963675 352106184
217963675 352106184 224175367 376911577
224175367 376911577 234475572 376911577
224175367 376911577 224175367 392612094
224175367 392612094 228285776 409922439
161706397 182986307 199397846 182986307
237407540 305924510 267908916 324535725
267908916 324535725 275444563 335300007
275444563 335300007 287171302 350936980
287171302 350936980 287171302 357252868
287171302 350936980 314350717 350936980
314350717 350936980 347741495 365494887
347741495 365494887 363692405 370573793
363692405 370573793 363692405 374622948
363692405 374622948 363730139 375430050
363730139 375430050 363730139 393029041
363692405 370573793 387169433 370573793
387169433 370573793 400431616 375430050
400431616 375430050 406897613 386643629
406897613 386643629 406897613 386973898
406897613 386643629 422498778 386643629
422498778 386643629 423805377 389355004
406897613 386973898 407799818 414201938
407799818 414201938 418761736 414201938
418761736 414201938 424651834 417320472
424651834 417320472 424651834 422379491
407799818 414201938 407799818 427526034
407799818 427526034 416059350 446985973
416059350 446985973 417680530 448171717
417680530 448171717 441989369 448171717
424651834 417320472 457717946 417320472
457717946 417320472 474047608 445049147
474047608 445049147 476114167 484803421
476114167 484803421 481086205 484803421
476114167 484803421 476114167 492479002
476114167 492479002 505042977 497232668
417680530 448171717 417680530 504141908
417680530 504141908 423300045 504663972
423300045 504663972 423300045 508702230
423300045 508702230 434017906 512530729
434017906 512530729 439225459 512530729
423300045 504663972 468605418 504663972
434017906 512530729 434017906 558801316
434017906 558801316 435141378 558801316
434017906 558801316 434017906 567024512
439225459 512530729 455293099 546591838
455293099 546591838 464998170 550010702
464998170 550010702 510628079 553431453
510628079 553431453 512902476 553431453
510628079 553431453 510628079 601147234
512902476 553431453 564570992 560255121
564570992 560255121 575727011 560255121
564570992 560255121 564570992 592726634
564570992 592726634 572676955 616053848
572676955 616053848 572676955 617147413
572676955 617147413 573382152 629251812
573382152 629251812 573382152 635913756
573382152 635913756 587503901 635913756
573382152 635913756 573382152 657773580
572676955 616053848 596826059 616053848
596826059 616053848 608891167 629251812
608891167 629251812 609527121 629251812
608891167 629251812 608891167 648946962
573382152 657773580 593472024 666469650
593472024 666469650 600058495 674911239
600058495 674911239 600058495 689463794
600058495 689463794 610678603 689463794
600058495 674911239 616550797 674911239
600058495 689463794 600058495 717033429
600058495 717033429 600058495 723250797
600058495 723250797 601562985 723486483
600058495 717033429 627075324 717033429
609527121 629251812 640649344 633485808
640649344 633485808 654602727 633485808
654602727 633485808 684333454 635945378
684333454 635945378 685264933 640782034
685264933 640782034 710759171 640782034
616550797 674911239 640649344 688207917
685264933 640782034 685264933 678519339
685264933 678519339 685264933 702888466
685264933 702888466 702473452 709521253
702473452 709521253 710071618 718116257
685264933 678519339 710072588 678519339
710072588 678519339 714478476 685171109
714478476 685171109 714478476 692950407
714478476 692950407 726463162 693993602
726463162 693993602 726463162 703483663
726463162 703483663 730037209 714014755
575727011 560255121 610193236 566823228
610193236 566823228 617760026 589250679
617760026 589250679 617760026 609029339
617760026 589250679 642682617 589250679
617760026 609029339 633288777 626397285
730037209 714014755 730037209 758003645
730037209 758003645 730037209 764528644
730037209 758003645 740676641 758003645
740676641 758003645 740676641 761231940
740676641 758003645 747375540 758003645
747375540 758003645 747757095 760074830
747757095 760074830 747757095 762991634
730037209 764528644 730373702 785867468
730373702 785867468 733615521 785867468
733615521 785867468 733615521 787713961
733615521 785867468 737991452 785867468
733615521 787713961 734086732 814889347
730373702 785867468 730373702 823828945
747757095 762991634 765755327 783768799
765755327 783768799 792982278 787588202
792982278 787588202 800266482 796275813
800266482 796275813 816907198 796275813
800266482 796275813 800266482 817191051
747757095 760074830 787132950 760074830
787132950 760074830 792982278 769915781
792982278 769915781 792982278 777068006
792982278 777068006 806905585 777068006
792982278 769915781 816907198 769915781
816907198 769915781 846047083 769915781
846047083 769915781 849633395 794841518
849633395 794841518 866930247 799638565
866930247 799638565 872798956 799986908
872798956 799986908 877968367 808965496
877968367 808965496 877968367 817359913
877968367 817359913 877968367 818364793
877968367 817359913 888370912 817359913
877968367 808965496 889643072 808965496
889643072 808965496 889643072 812836040
889643072 808965496 898381757 808965496
898381757 808965496 904442077 809645189
877968367 818364793 883139440 827819678
883139440 827819678 884008565 827819678
883139440 827819678 883139440 847897600
904442077 809645189 909110174 826367054
909110174 826367054 922040298 826367054
922040298 826367054 925635414 835399732
925635414 835399732 925635414 835808783
909110174 826367054 909110174 840058526
925635414 835808783 940078216 835808783
925635414 835808783 925635414 852723253
925635414 852723253 925635414 855811181
925635414 855811181 926041968 856202318
925635414 852723253 939966749 852723253
925635414 835399732 955431887 835399732
955431887 835399732 978332506 840649173
978332506 840649173 985913068 864958582
730373702 823828945 737980984 855951114
737980984 855951114 737980984 871367624
737980984 871367624 742520203 872371220
742520203 872371220 748405646 872371220
748405646 872371220 750294441 874200617
750294441 874200617 756267731 874200617
756267731 874200617 765971926 878149105
737980984 855951114 757421079 855951114
765971926 878149105 789886482 878149105
765971926 878149105 765971926 910027895
765971926 910027895 766804156 912009838
766804156 912009838 766804156 912284902
766804156 912009838 805700458 912009838
750294441 874200617 750294441 914454051
750294441 914454051 760132331 929752149
760132331 929752149 769324760 953479103
769324760 953479103 769324760 956850763
769324760 956850763 770803258 963381704
769324760 953479103 780724505 953479103
780724505 953479103 797405339 956492551
797405339 956492551 797405339 972800106
797405339 972800106 802843763 972800106
797405339 972800106 797405339 979391126
797405339 956492551 825637119 956492551
825637119 956492551 836526412 967885243
805700458 912009838 830839561 929053895
742520203 872371220 742520203 915510121
742520203 915510121 746043195 952582227
746043195 952582227 746143334 985659161
789886482 878149105 816562748 894661686
766804156 912284902 802958287 920250525
640649344 688207917 662843744 710678589
662843744 710678589 662987210 752029526
662987210 752029526 662987210 763248432
662987210 752029526 676848126 752029526
662987210 763248432 672187296 770940940
672187296 770940940 674901055 770940940
674901055 770940940 697256642 790928941
836526412 967885243 874927393 975044561
874927393 975044561 874927393 979339052
874927393 975044561 914460957 975044561
914460957 975044561 925533148 977748008
925533148 977748008 935387076 977748008
925533148 977748008 925533148 996103000
730037209 714014755 775668901 714014755
775668901 714014755 794435509 718112133
794435509 718112133 795306695 718112133
794435509 718112133 794435509 731290758
794435509 731290758 816165096 732458691
816165096 732458691 816165096 740740207
816165096 740740207 818540019 740740207
816165096 740740207 816165096 746122161
816165096 732458691 853780888 732458691
853780888 732458691 886190870 732571439
886190870 732571439 904279531 744282671
904279531 744282671 904279531 762588353
904279531 762588353 905453328 773383141
905453328 773383141 905453328 773974385
904279531 744282671 922716613 744282671
905453328 773383141 932662446 773383141
932662446 773383141 932662446 774407093
932662446 774407093 932719183 774407093
932662446 774407093 932662446 778782667
932662446 773383141 940158238 773383141
940158238 773383141 943134983 775037474
943134983 775037474 945718585 775037474
945718585 775037474 949253631 775120721
949253631 775120721 953600424 775120721
953600424 775120721 953650432 789209159
953650432 789209159 953975701 789209159
953650432 789209159 953650432 815805088
905453328 773974385 917089389 791870386
943134983 775037474 943134983 807563629
943134983 807563629 949253631 812783513
953975701 789209159 984780277 797521372
984780277 797521372 984780277 803173852
984780277 797521372 998541888 797521372
627075324 717033429 646040025 744495808
926041968 856202318 933641712 897218944
933641712 897218944 936642125 911711438
936642125 911711438 952634196 911711438
952634196 911711438 952634196 912091765
952634196 911711438 975470545 911711438
936642125 911711438 936642125 935303338
975470545 911711438 996306704 916613545
936642125 935303338 959093208 953707529
959093208 953707529 982255761 961637031
800266482 817191051 812726470 857968048
812726470 857968048 816562748 858735940
816562748 858735940 818955470 858735940
818955470 858735940 834779178 862441527
834779178 862441527 836426480 862441527
836426480 862441527 836426480 864593280
836426480 862441527 846047464 862441527
834779178 862441527 834779178 892548507
834779178 892548507 860573233 912565095
860573233 912565095 872000863 923623545
872000863 923623545 875131095 923623545
872000863 923623545 872000863 941402912
726463162 693993602 779846936 693993602
779846936 693993602 806598639 702368388
806598639 702368388 816165096 713031889
816165096 713031889 844103411 713031889
601562985 723486483 622711987 759663654
173790086 270897476 173790086 329788113
173790086 329788113 173790086 335085512
173790086 329788113 191786557 329788113
173790086 335085512 182760622 352161065
239739399 295964963 297019804 298669405
297019804 298669405 331816453 301893457
331816453 301893457 335070464 304665331
335070464 304665331 344653810 304665331
344653810 304665331 345397088 304665331
344653810 304665331 344653810 313988378
335070464 304665331 335070464 322899918
344653810 313988378 360046544 327896490
672187296 770940940 672187296 831585452
672187296 831585452 690063345 849361532
690063345 849361532 690701708 859695777
690701708 859695777 690701708 867009854
690701708 867009854 693754350 867009854
690701708 859695777 707499088 859695777
690701708 867009854 690701708 892499277
690701708 892499277 703518402 916527397
703518402 916527397 705562637 949227036
705562637 949227036 722317433 949227036
722317433 949227036 727629847 949227036
722317433 949227036 722317433 964919226
705562637 949227036 705562637 969319745
714478476 685171109 775329629 685171109
345397088 304665331 402614683 310022152
402614683 310022152 406461906 319264116
406461906 319264116 423699078 319264116
423699078 319264116 423699078 323500535
423699078 319264116 434938852 319264116
434938852 319264116 438425283 324445669
438425283 324445669 444307200 328101570
444307200 328101570 444766892 328101570
444307200 328101570 444307200 343119136
444307200 343119136 464399589 354985265
464399589 354985265 479921380 365231069
479921380 365231069 479921380 371273713
479921380 365231069 504161921 365231069
504161921 365231069 515869784 366034600
515869784 366034600 519065898 366034600
515869784 366034600 515869784 376523572
515869784 376523572 518211426 415938127
518211426 415938127 518211426 428408605
518211426 428408605 518211426 435435447
518211426 428408605 525484032 428408605
525484032 428408605 529547481 431694412
529547481 431694412 529547481 440598863
529547481 431694412 540301018 431694412
518211426 415938127 534375157 415938127
540301018 431694412 562574920 431694412
562574920 431694412 582048197 437424056
582048197 437424056 582048197 450982175
582048197 437424056 609017987 437424056
609017987 437424056 609853833 437424056
609017987 437424056 609017987 440107872
540301018 431694412 540301018 461109878
540301018 461109878 569174600 465859206
569174600 465859206 575150754 465859206
569174600 465859206 569174600 484123358
575150754 465859206 600810668 478657757
600810668 478657757 613753184 493718132
613753184 493718132 615352634 493718132
613753184 493718132 613753184 495578662
613753184 495578662 638613236 506870481
609017987 440107872 641153770 449317266
641153770 449317266 655027613 452652859
655027613 452652859 676520301 453490025
676520301 453490025 703150130 456552362
703150130 456552362 720926712 456552362
720926712 456552362 726085700 468532667
726085700 468532667 726085700 478484778
726085700 468532667 752142476 468532667
752142476 468532667 759551464 468532667
759551464 468532667 761734693 471746459
761734693 471746459 761734693 473943016
752142476 468532667 752142476 477249044
761734693 473943016 762099127 502214404
762099127 502214404 772328794 506444000
772328794 506444000 772328794 519872761
772328794 519872761 784017132 532592463
752142476 477249044 755433267 502928875
755433267 502928875 761462202 507531056
703150130 456552362 703150130 486011382
638613236 506870481 655061875 535089686
655061875 535089686 662527478 535089686
655061875 535089686 655061875 562609012
406461906 319264116 406461906 368620021
655061875 562609012 703382379 564067846
703382379 564067846 710318978 572187489
710318978 572187489 715934569 572187489
715934569 572187489 727380278 573451858
710318978 572187489 710318978 595746918
710318978 595746918 710759171 602405663
710759171 602405663 725214918 602405663
725214918 602405663 744653054 602405663
725214918 602405663 725214918 629024865
727380278 573451858 758947561 575276888
758947561 575276888 787818993 583288950
787818993 583288950 787818993 599180372
787818993 599180372 792680679 606445961
787818993 583288950 810767009 583288950
810767009 583288950 817417867 583288950
810767009 583288950 810767009 597322063
792680679 606445961 804754576 620418308
804754576 620418308 821350537 620418308
821350537 620418308 826520497 634655339
826520497 634655339 832754158 634655339
826520497 634655339 826520497 653402936
817417867 583288950 836759689 596147291
804754576 620418308 804754576 659865520
804754576 659865520 806598639 666901400
806598639 666901400 809980904 666901400
761734693 471746459 812105265 471746459
812105265 471746459 821307197 498399082
821307197 498399082 821307197 507865829
821307197 498399082 836952105 498399082
836952105 498399082 836952105 506444000
836952105 498399082 863432455 498399082
863432455 498399082 882201911 500259920
882201911 500259920 908319047 503350866
908319047 503350866 908319047 528480368
908319047 503350866 948788892 503350866
948788892 503350866 948788892 508514789
948788892 503350866 954833310 503350866
954833310 503350866 955830993 511121034
955830993 511121034 956833175 511121034
956833175 511121034 969589873 517279774
836952105 506444000 837256061 546914056
837256061 546914056 844951816 563735962
844951816 563735962 869479258 577337535
869479258 577337535 878985336 581586772
878985336 581586772 898514282 581586772
898514282 581586772 898514282 599458016
898514282 599458016 911374647 605446057
911374647 605446057 911374647 623759231
911374647 623759231 911374647 627608921
911374647 623759231 918781178 623759231
911374647 627608921 914588384 632113287
914588384 632113287 917706387 632113287
911374647 605446057 930491955 605446057
878985336 581586772 878985336 605115795
914588384 632113287 914588384 662906896
914588384 662906896 918631826 683579889
918631826 683579889 918631826 686877631
918631826 683579889 927853307 683579889
898514282 581586772 939010097 581586772
955830993 511121034 955830993 552831194
569174600 484123358 587787866 518551024
587787866 518551024 595492667 518551024
587787866 518551024 587787866 544197569
587787866 544197569 591448494 544197569
587787866 544197569 587787866 558947028
591448494 544197569 610193236 555243623
610193236 555243623 635946186 555243623
908319047 528480368 940931949 552831194
940931949 552831194 940931949 570327947
969589873 517279774 999567683 547227212
939010097 581586772 978382636 603412273
826520497 653402936 846602604 695290696
846602604 695290696 846602604 701858142
846602604 695290696 874271535 695290696
874271535 695290696 893543952 697030983
441989369 448171717 460959750 493435665
922716613 744282671 987031851 744493787
726085700 478484778 742072352 527047893
742072352 527047893 747355495 527047893
742072352 527047893 742072352 556508009
37201096 55794441 101939881 55794441
101939881 55794441 133195720 65823241
978382636 603412273 990719100 656576347
505042977 497232668 530467730 539972926
530467730 539972926 530467730 549959370
530467730 549959370 545632652 552324964
530467730 539972926 562542491 539972926
287171302 357252868 313274718 400576376
313274718 400576376 315860572 438886588
315860572 438886588 322309589 443148679
322309589 443148679 330969784 443148679
330969784 443148679 330969784 446001573
330969784 443148679 351885395 443148679
351885395 443148679 351885395 443801201
351885395 443148679 358279627 443148679
322309589 443148679 322309589 473973600
322309589 473973600 333053096 481962024
333053096 481962024 335214507 481962024
335214507 481962024 335214507 486759237
335214507 481962024 340417233 481962024
333053096 481962024 333053096 511207210
333053096 511207210 343416739 511677083
343416739 511677083 348499916 511677083
348499916 511677083 348499916 512700584
348499916 511677083 361748703 511677083
343416739 511677083 343416739 526111456
343416739 526111456 347519078 526111456
343416739 526111456 343416739 565161843
347519078 526111456 389544489 538790053
389544489 538790053 389544489 541798918
389544489 538790053 396628610 538790053
343416739 565161843 345595324 618884776
345595324 618884776 345595324 629674040
345595324 629674040 348714434 649899554
345595324 618884776 371205508 618884776
371205508 618884776 381673924 626775867
348714434 649899554 357428675 675859674
357428675 675859674 375567969 675859674
375567969 675859674 379347959 676807767
379347959 676807767 381042978 676807767
381042978 676807767 381042978 679432989
381042978 676807767 405246929 676807767
381042978 679432989 387018797 705542440
387018797 705542440 392209078 709516875
392209078 709516875 400498639 709516875
400498639 709516875 408862894 710197393
408862894 710197393 419855944 711101984
392209078 709516875 392209078 723080481
419855944 711101984 434120345 711101984
434120345 711101984 440298967 711810774
440298967 711810774 440298967 729420993
419855944 711101984 419855944 732170142
392209078 723080481 400966224 741367345
379347959 676807767 379347959 715490314
379347959 715490314 382446482 724622477
440298967 711810774 480647287 711810774
480647287 711810774 480647287 726282075
480647287 726282075 499457574 731891163
499457574 731891163 504735905 731891163
504735905 731891163 504735905 735750574
504735905 731891163 523454088 731891163
523454088 731891163 538949107 743695477
538949107 743695477 542007459 743695477
538949107 743695477 538949107 753413616
538949107 753413616 540848143 755331076
540848143 755331076 540848143 785531168
540848143 785531168 556286449 785531168
540848143 785531168 540848143 805558508
540848143 805558508 541876012 806250556
541876012 806250556 547302829 806250556
556286449 785531168 571140180 793016030
571140180 793016030 571140180 810601683
571140180 793016030 592231908 793016030
541876012 806250556 541876012 832558155
541876012 832558155 563031160 833735147
563031160 833735147 579171625 840248549
579171625 840248549 579171625 840865594
579171625 840248549 593356201 840248549
499457574 731891163 499457574 762296189
499457574 762296189 499879745 774155825
499879745 774155825 501052814 774155825
499879745 774155825 499879745 794102156
579171625 840865594 583629956 867773032
583629956 867773032 604752802 867931096
604752802 867931096 614017134 867931096
614017134 867931096 614446394 867931096
614017134 867931096 614017134 877979312
614017134 877979312 620452233 883854205
620452233 883854205 620452233 890510519
620452233 890510519 620452233 895359358
620452233 890510519 628747351 890510519
620452233 883854205 635665325 883854205
540848143 755331076 575373587 755331076
575373587 755331076 575373587 758905865
575373587 755331076 587099928 755331076
480647287 711810774 515575892 711810774
592231908 793016030 593356201 832844588
593356201 832844588 614658014 832844588
614658014 832844588 628884101 837281380
628884101 837281380 628884101 856424417
628884101 837281380 654879210 837281380
628884101 856424417 650542941 862495218
650542941 862495218 669400947 867009854
669400947 867009854 669400947 876633009
669400947 876633009 686098040 892499277
382446482 724622477 388545988 760425249
388545988 760425249 389645373 776252107
389645373 776252107 396198098 791367990
396198098 791367990 396198098 807933515
396198098 791367990 418958874 791367990
418958874 791367990 418958874 798276249
418958874 791367990 430219208 791367990
430219208 791367990 432920835 791367990
430219208 791367990 430219208 795683951
430219208 795683951 431038168 796758358
431038168 796758358 431038168 822361623
431038168 822361623 433357515 864113610
433357515 864113610 436510589 865626399
436510589 865626399 436510589 890038365
436510589 890038365 436510589 894142445
436510589 890038365 450039442 890038365
436510589 894142445 444819920 902266452
444819920 902266452 445055214 945526369
445055214 945526369 465159897 945526369
465159897 945526369 475717337 949849242
475717337 949849242 494417585 949849242
494417585 949849242 501220499 955566730
501220499 955566730 501666377 964730543
501666377 964730543 513234548 972961265
513234548 972961265 513234548 985889061
513234548 972961265 528996312 972961265
513234548 985889061 525579554 989442641
528996312 972961265 554853681 974395589
554853681 974395589 554853681 988397860
554853681 974395589 568916018 974395589
568916018 974395589 575112218 994014220
575112218 994014220 599140047 994411581
475717337 949849242 475717337 983777758
445055214 945526369 445055214 979478011
357428675 675859674 357428675 725392952
405246929 676807767 431720387 700192719
431720387 700192719 456627918 703957701
431038168 796758358 483534966 796758358
515575892 711810774 565187658 714989418
440298967 729420993 457339714 767959692
457339714 767959692 467293818 767959692
457339714 767959692 457339714 783064918
358279627 443148679 400869957 458790780
418958874 798276249 423297763 853022165
604752802 867931096 604752802 927372135
357428675 725392952 370281730 773357681
370281730 773357681 377996529 773357681
370281730 773357681 370281730 790150741
370281730 790150741 372102145 790150741
370281730 790150741 370281730 797065342
370281730 797065342 377005575 803193647
377005575 803193647 378732823 803193647
377005575 803193647 377005575 864065353
377005575 864065353 394446150 887701145
394446150 887701145 402840779 915585453
402840779 915585453 402840779 936357653
402840779 936357653 402840779 941372256
402840779 936357653 414787332 936357653
414787332 936357653 415910579 938267198
415910579 938267198 425010202 939094469
402840779 915585453 423844483 915585453
423844483 915585453 425010202 925504927
425010202 925504927 425667374 925504927
425010202 939094469 425010202 988810673
436510589 865626399 501801142 865626399
501801142 865626399 526507994 877654291
526507994 877654291 541522144 877995158
425010202 939094469 494175592 939094469
494175592 939094469 548550210 944257990
548550210 944257990 579889444 956842038
579889444 956842038 585194035 970702732
585194035 970702732 623813316 992964084
396628610 538790053 426280786 579437596
177352809 124588520 205589259 170922606
686098040 892499277 686098040 967723558
686098040 967723558 687346249 983627705
687346249 983627705 700935384 986119211
883139440 847897600 902563254 904027684
360046544 327896490 400359473 364491088
182760622 352161065 195063888 416864664
195063888 416864664 200101462 436047473
200101462 436047473 216591335 436047473
216591335 436047473 220864372 453012664
220864372 453012664 224796586 453012664
220864372 453012664 220864372 467600195
200101462 436047473 200101462 461099784
200101462 461099784 206823713 488404725
206823713 488404725 213625692 488404725
206823713 488404725 206823713 512641257
206823713 512641257 213075481 524653493
213075481 524653493 216062978 524653493
213075481 524653493 213075481 531939640
213075481 531939640 213149054 531939640
216062978 524653493 249027503 531843735
249027503 531843735 278588805 536259020
278588805 536259020 282957760 536808925
282957760 536808925 282957760 539357682
282957760 536808925 296093312 536808925
296093312 536808925 302042982 551802033
302042982 551802033 329334223 551802033
302042982 551802033 302042982 580963169
213625692 488404725 248870087 494272952
248870087 494272952 248870087 510637056
248870087 510637056 280806203 511482351
280806203 511482351 280806203 522292837
280806203 511482351 292643418 511482351
280806203 522292837 290169340 529889636
302042982 580963169 302300186 628834726
302300186 628834726 327261408 653971722
327261408 653971722 327361103 689310933
327361103 689310933 329676993 689310933
327361103 689310933 327361103 692773758
327361103 692773758 332174649 738234380
332174649 738234380 356189248 738234380
332174649 738234380 332174649 780434204
213075481 531939640 213075481 582645283
213075481 582645283 233671988 601540934
233671988 601540934 255385072 601540934
255385072 601540934 255385072 614315434
255385072 601540934 272262241 601540934
272262241 601540934 273264272 601540934
272262241 601540934 272262241 606170801
272262241 606170801 278678622 608044995
278678622 608044995 278824168 623281905
278824168 623281905 278824168 631921724
278824168 631921724 289751142 641077718
289751142 641077718 300755624 641077718
289751142 641077718 289751142 657511346
278824168 623281905 300755624 623281905
300755624 623281905 338993261 623281905
233671988 601540934 233671988 651491792
233671988 651491792 253930401 651491792
233671988 651491792 233671988 678823511
233671988 678823511 243454644 679372006
243454644 679372006 274707216 679372006
243454644 679372006 243454644 720940577
243454644 720940577 243454644 726787292
243454644 720940577 253934297 720940577
253934297 720940577 255380709 720953345
243454644 726787292 245277901 754157800
245277901 754157800 246527788 768959738
246527788 768959738 264063795 768959738
264063795 768959738 270918998 790753578
270918998 790753578 281998602 804172581
246527788 768959738 246527788 804395813
246527788 804395813 260640139 804472243
260640139 804472243 267583572 836994572
267583572 836994572 278182526 838354751
278182526 838354751 278182526 858336577
278182526 858336577 287523136 858336577
287523136 858336577 290700779 863179292
290700779 863179292 307095344 872909936
307095344 872909936 319261825 872909936
319261825 872909936 323107661 879486120
307095344 872909936 307095344 894729210
323107661 879486120 347050575 879486120
347050575 879486120 357604096 883415963
357604096 883415963 358527491 883415963
357604096 883415963 357604096 903329719
278182526 838354751 307482287 838354751
323107661 879486120 323107661 909396964
323107661 909396964 323107661 915600718
323107661 915600718 324520594 919487367
323107661 909396964 335428042 909396964
335428042 909396964 340488161 919487367
324520594 919487367 324520594 941454507
324520594 941454507 337872029 941454507
337872029 941454507 361746697 942520293
361746697 942520293 368351127 942520293
361746697 942520293 361746697 964465804
340488161 919487367 350762337 934880473
350762337 934880473 351470920 934880473
350762337 934880473 350762337 940790157
361746697 964465804 393779727 978748477
393779727 978748477 402402815 993363774
324520594 941454507 324520594 988032234
248870087 494272952 300510044 494272952
281998602 804172581 305234803 835035902
332174649 780434204 355167340 816015144
278182526 858336577 278182526 917367606
255380709 720953345 313794643 728089484
282957760 539357682 292111275 596755412
274707216 679372006 325908153 697505076
642682617 589250679 695367081 614453177
499879745 794102156 524398427 850082303
133195720 65823241 208563127 71579832
208563127 71579832 217348745 76249342
217348745 76249342 217348745 104110256
217348745 76249342 251353394 76249342
251353394 76249342 252303920 76249342
251353394 76249342 251353394 77630158
251353394 77630158 253295671 89849968
253295671 89849968 253295671 116327172
253295671 116327172 265113606 116327172
253295671 116327172 253295671 132654714
253295671 132654714 269959109 148475148
269959109 148475148 272724083 148666108
253295671 89849968 287494508 89849968
287494508 89849968 294163934 89849968
287494508 89849968 287494508 99835831
272724083 148666108 310269975 148666108
310269975 148666108 312362710 159057666
312362710 159057666 312362710 182239687
312362710 182239687 325250797 187663618
312362710 159057666 339535335 159057666
339535335 159057666 349802447 159057666
349802447 159057666 349802447 159918069
339535335 159057666 339535335 173858968
349802447 159057666 371312401 159057666
371312401 159057666 378600138 162923778
378600138 162923778 385330844 170529432
385330844 170529432 385330844 203335772
339535335 173858968 344292085 205159951
344292085 205159951 361761166 205159951
344292085 205159951 344292085 231201417
344292085 231201417 345356266 231201417
344292085 231201417 344292085 247086396
345356266 231201417 355331908 242751886
385330844 203335772 423897179 207848108
423897179 207848108 423897179 211016330
423897179 207848108 435964543 207848108
423897179 211016330 424065086 226562434
424065086 226562434 424065086 235912859
424065086 226562434 440933779 226562434
440933779 226562434 460642013 233567189
424065086 235912859 435032528 252146963
435032528 252146963 435955902 273757454
460642013 233567189 482719114 240320204
482719114 240320204 499668834 252888768
499668834 252888768 499668834 277485255
499668834 252888768 534747702 252888768
534747702 252888768 537162262 252888768
537162262 252888768 538002746 271512928
538002746 271512928 538002746 273637842
538002746 273637842 538325492 275388399
538325492 275388399 549296486 275388399
538325492 275388399 538325492 287767874
538325492 287767874 540116719 299417117
534747702 252888768 534747702 273181083
540116719 299417117 564627375 299417117
499668834 277485255 526657812 287767874
526657812 287767874 526657812 316430558
526657812 316430558 526657812 317421871
526657812 317421871 528055794 318612927
528055794 318612927 532118050 318612927
526657812 316430558 536470857 316430558
536470857 316430558 540116719 338706615
528055794 318612927 528055794 350821111
528055794 350821111 531967959 352349237
435955902 273757454 463626914 287910706
385330844 170529432 428868201 170529432
428868201 170529432 445511099 170529432
428868201 170529432 428868201 200196700
428868201 200196700 432289311 200756286
540116719 338706615 581543349 341414983
581543349 341414983 608618093 343857592
608618093 343857592 610973972 343857592
610973972 343857592 623212630 368721346
623212630 368721346 628168574 374747503
628168574 374747503 628168574 382056832
628168574 382056832 633866474 389687842
633866474 389687842 652677112 389687842
652677112 389687842 652677112 398876291
652677112 389687842 668897038 389687842
652677112 398876291 663349377 407488358
663349377 407488358 663786080 420916913
663786080 420916913 680725200 420916913
663786080 420916913 663786080 443369403
633866474 389687842 633866474 426122318
355331908 242751886 361434277 281406951
361434277 281406951 361434277 285523256
361434277 281406951 369679084 281406951
538002746 271512928 589245420 271512928
344292085 247086396 350037670 293976379
287494508 99835831 311933538 129201220
564627375 299417117 621770475 307253867
621770475 307253867 629816129 310176993
629816129 310176993 642604950 316343857
608618093 343857592 608618093 410788962
628168574 374747503 698111147 374747503
698111147 374747503 732464923 379540674
732464923 379540674 746668756 389394751
746668756 389394751 761110342 389394751
761110342 389394751 761110342 394477161
761110342 389394751 777586052 389394751
746668756 389394751 746668756 439126583
777586052 389394751 803520544 422938209
803520544 422938209 804935431 446333379
804935431 446333379 804935431 446803358
804935431 446333379 834228002 446333379
834228002 446333379 835585228 454791966
835585228 454791966 835585228 455667143
835585228 454791966 848514359 454791966
804935431 446803358 829097524 454924387
848514359 454791966 887031411 457665929
887031411 457665929 887031411 492087202
887031411 457665929 924599709 457665929
924599709 457665929 950304186 474455245
950304186 474455245 951351393 493018944
951351393 493018944 974614604 500916053
974614604 500916053 991055705 504014757
311933538 129201220 373456271 147530609
373456271 147530609 415395375 149506858
415395375 149506858 415395375 156475616
415395375 149506858 437493786 149506858
437493786 149506858 437493786 153458755
437493786 149506858 441471870 149506858
445511099 170529432 520740761 176318035
520740761 176318035 544420027 210727595
544420027 210727595 546252346 210727595
544420027 210727595 544420027 234508304
544420027 234508304 586461797 245272036
586461797 245272036 586461797 251175788
586461797 245272036 594830910 245272036
594830910 245272036 623125405 258236454
623125405 258236454 627589358 258236454
627589358 258236454 627589358 261751925
623125405 258236454 623125405 268175193
627589358 258236454 638500649 258236454
546252346 210727595 586461797 229028066
586461797 229028066 607768226 229028066
607768226 229028066 623125405 232440550
623125405 232440550 626737735 232440550
638500649 258236454 695372734 269936813
695372734 269936813 699144382 270066433
699144382 270066433 699144382 286930873
699144382 286930873 719396956 290548039
719396956 290548039 732958579 290548039
732958579 290548039 755431257 304939748
699144382 270066433 742003552 270066433
719396956 290548039 719396956 346980519
719396956 346980519 722059654 355045795
722059654 355045795 722059654 362016574
722059654 355045795 732879164 355045795
732879164 355045795 752126077 358069538
752126077 358069538 780167178 363069726
780167178 363069726 814316021 364569546
814316021 364569546 820496876 366046930
820496876 366046930 843282088 384251107
843282088 384251107 860525695 389244991
860525695 389244991 890949509 389807574
890949509 389807574 890949509 392858129
890949509 389807574 898960649 389807574
898960649 389807574 918267241 391142997
918267241 391142997 919687742 421315679
755431257 304939748 811039134 310766059
811039134 310766059 814316021 323259060
814316021 323259060 814316021 344501901
814316021 344501901 814316021 356793154
814316021 356793154 815210535 356793154
815210535 356793154 820496876 360370739
814316021 344501901 829113755 344501901
814316021 323259060 852071540 323259060
820496876 360370739 864589074 360370739
864589074 360370739 885754451 364276725
885754451 364276725 885754451 365334621
885754451 364276725 899797320 364276725
852071540 323259060 899313484 326211428
899313484 326211428 911797009 332684815
911797009 332684815 912883866 332684815
912883866 332684815 914097768 339482637
911797009 332684815 911797009 350808367
911797009 350808367 949622786 357698258
949622786 357698258 966867665 359481853
966867665 359481853 985869033 394231284
985869033 394231284 999600347 394231284
985869033 394231284 985869033 415880112
985869033 415880112 993049733 452987804
914097768 339482637 971248094 341053321
742003552 270066433 793212365 290192003
793212365 290192003 824045310 299838039
824045310 299838039 829113755 308264329
829113755 308264329 837181761 308264329
837181761 308264329 875897174 323250214
147832619 259457149 230524745 259457149
230524745 259457149 240644799 261605618
240644799 261605618 308219002 262000909
308219002 262000909 315153701 263830560
278182526 917367606 281861792 997066293
0 0 84739447 0
84739447 0 92115935 0
92115935 0 92115935 8226580
92115935 0 100652263 0
100652263 0 100759874 0
100759874 0 100759874 1165794
100759874 0 101984654 0
101984654 0 108112352 0
108112352 0 120684105 0
120684105 0 149157383 0
149157383 0 149157383 15851952
149157383 0 172294516 0
172294516 0 172294516 15030091
172294516 0 201400341 0
201400341 0 201400341 23866425
201400341 0 226556787 0
226556787 0 233122350 0
233122350 0 233122350 1530799
84739447 0 84739447 29339802
84739447 29339802 100652263 31351314
100652263 31351314 101984654 31351314
100652263 31351314 100652263 43891126
101984654 31351314 108112352 40419738
100652263 43891126 106720997 54709236
108112352 40419738 120684105 48539667
233122350 0 264702493 0
264702493 0 265571477 0
265571477 0 265571477 925091
264702493 0 264702493 2081111
265571477 0 284185172 0
284185172 0 287468945 0
287468945 0 287468945 9876193
287468945 0 304052802 0
304052802 0 310784858 0
310784858 0 310784858 10387686
310784858 0 336868933 0
336868933 0 336868933 6174134
336868933 0 348450455 0
348450455 0 360635462 0
360635462 0 360635462 10325267
360635462 0 386430204 0
386430204 0 389981150 0
389981150 0 394284548 0
394284548 0 396149355 0
386430204 0 386430204 6619263
394284548 0 394284548 6768664
304052802 0 304052802 33677576
304052802 33677576 311508866 57890647
394284548 6768664 396149355 40744588
386430204 6619263 389981150 41544228
396149355 40744588 411136147 65369369
411136147 65369369 443255123 69319739
443255123 69319739 455603783 69319739
443255123 69319739 443255123 86183009
443255123 86183009 453511529 99917817
453511529 99917817 453511529 109245323
453511529 99917817 466981578 99917817
466981578 99917817 467617882 119995041
467617882 119995041 467617882 127699939
467617882 119995041 491815400 119995041
491815400 119995041 491815400 120993095
491815400 119995041 510845697 119995041
510845697 119995041 514620483 122542483
514620483 122542483 522681824 122542483
514620483 122542483 514620483 141613459
201400341 23866425 215601810 50883368
215601810 50883368 224936084 51586665
284185172 0 284185172 41334043
348450455 0 348450455 44772703
226556787 0 226556787 46044168
522681824 122542483 557852636 138900842
557852636 138900842 563702693 145514425
563702693 145514425 579227155 145514425
579227155 145514425 579227155 159798721
579227155 145514425 597302069 145514425
597302069 145514425 615345531 146361555
615345531 146361555 615345531 158315576
615345531 146361555 636845490 146361555
636845490 146361555 638170770 154540148
638170770 154540148 662164073 156336720
563702693 145514425 563702693 176091521
662164073 156336720 699799800 156336720
699799800 156336720 699799800 165101401
699799800 165101401 703645715 167435516
703645715 167435516 714140660 167435516
714140660 167435516 714140660 176218822
703645715 167435516 703645715 182074992
703645715 182074992 704667884 182074992
703645715 182074992 703645715 187681182
714140660 167435516 738626071 167435516
738626071 167435516 757102605 177018811
703645715 187681182 722187003 201409034
722187003 201409034 737682679 201409034
722187003 201409034 722187003 227697792
722187003 227697792 724677072 228633116
724677072 228633116 735237953 228633116
735237953 228633116 735237953 240075191
724677072 228633116 724677072 254220662
724677072 254220662 725566655 261241447
725566655 261241447 752739899 267363632
735237953 228633116 771033509 228633116
771033509 228633116 788629224 234853230
788629224 234853230 804019120 235607004
804019120 235607004 804019120 254454513
804019120 254454513 810876886 258498072
810876886 258498072 810876886 280298972
810876886 258498072 834622763 258498072
834622763 258498072 838808463 269251662
804019120 235607004 834079237 235607004
834079237 235607004 834079237 253836305
834079237 235607004 855397391 235607004
699799800 156336720 738958116 156336720
662164073 156336720 662164073 205192810
662164073 205192810 692914308 217377915
838808463 269251662 880493258 277094089
880493258 277094089 880493258 297647154
738958116 156336720 793372942 158062290
793372942 158062290 801883492 167976727
801883492 167976727 801883492 172902752
801883492 172902752 804840424 175212988
804840424 175212988 804840424 188609789
804840424 175212988 838097692 175212988
838097692 175212988 838097692 181458535
838097692 175212988 856531549 175212988
804840424 188609789 823268542 207141065
801883492 167976727 849484527 167976727
224936084 51586665 281395595 53179676
172294516 15030091 182222595 64424416
396149355 0 461632881 0
461632881 0 461632881 14168898
461632881 0 490829821 0
490829821 0 490829821 3386791
490829821 0 527203889 0
527203889 0 527709777 0
527709777 0 530068491 0
530068491 0 534412771 0
530068491 0 530068491 19875987
530068491 19875987 534412771 20484469
527203889 0 527203889 35639893
534412771 0 593927514 0
593927514 0 607838783 0
607838783 0 619266819 0
619266819 0 619266819 25420598
593927514 0 593927514 30398829
593927514 30398829 607838783 31879462
619266819 0 650730425 0
650730425 0 650730425 853369
619266819 25420598 627926234 75032517
627926234 75032517 630617131 81939042
630617131 81939042 630617131 119047636
630617131 119047636 630617131 130221001
630617131 130221001 639263680 134230917
630617131 119047636 653776406 119047636
527203889 35639893 568561756 55186459
568561756 55186459 576416528 95776294
576416528 95776294 621261361 105901197
639263680 134230917 690238360 145179817
461632881 14168898 483404330 58427100
650730425 0 718842187 0
718842187 0 721988949 0
721988949 0 733144617 0
733144617 0 736567605 0
736567605 0 752307442 0
752307442 0 758038782 0
758038782 0 764898795 0
764898795 0 770196990 0
770196990 0 770196990 12889831
758038782 0 758038782 17427366
721988949 0 721988949 27305865
721988949 27305865 733144617 42660876
733144617 42660876 736567605 42660876
733144617 42660876 733144617 49685383
718842187 0 718842187 28873998
733144617 49685383 754223522 58693622
758038782 17427366 764898795 41047879
764898795 41047879 775111547 54166364
775111547 54166364 775111547 55708603
775111547 54166364 781583078 54166364
781583078 54166364 799044666 71005778
799044666 71005778 800384672 105580079
800384672 105580079 800384672 105847159
800384672 105847159 800966825 110510010
800966825 110510010 801147203 111491974
752307442 0 752307442 37122698
801147203 111491974 801147203 149349397
801147203 149349397 810734833 152330616
800384672 105580079 838402864 105580079
838402864 105580079 861482556 111491974
861482556 111491974 868344021 120951707
868344021 120951707 868344021 143466210
868344021 143466210 873561202 148934048
873561202 148934048 893056324 155227788
868344021 120951707 899465897 120951707
899465897 120951707 912734948 120951707
899465897 120951707 899465897 138982851
912734948 120951707 943708886 123564491
943708886 123564491 948612715 123564491
943708886 123564491 943708886 129829876
899465897 138982851 935716921 151881806
935716921 151881806 970713554 154107279
970713554 154107279 982132592 154107279
982132592 154107279 989239089 154107279
982132592 154107279 982132592 179156739
982132592 179156739 986261341 188684848
770196990 0 820205272 0
820205272 0 822702548 0
822702548 0 843342377 0
843342377 0 855440640 0
820205272 0 820205272 29965621
820205272 29965621 822702548 32334185
855440640 0 855440640 35237066
855440640 0 891667922 0
891667922 0 897555543 0
897555543 0 909715769 0
909715769 0 918654890 0
891667922 0 891667922 22222290
918654890 0 942625865 0
942625865 0 942625865 1559040
942625865 1559040 942625865 5083246
942625865 5083246 954905591 8285788
954905591 8285788 968983167 8285788
968983167 8285788 980091018 9551349
891667922 22222290 897555543 46634905
897555543 46634905 909715769 46941858
909715769 46941858 917221051 58471241
917221051 58471241 923014952 58471241
917221051 58471241 917221051 78196668
917221051 78196668 932044352 81747213
932044352 81747213 932044352 93025278
932044352 81747213 956466727 81747213
954905591 8285788 954905591 38673707
822702548 32334185 843342377 48417676
918654890 0 918654890 45711005
918654890 45711005 951948024 57922300
970713554 154107279 970713554 206948621
970713554 206948621 980473449 241049396
980473449 241049396 983736644 245843807
983736644 245843807 988549302 293930610
942625865 1559040 997708317 1559040
754223522 58693622 758792851 110529518
758792851 110529518 761048243 110529518
758792851 110529518 758792851 121798407
758792851 121798407 784838908 125013543
784838908 125013543 785445615 125013543
784838908 125013543 784838908 150519369
810734833 152330616 860819817 165008378
956466727 81747213 991353868 113737969
630617131 81939042 704640534 81939042
704640534 81939042 710242355 103223030
710242355 103223030 718761451 118682540
718761451 118682540 735772293 142791132
735772293 142791132 735772293 144847886
735772293 142791132 738326144 142791132
738326144 142791132 747340899 149345234
514620483 141613459 515847894 222270932
381673924 626775867 429465578 663892880
429465578 663892880 429960847 674448242
429960847 674448242 479947944 679020363
479947944 679020363 518919952 689536149
880493258 277094089 966913879 277094089
272724083 148666108 272724083 239320643
272724083 239320643 272724083 258261912
272724083 239320643 310225547 239320643
919687742 421315679 979771318 454051177
118123825 179894906 118123825 273135996
118123825 273135996 120451998 279809570
120451998 279809570 125101749 314151237
125101749 314151237 125101749 315468772
125101749 314151237 135293703 314151237
135293703 314151237 141667467 372933976
141667467 372933976 141667467 379747067
141667467 372933976 167525577 372933976
141667467 379747067 149385788 416615873
149385788 416615873 154186943 416615873
149385788 416615873 149385788 438560404
149385788 438560404 151842205 438560404
149385788 438560404 149385788 484334279
149385788 484334279 151933600 493683204
151933600 493683204 151933600 506635539
151933600 506635539 158302279 509921091
158302279 509921091 162104592 516594504
151933600 493683204 166233597 493683204
166233597 493683204 166233597 495883902
162104592 516594504 182768181 516594504
166233597 493683204 187791233 493683204
162104592 516594504 162104592 560235225
162104592 560235225 169118063 560235225
169118063 560235225 176296515 580304916
176296515 580304916 176739603 588871548
176739603 588871548 187002232 597634303
187002232 597634303 187002232 599731816
187002232 597634303 196812774 597634303
196812774 597634303 196977855 616732526
196977855 616732526 199811803 616732526
199811803 616732526 210663851 623009211
196977855 616732526 196977855 634110248
162104592 560235225 162104592 608798153
167525577 372933976 198800268 414935667
162104592 608798153 170090957 685127420
170090957 685127420 173115192 686794477
173115192 686794477 180705086 686794477
173115192 686794477 173115192 705144249
173115192 705144249 176708537 710394485
176708537 710394485 189047234 710394485
189047234 710394485 197138783 721709977
197138783 721709977 198418395 724742721
198418395 724742721 199916654 740045474
176708537 710394485 176708537 739586033
199916654 740045474 227641922 798955115
227641922 798955115 227641922 806344167
227641922 798955115 240016590 798955115
227641922 806344167 227707037 876168013
227707037 876168013 260466917 922713057
260466917 922713057 264965983 946300123
264965983 946300123 267001425 956254662
267001425 956254662 268571478 996464245
187002232 599731816 195109761 681850852
348450455 44772703 374598901 115910365
374598901 115910365 374598901 118573595
374598901 115910365 383701551 115910365
650730425 853369 694517389 64132939
0 86678063 0 205008703
0 205008703 0 212020230
0 212020230 0 212465142
0 212020230 11829982 212020230
11829982 212020230 21202573 212465142
0 212465142 0 233598318
0 233598318 0 240581810
0 240581810 14391048 240581810
0 240581810 0 255597963
0 255597963 0 279684622
21202573 212465142 34083683 233598318
34083683 233598318 48738816 255597963
0 279684622 0 317976769
0 317976769 39248479 317976769
39248479 317976769 57981356 318769829
57981356 318769829 71010158 318769829
71010158 318769829 71897603 333221286
71897603 333221286 71897603 337211122
71897603 333221286 103007899 333221286
71897603 337211122 77971415 364627261
77971415 364627261 84752563 364627261
77971415 364627261 77971415 378024880
77971415 378024880 83517760 397334937
83517760 397334937 91047249 397334937
83517760 397334937 83517760 416354325
0 205008703 45655046 205008703
45655046 205008703 63595273 206824339
57981356 318769829 57981356 364525372
57981356 364525372 58033680 374253704
58033680 374253704 62096347 399065843
62096347 399065843 62668752 399326819
83517760 416354325 96793183 454153194
96793183 454153194 99347703 454153194
96793183 454153194 96793183 458828061
96793183 458828061 132536015 470550271
132536015 470550271 146706061 505773267
0 317976769 0 389207720
0 389207720 4224076 389207720
0 389207720 0 431312603
0 431312603 0 436039014
0 436039014 10189052 436039014
0 436039014 0 469085913
0 431312603 39262911 431312603
39262911 431312603 40596032 469085913
0 469085913 0 530283018
0 530283018 0 540582398
0 540582398 1453612 540582398
0 540582398 0 542991044
0 542991044 0 550051264
0 542991044 7761741 542991044
0 550051264 0 557861957
0 530283018 16987253 530283018
0 557861957 21905102 557861957
0 557861957 0 587360435
0 587360435 0 593563859
0 593563859 0 608189550
0 608189550 14419901 608189550
0 587360435 23849883 587360435
23849883 587360435 25517852 593563859
0 608189550 0 638529887
7761741 542991044 32982223 549899329
32982223 549899329 32982223 550051264
0 638529887 0 672456190
0 672456190 13214115 672456190
0 672456190 0 701152872
0 701152872 0 707589591
0 707589591 0 708263715
0 701152872 6836798 701152872
0 708263715 20218811 708263715
0 708263715 0 741099708
0 741099708 0 749036574
0 741099708 17092424 741099708
0 749036574 0 766794870
0 766794870 13221764 766794870
17092424 741099708 48628683 741835863
48628683 741835863 48628683 749036574
48628683 741835863 63901303 741835863
63901303 741835863 74828237 749315013
74828237 749315013 74828237 752849208
74828237 752849208 75845002 768945555
75845002 768945555 96756868 768945555
75845002 768945555 75845002 797282897
75845002 797282897 86987440 809138970
86987440 809138970 86987440 813297712
86987440 809138970 110869807 809138970
110869807 809138970 115878640 821154616
86987440 813297712 103819554 821154616
103819554 821154616 103819554 827030834
103819554 827030834 107318774 850107333
115878640 821154616 136788387 830829997
136788387 830829997 136788387 831191676
136788387 830829997 146084564 830829997
74828237 749315013 110263211 749315013
110263211 749315013 117981676 754983332
117981676 754983332 122622704 768545792
122622704 768545792 138082058 768545792
138082058 768545792 140347174 768545792
138082058 768545792 138082058 789061849
122622704 768545792 122622704 795741671
122622704 795741671 127029524 802501930
6836798 701152872 37230274 707589591
37230274 707589591 64780935 719704399
32982223 549899329 75399680 549899329
0 638529887 44516148 638529887
44516148 638529887 51739630 646007862
51739630 646007862 51739630 651607579
51739630 646007862 77537693 646007862
77537693 646007862 81314060 656162236
81314060 656162236 109845758 656162236
109845758 656162236 135774593 659672537
135774593 659672537 144942577 666592302
144942577 666592302 155312805 666592302
144942577 666592302 144942577 691034082
144942577 691034082 148249873 691034082
144942577 691034082 144942577 709809906
144942577 709809906 146958535 719605250
146958535 719605250 152231550 719982377
152231550 719982377 155253858 719982377
152231550 719982377 152231550 738697125
155253858 719982377 169604455 736774796
81314060 656162236 81314060 692525768
81314060 692525768 81314060 695627437
81314060 692525768 106360045 692525768
106360045 692525768 120079555 715278666
136788387 831191676 141786166 874857748
141786166 874857748 142845878 883669298
142845878 883669298 142845878 898908932
142845878 883669298 187613713 883669298
187613713 883669298 187613713 891380046
187613713 883669298 214495822 883669298
214495822 883669298 214880164 884213755
214880164 884213755 216785927 884213755
214880164 884213755 214880164 905871714
214880164 905871714 221205894 922870656
221205894 922870656 223773144 922870656
221205894 922870656 221205894 940316790
187613713 891380046 188363024 940115537
188363024 940115537 193648051 961374237
193648051 961374237 206250704 961374237
193648051 961374237 193648051 996230047
206250704 961374237 235714713 983155983
0 766794870 0 819181951
0 819181951 0 820182030
0 820182030 17616616 820182030
0 820182030 0 845145585
0 845145585 759147 845145585
0 845145585 0 858669072
0 858669072 0 896239618
0 896239618 6143703 896239618
0 819181951 38339227 819181951
0 896239618 0 936925697
0 936925697 3358110 936925697
0 936925697 0 948890947
0 948890947 4843465 948890947
4843465 948890947 4843465 959735122
4843465 948890947 22813827 948890947
22813827 948890947 23533862 964251539
4843465 959735122 18175416 976142916
23533862 964251539 46554540 975703340
0 858669072 42002953 858669072
38339227 819181951 60356986 839182604
42002953 858669072 82222778 868311299
75399680 549899329 96776267 583986778
96776267 583986778 96776267 591140903
96776267 591140903 97315913 591140903
97315913 591140903 110279062 600445699
110279062 600445699 131164915 600445699
131164915 600445699 131164915 608199923
131164915 600445699 142778530 600445699
110279062 600445699 110279062 630157573
96776267 583986778 127446828 583986778
142778530 600445699 145067026 630561376
145067026 630561376 145291313 630561376
145067026 630561376 145067026 638667379
96776267 591140903 96776267 633332963
146084564 830829997 185921612 848315982
185921612 848315982 187521369 872338430
82222778 868311299 92664478 915821927
16987253 530283018 77075525 534620183
6143703 896239618 57676146 928115693
46554540 975703340 119727034 988973053
48738816 255597963 82358787 309275076
82358787 309275076 109586166 318560266
40596032 469085913 86196324 525339055
171349358 217667997 268666291 243423532
