1471
0 0 0 13626770
0 13626770 0 23838279
0 23838279 0 55460834
0 55460834 0 64822816
0 55460834 19689916 55460834
0 64822816 0 90671997
0 90671997 11651998 90671997
0 90671997 0 115834709
0 115834709 0 118386242
0 118386242 0 126416361
0 126416361 0 137147058
0 137147058 0 146787584
0 146787584 24981201 146787584
0 118386242 28163307 118386242
28163307 118386242 32616850 126416361
32616850 126416361 44155657 137147058
0 0 34886257 0
34886257 0 38014208 0
38014208 0 38014208 13626770
38014208 0 57770359 0
57770359 0 58448794 0
34886257 0 34886257 23838279
34886257 23838279 57770359 33718087
57770359 33718087 58448794 35029922
19689916 55460834 48077721 64822816
48077721 64822816 56382009 88036369
58448794 35029922 81922846 50845537
81922846 50845537 104523625 65252501
104523625 65252501 104523625 68504360
104523625 65252501 127145657 65252501
127145657 65252501 127583290 69692638
127583290 69692638 127583290 100877985
127583290 100877985 127583290 108052804
127583290 100877985 146858028 100877985
146858028 100877985 148151120 100877985
146858028 100877985 146858028 103365647
146858028 103365647 166582350 104714099
127583290 69692638 165320578 69692638
165320578 69692638 166582350 84668665
166582350 84668665 205047123 84668665
166582350 104714099 179559948 133862329
179559948 133862329 180872607 134058931
180872607 134058931 180872607 167016646
180872607 167016646 180878464 167023054
180878464 167023054 192130757 167023054
192130757 167023054 200569810 183594980
200569810 183594980 202326521 191220408
202326521 191220408 206394181 191220408
202326521 191220408 202326521 197270053
44155657 137147058 66194942 158004071
66194942 158004071 81745774 158004071
81745774 158004071 93554108 158004071
81745774 158004071 81745774 171090825
81745774 171090825 86400395 184254273
86400395 184254273 88313475 210520630
127583290 108052804 139399205 142227725
139399205 142227725 144653275 142227725
139399205 142227725 139399205 159745864
139399205 159745864 144583335 165057688
66194942 158004071 66194942 205036074
66194942 205036074 79721934 205036074
79721934 205036074 81476620 205036074
79721934 205036074 79721934 216331071
66194942 205036074 66194942 220777766
66194942 220777766 73707986 236131620
73707986 236131620 101746643 253245052
101746643 253245052 101746643 269604760
101746643 269604760 106582162 282549742
106582162 282549742 137959145 282549742
137959145 282549742 142975764 282549742
142975764 282549742 142975764 286729296
142975764 282549742 159595841 282549742
137959145 282549742 137959145 301268024
106582162 282549742 106582162 319886031
106582162 319886031 108807352 326750940
108807352 326750940 118166961 326750940
101746643 253245052 143392635 253245052
143392635 253245052 143392635 256989229
143392635 253245052 154612007 253245052
154612007 253245052 170504925 253339319
170504925 253339319 185765447 253445011
185765447 253445011 185765447 268724580
185765447 253445011 205776050 253445011
205776050 253445011 205776050 265370195
205776050 265370195 205776050 267303575
205776050 265370195 219404624 265370195
205776050 253445011 224324802 253445011
118166961 326750940 154850193 335631348
154850193 335631348 162912067 344531765
162912067 344531765 164247104 344531765
162912067 344531765 162912067 373113775
162912067 373113775 172218793 380909857
172218793 380909857 172218793 419355059
172218793 419355059 185596033 429415082
185596033 429415082 185596033 429490860
185596033 429415082 203056016 429415082
172218793 380909857 216315934 380909857
216315934 380909857 216647310 380909857
216647310 380909857 220034411 397367989
220034411 397367989 220034411 404623235
220034411 404623235 222843999 404623235
220034411 404623235 220034411 408728346
216315934 380909857 216315934 405780287
108807352 326750940 108807352 375650333
108807352 375650333 126260217 377734515
126260217 377734515 136403226 377734515
126260217 377734515 126260217 402941549
126260217 402941549 127652375 404268229
127652375 404268229 140439348 404268229
127652375 404268229 127652375 425874743
127652375 425874743 128517764 433150167
128517764 433150167 130953547 433150167
128517764 433150167 128517764 459010809
128517764 459010809 158204853 461596567
158204853 461596567 159464721 461596567
158204853 461596567 158204853 469028082
180872607 134058931 234973657 134058931
234973657 134058931 244583995 157125758
244583995 157125758 248886897 157453155
248886897 157453155 278449569 157453155
278449569 157453155 282172785 168279113
282172785 168279113 282172785 188524688
282172785 168279113 324264314 168279113
324264314 168279113 349213463 176951599
349213463 176951599 349213463 191704384
349213463 191704384 349295439 193032183
349213463 176951599 372578244 176951599
372578244 176951599 393280339 183903327
393280339 183903327 409057344 197389830
409057344 197389830 409057344 206346859
409057344 197389830 422046969 197389830
422046969 197389830 424089931 197389830
422046969 197389830 422046969 201658973
422046969 201658973 431606013 208359252
431606013 208359252 435589040 208359252
431606013 208359252 431606013 215936057
435589040 208359252 453726189 213456756
349295439 193032183 370981593 208968233
370981593 208968233 384801173 217503490
384801173 217503490 402755502 217503490
384801173 217503490 384801173 250833741
384801173 250833741 394137670 250833741
394137670 250833741 402759417 252787388
384801173 250833741 384801173 281334275
384801173 281334275 407565298 282347571
407565298 282347571 410349407 294771962
410349407 294771962 422746003 294771962
410349407 294771962 410349407 311676581
422746003 294771962 454373402 303791390
410349407 311676581 436490652 326881802
436490652 326881802 437352732 326881802
436490652 326881802 436490652 338574439
437352732 326881802 466078590 337116883
466078590 337116883 467356315 352946436
467356315 352946436 468341981 352946436
467356315 352946436 467356315 375847533
467356315 375847533 475149221 388079398
475149221 388079398 482660611 408722575
282172785 188524688 294277086 218708409
294277086 218708409 299022169 237033337
299022169 237033337 310127706 237033337
468341981 352946436 511883234 355730926
511883234 355730926 522948832 374814085
522948832 374814085 541975329 374814085
541975329 374814085 542515354 374814085
542515354 374814085 542515354 378512728
542515354 378512728 542515354 379655054
542515354 378512728 544069416 378512728
542515354 374814085 551228901 374814085
541975329 374814085 541975329 385464071
551228901 374814085 572608639 375106004
541975329 385464071 556134304 395424830
556134304 395424830 566691520 395424830
522948832 374814085 522948832 400812718
522948832 400812718 526318819 403801857
526318819 403801857 533579609 403801857
526318819 403801857 526318819 424540086
526318819 424540086 541724543 426483631
541724543 426483631 541724543 430072536
541724543 426483631 556134304 426483631
566691520 395424830 592790847 403901667
431606013 215936057 450737134 245319356
454373402 303791390 501610615 305806047
482660611 408722575 505627548 435228167
453726189 213456756 482323157 234455983
482323157 234455983 499388844 251693980
499388844 251693980 511229977 251693980
499388844 251693980 499388844 267496003
499388844 267496003 532392832 275470355
532392832 275470355 543851883 275470355
532392832 275470355 532392832 287731769
532392832 287731769 538766342 323533532
538766342 323533532 553695434 323533532
538766342 323533532 538766342 339945149
538766342 339945149 541975329 351909591
541975329 351909591 541975329 353268590
541975329 353268590 546453278 353268590
505627548 435228167 516179425 478241207
516179425 478241207 536638331 494389042
536638331 494389042 548463413 496029816
511229977 251693980 560285734 256478469
310127706 237033337 315697929 285479493
315697929 285479493 319694060 302643804
319694060 302643804 319694060 318640355
319694060 318640355 321729028 318640355
321729028 318640355 321947860 318640355
321729028 318640355 321729028 320340367
321729028 320340367 328588989 323057473
319694060 302643804 343186147 302643804
328588989 323057473 328588989 352383366
328588989 352383366 331541516 354756579
331541516 354756579 332282113 354756579
328588989 323057473 358691759 323057473
332282113 354756579 352897721 374815721
352897721 374815721 355351022 380188348
343186147 302643804 373594336 315827162
331541516 354756579 331541516 403279260
331541516 403279260 341287190 435456071
341287190 435456071 341287190 458006986
341287190 458006986 343008629 458006986
343008629 458006986 358715716 466874752
358715716 466874752 365440288 466874752
358715716 466874752 358715716 478909238
358715716 478909238 365151318 492547731
341287190 458006986 341287190 483314257
341287190 483314257 346398607 497965578
346398607 497965578 358991917 517557914
365151318 492547731 398395884 497387951
398395884 497387951 398395884 516281885
398395884 497387951 426638717 497387951
426638717 497387951 431688953 503349343
431688953 503349343 447544406 503349343
447544406 503349343 452367776 503349343
452367776 503349343 457802802 504219043
431688953 503349343 431688953 542045707
431688953 542045707 447544406 550719954
447544406 550719954 461091729 554000493
461091729 554000493 489637283 554000493
489637283 554000493 502711908 568917493
502711908 568917493 505875659 577055471
505875659 577055471 505875659 580599499
505875659 577055471 532316341 577055471
532316341 577055471 545723303 597055221
545723303 597055221 575066445 603701480
575066445 603701480 575066445 605641189
575066445 605641189 578295280 613343857
578295280 613343857 581064017 613343857
575066445 603701480 594347579 603701480
594347579 603701480 599165586 604059521
599165586 604059521 619830278 621113017
461091729 554000493 461091729 596501016
461091729 596501016 461091729 605702257
461091729 605702257 464086259 606980341
461091729 596501016 475234801 596501016
464086259 606980341 470402598 620935343
470402598 620935343 483521232 620935343
483521232 620935343 488121701 637665381
488121701 637665381 511579946 637665381
511579946 637665381 515593610 650427156
515593610 650427156 535998405 650427156
515593610 650427156 515593610 671492340
515593610 671492340 530715964 671492340
515593610 671492340 515593610 687087278
515593610 687087278 516253291 706442511
516253291 706442511 516253291 707424899
516253291 707424899 518506470 708877007
518506470 708877007 518506470 729772655
518506470 729772655 518506470 741979061
518506470 729772655 535112590 729772655
535112590 729772655 539472571 738768677
539472571 738768677 539472571 739725598
539472571 738768677 546668292 738768677
546668292 738768677 568106363 740717370
568106363 740717370 569027427 748684001
535998405 650427156 552248769 663255042
552248769 663255042 558807386 677128396
558807386 677128396 566462478 677128396
558807386 677128396 558807386 696119507
518506470 708877007 550221677 708877007
569027427 748684001 569027427 783220066
488121701 637665381 488121701 673105489
518506470 741979061 535105956 761050166
516253291 706442511 552219826 706442511
569027427 748684001 612797388 748684001
612797388 748684001 614623391 751194693
614623391 751194693 614623391 781686049
614623391 781686049 627292955 781686049
627292955 781686049 629612906 786619013
614623391 781686049 614623391 806395908
614623391 806395908 637025267 809724434
341287190 435456071 385569241 435456071
385569241 435456071 394169634 435456071
385569241 435456071 385569241 446238665
394169634 435456071 400815322 440329611
400815322 440329611 402465287 440329611
400815322 440329611 400815322 450762477
457802802 504219043 497494499 509027555
497494499 509027555 497494499 509776321
497494499 509027555 504701564 509027555
637025267 809724434 652580391 839790297
652580391 839790297 652580391 843543608
652580391 839790297 656969979 839790297
656969979 839790297 679325522 862818567
679325522 862818567 692479032 865965919
692479032 865965919 696169997 865965919
692479032 865965919 692479032 881302823
692479032 881302823 696181722 893784971
696181722 893784971 696181722 898068715
696181722 898068715 696181722 907805393
696181722 907805393 696200158 920870940
696200158 920870940 698182668 920870940
696181722 898068715 709837316 898068715
709837316 898068715 713073948 910787819
713073948 910787819 713073948 918812423
696200158 920870940 696200158 945265458
696200158 945265458 700935406 946933063
700935406 946933063 700935406 959957937
700935406 959957937 707963778 968283309
707963778 968283309 707963778 974994889
707963778 968283309 722551874 968283309
722551874 968283309 727331383 968283309
722551874 968283309 722551874 974534406
727331383 968283309 736088619 968581510
736088619 968581510 744772363 978838659
744772363 978838659 744772363 980230825
744772363 978838659 755663405 978838659
755663405 978838659 755663405 979102813
744772363 980230825 752658025 992509486
700935406 946933063 728364496 946933063
713073948 910787819 745624420 910787819
745624420 910787819 750489295 915517694
750489295 915517694 761682324 915517694
761682324 915517694 761682324 926558376
761682324 926558376 762072137 930523837
750489295 915517694 750489295 937244286
761682324 915517694 795901792 915517694
795901792 915517694 819753207 923769478
819753207 923769478 823988561 932768098
823988561 932768098 853224569 936344794
853224569 936344794 853317126 936344794
853224569 936344794 853224569 945935342
853317126 936344794 880993809 937115261
696181722 893784971 733814491 893784971
755663405 978838659 793778911 978838659
853224569 945935342 862061845 976260933
862061845 976260933 864276277 976260933
862061845 976260933 862061845 999790027
864276277 976260933 885275901 982811815
885275901 982811815 887908244 995110185
887908244 995110185 902435953 996656327
902435953 996656327 925680714 998678640
793778911 978838659 823813214 993592126
823813214 993592126 823813214 994756651
823813214 993592126 833922036 993592126
833922036 993592126 838071005 994904215
569027427 783220066 590447402 808498859
590447402 808498859 601779727 809724434
601779727 809724434 601779727 855114126
373594336 315827162 394959749 343326351
394959749 343326351 405285305 373689418
405285305 373689418 422028008 373861303
422028008 373861303 429125528 373861303
429125528 373861303 429125528 397261191
429125528 373861303 459745058 373861303
459745058 373861303 464143572 401747505
429125528 397261191 433761969 428595893
433761969 428595893 433761969 434165154
433761969 434165154 437370271 437799478
433761969 428595893 445247810 428595893
445247810 428595893 449469235 429996015
449469235 429996015 474268588 437799478
474268588 437799478 476079654 454349451
476079654 454349451 476079654 480987246
476079654 480987246 476079654 482179897
476079654 482179897 481504780 491620942
476079654 480987246 493461540 480987246
476079654 454349451 502732728 454349451
578295280 613343857 578295280 663069099
398395884 516281885 422552613 542045707
422552613 542045707 422552613 555493706
762072137 930523837 795275205 947924267
422028008 373861303 422028008 426847040
614623391 751194693 667712243 751194693
667712243 751194693 677411316 752770026
677411316 752770026 711797203 752770026
711797203 752770026 714629911 753871687
714629911 753871687 714629911 768129827
714629911 753871687 731745568 753871687
677411316 752770026 677411316 794685661
677411316 794685661 684026137 819851839
684026137 819851839 684026137 838351205
684026137 819851839 704150505 819851839
704150505 819851839 707703000 823006732
714629911 768129827 726174324 807738659
726174324 807738659 736616933 816847385
736616933 816847385 746225414 816847385
746225414 816847385 751500745 833861134
751500745 833861134 751500745 844158234
751500745 844158234 754351896 844158234
751500745 844158234 751500745 847677552
751500745 847677552 752316440 848513245
752316440 848513245 752316440 872395302
751500745 833861134 777464916 833861134
777464916 833861134 777464916 840673967
777464916 840673967 783731079 848513245
777464916 833861134 797026186 833861134
783731079 848513245 801837896 854376197
801837896 854376197 803735947 854376197
803735947 854376197 808041839 854376197
803735947 854376197 803735947 867814101
803735947 867814101 817470854 871396243
817470854 871396243 817470854 892664053
817470854 892664053 817470854 894024282
817470854 892664053 829416618 892664053
801837896 854376197 801837896 879625516
736616933 816847385 736616933 857208446
829416618 892664053 864404776 907282121
864404776 907282121 869834500 912375931
869834500 912375931 896686512 919907641
896686512 919907641 896686512 934891167
896686512 919907641 928947793 919907641
928947793 919907641 934447384 920819536
934447384 920819536 934447384 938753593
934447384 920819536 963347532 920819536
963347532 920819536 963407697 937180226
963407697 937180226 963407697 943535030
963407697 943535030 969782677 958339040
969782677 958339040 969782677 966198890
969782677 958339040 985752753 958339040
963407697 937180226 996940691 937180226
985752753 958339040 996551111 989401991
817470854 871396243 870292372 871396243
870292372 871396243 870292372 873250911
870292372 871396243 883117793 871396243
883117793 871396243 910379271 880929476
470402598 620935343 470402598 675323604
470402598 675323604 478483715 697477459
478483715 697477459 484874161 735127785
484874161 735127785 484874161 761304904
484874161 735127785 511066070 735127785
484874161 761304904 500070998 773345045
500070998 773345045 500070998 780403076
500070998 773345045 516859246 773345045
516859246 773345045 526864017 797026162
526864017 797026162 534782198 797068560
534782198 797068560 559301478 797068560
534782198 797068560 534782198 824013384
534782198 824013384 534782198 825985991
534782198 824013384 545185265 824013384
534782198 825985991 538829088 832715161
538829088 832715161 555774307 844679011
556134304 426483631 586946329 450828569
586946329 450828569 601700694 450865212
601700694 450865212 607021855 461019614
607021855 461019614 619660609 461019614
619660609 461019614 620315434 479560009
620315434 479560009 620315434 491781330
620315434 491781330 649481939 495443846
649481939 495443846 649481939 496563219
649481939 496563219 654424937 503697724
649481939 495443846 668946048 495443846
668946048 495443846 677949263 503697724
654424937 503697724 654424937 532209600
654424937 532209600 656525458 536102579
656525458 536102579 656525458 554540207
656525458 554540207 662415705 554540207
662415705 554540207 662496168 562921905
656525458 554540207 656525458 565932832
662496168 562921905 676355014 565990640
676355014 565990640 697431547 565990640
676355014 565990640 676355014 591318367
620315434 479560009 655271688 479560009
607021855 461019614 607021855 498508996
676355014 591318367 689893287 628999879
689893287 628999879 693265857 630305932
693265857 630305932 693265857 641733035
693265857 641733035 704398783 649551045
704398783 649551045 706274304 649551045
706274304 649551045 711890279 660772987
711890279 660772987 711890279 668889223
704398783 649551045 704398783 669132677
704398783 669132677 704463390 681967611
704463390 681967611 704463390 684014878
704463390 681967611 706681841 681967611
711890279 660772987 731739002 660772987
731739002 660772987 744639959 664657178
744639959 664657178 744639959 671124846
744639959 664657178 756209975 664657178
756209975 664657178 756209975 666445527
756209975 664657178 760986025 664657178
693265857 630305932 726985962 630305932
726985962 630305932 726985962 637194604
726985962 630305932 736282875 630305932
736282875 630305932 748478232 630392998
760986025 664657178 785353382 687291100
697431547 565990640 738353397 578194757
738353397 578194757 744768202 578194757
738353397 578194757 738353397 590241477
744768202 578194757 787583041 583026094
787583041 583026094 801992156 586391801
801992156 586391801 828589491 586391801
828589491 586391801 828589491 606846729
828589491 606846729 841973732 609296856
841973732 609296856 841973732 620441412
828589491 586391801 851458694 586391801
851458694 586391801 865482997 603552315
865482997 603552315 882444390 609024543
882444390 609024543 882444390 609296856
801992156 586391801 801992156 622704492
801992156 622704492 810116504 652906047
810116504 652906047 825066950 670198505
825066950 670198505 830573791 703580964
830573791 703580964 839056755 716089988
882444390 609024543 927961323 609024543
927961323 609024543 929990496 631573643
929990496 631573643 929990496 642306330
929990496 631573643 944244622 631573643
944244622 631573643 954538459 642306330
954538459 642306330 960971080 642306330
954538459 642306330 954538459 675372719
954538459 675372719 980110536 684310344
929990496 642306330 929990496 686599011
929990496 686599011 930048657 686599011
929990496 686599011 929990496 692582430
980110536 684310344 986564857 728057302
299022169 237033337 299022169 292230589
541975329 351909591 597995375 351909591
597995375 351909591 616325631 362434178
616325631 362434178 621392073 369639868
621392073 369639868 621392073 391012479
621392073 369639868 644997776 369639868
644997776 369639868 644997776 377439528
644997776 369639868 654993584 369639868
654993584 369639868 656992070 383944798
656992070 383944798 678369520 387702132
678369520 387702132 704346800 388984590
704346800 388984590 729587536 388984590
729587536 388984590 737609556 388984590
737609556 388984590 740767243 392895214
740767243 392895214 740767243 394132348
740767243 394132348 741152860 394132348
729587536 388984590 729587536 405043917
740767243 394132348 740767243 414160164
704346800 388984590 704346800 415299491
741152860 394132348 765772573 400596790
765772573 400596790 765772573 413592394
765772573 413592394 765803264 422546600
765803264 422546600 784112154 422546600
765803264 422546600 765803264 453152052
765803264 453152052 768538864 468243034
765772573 400596790 808180964 400596790
808180964 400596790 808180964 401228067
808180964 400596790 837534582 400596790
837534582 400596790 838038118 421596285
838038118 421596285 840235627 422148134
840235627 422148134 863638193 422148134
863638193 422148134 863638193 438227431
863638193 422148134 882126503 422148134
882126503 422148134 882126503 432354457
882126503 422148134 904649762 422148134
840235627 422148134 840235627 448559399
840235627 448559399 840235627 463013057
840235627 448559399 862414881 448559399
862414881 448559399 865985435 472771764
865985435 472771764 870260332 480078010
870260332 480078010 876040972 494517514
876040972 494517514 891952740 494517514
876040972 494517514 876040972 526668655
840235627 463013057 844035227 495218807
844035227 495218807 850436676 495218807
844035227 495218807 844035227 540588876
844035227 540588876 851874644 545839151
851874644 545839151 872612465 563588533
872612465 563588533 899219070 574061346
768538864 468243034 820239060 468243034
820239060 468243034 825154519 487596800
825154519 487596800 832072281 487596800
904649762 422148134 932650220 450783787
932650220 450783787 932650220 468570384
932650220 450783787 950696017 450783787
932650220 468570384 937614062 505772491
937614062 505772491 960152758 507328607
960152758 507328607 964237942 507328607
964237942 507328607 977100791 507328607
964237942 507328607 964237942 530752013
977100791 507328607 999840714 508620825
960152758 507328607 960152758 552920175
960152758 552920175 962498403 552920175
960152758 552920175 960152758 561939256
960152758 561939256 962903887 579127888
964237942 530752013 994659706 548420613
950696017 450783787 962844447 489794168
962844447 489794168 962844447 500141681
962844447 489794168 988515621 489794168
929990496 692582430 937221121 742357047
937221121 742357047 953615217 747614969
953615217 747614969 953615217 748691192
953615217 747614969 978530867 747614969
978530867 747614969 979766645 761731385
953615217 748691192 958137485 770157007
958137485 770157007 960658874 770157007
958137485 770157007 958137485 783488210
958137485 783488210 970648095 789334635
970648095 789334635 970648095 808051341
970648095 808051341 979921707 808051341
970648095 808051341 970648095 824225830
970648095 824225830 979372280 824225830
970648095 789334635 995521414 789334635
995521414 789334635 997802079 789334635
995521414 789334635 995521414 805832725
970648095 824225830 970648095 856114149
970648095 856114149 972326753 894049560
972326753 894049560 972326753 894533044
972326753 894049560 987184843 894049560
548463413 496029816 594192280 507352522
594192280 507352522 596328071 507352522
594192280 507352522 594192280 518407856
437370271 437799478 437370271 495426053
619830278 621113017 655160345 643428764
655160345 643428764 657944170 646128937
657944170 646128937 670540628 646128937
657944170 646128937 657944170 674245029
657944170 674245029 660469455 689322280
660469455 689322280 660469455 713022541
660469455 689322280 686598180 689322280
555774307 844679011 568861655 890158267
568861655 890158267 574963598 896622974
574963598 896622974 574963598 907696285
574963598 907696285 579250966 907696285
579250966 907696285 579250966 909009143
579250966 907696285 585566824 907696285
574963598 907696285 574963598 923576958
574963598 923576958 584331839 933951362
584331839 933951362 605438636 933951362
584331839 933951362 584331839 955643494
584331839 955643494 589320459 959757122
589320459 959757122 597922631 963620139
597922631 963620139 597922631 971450813
597922631 963620139 630299844 963620139
630299844 963620139 648002661 968992592
648002661 968992592 648002661 976682070
648002661 976682070 660655558 982977702
648002661 968992592 668358951 968992592
660655558 982977702 676190261 995856496
597922631 971450813 628007469 987677247
768538864 468243034 768538864 526859653
768538864 526859653 787668497 553638098
787668497 553638098 787668497 553840341
787668497 553840341 788163576 557613834
787668497 553638098 813815236 553638098
574963598 896622974 635608371 896622974
635608371 896622974 656320021 902672443
656320021 902672443 656432309 902672443
656432309 902672443 661774896 902672443
656432309 902672443 656432309 910683844
661774896 902672443 676345529 907489557
656320021 902672443 656320021 922121983
825154519 487596800 825154519 549265440
319694060 318640355 319694060 380684616
319694060 380684616 329615001 410778330
882444390 609296856 917431907 636834201
159595841 282549742 180427713 324427139
180427713 324427139 217870786 330065642
217870786 330065642 217870786 340915699
217870786 330065642 232260247 330065642
232260247 330065642 232442021 333902645
205047123 84668665 246777643 107576509
246777643 107576509 250318037 107576509
250318037 107576509 250318037 109089200
250318037 107576509 255530504 107576509
246777643 107576509 246777643 127272637
255530504 107576509 273859824 116756268
273859824 116756268 310015727 117247500
310015727 117247500 310536799 129120807
310536799 129120807 310536799 149655913
310536799 129120807 350972342 129120807
350972342 129120807 357182436 142778547
357182436 142778547 358663066 144575967
358663066 144575967 358663066 149646733
601779727 855114126 648216098 873344188
358663066 144575967 424406740 144575967
424406740 144575967 426519579 152416346
426519579 152416346 426538895 154920161
426538895 154920161 431539789 154920161
426538895 154920161 426538895 168197886
426538895 168197886 427254761 168197886
426538895 168197886 426538895 173847949
426538895 173847949 464632779 178088521
464632779 178088521 464632779 180118363
464632779 178088521 509176802 178088521
509176802 178088521 554866778 184004233
554866778 184004233 554866778 197018529
554866778 197018529 558271818 197894872
558271818 197894872 575324894 197894872
575324894 197894872 575324894 203783637
575324894 197894872 589362835 197894872
589362835 197894872 592999858 198669945
575324894 203783637 588540886 212690991
558271818 197894872 558271818 226449231
558271818 226449231 558867861 231663711
558867861 231663711 574757843 241342440
574757843 241342440 584171465 244073226
584171465 244073226 585254551 247757568
592999858 198669945 617903768 202336226
588540886 212690991 607829610 222823069
607829610 222823069 613170236 222823069
613170236 222823069 614037508 223582885
607829610 222823069 607829610 239024903
617903768 202336226 633633514 217851544
633633514 217851544 647928077 239084505
647928077 239084505 652308301 283769928
652308301 283769928 652308301 305972929
652308301 305972929 654393128 309877698
654393128 309877698 654393128 324672550
654393128 324672550 654393128 334489534
654393128 324672550 665206220 324672550
654393128 309877698 703166981 309877698
703166981 309877698 715932626 320358471
715932626 320358471 717288009 325546883
717288009 325546883 727151906 325546883
727151906 325546883 727151906 332653063
727151906 325546883 742923513 325546883
742923513 325546883 742923513 330434433
727151906 332653063 729817953 345984687
729817953 345984687 733131072 345984687
729817953 345984687 729817953 357767630
742923513 325546883 761837093 325546883
761837093 325546883 767220547 342328040
652308301 283769928 703452259 283769928
703452259 283769928 715932626 298948896
715932626 298948896 724331654 298948896
724331654 298948896 750999862 309869112
717288009 325546883 717288009 376848355
554866778 184004233 608521286 184004233
608521286 184004233 645618395 201195005
731745568 753871687 797125571 754582464
797125571 754582464 801382222 788359047
801382222 788359047 823797538 797176835
823797538 797176835 823797538 821203424
823797538 797176835 866687530 797176835
866687530 797176835 883833636 800949815
883833636 800949815 885599409 800949815
885599409 800949815 890464948 843394097
883833636 800949815 883833636 863898422
220034411 397367989 288079251 397367989
288079251 397367989 294672319 405491696
294672319 405491696 299331822 405491696
299331822 405491696 317513191 410778330
317513191 410778330 317513191 423608128
317513191 423608128 323167082 430699285
294672319 405491696 294672319 443859212
294672319 443859212 295739979 472664577
295739979 472664577 298364882 474876248
298364882 474876248 306719054 474876248
306719054 474876248 309305772 496886732
309305772 496886732 309305772 506157846
309305772 496886732 323389951 496886732
298364882 474876248 298364882 527656095
298364882 527656095 302171725 574613338
302171725 574613338 305606641 574613338
302171725 574613338 302171725 579266998
305606641 574613338 322106647 575229294
322106647 575229294 337185771 575229294
337185771 575229294 337185771 595021801
337185771 595021801 337899408 606827024
337899408 606827024 346016701 606827024
346016701 606827024 346186077 613307299
322106647 575229294 322106647 595077801
337899408 606827024 337899408 631083397
337899408 631083397 349151097 647370822
349151097 647370822 349151097 656168778
349151097 647370822 359728036 647370822
359728036 647370822 361798570 673410062
361798570 673410062 361798570 688794934
361798570 688794934 369838001 698993598
369838001 698993598 369838001 700102825
369838001 700102825 378442218 706816099
378442218 706816099 378442218 725430183
337185771 575229294 372997456 575229294
372997456 575229294 387510972 602557433
378442218 706816099 437784422 706816099
437784422 706816099 437784422 709600807
437784422 706816099 443035405 706816099
443035405 706816099 456449828 721894582
456449828 721894582 467659983 753910052
467659983 753910052 468102820 778772477
468102820 778772477 470033637 778772477
468102820 778772477 468102820 780963097
361798570 673410062 424347864 673410062
424347864 673410062 424347864 675329885
424347864 673410062 426675921 673410062
426675921 673410062 436379437 685394830
436379437 685394830 436379437 688411681
436379437 688411681 441671247 698218135
441671247 698218135 441671247 698993598
441671247 698218135 456702474 698218135
456702474 698218135 461206984 698410255
436379437 685394830 460509884 685394830
349151097 656168778 351769671 716211024
351769671 716211024 357930243 725903740
468102820 780963097 495458879 819454444
495458879 819454444 498150592 827373304
645618395 201195005 705502164 209476034
705502164 209476034 705502164 213812193
705502164 209476034 727710400 209476034
727710400 209476034 734112850 235305795
734112850 235305795 734112850 262608133
705502164 213812193 725059922 228796497
725059922 228796497 725059922 234929713
734112850 235305795 782884954 235305795
782884954 235305795 798140042 236334330
798140042 236334330 817353846 236334330
798140042 236334330 798140042 278373389
798140042 278373389 799930551 292831205
817353846 236334330 837114705 263467421
837114705 263467421 844645491 270645123
844645491 270645123 883528010 270645123
883528010 270645123 898753380 272461684
898753380 272461684 898753380 290941263
898753380 290941263 911032308 295656737
911032308 295656737 911487596 300408806
911487596 300408806 935295340 300408806
725059922 228796497 775502773 228796497
775502773 228796497 789619172 233204431
789619172 233204431 789619172 233811772
789619172 233204431 802126548 233204431
898753380 272461684 957796941 272461684
957796941 272461684 990136654 294312981
844645491 270645123 844645491 333448343
844645491 333448343 849667810 340597678
849667810 340597678 879968381 340597678
879968381 340597678 893960956 363304817
893960956 363304817 893960956 374698508
893960956 374698508 903345633 375781462
903345633 375781462 904466289 379206504
893960956 363304817 911487596 363304817
911487596 363304817 917626430 369011313
917626430 369011313 917626430 383882799
917626430 383882799 930559064 383882799
917626430 369011313 945058249 369011313
917626430 383882799 917626430 418927255
930559064 383882799 967478627 384159229
967478627 384159229 976069163 409726667
976069163 409726667 990500074 429903657
849667810 340597678 849667810 400006269
935295340 300408806 961094432 337661516
961094432 337661516 967478627 353514166
967478627 353514166 981034064 353514166
607829610 239024903 619440320 295919144
619440320 295919144 619440320 303873098
619440320 295919144 631783017 295919144
631783017 295919144 640754897 338610229
358663066 149646733 411145324 165914948
411145324 165914948 412367270 165914948
411145324 165914948 411145324 176755302
411145324 176755302 422120503 178219833
180878464 167023054 180878464 236480776
180878464 236480776 184866365 238807762
184866365 238807762 184866365 244265329
184866365 238807762 199274101 238807762
387510972 602557433 443475089 616368192
550221677 708877007 617004078 712653230
617004078 712653230 617004078 727143670
617004078 712653230 643763461 712653230
498150592 827373304 513149275 883234604
513149275 883234604 513677478 883234604
513149275 883234604 513149275 892548301
513677478 883234604 517648553 890139131
517648553 890139131 525470314 911560797
525470314 911560797 525470314 927615573
525470314 911560797 547761874 911560797
358991917 517557914 394119956 553329627
594192280 518407856 616784503 567410370
616784503 567410370 616784503 580053125
616784503 567410370 647976129 567410370
647976129 567410370 648857405 585553715
648857405 585553715 648857405 589391220
648857405 585553715 654357604 585553715
616784503 580053125 642497190 585553715
642497190 585553715 642497190 599153627
656525458 536102579 729782153 536102579
729782153 536102579 729782153 538752299
729782153 536102579 747488852 536102579
747488852 536102579 747864835 537077733
747864835 537077733 747864835 541525496
747864835 537077733 758572600 537077733
785353382 687291100 809312831 737723315
809312831 737723315 809312831 743749639
809312831 737723315 824149863 737723315
547761874 911560797 569458134 964299097
158204853 469028082 179024804 524045689
179024804 524045689 179024804 534080248
179024804 524045689 199977375 524045689
179024804 534080248 182036974 559216063
182036974 559216063 192385584 568239432
192385584 568239432 210687266 568239432
210687266 568239432 210687266 571995792
192385584 568239432 192385584 588182174
192385584 588182174 198142285 593938128
198142285 593938128 208614979 593938128
198142285 593938128 198142285 609464587
210687266 568239432 243499576 568239432
243499576 568239432 248325301 598298335
248325301 598298335 256858741 615481004
256858741 615481004 269856056 615481004
269856056 615481004 281016424 617055811
281016424 617055811 281840705 627336644
281840705 627336644 286196051 631083397
286196051 631083397 286196051 665937444
199977375 524045689 222797925 541322240
222797925 541322240 244375917 543084778
244375917 543084778 244375917 552866568
244375917 543084778 263126446 543084778
263126446 543084778 268333726 543084778
263126446 543084778 263126446 548702037
256858741 615481004 256858741 669404335
256858741 669404335 260094471 690710625
260094471 690710625 266134626 690710625
260094471 690710625 260094471 736962131
260094471 736962131 271974776 764631035
271974776 764631035 286237385 784575798
266134626 690710625 323896846 703440168
323896846 703440168 328124417 703440168
328124417 703440168 335389639 704601711
323896846 703440168 323896846 726124748
335389639 704601711 345344616 722782327
345344616 722782327 351343832 752924014
351343832 752924014 363158202 801471118
363158202 801471118 363158202 807181825
363158202 807181825 363158202 830605047
363158202 807181825 387519297 807181825
387519297 807181825 413535512 814008756
363158202 830605047 381893460 844932330
381893460 844932330 410146031 846812662
410146031 846812662 413992046 846812662
413992046 846812662 436435351 852029419
410146031 846812662 410146031 887035158
410146031 887035158 410331397 909503794
410331397 909503794 415193397 922887392
415193397 922887392 417216846 928132280
417216846 928132280 417216846 944043659
417216846 944043659 417216846 945881930
417216846 944043659 431317840 944043659
417216846 928132280 434679813 928132280
434679813 928132280 452072604 932791196
452072604 932791196 453102903 946636443
453102903 946636443 464963644 946636443
464963644 946636443 465736092 948283451
465736092 948283451 466550227 958301530
466550227 958301530 466550227 969742534
453102903 946636443 453102903 964122627
453102903 964122627 453829163 964122627
453829163 964122627 458311727 976414573
466550227 958301530 484098061 958301530
453102903 964122627 453102903 994495141
484098061 958301530 495816565 992201773
495816565 992201773 495816565 998365744
495816565 992201773 518786149 992201773
436435351 852029419 465441785 875255887
465441785 875255887 465441785 885988479
465441785 875255887 479034572 875255887
479034572 875255887 491206855 882501393
491206855 882501393 493729967 882501393
491206855 882501393 491206855 929065599
491206855 929065599 511600508 937526335
363158202 801471118 427552179 801471118
0 146787584 0 224065174
0 224065174 0 228602246
0 228602246 0 229449595
0 229449595 0 230205564
0 229449595 15691068 229449595
0 228602246 20498675 228602246
0 230205564 0 251604142
0 251604142 0 262470487
0 262470487 0 263126276
0 263126276 0 263406511
0 263126276 8722970 263126276
0 224065174 23677908 224065174
20498675 228602246 48494796 230205564
48494796 230205564 65232279 236131620
65232279 236131620 65232279 240976015
0 251604142 34039592 251604142
34039592 251604142 39297712 262470487
39297712 262470487 45059673 263406511
45059673 263406511 61166210 284206462
61166210 284206462 62076620 284206462
62076620 284206462 72030807 306031342
72030807 306031342 72030807 306577156
72030807 306031342 75092428 306031342
61166210 284206462 61166210 328141181
0 263406511 0 328268441
0 328268441 0 335391299
0 328268441 11577109 328268441
0 335391299 0 375937310
0 375937310 0 401704658
0 401704658 0 422917082
0 422917082 26745112 422917082
0 401704658 31666771 401704658
0 375937310 37210943 375937310
31666771 401704658 69725417 404412856
69725417 404412856 69725417 414709004
69725417 404412856 100641724 404412856
69725417 414709004 86622108 439377194
86622108 439377194 90981903 439377194
86622108 439377194 86622108 472693484
86622108 472693484 108865761 476410599
108865761 476410599 112782940 476410599
112782940 476410599 113829528 485663395
113829528 485663395 127226869 485663395
113829528 485663395 113829528 507208018
90981903 439377194 107277919 457273473
107277919 457273473 107277919 458148150
107277919 457273473 121640950 457273473
108865761 476410599 108865761 516243294
11577109 328268441 48203119 335391299
108865761 516243294 130997407 542393898
130997407 542393898 130997407 555564093
130997407 555564093 131423980 579112489
131423980 579112489 143521676 579112489
143521676 579112489 143521676 589889109
143521676 579112489 154384610 579112489
143521676 589889109 152608207 606756957
152608207 606756957 152616014 609464587
152616014 609464587 152616014 624685564
152616014 624685564 159667666 637031500
131423980 579112489 131423980 612106321
131423980 612106321 131423980 612232667
131423980 612106321 141807589 612106321
141807589 612106321 143013182 650837915
130997407 542393898 172353337 542393898
0 422917082 0 477829981
0 477829981 0 496249822
0 496249822 0 503444942
0 503444942 5897549 503444942
0 503444942 0 515742518
0 515742518 0 524970166
0 524970166 0 525146240
0 525146240 8377103 525146240
0 525146240 0 534541736
0 496249822 15805833 496249822
0 515742518 15898191 515742518
0 534541736 0 552821345
0 552821345 0 555976871
0 552821345 11204236 552821345
11204236 552821345 16102572 555976871
0 477829981 19694461 477829981
0 534541736 20631853 534541736
15898191 515742518 41649312 524970166
16102572 555976871 51796494 557931454
51796494 557931454 57881709 559378002
57881709 559378002 57881709 567653452
57881709 559378002 85286496 559378002
85286496 559378002 88805801 559378002
85286496 559378002 85286496 563632565
85286496 563632565 109158324 568860974
0 555976871 0 593891729
0 593891729 0 606151231
0 606151231 3981638 606151231
0 593891729 13460724 593891729
15805833 496249822 62283993 501697668
19694461 477829981 60550249 493125774
60550249 493125774 60550249 494397013
60550249 493125774 63183310 493125774
62283993 501697668 99513486 522809521
99513486 522809521 105388824 537235039
0 606151231 0 668167064
0 668167064 10427791 668167064
0 668167064 0 699830652
0 699830652 0 708038007
0 708038007 8691284 708038007
0 708038007 0 720334295
0 720334295 13827175 720334295
0 720334295 0 737469200
0 737469200 0 754432382
0 754432382 0 758728921
0 758728921 0 768094223
0 768094223 0 776662530
0 776662530 0 778741535
0 778741535 0 785787370
0 785787370 0 786820208
0 778741535 15300381 778741535
15300381 778741535 25603946 785787370
25603946 785787370 25603946 786820208
25603946 785787370 37725878 785787370
0 754432382 19567618 754432382
19567618 754432382 30097255 758728921
30097255 758728921 39784492 768094223
39784492 768094223 46465153 768094223
39784492 768094223 39784492 776662530
39784492 776662530 55763772 777536103
0 786820208 0 816451109
0 816451109 0 816903442
0 816903442 0 825106864
0 825106864 0 847807276
0 825106864 28523042 825106864
0 737469200 30471177 737469200
0 847807276 0 879479803
0 879479803 0 884749647
0 884749647 0 887436083
0 887436083 0 895889769
0 895889769 1540617 895889769
0 895889769 0 905367268
0 905367268 5634 905367268
0 879479803 12104752 879479803
12104752 879479803 14317750 884749647
0 816903442 33313600 816903442
14317750 884749647 45507148 887436083
33313600 816903442 64947145 821669738
64947145 821669738 91476256 822245496
91476256 822245496 95265993 838964848
95265993 838964848 100687627 839887149
100687627 839887149 110335481 839887149
110335481 839887149 110335481 842694846
110335481 839887149 113901380 839887149
113901380 839887149 128138216 840917113
128138216 840917113 135687383 840917113
128138216 840917113 128138216 859592069
128138216 859592069 151198710 861951572
151198710 861951572 171478306 862661965
135687383 840917113 150747748 853998524
171478306 862661965 193138137 874775561
193138137 874775561 201547764 874775561
193138137 874775561 193138137 896737369
55763772 777536103 80935050 788925045
30471177 737469200 67169271 738999210
67169271 738999210 83189245 748258067
83189245 748258067 85476054 748258067
83189245 748258067 83189245 758938893
83189245 758938893 95823954 761392115
95823954 761392115 116765279 761392115
95823954 761392115 95823954 782813845
116765279 761392115 133796219 770863748
133796219 770863748 148281642 788390122
148281642 788390122 159975467 807098379
159975467 807098379 163828795 807098379
163828795 807098379 167989265 810080174
167989265 810080174 188138292 810080174
188138292 810080174 193331473 810427683
159975467 807098379 159975467 828669776
159975467 828669776 167989265 831927442
167989265 831927442 173427680 836184683
193331473 810427683 203938043 827631312
37725878 785787370 49903917 816451109
28523042 825106864 48875461 847807276
48875461 847807276 62798820 862842962
173427680 836184683 198012463 854866174
198012463 854866174 201204091 854866174
198012463 854866174 198012463 859257806
201204091 854866174 229139894 856312876
229139894 856312876 236954459 858454147
236954459 858454147 264691880 858454147
264691880 858454147 266151840 858454147
264691880 858454147 264691880 878198871
264691880 878198871 264924607 879765530
264924607 879765530 264924607 901941075
236954459 858454147 236954459 891804036
264924607 901941075 269976739 931157140
269976739 931157140 269976739 942704812
269976739 942704812 271867006 942704812
269976739 942704812 269976739 950944280
269976739 950944280 270478942 969421653
269976739 931157140 297710320 931157140
297710320 931157140 301662946 934537539
301662946 934537539 312894997 948280820
271867006 942704812 294194930 948280820
294194930 948280820 294194930 958308841
294194930 958308841 296189449 979665175
264924607 879765530 303997138 879765530
303997138 879765530 303997138 895866467
303997138 895866467 307167323 899060249
307167323 899060249 307232908 899060249
307167323 899060249 307167323 919876846
307232908 899060249 321379821 916051887
0 699830652 49669160 699830652
49669160 699830652 72543061 700516924
72543061 700516924 77894559 700516924
72543061 700516924 72543061 731737373
77894559 700516924 114229016 711569216
114229016 711569216 124211822 711569216
114229016 711569216 114229016 722622805
124211822 711569216 146898982 719895009
146898982 719895009 179751366 721979518
179751366 721979518 179751366 748955394
179751366 748955394 197902138 762026509
197902138 762026509 200205281 766432796
200205281 766432796 200205281 769896448
200205281 766432796 221012816 766432796
221012816 766432796 221012816 766735988
221012816 766432796 237609226 766432796
237609226 766432796 252020763 772178117
252020763 772178117 257538836 784575798
179751366 721979518 216073797 721979518
257538836 784575798 257538836 824083088
257538836 824083088 264691880 853423502
264691880 853423502 266057361 853423502
216073797 721979518 246314187 736962131
246314187 736962131 246314187 749217181
246314187 749217181 253225024 751362513
253225024 751362513 253691830 751362513
253225024 751362513 253225024 758477484
303997138 879765530 353785930 879765530
353785930 879765530 360347937 879765530
353785930 879765530 353785930 895127882
321379821 916051887 347512890 940960883
347512890 940960883 362755523 944043659
362755523 944043659 362755523 969077088
362755523 944043659 409875675 944043659
409875675 944043659 409875675 957446055
409875675 957446055 409875675 959646739
409875675 957446055 415302626 957446055
193138137 896737369 222114996 923113092
203938043 827631312 254467789 833596635
5634 905367268 5108208 957005863
5108208 957005863 5108208 965998117
5108208 957005863 16458319 957005863
16458319 957005863 20187249 965428909
20187249 965428909 26760599 967383569
26760599 967383569 26760599 968746363
26760599 968746363 35272396 973949754
26760599 967383569 53586687 967383569
53586687 967383569 74502982 974896656
74502982 974896656 74502982 977619814
74502982 977619814 85940555 977619814
85940555 977619814 86900182 980543609
86900182 980543609 86900182 987255903
74502982 977619814 74502982 994260380
86900182 980543609 105984892 980543609
105984892 980543609 111666057 984420976
74502982 974896656 102215060 974896656
100687627 839887149 100687627 900137600
100687627 900137600 141299402 918199658
141299402 918199658 146628143 938945087
146628143 938945087 146628143 956774547
146628143 938945087 179078586 938945087
114229016 722622805 143162748 753962214
159667666 637031500 192467982 671161494
222114996 923113092 247817257 965232830
247817257 965232830 251012442 996111823
251012442 996111823 259464944 996820977
45507148 887436083 94295742 907354632
192467982 671161494 225106723 708316773
94295742 907354632 118242395 956449823
248886897 157453155 248886897 234876773
738353397 590241477 785040844 621900527
824149863 737723315 870397550 776779752
870397550 776779752 870397550 786808314
870397550 776779752 880738989 776779752
880738989 776779752 896392940 777767359
896392940 777767359 896392940 784532819
896392940 777767359 933337267 777767359
896392940 784532819 930290997 793104552
930290997 793104552 936260128 839008092
936260128 839008092 944025232 840832365
254467789 833596635 344669336 839798407
740767243 392895214 837569921 392895214
677949263 503697724 753313742 530158493
57881709 567653452 60721569 667444082
60721569 667444082 102754203 679613339
102754203 679613339 104449030 692357934
219404624 265370195 287514070 304516715
287514070 304516715 292741087 304824649
58448794 0 175838694 0
175838694 0 204685415 0
204685415 0 235249122 0
235249122 0 235249122 29707187
204685415 0 204685415 30789149
235249122 0 277477726 0
277477726 0 290051481 0
290051481 0 290051481 5413536
277477726 0 277477726 45050413
277477726 45050413 289486695 50902419
289486695 50902419 295910611 50902419
295910611 50902419 295910611 61429111
289486695 50902419 289486695 65416643
289486695 65416643 293603204 70755641
295910611 50902419 310688756 50902419
310688756 50902419 329547476 65113060
293603204 70755641 322773025 83665130
322773025 83665130 324959653 83665130
324959653 83665130 326473240 97697188
326473240 97697188 326473240 99173862
326473240 97697188 346392921 97697188
322773025 83665130 322773025 105611647
346392921 97697188 388034233 99303974
175838694 0 175838694 45158681
175838694 45158681 201485541 64798504
290051481 0 358661876 0
358661876 0 374220107 0
374220107 0 374220107 3135634
374220107 0 393197171 0
393197171 0 393197171 2280191
358661876 0 358661876 20335305
393197171 0 419626418 0
419626418 0 429670107 0
429670107 0 429670107 10530854
429670107 0 461715698 0
461715698 0 461715698 15151922
461715698 0 479525431 0
479525431 0 479525431 7157721
479525431 0 489560470 0
489560470 0 491595294 0
491595294 0 496324032 0
496324032 0 523056440 0
491595294 0 491595294 30188467
491595294 30188467 496076177 59285740
419626418 0 419626418 40947102
419626418 40947102 431360309 50574638
431360309 50574638 431360309 61918826
431360309 61918826 437225124 61918826
431360309 50574638 449873598 50574638
449873598 50574638 449873598 51076824
449873598 50574638 453212566 50574638
431360309 61918826 431360309 83572543
523056440 0 567206355 0
567206355 0 567206355 4927488
567206355 0 584602561 0
584602561 0 593515504 0
584602561 0 584602561 24558619
584602561 24558619 587371277 44567141
587371277 44567141 593515504 44567141
587371277 44567141 587371277 54764560
587371277 54764560 602178964 55238276
602178964 55238276 617852829 55238276
602178964 55238276 602178964 81273085
602178964 81273085 610143396 100170531
610143396 100170531 617422085 100170531
610143396 100170531 610143396 113754135
617852829 55238276 644151444 58674933
593515504 0 628382340 0
593515504 44567141 628382340 46369609
644151444 58674933 675698194 69257200
675698194 69257200 681960557 69257200
681960557 69257200 692242660 77960071
675698194 69257200 675698194 88848085
692242660 77960071 692249116 102129002
617422085 100170531 651909070 111125537
651909070 111125537 657946178 130179550
523056440 0 523056440 46430326
523056440 46430326 535080824 57766035
535080824 57766035 541174225 57766035
535080824 57766035 535080824 94744823
535080824 94744823 547639705 105531355
547639705 105531355 572276456 113195063
496076177 59285740 506179945 95769702
506179945 95769702 507025540 131806453
507025540 131806453 507025540 143534350
507025540 131806453 519087736 131806453
489560470 0 489560470 47571185
431360309 83572543 441721032 121484413
441721032 121484413 443331423 121484413
441721032 121484413 441721032 141459607
443331423 121484413 451999103 141238267
692249116 102129002 716031145 126848946
716031145 126848946 716031145 143924233
716031145 143924233 717146233 143924233
716031145 143924233 716031145 149435031
716031145 149435031 716667850 149783147
716667850 149783147 716667850 166984181
716031145 126848946 744585512 126848946
744585512 126848946 760330241 137642904
760330241 137642904 763240272 139587126
763240272 139587126 771283097 139587126
771283097 139587126 779849665 149783147
779849665 149783147 804871526 149783147
804871526 149783147 813994161 152231455
813994161 152231455 823218112 152231455
813994161 152231455 813994161 169310104
823218112 152231455 838112488 166269417
838112488 166269417 848886678 190300634
848886678 190300634 865627114 195234734
865627114 195234734 869816243 195234734
865627114 195234734 865627114 216011019
865627114 216011019 893284388 216353037
893284388 216353037 893284388 219815296
893284388 216353037 923826489 216353037
779849665 149783147 779849665 187898595
779849665 187898595 793200676 192981963
793200676 192981963 795648338 192981963
795648338 192981963 802025999 202206667
793200676 192981963 793200676 215575908
567206355 4927488 568461130 56577067
628382340 0 686274700 0
686274700 0 696071236 0
696071236 0 696071236 1450601
696071236 0 707613663 0
707613663 0 717397956 0
717397956 0 718347396 0
718347396 0 719085760 0
719085760 0 726986383 0
726986383 0 728495960 0
726986383 0 726986383 8491228
717397956 0 717397956 16343849
717397956 16343849 718347396 24234490
718347396 24234490 719085760 27159845
719085760 27159845 728495960 32008715
707613663 0 707613663 22524918
686274700 0 686274700 41201279
728495960 32008715 755472726 55293399
755472726 55293399 755472726 71853233
755472726 55293399 772715027 55293399
728495960 0 789028041 0
789028041 0 800194911 0
800194911 0 800194911 4360030
800194911 0 822825068 0
822825068 0 822825068 6039636
789028041 0 789028041 26831744
822825068 0 870867881 0
870867881 0 875247862 0
875247862 0 875979277 0
870867881 0 870867881 6352566
875979277 0 882337370 0
882337370 0 883132498 0
883132498 0 887399950 0
870867881 6352566 875247862 16872536
875247862 16872536 875979277 16872536
875247862 16872536 875247862 27707680
875247862 27707680 876112727 30838183
876112727 30838183 876112727 35704159
876112727 35704159 882337370 35704159
876112727 30838183 883132498 30838183
883132498 30838183 883132498 33972787
883132498 30838183 887399950 30838183
887399950 0 903829916 0
903829916 0 920648392 0
903829916 0 903829916 17316766
882337370 35704159 885360258 51004447
885360258 51004447 892658868 60583825
892658868 60583825 893631558 70022709
903829916 17316766 920648392 21250608
893631558 70022709 922513697 70022709
922513697 70022709 932114824 71128226
932114824 71128226 932114824 71472146
893631558 70022709 893631558 103436750
920648392 21250608 922105285 59104731
893631558 103436750 923128640 114226580
923128640 114226580 925903697 118653232
925903697 118653232 925903697 124956804
925903697 118653232 944895909 118653232
876112727 35704159 876112727 77521359
876112727 77521359 883138602 98464865
883138602 98464865 888413574 114621439
932114824 71128226 974445507 71128226
944895909 118653232 976644013 130874936
976644013 130874936 983039021 130874936
983039021 130874936 983039021 137034866
983039021 130874936 997595347 130874936
976644013 130874936 976644013 151412323
932114824 71472146 937620955 111310607
976644013 151412323 993149258 198860412
763240272 139587126 763240272 205898516
772715027 55293399 796438470 98523439
796438470 98523439 800779704 98523439
796438470 98523439 796438470 106552551
796438470 106552551 797158902 106552551
796438470 106552551 796438470 118468326
797158902 106552551 836833103 111313678
836833103 111313678 863595421 119159518
863595421 119159518 875598666 119159518
863595421 119159518 863595421 136073701
888413574 114621439 921981619 149173653
921981619 149173653 923826489 190223286
923826489 190223286 934100727 190223286
934100727 190223286 973793980 196923035
973793980 196923035 976727716 241048290
976727716 241048290 983535966 242688987
983535966 242688987 989460159 242688987
983535966 242688987 983535966 271247725
201485541 64798504 271365820 66476619
822825068 6039636 830353106 84646837
830353106 84646837 855967888 86370289
923826489 216353037 966130484 267581936
