1446
0 0 0 4547954
0 0 15375771 0
15375771 0 15375771 4547954
15375771 0 29234951 0
29234951 0 30405272 0
0 4547954 0 27718232
0 27718232 0 44408761
0 44408761 0 55496341
0 55496341 0 68388974
0 68388974 0 72035480
0 72035480 0 77048522
0 55496341 22874194 55496341
22874194 55496341 28035075 68388974
28035075 68388974 28035075 72035480
28035075 68388974 35025231 68388974
35025231 68388974 35800930 76212840
35800930 76212840 35800930 77048522
30405272 0 30405272 27718232
35800930 76212840 64866816 76212840
0 44408761 29234951 44408761
64866816 76212840 74495173 96181507
74495173 96181507 77790660 96181507
74495173 96181507 74495173 120453319
77790660 96181507 88910022 116955857
88910022 116955857 107270715 118810835
107270715 118810835 121565337 118810835
121565337 118810835 121565337 141104591
121565337 141104591 129767165 141730144
129767165 141730144 129767165 143283310
107270715 118810835 107270715 148662685
107270715 148662685 111702979 155169912
111702979 155169912 113174890 180538816
113174890 180538816 116307042 180538816
113174890 180538816 113174890 191866185
129767165 141730144 161559560 141730144
161559560 141730144 179461315 152954921
179461315 152954921 179461315 156017989
179461315 156017989 186072929 156129108
186072929 156129108 190238418 156129108
179461315 152954921 191188576 152954921
190238418 156129108 224509740 156667630
224509740 156667630 254672983 160459433
254672983 160459433 270606588 164826497
270606588 164826497 279162595 189108746
279162595 189108746 279162595 199983852
279162595 199983852 283132978 201883184
283132978 201883184 288922683 201883184
288922683 201883184 318786732 205571922
318786732 205571922 346896666 209209298
283132978 201883184 283132978 235735443
283132978 235735443 296546449 238687125
296546449 238687125 299574839 238687125
299574839 238687125 299574839 241914887
299574839 238687125 308567566 238687125
121565337 118810835 156966463 118810835
156966463 118810835 158979391 119113743
158979391 119113743 161068930 119113743
161068930 119113743 161068930 127224863
161068930 127224863 173517943 130836366
161068930 119113743 180431509 119113743
296546449 238687125 296546449 274336427
308567566 238687125 340050714 244754094
340050714 244754094 344221084 255497466
344221084 255497466 364057179 277010186
364057179 277010186 379920612 277557499
379920612 277557499 384038728 277557499
384038728 277557499 405910648 281887390
405910648 281887390 424668949 281887390
424668949 281887390 434412213 292808132
434412213 292808132 436803159 298033557
436803159 298033557 462081989 298033557
436803159 298033557 436803159 325323200
405910648 281887390 405910648 311034068
379920612 277557499 379920612 312329991
379920612 312329991 380686493 328889010
380686493 328889010 381583090 328889010
380686493 328889010 380686493 361111880
381583090 328889010 401887894 343330681
401887894 343330681 404555086 343330681
401887894 343330681 401887894 356894457
401887894 356894457 406690455 373818565
406690455 373818565 425568478 374024355
425568478 374024355 425568478 394195461
425568478 374024355 459250210 374024355
436803159 325323200 470694275 326742527
470694275 326742527 477555671 350665142
477555671 350665142 477555671 354385163
477555671 354385163 479429276 357305690
479429276 357305690 487342781 368939140
487342781 368939140 495879926 368939140
495879926 368939140 496737655 373741145
477555671 350665142 498110749 350665142
498110749 350665142 525282543 350730389
487342781 368939140 487342781 404183693
487342781 404183693 510799042 409704120
510799042 409704120 510799042 412566680
510799042 409704120 533136069 409704120
533136069 409704120 539281182 410729921
539281182 410729921 539281182 411638042
539281182 410729921 555117891 410729921
539281182 411638042 549140295 430473399
279162595 189108746 320793260 189108746
525282543 350730389 566419703 352487208
566419703 352487208 580720769 359286349
580720769 359286349 582425509 397561455
582425509 397561455 598921960 409000090
459250210 374024355 470329718 406300868
470329718 406300868 474244325 406300868
470329718 406300868 470329718 417238618
186072929 156129108 186072929 199855056
186072929 199855056 188642550 202669797
188642550 202669797 213566223 202669797
213566223 202669797 213566223 219421140
213566223 202669797 236392705 202669797
188642550 202669797 188642550 230292874
188642550 230292874 190814875 246163754
190814875 246163754 194561518 251271170
194561518 251271170 196876719 251271170
194561518 251271170 194561518 277686218
194561518 277686218 201271778 287197426
201271778 287197426 203144161 294576089
203144161 294576089 220847449 294576089
598921960 409000090 616900594 434813475
616900594 434813475 651116275 437304127
651116275 437304127 671666208 437304127
671666208 437304127 679928924 438401444
679928924 438401444 688422740 438401444
688422740 438401444 688422740 446842438
679928924 438401444 679928924 449947695
679928924 449947695 685776137 453683269
685776137 453683269 687427244 453683269
685776137 453683269 685776137 464914296
688422740 438401444 700987159 438401444
700987159 438401444 705513046 439465820
705513046 439465820 705513046 440463081
685776137 464914296 688462685 491816618
688462685 491816618 688462685 498227377
688462685 491816618 701903615 491816618
701903615 491816618 702835463 494251124
702835463 494251124 702835463 504337483
651116275 437304127 651116275 469026001
651116275 469026001 651116275 470405475
651116275 469026001 665619450 469026001
665619450 469026001 680691616 488800049
702835463 494251124 745213628 494251124
745213628 494251124 747392886 496964383
747392886 496964383 747649934 504741729
747649934 504741729 764287222 504741729
747649934 504741729 747649934 522959028
747649934 522959028 759788445 522959028
747649934 522959028 747649934 545975870
236392705 202669797 257532697 225685725
257532697 225685725 257803694 227315111
257803694 227315111 266473652 227315111
266473652 227315111 266473652 230750378
266473652 227315111 272593880 227315111
272593880 227315111 272593880 228166194
272593880 227315111 277908945 227315111
257803694 227315111 257803694 258006369
257803694 258006369 259721262 281357528
173517943 130836366 198464539 150381954
203144161 294576089 203144161 339368818
203144161 339368818 216942469 347313253
216942469 347313253 216942469 353016995
216942469 347313253 256632550 347313253
256632550 347313253 259939186 383286440
259939186 383286440 259939186 386714671
259939186 383286440 263652996 383286440
263652996 383286440 264369953 385018660
264369953 385018660 273263823 385018660
264369953 385018660 264369953 401986853
264369953 401986853 265721855 439903425
265721855 439903425 265721855 459752960
265721855 459752960 276780706 474324382
276780706 474324382 287176258 474324382
287176258 474324382 291847208 493740655
291847208 493740655 291847208 509839893
291847208 493740655 312869221 493740655
265721855 439903425 296854215 439903425
296854215 439903425 315334423 440952822
315334423 440952822 321158113 440952822
315334423 440952822 315334423 451088483
315334423 451088483 318176747 451088483
315334423 451088483 315334423 483704306
273263823 385018660 297991754 401155474
297991754 401155474 305966217 415187517
305966217 415187517 305966217 434753006
305966217 415187517 333332170 415187517
705513046 440463081 749898411 443007262
30405272 0 77350471 0
77350471 0 77350471 34015459
77350471 0 115607759 0
115607759 0 149582383 0
149582383 0 149582383 7128530
149582383 0 167868201 0
167868201 0 167868201 2583754
167868201 0 178691569 0
178691569 0 181871849 0
178691569 0 178691569 7094683
178691569 7094683 181871849 31856993
77350471 34015459 90253196 65164921
115607759 0 115607759 46149404
158979391 119113743 158979391 166587274
549140295 430473399 573442281 455435229
259721262 281357528 260723046 329742949
260723046 329742949 263652996 330398998
113174890 191866185 141548357 213055097
141548357 213055097 149378828 213055097
141548357 213055097 141548357 228662572
141548357 228662572 144495719 228662572
141548357 228662572 141548357 232643689
333332170 415187517 383299612 415204761
383299612 415204761 410178724 435546067
410178724 435546067 416147027 437671471
416147027 437671471 435877640 437671471
435877640 437671471 435877640 452687712
435877640 452687712 440856521 453165496
440856521 453165496 456882580 466968679
456882580 466968679 463189498 479133460
463189498 479133460 463189498 489750623
463189498 489750623 468830290 489750623
463189498 489750623 463189498 505712869
463189498 505712869 465107951 505712869
463189498 505712869 463189498 521743114
463189498 479133460 482871591 479133460
435877640 437671471 468498424 437671471
465107951 505712869 491811868 514483499
491811868 514483499 522274098 523612299
522274098 523612299 540715824 527872171
540715824 527872171 541988539 527872171
540715824 527872171 540715824 562398047
540715824 562398047 576787190 563148586
576787190 563148586 576787190 567672251
576787190 567672251 579913665 567672251
576787190 563148586 584148585 563148586
584148585 563148586 584148585 564498058
576787190 567672251 576787190 578614240
576787190 578614240 585508724 581151697
585508724 581151697 585621383 583560599
585621383 583560599 586064378 583560599
585621383 583560599 585621383 593286039
584148585 563148586 595618502 563148586
595618502 563148586 595618502 563387051
595618502 563148586 614848929 563148586
585621383 593286039 604985154 596185094
604985154 596185094 604985154 598335015
604985154 596185094 608178893 596185094
614848929 563148586 631292579 571086551
631292579 571086551 636760611 590689379
604985154 598335015 606274982 628033783
606274982 628033783 622479326 628313758
636760611 590689379 658109887 600714626
622479326 628313758 622571883 665328525
622571883 665328525 628182876 665328525
622571883 665328525 622571883 672608931
622571883 672608931 630876013 673617465
630876013 673617465 630876013 687049245
630876013 687049245 658814527 698921285
658814527 698921285 671384774 698921285
671384774 698921285 671384774 705418680
671384774 705418680 686332554 708645548
658814527 698921285 658814527 721142402
463189498 521743114 481241921 544781978
481241921 544781978 482055443 544781978
481241921 544781978 481241921 554084023
481241921 554084023 482053047 593895521
482053047 593895521 482053047 623855294
482053047 623855294 484478097 625498087
484478097 625498087 504329308 625498087
504329308 625498087 518809601 625789723
518809601 625789723 521208553 625789723
521208553 625789723 521208553 626131245
518809601 625789723 518809601 628842805
521208553 625789723 528317390 625789723
528317390 625789723 530168930 626962980
484478097 625498087 484478097 646519502
484478097 646519502 487520577 671284633
482053047 593895521 515384288 593895521
515384288 593895521 517928250 595607657
517928250 595607657 517928250 605025395
530168930 626962980 530168930 660350690
530168930 660350690 530580658 687558473
530580658 687558473 538041327 689094214
530168930 626962980 567627354 626962980
487520577 671284633 495561001 704209751
495561001 704209751 500005432 709574086
500005432 709574086 507541961 709574086
500005432 709574086 500005432 727462341
500005432 727462341 519782949 735049116
519782949 735049116 538732745 735049116
519782949 735049116 519782949 766500164
519782949 766500164 532489893 773459653
532489893 773459653 532489893 774479785
532489893 773459653 562284040 773459653
562284040 773459653 577393713 792886526
577393713 792886526 582449785 795637666
582449785 795637666 598606650 805434914
598606650 805434914 615701660 808638619
615701660 808638619 615701660 812058487
615701660 808638619 631256088 808638619
631256088 808638619 647213462 814111510
647213462 814111510 655691606 814111510
647213462 814111510 647213462 840652875
655691606 814111510 683074816 818920215
683074816 818920215 683074816 820871245
683074816 818920215 692453780 818920215
692453780 818920215 701506639 849660945
701506639 849660945 704565216 857325126
704565216 857325126 723791875 857325126
723791875 857325126 748470354 861473790
748470354 861473790 759696222 861652899
759696222 861652899 790743867 861652899
790743867 861652899 791416966 861652899
791416966 861652899 792861231 862256184
790743867 861652899 790743867 866459513
790743867 866459513 792861231 877124208
792861231 862256184 812410371 862256184
704565216 857325126 704565216 896786000
704565216 896786000 710817700 927949484
710817700 927949484 713207174 927949484
710817700 927949484 710817700 941753030
710817700 941753030 721821436 962537580
721821436 962537580 736102135 962537580
736102135 962537580 745515037 966898700
745515037 966898700 750441650 966898700
745515037 966898700 745515037 987727267
721821436 962537580 721821436 994639244
647213462 840652875 673723776 854983606
671384774 698921285 713035625 698921285
713035625 698921285 723343838 714543478
723343838 714543478 723343838 736671062
723343838 714543478 748546265 714543478
748546265 714543478 757063185 719159986
757063185 719159986 759518496 719159986
757063185 719159986 757063185 733501145
567627354 626962980 584432113 655055366
584432113 655055366 592192600 655055366
584432113 655055366 584432113 683459561
584432113 683459561 608468274 697267025
757063185 733501145 758527934 778642935
758527934 778642935 760762453 781586717
760762453 781586717 773974979 781586717
760762453 781586717 760762453 806718877
760762453 806718877 760762453 827678677
760762453 827678677 760762453 841681577
760762453 827678677 781863179 827678677
760762453 806718877 789470857 806718877
773974979 781586717 805477341 788716141
805477341 788716141 810627665 795592427
781863179 827678677 804826036 846165628
804826036 846165628 804826036 858810558
804826036 846165628 836394303 846165628
836394303 846165628 850475844 855015960
850475844 855015960 861912009 874413793
861912009 874413793 869888266 894833439
532489893 774479785 536885872 816831461
536885872 816831461 552096213 829452005
608468274 697267025 612993478 740674987
612993478 740674987 612993478 741591345
612993478 740674987 623564665 740674987
612993478 741591345 616990655 761460326
616990655 761460326 630317638 761460326
630317638 761460326 639060307 761460326
630317638 761460326 630317638 770230363
630317638 770230363 631773000 771555890
631773000 771555890 631773000 772294026
631773000 771555890 648510114 771555890
648510114 771555890 648510114 781633495
648510114 771555890 660327283 771555890
660327283 771555890 667900440 784420778
667900440 784420778 672317513 784420778
667900440 784420778 667900440 793625339
616990655 761460326 616990655 782413269
667900440 793625339 696325815 793972518
696325815 793972518 726179402 802653605
672317513 784420778 713609514 789386218
713609514 789386218 736129781 798137980
736129781 798137980 737561931 800562676
737561931 800562676 757913022 800562676
737561931 800562676 737561931 848004790
538732745 735049116 572608161 749380969
572608161 749380969 573231603 750905692
573231603 750905692 573231603 753321687
573231603 750905692 607503294 750905692
538041327 689094214 553242533 722596565
673723776 854983606 676863679 900600871
676863679 900600871 685839425 922860721
685839425 922860721 685839425 926940245
685839425 922860721 703725758 922860721
703725758 922860721 741019358 926404054
741019358 926404054 755534290 955965885
517928250 595607657 567163335 595607657
567163335 595607657 567627354 605578001
567627354 605578001 569601863 605578001
569601863 605578001 577097915 615693231
276780706 474324382 276780706 526008294
869888266 894833439 875886400 941669470
875886400 941669470 878084652 941669470
875886400 941669470 875886400 967987961
878084652 941669470 889721489 962341893
889721489 962341893 917886091 967504435
917886091 967504435 922046013 967504435
922046013 967504435 922046013 970644466
922046013 970644466 938975263 972964701
938975263 972964701 939440170 986700905
922046013 967504435 951132084 967504435
917886091 967504435 917886091 998625723
939440170 986700905 975829442 999443123
312869221 493740655 323351991 536472199
462081989 298033557 507829107 306006195
507829107 306006195 517713915 310658285
517713915 310658285 524407993 316882976
524407993 316882976 533063729 331479879
533063729 331479879 563614251 346327843
416147027 437671471 416147027 491438652
276780706 526008294 296701937 560749518
296701937 560749518 304099447 601957751
304099447 601957751 304099447 621980285
304099447 621980285 304099447 627664225
304099447 621980285 320873481 621980285
304099447 627664225 307772787 650870631
307772787 650870631 316096469 660615435
316096469 660615435 327183337 660615435
320873481 621980285 339425132 644122435
304099447 601957751 345973553 601957751
345973553 601957751 345973553 610250286
345973553 601957751 355287670 601957751
316096469 660615435 316096469 707356695
316096469 707356695 327315968 711469042
327315968 711469042 330923201 711469042
330923201 711469042 333183057 726229812
333183057 726229812 359926589 726229812
359926589 726229812 363035226 744462758
363035226 744462758 363035226 749686389
363035226 749686389 381800293 749686389
381800293 749686389 387680121 769299121
387680121 769299121 390906131 769299121
387680121 769299121 387680121 794318897
387680121 794318897 408704583 798574727
408704583 798574727 408704583 804105891
408704583 798574727 430065966 798574727
408704583 804105891 425408312 809914735
425408312 809914735 431086550 820084742
431086550 820084742 431086550 820466408
431086550 820084742 457204935 820084742
363035226 744462758 391710289 744462758
363035226 749686389 363035226 781839887
363035226 781839887 381442213 803700205
381442213 803700205 385405896 820328437
385405896 820328437 403548944 820328437
385405896 820328437 385405896 839041978
385405896 839041978 404782500 862422540
404782500 862422540 409703444 862422540
404782500 862422540 404782500 889414546
333183057 726229812 333183057 769445780
333183057 769445780 338069411 785181319
338069411 785181319 362768472 785181319
338069411 785181319 338069411 827695766
338069411 827695766 356731670 842070429
404782500 889414546 426828285 913345106
426828285 913345106 435271243 913345106
435271243 913345106 437930893 915684172
437930893 915684172 438912702 915684172
437930893 915684172 437930893 920334425
426828285 913345106 426828285 932618635
426828285 932618635 436249542 932821515
436249542 932821515 454849544 932821515
454849544 932821515 454849544 943042204
454849544 943042204 458846039 943042204
454849544 943042204 454849544 947121532
454849544 947121532 467438044 953201206
467438044 953201206 467438044 954400260
467438044 953201206 471721057 953201206
454849544 932821515 482067936 932821515
482067936 932821515 495977309 933631193
495977309 933631193 512335500 944821477
512335500 944821477 524314012 952857671
524314012 952857671 524314012 958903086
524314012 952857671 544422202 952857671
544422202 952857671 551897873 956769991
551897873 956769991 568685448 956769991
551897873 956769991 551897873 985609973
471721057 953201206 493952409 968734797
493952409 968734797 524014777 981014684
524014777 981014684 539308725 992914052
339425132 644122435 377312958 653727785
377312958 653727785 384986813 671200284
384986813 671200284 385327564 671200284
384986813 671200284 384986813 701119380
385327564 671200284 416429791 677727904
416429791 677727904 416429791 688834661
416429791 677727904 430151070 677727904
430151070 677727904 435735496 687107569
435735496 687107569 455024997 687107569
435735496 687107569 435735496 710460189
416429791 688834661 428381321 714345682
431086550 820466408 444390258 855632496
436249542 932821515 436249542 985088897
436249542 985088897 436249542 995262457
436249542 985088897 446607931 985088897
428381321 714345682 430332651 767323235
430332651 767323235 448004146 786343682
355287670 601957751 379079279 634071089
416147027 491438652 420636891 543268933
420636891 543268933 430179265 551999050
510799042 412566680 514846675 465087530
759696222 861652899 759696222 918702866
263652996 330398998 321695567 330398998
321695567 330398998 340154693 362721053
216942469 353016995 224797496 403779378
224797496 403779378 233111615 404347755
233111615 404347755 253538244 404347755
233111615 404347755 233111615 459997561
764287222 504741729 815104905 512714329
702835463 504337483 725787017 540213354
725787017 540213354 734152855 566139560
734152855 566139560 738028731 566139560
738028731 566139560 745045435 576842051
745045435 576842051 747759170 607136266
747759170 607136266 748546265 611008157
748546265 611008157 748546265 641263517
748546265 641263517 750822344 641263517
748546265 641263517 748546265 648850658
748546265 648850658 770367601 648850658
770367601 648850658 770367601 651601665
770367601 648850658 802271416 648850658
802271416 648850658 811518095 649567335
811518095 649567335 837155658 649567335
837155658 649567335 840424926 672120513
840424926 672120513 840424926 672832950
811518095 649567335 811518095 677699060
811518095 677699060 817583198 677699060
840424926 672120513 870730376 672120513
870730376 672120513 872550940 676012661
840424926 672832950 857542467 687487944
811518095 677699060 811518095 715666105
811518095 715666105 819922552 717772520
819922552 717772520 846817876 717772520
819922552 717772520 819922552 758286058
819922552 758286058 839126991 763224599
839126991 763224599 844484653 775449679
844484653 775449679 845065134 775449679
845065134 775449679 858614357 782885438
858614357 782885438 889311986 782885438
858614357 782885438 858614357 813840648
846817876 717772520 865023664 741028784
865023664 741028784 865023664 751908994
865023664 751908994 872173744 752879049
872173744 752879049 892904937 753573445
892904937 753573445 892904937 764280168
892904937 764280168 892904937 769645972
892904937 764280168 902214045 764280168
892904937 769645972 896727295 778161534
902214045 764280168 919917856 767674347
865023664 741028784 887697171 741028784
919917856 767674347 953489666 769135819
953489666 769135819 957471719 769135819
957471719 769135819 961914841 781156033
961914841 781156033 999095337 783190169
953489666 769135819 953489666 809886152
953489666 809886152 974396070 828414865
974396070 828414865 996233378 831692173
996233378 831692173 997706818 831692173
858614357 813840648 890733123 824780356
890733123 824780356 892395001 824780356
890733123 824780356 890733123 837136158
734152855 566139560 734152855 611085925
892395001 824780356 937751669 826943591
844484653 775449679 844484653 823557858
734152855 611085925 747281334 648208644
770367601 651601665 800176967 674139834
748546265 611008157 805800677 611008157
805800677 611008157 811945929 611008157
805800677 611008157 805800677 639334066
811945929 611008157 837155658 631970911
837155658 631970911 858662367 631970911
858662367 631970911 879079382 671080081
879079382 671080081 879079382 671702008
879079382 671080081 892046598 671080081
892046598 671080081 914148750 698156069
914148750 698156069 956369771 698860574
956369771 698860574 972602368 704170521
972602368 704170521 995132325 704170521
972602368 704170521 972602368 737364355
972602368 737364355 979011386 742909024
892904937 753573445 952972070 753573445
750441650 966898700 793405514 984118651
793405514 984118651 801547588 986022882
181871849 0 242101990 0
242101990 0 246605485 0
246605485 0 272148767 0
272148767 0 280805040 0
280805040 0 280805040 28229880
272148767 0 272148767 30001865
272148767 30001865 273775191 64979058
273775191 64979058 295798375 66063841
295798375 66063841 295798375 67931604
295798375 67931604 298439145 88769447
298439145 88769447 298439145 93963901
298439145 93963901 307449945 93963901
298439145 93963901 298439145 120706925
307449945 93963901 334746127 94196477
334746127 94196477 343137155 94196477
334746127 94196477 334746127 109021080
298439145 88769447 326812950 88769447
343137155 94196477 367705537 102069966
367705537 102069966 367705537 105138280
367705537 105138280 379966563 114068185
379966563 114068185 395877666 114068185
379966563 114068185 379966563 135093211
379966563 135093211 379966563 135711391
379966563 135093211 388575286 135093211
395877666 114068185 414232003 119288679
414232003 119288679 414232003 132984189
414232003 119288679 433686885 119288679
414232003 132984189 415827309 151326585
415827309 151326585 421590068 156768002
421590068 156768002 421590068 158195746
421590068 156768002 430629341 156768002
430629341 156768002 440240469 159443478
440240469 159443478 440240469 179761689
440240469 179761689 440240469 181034703
440240469 179761689 441601453 179761689
367705537 102069966 399700120 102069966
399700120 102069966 399700120 103297508
399700120 102069966 408788766 102069966
408788766 102069966 413058782 102252628
441601453 179761689 473655614 180965063
413058782 102252628 438438476 110557173
379966563 135711391 386123369 165506864
440240469 159443478 476220346 159443478
476220346 159443478 479932417 166956331
479932417 166956331 487761249 179204067
242101990 0 242101990 43344498
242101990 43344498 246605485 48808672
246605485 48808672 251515799 70263762
251515799 70263762 251515799 78679825
251515799 78679825 258003598 78679825
251515799 70263762 261926438 70263762
261926438 70263762 272126443 74638751
251515799 78679825 251515799 97124865
258003598 78679825 258775847 97038831
421590068 158195746 427940707 199425193
427940707 199425193 431589293 218553927
431589293 218553927 450421305 225678198
450421305 225678198 462744088 225678198
462744088 225678198 463137230 233260885
450421305 225678198 450421305 254569622
450421305 254569622 461138319 269681457
461138319 269681457 461138319 274451125
461138319 269681457 481458354 269681457
481458354 269681457 508388076 287310750
508388076 287310750 509983875 289526553
509983875 289526553 532183412 292609657
532183412 292609657 532183412 292872426
532183412 292872426 534079720 292920829
534079720 292920829 534079720 305152713
532183412 292609657 548321116 292609657
548321116 292609657 555503681 292920829
534079720 305152713 543435099 313309150
487761249 179204067 504296556 215156863
504296556 215156863 504296556 216908416
504296556 215156863 521899504 215156863
521899504 215156863 522317626 219423155
522317626 219423155 522317626 221963617
522317626 221963617 535487766 244638952
535487766 244638952 535487766 248122731
535487766 244638952 577812999 244638952
577812999 244638952 579178084 283272570
579178084 283272570 605877079 287594656
605877079 287594656 605877079 288318641
605877079 288318641 610356236 288938188
610356236 288938188 610356236 304341108
605877079 287594656 624311410 287594656
624311410 287594656 637918530 288938188
637918530 288938188 652530069 301030708
652530069 301030708 670711589 301030708
670711589 301030708 675575868 301030708
675575868 301030708 677057644 302173412
677057644 302173412 677057644 304034719
670711589 301030708 670711589 313207190
652530069 301030708 652530069 323235017
677057644 302173412 701125311 302173412
701125311 302173412 705651081 321755372
705651081 321755372 714154534 321755372
714154534 321755372 716617661 328776390
716617661 328776390 716617661 345096334
716617661 345096334 716617661 345972438
716617661 345096334 723439345 345096334
705651081 321755372 705651081 349888518
705651081 349888518 709157031 355088906
716617661 328776390 763678266 328776390
763678266 328776390 783833294 331067279
783833294 331067279 785906539 331067279
783833294 331067279 783833294 367188553
783833294 367188553 794874443 397139942
794874443 397139942 816008380 397778109
816008380 397778109 832691571 397778109
816008380 397778109 816008380 419722912
816008380 419722912 821414787 427250105
821414787 427250105 821414787 428352582
821414787 427250105 823178592 427250105
823178592 427250105 839315012 433422394
839315012 433422394 839315012 440531143
839315012 440531143 839315012 441151482
839315012 440531143 840861502 440531143
840861502 440531143 876879932 442649025
876879932 442649025 880829376 460222034
880829376 460222034 880829376 475241813
880829376 460222034 900796437 460222034
900796437 460222034 900796437 467572947
900796437 460222034 909329613 460222034
880829376 475241813 889217402 501935402
889217402 501935402 889217402 505936655
889217402 501935402 894920450 501935402
894920450 501935402 901306544 523836808
901306544 523836808 901306544 534943976
901306544 534943976 905051302 558024045
905051302 558024045 911445223 576335318
911445223 576335318 911445223 591175796
911445223 591175796 914687324 593888484
914687324 593888484 915044345 606569469
915044345 606569469 915044345 613284189
915044345 613284189 919279360 616992809
919279360 616992809 933772411 616992809
933772411 616992809 933772411 617846375
919279360 616992809 919279360 636564650
919279360 636564650 925627931 651266873
933772411 616992809 954948721 616992809
911445223 576335318 953102687 576335318
953102687 576335318 958182095 606569469
958182095 606569469 985028869 608233810
785906539 331067279 814954265 347486166
814954265 347486166 814954265 354328537
814954265 347486166 835527879 347486166
835527879 347486166 837077318 370219817
837077318 370219817 842429642 397067402
901306544 523836808 948350563 523836808
948350563 523836808 966665337 524969689
966665337 524969689 968183163 540857921
968183163 540857921 973313473 540857921
968183163 540857921 968183163 549271490
968183163 549271490 976128156 570565450
925627931 651266873 962654201 662925590
962654201 662925590 972608227 667977402
535487766 248122731 560764402 272036653
839315012 433422394 889408594 433422394
985028869 608233810 991679351 652095017
991679351 652095017 992072318 658168998
610356236 304341108 635704664 332205507
635704664 332205507 635808410 332205507
635704664 332205507 635704664 345014783
635704664 345014783 645082547 375917320
645082547 375917320 663615366 393401464
295798375 66063841 352046114 66063841
522317626 219423155 581032960 219423155
705513046 439465820 765782650 439465820
759696222 918702866 788392008 950431173
788392008 950431173 788392008 950668714
788392008 950668714 789145681 954209857
788392008 950431173 820507653 950431173
820507653 950431173 830072777 959280806
830072777 959280806 830072777 968855156
830072777 968855156 848158326 971716806
830072777 959280806 861792042 959280806
861792042 959280806 870406689 999927103
514846675 465087530 555461727 485374765
555461727 485374765 571003247 506824613
196876719 251271170 247558047 261502882
320793260 189108746 377304919 193556346
377304919 193556346 382485680 238356231
435735496 710460189 453618249 753657036
453618249 753657036 493896867 771254077
552096213 829452005 579179595 863498134
579179595 863498134 581153408 869900812
493896867 771254077 507085386 819585896
507085386 819585896 510544400 833075113
510544400 833075113 526961180 833075113
526961180 833075113 533490950 848800910
510544400 833075113 510544400 878846360
510544400 878846360 513048244 888651242
513048244 888651242 520026313 902668217
520026313 902668217 537167705 902668217
537167705 902668217 537167705 903168491
537167705 902668217 555852615 902668217
520026313 902668217 520026313 925259278
520026313 925259278 520026313 926980127
520026313 925259278 533563163 925259278
258775847 97038831 266643213 151022679
74495173 120453319 84964600 172027671
84964600 172027671 98028783 182323169
581153408 869900812 613462039 900555070
613462039 900555070 623189146 909053529
623189146 909053529 652091839 909053529
623189146 909053529 623189146 939832826
623189146 939832826 638986153 953199443
638986153 953199443 645730277 953199443
638986153 953199443 638986153 982873788
638986153 982873788 678322259 983908696
678322259 983908696 705307112 997541415
645730277 953199443 658697456 982708411
98028783 182323169 99994866 243445395
99994866 243445395 100455063 246217142
100455063 246217142 110479144 246217142
110479144 246217142 112942486 264339606
112942486 264339606 136012783 264339606
112942486 264339606 112942486 289353116
136012783 264339606 168076640 275110777
168076640 275110777 174880179 314290215
174880179 314290215 178891692 314290215
174880179 314290215 174880179 363559861
571003247 506824613 631696960 509321345
631696960 509321345 650304339 527951184
650304339 527951184 666874744 540010119
666874744 540010119 696664510 556675480
318176747 451088483 362742194 471045889
362742194 471045889 366218093 513926806
765782650 439465820 787734576 482659713
787734576 482659713 832489049 495964347
832489049 495964347 839235859 555435068
839235859 555435068 858248082 558347949
858248082 558347949 858248082 558560733
858248082 558347949 862936267 558347949
862936267 558347949 877155749 612132721
890733123 837136158 927086826 870074623
927086826 870074623 931853685 929506763
931853685 929506763 939269042 931158929
939269042 931158929 960186244 963633957
960186244 963633957 990273131 966989611
759788445 522959028 807005253 545240834
807005253 545240834 813078910 597401712
813078910 597401712 813078910 597759483
813078910 597401712 830189094 597401712
830189094 597401712 836186319 598146094
709157031 355088906 715581825 419052003
0 77048522 0 147524337
0 147524337 0 147836061
0 147524337 10644713 147524337
10644713 147524337 18833933 147836061
0 147836061 0 173363380
0 173363380 5310356 173363380
0 173363380 0 179290694
0 179290694 0 186798994
0 186798994 4004251 186798994
0 186798994 0 203256448
0 203256448 0 211386583
0 211386583 15552099 211386583
0 211386583 0 228033328
0 228033328 0 230640050
0 228033328 19175391 228033328
19175391 228033328 27049138 230640050
0 179290694 33608006 179290694
33608006 179290694 42433660 203256448
27049138 230640050 62841086 231221799
0 230640050 0 290115335
0 290115335 0 305286736
0 305286736 34278301 305286736
0 290115335 40612919 290115335
40612919 290115335 85840857 295432466
85840857 295432466 88311732 300458177
88311732 300458177 88311732 304797024
88311732 304797024 90044081 304797024
88311732 304797024 88311732 309339610
88311732 300458177 100455063 300458177
100455063 300458177 109761438 323671491
109761438 323671491 111878250 323671491
109761438 323671491 109761438 333418414
88311732 309339610 93798873 340176131
93798873 340176131 97136507 344863376
0 305286736 0 358207579
0 358207579 0 359542939
0 358207579 2740011 358207579
2740011 358207579 24361059 359542939
24361059 359542939 56439151 377477773
56439151 377477773 76051444 377477773
76051444 377477773 82414174 378794184
82414174 378794184 82414174 398793674
82414174 398793674 100332091 401343769
56439151 377477773 56439151 410032184
100332091 401343769 100513511 435933686
100513511 435933686 101754449 454522994
101754449 454522994 103030484 458260404
103030484 458260404 103030484 475451802
103030484 475451802 104825788 483459424
103030484 458260404 122136025 458260404
104825788 483459424 107865957 503705601
107865957 503705601 107865957 508262637
107865957 508262637 107911798 513726500
107865957 503705601 127238750 503705601
127238750 503705601 129075941 518932867
56439151 410032184 74261684 427451092
82414174 378794184 128025042 378794184
128025042 378794184 140022972 389041489
140022972 389041489 160268735 389041489
160268735 389041489 161014687 414219061
161014687 414219061 161014687 432779702
161014687 432779702 161014687 435938341
161014687 432779702 164734276 432779702
161014687 414219061 195658224 414219061
195658224 414219061 216623398 430394861
216623398 430394861 221815192 430394861
140022972 389041489 140022972 434575896
216623398 430394861 216623398 476477204
0 359542939 0 412965373
0 412965373 0 424304325
0 424304325 0 430325674
0 430325674 0 438051970
0 438051970 0 447737125
0 447737125 0 454952970
0 454952970 0 456377270
0 456377270 0 465373040
0 465373040 0 477640431
0 477640431 0 483238915
0 483238915 0 496533641
0 456377270 18024314 456377270
0 483238915 22846938 483238915
0 412965373 23866336 412965373
0 438051970 27090325 438051970
27090325 438051970 27318923 447737125
27318923 447737125 27406896 454952970
27406896 454952970 39119798 465373040
39119798 465373040 46083212 465381392
46083212 465381392 57556598 465381392
57556598 465381392 57556598 476982907
46083212 465381392 46083212 477640431
23866336 412965373 39692160 427451092
39692160 427451092 39692160 430325674
22846938 483238915 44954882 496533641
44954882 496533641 65229359 505229098
57556598 465381392 95271837 465381392
57556598 476982907 92495403 483459424
92495403 483459424 92495403 488831005
0 496533641 0 542512545
0 542512545 0 550687614
0 550687614 5479204 550687614
0 550687614 0 564258145
0 564258145 0 565547483
0 564258145 18537970 564258145
18537970 564258145 30986015 565547483
0 565547483 0 602126547
0 602126547 0 618050414
0 618050414 0 628533241
0 628533241 0 631482948
0 628533241 35209509 628533241
35209509 628533241 38399933 631482948
0 602126547 39301700 602126547
39301700 602126547 43820031 613930866
43820031 613930866 43820031 618050414
43820031 613930866 70827922 613930866
70827922 613930866 76018042 616038305
76018042 616038305 76018042 647000759
76018042 647000759 96460260 647000759
76018042 647000759 76018042 674927115
96460260 647000759 112925272 669323315
112925272 669323315 133529846 673946245
133529846 673946245 142257979 673946245
142257979 673946245 142257979 678006163
142257979 678006163 146192179 678006163
142257979 673946245 153849932 673946245
153849932 673946245 163933598 675765945
142257979 678006163 142257979 694125765
133529846 673946245 133529846 699166611
76018042 616038305 116418341 616038305
116418341 616038305 126237100 616038305
116418341 616038305 116418341 637373233
126237100 616038305 151854198 623134362
151854198 623134362 153849932 652884233
153849932 652884233 153849932 653482917
153849932 653482917 161563892 653482917
161563892 653482917 163933598 657888449
163933598 657888449 188413134 657888449
188413134 657888449 189237421 667369005
189237421 667369005 189237421 673566393
189237421 673566393 196447395 675650814
196447395 675650814 198581173 675650814
198581173 675650814 223270937 680310485
223270937 680310485 228902226 680310485
223270937 680310485 223270937 692063139
153849932 652884233 193275066 652884233
0 542512545 47688465 542512545
142257979 694125765 148981504 739910134
148981504 739910134 155145362 740244021
189237421 667369005 242124881 667369005
0 631482948 0 685650190
0 685650190 0 695612723
0 695612723 5738197 695612723
0 695612723 0 708266776
0 708266776 0 715578736
0 715578736 0 721500594
0 721500594 9147046 721500594
0 715578736 15095330 715578736
0 685650190 16521496 685650190
0 721500594 0 747045839
0 747045839 44456010 747045839
44456010 747045839 71130809 748634991
71130809 748634991 78161336 750540286
78161336 750540286 94892867 750540286
78161336 750540286 78161336 768574570
78161336 768574570 81114017 768574570
78161336 768574570 78161336 776884582
78161336 776884582 86958798 780265333
86958798 780265333 102825983 784629601
102825983 784629601 112784292 789103027
112784292 789103027 112784292 811012994
112784292 789103027 137647440 789103027
137647440 789103027 139724270 789103027
137647440 789103027 137647440 807533423
94892867 750540286 123603895 751542488
139724270 789103027 167336641 798862931
167336641 798862931 171877726 828669754
171877726 828669754 171877726 834117401
171877726 834117401 196246156 834117401
196246156 834117401 208588680 846481796
208588680 846481796 208588680 846878539
208588680 846481796 216828339 846481796
171877726 834117401 171877726 861697986
171877726 828669754 203191451 828669754
171877726 861697986 192338689 877657587
216828339 846481796 241518075 862304959
0 708266776 47572752 708266776
47572752 708266776 61284155 726200240
61284155 726200240 61284155 730715024
61284155 726200240 84360308 726200240
196447395 675650814 196447395 730779322
196447395 730779322 198807304 731590577
198807304 731590577 198807304 738216070
198807304 738216070 221413933 742471370
221413933 742471370 224204050 747635357
192338689 877657587 207734567 918070464
207734567 918070464 238074865 918070464
238074865 918070464 247475309 925209869
247475309 925209869 247475309 934733592
207734567 918070464 207734567 951550805
207734567 951550805 207734567 956707016
207734567 951550805 223952156 951550805
247475309 925209869 283073685 925209869
283073685 925209869 283073685 953289712
216623398 476477204 224827573 527341158
224827573 527341158 224827573 533984006
224827573 533984006 224827573 536310931
224827573 533984006 233681533 533984006
233681533 533984006 236350451 539203646
236350451 539203646 252467692 539203646
236350451 539203646 236350451 556864796
236350451 556864796 238285257 566009500
224827573 527341158 246248127 527341158
246248127 527341158 246248127 533152436
246248127 527341158 260287430 527341158
238285257 566009500 273069397 566009500
273069397 566009500 274897327 601492546
238285257 566009500 238285257 604328501
238285257 604328501 261557379 604328501
238285257 604328501 238285257 630836652
238285257 630836652 242510913 630836652
242510913 630836652 258104471 634925686
238285257 630836652 238285257 652787180
258104471 634925686 276074931 645094418
241518075 862304959 255065838 909491606
255065838 909491606 282833339 913244473
16521496 685650190 56279930 706869682
164734276 432779702 167256127 491592129
167256127 491592129 167256127 495735485
167256127 495735485 168035079 499878029
168035079 499878029 176726098 499878029
167256127 491592129 180043569 491592129
176726098 499878029 186529693 507113374
186529693 507113374 204487780 507113374
204487780 507113374 210947804 509157140
210947804 509157140 215325621 509157140
186529693 507113374 186529693 554902175
186529693 554902175 209186400 557924460
209186400 557924460 210947804 557924460
209186400 557924460 209186400 587230607
209186400 587230607 216822612 595926431
283073685 953289712 333823002 964066536
0 747045839 0 809822496
0 809822496 0 810311837
0 810311837 0 811917321
0 811917321 2070488 811917321
0 810311837 4017818 810311837
0 811917321 0 830493073
0 830493073 0 845240366
0 809822496 32590568 809822496
32590568 809822496 42628453 821548542
42628453 821548542 42628453 830493073
0 845240366 32906801 845240366
42628453 821548542 76624435 821548542
0 845240366 0 887211463
0 887211463 0 890092982
0 887211463 4054451 887211463
0 890092982 0 912615784
0 912615784 0 917415047
0 917415047 0 940832509
0 940832509 0 942069560
0 942069560 0 946291237
4054451 887211463 25137888 890092982
0 917415047 28945665 917415047
28945665 917415047 36713787 940832509
36713787 940832509 39301814 942069560
39301814 942069560 42017934 946291237
25137888 890092982 46329153 906202296
46329153 906202296 46329153 912615784
46329153 906202296 69707037 906202296
76624435 821548542 82080808 859549594
82080808 859549594 105975700 875228680
105975700 875228680 119508066 893021184
0 946291237 27412036 974800442
27412036 974800442 29882533 977091852
29882533 977091852 29882533 980440593
29882533 977091852 76991015 977091852
76991015 977091852 89245086 987153779
42017934 946291237 94244365 950997852
94244365 950997852 94244365 962183200
94244365 962183200 103095234 967543510
103095234 967543510 103095234 975701761
94244365 950997852 111081848 950997852
111081848 950997852 114860703 954100791
114860703 954100791 128429918 960744397
128429918 960744397 128429918 961594796
128429918 961594796 155239557 967543510
155239557 967543510 161396222 967543510
155239557 967543510 155239557 983199206
128429918 960744397 164113512 960744397
164113512 960744397 194836819 963724609
283073685 925209869 346194439 925209869
346194439 925209869 354665299 944186462
168035079 499878029 168035079 566857518
30986015 565547483 67285301 598758199
67285301 598758199 117165980 607877842
117165980 607877842 158342925 612021201
996233378 831692173 996233378 902554479
723343838 736671062 745741716 785224043
568685448 956769991 618284288 979798659
296546449 274336427 335498421 310225241
354665299 944186462 418143064 957791082
418143064 957791082 424175079 968945004
62841086 231221799 99066315 272597319
356731670 842070429 376010035 900726299
32906801 845240366 74684213 881964951
280805040 0 359943101 0
359943101 0 361626892 0
361626892 0 366328240 0
359943101 0 359943101 5323258
366328240 0 372459789 0
359943101 5323258 361626892 18895746
372459789 0 389379813 0
389379813 0 389379813 7988670
389379813 0 409980630 0
409980630 0 409980630 18498014
361626892 18895746 366328240 35219221
366328240 35219221 366328240 35646008
366328240 35219221 372459789 35219221
409980630 0 432695653 0
432695653 0 434432453 0
434432453 0 443194082 0
443194082 0 443194082 2117934
443194082 0 454905703 0
454905703 0 456914945 0
456914945 0 458180338 0
458180338 0 458180338 5828781
458180338 0 467643417 0
456914945 0 456914945 18702550
467643417 0 486856164 0
486856164 0 494227295 0
494227295 0 494227295 5552057
432695653 0 432695653 23638605
432695653 23638605 434432453 35507030
434432453 35507030 439819903 37654565
439819903 37654565 454905703 37654565
439819903 37654565 439819903 62593413
454905703 37654565 471246952 46302800
471246952 46302800 471246952 53956882
471246952 53956882 480068582 53956882
471246952 46302800 486856164 46302800
456914945 18702550 467643417 36982159
471246952 53956882 471246952 86665989
471246952 86665989 480684251 108809727
480068582 53956882 500641861 67943254
500641861 67943254 508606675 70778550
508606675 70778550 508606675 75161433
508606675 70778550 521518189 70778550
439819903 62593413 453261324 87862931
494227295 0 541488093 0
541488093 0 541488093 3518011
541488093 0 566384397 0
566384397 0 567282660 0
567282660 0 567282660 22439070
567282660 0 600576932 0
600576932 0 600576932 32245585
567282660 22439070 567389840 62821954
567389840 62821954 567389840 67749394
567389840 62821954 581446255 62821954
581446255 62821954 619029816 67823066
619029816 67823066 634264744 67823066
634264744 67823066 657240059 67823066
657240059 67823066 660235669 68371583
634264744 67823066 634264744 98611344
619029816 67823066 619029816 102068798
619029816 102068798 621529239 121074109
621529239 121074109 630596952 121074109
621529239 121074109 621529239 143479928
621529239 143479928 633533282 162320886
633533282 162320886 653043932 162320886
633533282 162320886 633533282 183802696
633533282 183802696 639932168 187960571
639932168 187960571 639932168 204587932
639932168 187960571 678776689 187960571
678776689 187960571 684547101 215280224
684547101 215280224 693767383 223785321
693767383 223785321 696697478 223785321
696697478 223785321 720516162 234546298
720516162 234546298 720516162 236232752
720516162 234546298 732426752 234546298
732426752 234546298 733571432 240198450
733571432 240198450 733571432 254273482
733571432 254273482 733571432 263838176
720516162 236232752 732289209 246966035
733571432 254273482 760237043 254273482
760237043 254273482 764908033 262286880
764908033 262286880 776546293 262286880
764908033 262286880 764908033 286215323
733571432 240198450 769336020 240198450
769336020 240198450 784668659 251947574
764908033 286215323 796764188 292967976
796764188 292967976 796764188 298987345
796764188 292967976 831998852 292967976
831998852 292967976 868020094 296023762
868020094 296023762 868020094 310528951
868020094 310528951 877933983 310528951
877933983 310528951 895937479 314190880
895937479 314190880 895937479 322021939
895937479 314190880 906895095 314190880
868020094 310528951 868020094 333251125
566384397 0 566384397 42646695
566384397 42646695 591222439 52681745
693767383 223785321 693767383 267423435
693767383 267423435 701987114 281466047
701987114 281466047 702784961 283725119
702784961 283725119 703206491 283725119
702784961 283725119 702784961 293264841
660235669 68371583 693319628 79293196
693319628 79293196 695223676 116962250
695223676 116962250 695646796 140985950
695646796 140985950 695646796 148992897
695646796 140985950 722259687 140985950
722259687 140985950 743889883 143165703
743889883 143165703 743889883 143986360
743889883 143986360 746217423 158005742
746217423 158005742 749050102 169425531
749050102 169425531 749050102 174863621
695646796 148992897 701354080 172792621
701354080 172792621 701354080 175537143
701354080 172792621 721505159 172792621
749050102 169425531 786166081 169425531
786166081 169425531 786166081 171201564
786166081 169425531 807286127 169425531
807286127 169425531 821557936 169425531
807286127 169425531 807286127 188902904
786166081 171201564 805040058 188902904
805040058 188902904 805040058 194537224
805040058 194537224 810525048 225304380
821557936 169425531 843936685 184795203
843936685 184795203 859840164 185906630
859840164 185906630 878539537 189736638
878539537 189736638 878842422 189736638
878539537 189736638 878539537 228308505
749050102 174863621 767068446 200625101
767068446 200625101 769336020 217045783
769336020 217045783 770572185 217045783
770572185 217045783 773521861 225304380
773521861 225304380 773521861 226651869
773521861 226651869 774378292 226651869
773521861 226651869 773521861 233352611
773521861 233352611 784668659 237186632
784668659 237186632 807509674 237186632
906895095 314190880 910836274 354443062
910836274 354443062 918206697 394989830
918206697 394989830 918206697 396979733
918206697 394989830 933833234 394989830
733571432 263838176 748490639 298603654
743889883 143165703 794777820 143165703
794777820 143165703 807286127 153664631
807286127 153664631 835422224 153664631
835422224 153664631 843936685 158343059
843936685 158343059 845514066 158343059
845514066 158343059 881158520 168342947
881158520 168342947 882377910 168342947
881158520 168342947 881158520 183194980
807509674 237186632 849960328 246146792
849960328 246146792 849960328 246416675
849960328 246146792 857894148 246146792
849960328 246416675 855378528 288723714
409980630 18498014 425285356 55366644
425285356 55366644 430308315 56674663
933833234 394989830 969322018 412138500
969322018 412138500 969322018 413244063
969322018 412138500 974435209 412138500
878842422 189736638 917650907 206454067
721505159 172792621 740113074 210653400
740113074 210653400 741584788 210653400
740113074 210653400 740113074 212407845
868020094 296023762 926380445 296023762
926380445 296023762 952957903 306311158
952957903 306311158 970162977 332355746
970162977 332355746 985946948 332355746
970162977 332355746 970162977 348440179
970162977 348440179 972979384 351864794
985946948 332355746 999659031 345488241
521518189 70778550 521863888 129363048
521863888 129363048 565996351 140560363
565996351 140560363 565996351 153754813
565996351 153754813 566870911 161048791
565996351 140560363 588474048 140560363
566870911 161048791 586232170 182144538
586232170 182144538 587686776 183254452
587686776 183254452 601652417 183254452
601652417 183254452 601652417 196210458
587686776 183254452 587686776 197695414
601652417 183254452 616467332 183254452
480684251 108809727 516604139 133247731
630596952 121074109 682709673 133599854
600576932 0 676046547 0
676046547 0 676046547 1679301
676046547 0 684405863 0
684405863 0 708537828 0
708537828 0 708537828 2534269
708537828 0 722948119 0
722948119 0 736960940 0
736960940 0 743111618 0
743111618 0 751111676 0
736960940 0 736960940 9011284
751111676 0 751111676 19193118
736960940 9011284 743111618 29249574
722948119 0 722948119 32854267
684405863 0 684405863 34291722
751111676 0 791791213 0
791791213 0 812180355 0
812180355 0 812397663 0
812397663 0 812397663 8320777
812397663 0 823861988 0
791791213 0 791791213 22912652
791791213 22912652 795366702 36044078
795366702 36044078 812180355 36044078
795366702 36044078 795366702 55875732
795366702 55875732 800315885 55875732
800315885 55875732 800315885 56911948
800315885 55875732 805859550 55875732
795366702 55875732 795366702 66452794
812180355 36044078 823861988 49584434
795366702 66452794 802779940 85424516
802779940 85424516 806790649 85424516
802779940 85424516 802779940 90138179
823861988 49584434 843408513 60099094
823861988 0 856148827 0
856148827 0 875859039 0
875859039 0 877531005 0
877531005 0 896570107 0
896570107 0 896570107 743275
896570107 0 900865118 0
900865118 0 900865118 21996835
875859039 0 875859039 23578658
875859039 23578658 877531005 41865025
843408513 60099094 868301746 70738586
868301746 70738586 886185742 81727258
886185742 81727258 897275197 92467588
897275197 92467588 907958123 92467588
907958123 92467588 922522208 92467588
922522208 92467588 931590954 117465603
931590954 117465603 944671167 117465603
931590954 117465603 931590954 142160223
931590954 142160223 943616086 154586742
943616086 154586742 944328927 154586742
943616086 154586742 943616086 155486279
943616086 155486279 950309901 178038860
950309901 178038860 950309901 182163218
950309901 178038860 968583753 178038860
907958123 92467588 907958123 127745732
897275197 92467588 897275197 133291083
900865118 21996835 903550311 64457859
903550311 64457859 941528505 69249735
941528505 69249735 941528505 80471012
941528505 69249735 964303663 69249735
964303663 69249735 969992189 89078943
969992189 89078943 977266420 90099202
977266420 90099202 977924261 90099202
977266420 90099202 977266420 95584617
684405863 34291722 697687164 66548546
697687164 66548546 730958636 78715416
730958636 78715416 730958636 78731615
730958636 78715416 742063710 78715416
856148827 0 856148827 47344202
742063710 78715416 779023550 90715954
779023550 90715954 781129467 90715954
779023550 90715954 779023550 97494566
900865118 0 952068816 0
952068816 0 965132342 16641434
965132342 16641434 965132342 33780356
965132342 16641434 987218515 16641434
987218515 16641434 989614146 22496443
989614146 22496443 995191571 42767909
995191571 42767909 996574050 43528931
802779940 90138179 834476587 119104662
834476587 119104662 861630184 134649691
861630184 134649691 861630184 144871470
861630184 134649691 880264222 134649691
880264222 134649691 896909491 156975409
676046547 1679301 683698011 55656487
968583753 178038860 973178005 244693905
973178005 244693905 981022082 270414062
639932168 204587932 663263918 260729394
663263918 260729394 664246155 279075832
541488093 3518011 564628222 62032277
366218093 513926806 380264440 582237278
380264440 582237278 408838476 587544377
408838476 587544377 416470342 587544377
408838476 587544377 408838476 600843014
181871849 31856993 208911256 90071127
208911256 90071127 221134694 96046149
221134694 96046149 233441794 96046149
221134694 96046149 221134694 111262862
221134694 111262862 251099048 150161187
723439345 345096334 758156017 398749533
323351991 536472199 361029321 588323290
630876013 673617465 721610452 673617465
721610452 673617465 734478598 692939592
115607759 46149404 163614141 90267239
163614141 90267239 200009606 106226792
224204050 747635357 258846912 805414450
258846912 805414450 259108934 807433940
259108934 807433940 259108934 828190524
259108934 807433940 289140554 807433940
289140554 807433940 289140554 816178679
289140554 807433940 299968111 807433940
289140554 816178679 299177135 841224492
299177135 841224492 304052093 852951138
304052093 852951138 304052093 855035338
304052093 852951138 310717535 852951138
304052093 855035338 309440349 887063757
379079279 634071089 463473393 642429630
198807304 731590577 291777086 731590577
327315968 711469042 327315968 805409488
444390258 855632496 493139394 903236796
493139394 903236796 493139394 904555154
493139394 903236796 499241772 903236796
658109887 600714626 712391720 657842299
712391720 657842299 716913331 658143424
