1458
0 0 0 16842297
0 0 19879580 0
19879580 0 19879580 16842297
19879580 0 55185643 0
55185643 0 55185643 14711737
55185643 0 70571979 0
70571979 0 77548389 0
77548389 0 77548389 10839373
77548389 0 95071309 0
95071309 0 95410589 0
95071309 0 95071309 4454736
95071309 4454736 95410589 20679156
95410589 0 112178583 0
112178583 0 126718902 0
126718902 0 126718902 13986000
112178583 0 112178583 18026229
126718902 0 148195902 0
148195902 0 151599322 0
151599322 0 155536070 0
155536070 0 159363970 0
151599322 0 151599322 7324107
159363970 0 168425037 0
151599322 7324107 155536070 28781134
155536070 28781134 159363970 43091089
168425037 0 195176880 0
195176880 0 201237046 0
201237046 0 207841745 0
207841745 0 207841745 14998356
207841745 0 225731629 0
225731629 0 225731629 7154569
225731629 0 236747576 0
236747576 0 236747576 3209979
236747576 0 250164007 0
250164007 0 254645989 0
254645989 0 265720069 0
265720069 0 273383053 0
273383053 0 281183319 0
250164007 0 250164007 14668248
250164007 14668248 254645989 17948622
254645989 17948622 265720069 30638154
281183319 0 281183319 25035809
273383053 0 273383053 26520802
195176880 0 195176880 28865076
195176880 28865076 201237046 30651159
281183319 0 315031404 0
265720069 30638154 270942452 63147438
270942452 63147438 290318861 63929335
290318861 63929335 292273971 63929335
290318861 63929335 290318861 79105355
290318861 79105355 296037183 88634034
296037183 88634034 296037183 96979824
296037183 96979824 306444275 96979824
296037183 88634034 311336275 88634034
311336275 88634034 311336275 91443156
311336275 88634034 318769551 88634034
318769551 88634034 326645451 93019519
326645451 93019519 326915914 105233409
159363970 43091089 170936241 70571580
170936241 70571580 180500178 83808691
180500178 83808691 180500178 92693404
180500178 83808691 216225743 83808691
315031404 0 315031404 40506545
201237046 30651159 224040051 52556049
224040051 52556049 231048513 54431206
296037183 96979824 296037183 142057769
296037183 142057769 307432583 147260650
307432583 147260650 307432583 161481295
307432583 161481295 314226619 164566899
314226619 164566899 314226619 170803912
314226619 164566899 331642949 164566899
55185643 14711737 64077276 51956335
64077276 51956335 73969656 82734534
73969656 82734534 84774381 82734534
73969656 82734534 73969656 123353394
73969656 123353394 88102398 128689940
88102398 128689940 88102398 141324432
88102398 128689940 100752469 128689940
100752469 128689940 100752469 132203345
100752469 128689940 110385223 128689940
110385223 128689940 113362191 149948748
113362191 149948748 118391921 149948748
118391921 149948748 127067164 154726618
127067164 154726618 127067164 172390047
127067164 154726618 145431709 154726618
127067164 172390047 139345166 180607587
139345166 180607587 148750647 180607587
139345166 180607587 139345166 204256526
145431709 154726618 153839804 177699438
153839804 177699438 163169444 179827198
163169444 179827198 170847062 179827198
163169444 179827198 163169444 201534999
163169444 201534999 168992835 203885348
113362191 149948748 113362191 186867982
168992835 203885348 207483273 203885348
207483273 203885348 227480966 224179471
227480966 224179471 233205001 242165580
233205001 242165580 247201767 242165580
233205001 242165580 233205001 256812813
233205001 256812813 249930359 260883773
249930359 260883773 254546807 261189996
254546807 261189996 254546807 291399315
254546807 291399315 267505206 301693081
267505206 301693081 267505206 326972027
267505206 326972027 270505820 326972027
267505206 326972027 267505206 333300707
267505206 333300707 275584718 350090921
275584718 350090921 295670242 350090921
267505206 301693081 298171174 301693081
298171174 301693081 303718736 303239119
303718736 303239119 303718736 314744594
303718736 303239119 329458898 303239119
275584718 350090921 275584718 386090824
275584718 386090824 288978168 403496562
288978168 403496562 288978168 415173889
288978168 415173889 291180344 422539399
291180344 422539399 291180344 423715244
291180344 422539399 307460005 422539399
303718736 314744594 324814342 332560374
324814342 332560374 331298426 364465917
331298426 364465917 331298426 382600478
331298426 382600478 336601134 383993015
336601134 383993015 348420259 391953428
348420259 391953428 355688406 391953428
355688406 391953428 371504481 398150455
371504481 398150455 372019071 408753912
372019071 408753912 377966000 408753912
377966000 408753912 391264889 410143579
391264889 410143579 391264889 422483626
391264889 410143579 414112266 410143579
414112266 410143579 414112266 410669568
414112266 410669568 435271748 414044809
435271748 414044809 442816754 419481239
442816754 419481239 444754847 419481239
442816754 419481239 442816754 431224817
442816754 431224817 449284768 436365882
449284768 436365882 449284768 462080026
414112266 410143579 440193106 410143579
372019071 408753912 372019071 437870360
372019071 437870360 374534665 459165035
374534665 459165035 374962062 484350252
374962062 484350252 378693136 484350252
374962062 484350252 374962062 489440920
348420259 391953428 348420259 423785425
374962062 489440920 376392853 520132672
391264889 422483626 405345679 444376898
405345679 444376898 411501384 465442685
411501384 465442685 422600646 484884366
422600646 484884366 422600646 490257927
422600646 490257927 428918876 493061981
428918876 493061981 429689194 493061981
422600646 484884366 433377678 484884366
429689194 493061981 436319882 507485679
436319882 507485679 448632425 507485679
436319882 507485679 436319882 523785566
428918876 493061981 428918876 523276368
331298426 364465917 371570579 364465917
288978168 403496562 330290436 403496562
330290436 403496562 330369615 403496562
330290436 403496562 330290436 408745175
371570579 364465917 395831725 381550543
168992835 203885348 168992835 246674741
168992835 246674741 168992835 249862827
168992835 249862827 171630478 264014046
171630478 264014046 183776284 264014046
183776284 264014046 185124869 274621348
185124869 274621348 193090921 274621348
193090921 274621348 202872709 275005576
202872709 275005576 202872709 281104511
202872709 275005576 211342621 275005576
185124869 274621348 185124869 291347779
185124869 291347779 185643978 301948523
168992835 246674741 193663967 246674741
171630478 264014046 171630478 297611292
185643978 301948523 190243683 341537893
190243683 341537893 194646539 341537893
395831725 381550543 433547869 388412745
254546807 261189996 299145041 261189996
299145041 261189996 299145041 271847970
299145041 271847970 303718736 276510297
303718736 276510297 325240270 276510297
325240270 276510297 325240270 285158855
325240270 285158855 329458898 292017283
329458898 292017283 334814586 292017283
334814586 292017283 334814586 295642376
334814586 295642376 353826151 296050213
353826151 296050213 379297955 305521317
379297955 305521317 383957357 305521317
379297955 305521317 379297955 316014978
148195902 0 148195902 46875766
376392853 520132672 392834962 551878394
392834962 551878394 424735304 556476123
424735304 556476123 432684820 576401455
432684820 576401455 436296329 578433642
436296329 578433642 454131691 578433642
454131691 578433642 454131691 583787161
454131691 578433642 480815578 578433642
436296329 578433642 436296329 612387735
436296329 612387735 467140404 612438880
467140404 612438880 467140404 612972040
467140404 612438880 477589042 612438880
467140404 612972040 468935749 647827819
468935749 647827819 470293364 682431569
470293364 682431569 471822863 702254753
477589042 612438880 493349233 641367151
493349233 641367151 517108790 653050258
471822863 702254753 518238613 703480186
518238613 703480186 553122703 703480186
553122703 703480186 553122703 708663661
553122703 703480186 567087413 703480186
567087413 703480186 574127289 708446506
553122703 708663661 553559751 738598159
553559751 738598159 553559751 741657689
553559751 738598159 564610334 738598159
518238613 703480186 518238613 751238290
518238613 751238290 521863749 756049565
521863749 756049565 535820798 756049565
535820798 756049565 535820798 765464336
535820798 756049565 545499912 756049565
535820798 765464336 538298662 773682024
538298662 773682024 538455297 773682024
538455297 773682024 538455297 773731054
538455297 773682024 542769763 773682024
542769763 773682024 545139142 781974093
545139142 781974093 545139142 790647230
545139142 790647230 552791295 790647230
545139142 790647230 545139142 800432639
545139142 800432639 558845348 805939252
558845348 805939252 569241937 805939252
558845348 805939252 558845348 819022797
558845348 819022797 571776204 819022797
558845348 819022797 558845348 837274147
558845348 837274147 562080759 850622158
562080759 850622158 592449560 850622158
538298662 773682024 538298662 812916620
571776204 819022797 603251879 827936079
603251879 827936079 617800365 829135349
617800365 829135349 621811627 839164087
621811627 839164087 636229260 842144305
636229260 842144305 636229260 844204869
636229260 844204869 636229260 849021130
636229260 849021130 642840832 851005651
642840832 851005651 643401921 851005651
642840832 851005651 642840832 877353062
642840832 877353062 663853383 884921360
643401921 851005651 668359889 859262685
636229260 844204869 670446551 844204869
663853383 884921360 688024249 900237614
688024249 900237614 713863745 914838108
713863745 914838108 713863745 943487301
713863745 943487301 722413225 943487301
722413225 943487301 728376703 950014857
728376703 950014857 753281452 950014857
753281452 950014857 754686325 953187865
713863745 943487301 713863745 970822089
713863745 914838108 743205537 914838108
743205537 914838108 743205537 926372894
743205537 914838108 764385004 914838108
743205537 926372894 754767447 939708498
754767447 939708498 754767447 942249278
754767447 939708498 772598112 939708498
772598112 939708498 794473897 946001139
794473897 946001139 809081999 946001139
809081999 946001139 809081999 954005528
809081999 946001139 818055653 946001139
818055653 946001139 820957662 957040343
820957662 957040343 820957662 962841252
820957662 957040343 834968187 957040343
713863745 970822089 728376703 987786838
794473897 946001139 794473897 979187738
562080759 850622158 562080759 893147547
562080759 893147547 574126556 898686302
574126556 898686302 585976113 910485254
585976113 910485254 597875327 910485254
585976113 910485254 585976113 924686813
585976113 924686813 597756930 924686813
585976113 924686813 585976113 942449587
585976113 942449587 591613397 976874329
591613397 976874329 591613397 989095211
591613397 976874329 618278694 976874329
618278694 976874329 637863393 988213817
592449560 850622158 601206893 884980626
521863749 756049565 521863749 800432639
521863749 800432639 521863749 803819000
597875327 910485254 640425944 914626891
640425944 914626891 654847385 933133066
654847385 933133066 654847385 947231032
654847385 933133066 678076063 933133066
678076063 933133066 683351275 939342135
171630478 297611292 178792199 338958118
70571979 0 70571979 48703612
315031404 0 364172623 0
364172623 0 367775212 0
367775212 0 386908703 0
386908703 0 388769941 0
388769941 0 396933257 0
396933257 0 408340542 0
408340542 0 408340542 16690137
386908703 0 386908703 17248408
386908703 17248408 388769941 25069837
388769941 25069837 396933257 25069837
388769941 25069837 388769941 44766557
364172623 0 364172623 26793271
364172623 26793271 367775212 28421090
388769941 44766557 425424618 53204976
425424618 53204976 446293288 53204976
446293288 53204976 446293288 70672907
446293288 70672907 454103351 70672907
446293288 70672907 446293288 81014075
446293288 53204976 468694909 53204976
425424618 53204976 425424618 86436241
425424618 86436241 438120040 91443040
468694909 53204976 513233539 56544893
513233539 56544893 522650181 61552708
522650181 61552708 522650181 77065298
522650181 77065298 522861710 77065298
522650181 77065298 522650181 85495191
522650181 61552708 544240391 61552708
544240391 61552708 544240391 70185184
544240391 70185184 544808796 79116629
544808796 79116629 547857676 79116629
547857676 79116629 549407183 82034027
549407183 82034027 549407183 84502148
544808796 79116629 544808796 100370564
549407183 82034027 573288242 82034027
573288242 82034027 592640868 90838629
592640868 90838629 598147050 91027517
598147050 91027517 612002300 99609004
522650181 85495191 526671092 111784510
526671092 111784510 526671092 126341594
526671092 111784510 543221959 111784510
612002300 99609004 612002300 133827345
544240391 61552708 588513655 61552708
588513655 61552708 594173342 63576567
594173342 63576567 594603643 63576567
594173342 63576567 594173342 66743411
594603643 63576567 610505471 64847521
610505471 64847521 647905930 65568891
647905930 65568891 669631034 65568891
647905930 65568891 647905930 89488299
647905930 89488299 659606361 99609004
659606361 99609004 662338535 101025588
662338535 101025588 662338535 101351003
669631034 65568891 695865066 66704900
695865066 66704900 704150409 66704900
695865066 66704900 695865066 79699366
662338535 101025588 694027205 101025588
694027205 101025588 722954422 116276371
722954422 116276371 731560922 121810396
731560922 121810396 741302958 138358977
741302958 138358977 749682392 148534608
749682392 148534608 749682392 155779823
749682392 148534608 764162988 148534608
764162988 148534608 772985838 150408672
772985838 150408672 772985838 179733497
662338535 101351003 672803564 138817704
672803564 138817704 685077607 138817704
685077607 138817704 685077607 140839376
685077607 138817704 690738473 138817704
690738473 138817704 691088918 156876616
691088918 156876616 691863971 177655575
691863971 177655575 701711840 184920081
701711840 184920081 701711840 196185556
701711840 184920081 726955192 184920081
726955192 184920081 726955192 191554000
726955192 184920081 740195011 184920081
726955192 191554000 738544035 193901539
701711840 196185556 712619376 219076592
712619376 219076592 714787212 219076592
712619376 219076592 712619376 227397259
712619376 227397259 723255913 232929378
723255913 232929378 723255913 241719073
723255913 241719073 729866825 241719073
723255913 241719073 723255913 248950832
723255913 248950832 723445106 248950832
729866825 241719073 738628679 245430138
723255913 232929378 741903483 232929378
741903483 232929378 741903483 240021949
723255913 248950832 723255913 269326393
741903483 232929378 762633177 232929378
762633177 232929378 790506719 250181631
790506719 250181631 816152797 271175294
816152797 271175294 816152797 282661908
816152797 282661908 837024461 283167649
837024461 283167649 845861859 289172117
845861859 289172117 862191880 302320465
862191880 302320465 865705041 306358017
865705041 306358017 865705041 307177149
865705041 306358017 876322317 306358017
816152797 271175294 854256004 271175294
876322317 306358017 906684506 314231515
906684506 314231515 906684506 337558395
906684506 337558395 906989294 345690913
906989294 345690913 906989294 355992552
906989294 345690913 926390635 345690913
906989294 355992552 907848607 377223628
907848607 377223628 914401998 377223628
907848607 377223628 907848607 409879613
907848607 409879613 909427517 409879613
907848607 409879613 907848607 414035248
907848607 414035248 909046334 419768098
909046334 419768098 910009140 419768098
854256004 271175294 888081301 277914508
906684506 314231515 948133981 314231515
909046334 419768098 909046334 462193137
909046334 462193137 914623186 482022790
914623186 482022790 931320049 482022790
914623186 482022790 914623186 508713123
914623186 508713123 951204871 509110410
951204871 509110410 960233202 509110410
960233202 509110410 960233202 517059933
960233202 509110410 974546652 509110410
951204871 509110410 951204871 536517369
951204871 536517369 954830417 567051531
954830417 567051531 954830417 570469809
954830417 567051531 962210588 567051531
962210588 567051531 968308735 577890294
538298662 812916620 551597557 849658579
521863749 803819000 534160595 841625781
834968187 957040343 866494982 976367504
866494982 976367504 866494982 979661925
866494982 976367504 878062896 976367504
878062896 976367504 880270046 994919018
180500178 92693404 183743873 141863052
183743873 141863052 201579996 159348241
201579996 159348241 201579996 170583552
201579996 159348241 228873125 159348241
228873125 159348241 240765467 174486031
240765467 174486031 255780697 174486031
255780697 174486031 257023239 176410561
240765467 174486031 240765467 190093511
257023239 176410561 266781957 183978963
668359889 859262685 704954851 875092247
704954851 875092247 708513168 897223410
436319882 523785566 469331716 544672705
469331716 544672705 469331716 546340165
469331716 544672705 471056539 544672705
471056539 544672705 489541746 556898851
489541746 556898851 505189807 556898851
489541746 556898851 489541746 576732990
505189807 556898851 517981564 573995769
517981564 573995769 523552674 574673746
281183319 25035809 310097940 50195283
325240270 276510297 379342078 276510297
379342078 276510297 389827970 282182891
389827970 282182891 389827970 292017283
389827970 282182891 407615920 282182891
407615920 282182891 440253244 298938794
440253244 298938794 459797016 322928948
459797016 322928948 459797016 333174557
459797016 333174557 469913777 344098654
459797016 322928948 490293176 322928948
469913777 344098654 498275668 366582176
498275668 366582176 516787910 374238155
516787910 374238155 516787910 382980691
516787910 374238155 562445789 374238155
562445789 374238155 566068870 377898910
566068870 377898910 566514914 377898910
566068870 377898910 566068870 417786416
566068870 417786416 605408574 420617352
605408574 420617352 605408574 432956849
605408574 420617352 618027146 420617352
605408574 432956849 606532054 448281389
606532054 448281389 616357127 463259443
616357127 463259443 616357127 465679962
616357127 463259443 648372274 463259443
648372274 463259443 671607400 468017795
671607400 468017795 671607400 483239491
671607400 483239491 683718920 485922098
683718920 485922098 685188802 485922098
683718920 485922098 683718920 497738612
671607400 468017795 694489773 468017795
694489773 468017795 728364611 470837226
616357127 465679962 637866531 487521458
683718920 497738612 697949827 531770224
618027146 420617352 652508442 435276028
652508442 435276028 686307220 451008573
686307220 451008573 686307220 452532796
686307220 451008573 712449685 451008573
712449685 451008573 725301264 462697176
725301264 462697176 725301264 464327908
725301264 462697176 758780879 462697176
758780879 462697176 772664153 467225630
772664153 467225630 817405331 467374682
817405331 467374682 840427532 467374682
840427532 467374682 858975122 476400264
858975122 476400264 879975261 502859481
879975261 502859481 879975261 503081659
879975261 503081659 882509887 508713123
879975261 502859481 889593935 502859481
882509887 508713123 882509887 534139887
882509887 534139887 883138779 536946951
883138779 536946951 900845246 536946951
883138779 536946951 883138779 561130520
883138779 561130520 889884824 598089922
889884824 598089922 889884824 616181868
889884824 598089922 922494447 598089922
922494447 598089922 922779180 601303806
922779180 601303806 939141871 601303806
922779180 601303806 922779180 646122381
922779180 646122381 932691927 646122381
922779180 646122381 922779180 657228830
922779180 657228830 925896121 658914692
932691927 646122381 950169524 649743934
950169524 649743934 950169524 668002951
950169524 649743934 984739665 649743934
984739665 649743934 984739665 651221720
984739665 649743934 987076705 649743934
516787910 382980691 525081596 429113223
525081596 429113223 527030387 438379567
527030387 438379567 539962046 438379567
539962046 438379567 542780251 438379567
539962046 438379567 539962046 443350106
527030387 438379567 527030387 466213789
527030387 466213789 533164708 470016073
533164708 470016073 540861840 472588896
540861840 472588896 553865599 472588896
540861840 472588896 540861840 491319345
553865599 472588896 584364002 478466104
584364002 478466104 594518785 478466104
584364002 478466104 584364002 490833948
584364002 490833948 610444397 502567952
610444397 502567952 610930820 502567952
610444397 502567952 610444397 508084270
610444397 508084270 613420101 534847997
613420101 534847997 619769555 543109606
619769555 543109606 619769555 549502064
619769555 549502064 635592532 555623488
635592532 555623488 635676434 559598329
635676434 559598329 637053258 559598329
619769555 543109606 653665566 543109606
653665566 543109606 663080678 546715983
663080678 546715983 677037234 557426712
677037234 557426712 678593219 576630312
678593219 576630312 678593219 592870184
678593219 576630312 708806481 576630312
708806481 576630312 713472286 578471056
713472286 578471056 713472286 582678334
713472286 582678334 749409780 584924401
749409780 584924401 765561699 586954990
765561699 586954990 795855556 597153297
637053258 559598329 644403740 594664875
644403740 594664875 660136162 617059105
660136162 617059105 667760754 649729691
667760754 649729691 667760754 672348454
667760754 672348454 667760754 687587289
667760754 672348454 683142466 672348454
683142466 672348454 683142466 677156702
683142466 672348454 693875708 672348454
667760754 687587289 669795515 709106794
669795515 709106794 700644066 709106794
700644066 709106794 703342482 714299629
703342482 714299629 705587547 714299629
705587547 714299629 705587547 715099460
705587547 715099460 706072450 726419604
706072450 726419604 706072450 743234435
706072450 743234435 719450238 743234435
719450238 743234435 737594337 754207069
737594337 754207069 739694857 754207069
737594337 754207069 737594337 781421408
667760754 649729691 703933019 649729691
703933019 649729691 705155412 649729691
703933019 649729691 703933019 656686158
703933019 656686158 727769456 663067517
739694857 754207069 774851457 758276069
774851457 758276069 774851457 760954205
774851457 758276069 801580631 758276069
801580631 758276069 803115817 761633052
803115817 761633052 818371069 761633052
818371069 761633052 822619139 768297364
822619139 768297364 827387526 768297364
827387526 768297364 835990119 779735617
835990119 779735617 843722524 779735617
835990119 779735617 835990119 794912982
835990119 794912982 845332165 801874264
845332165 801874264 855669917 801874264
845332165 801874264 845332165 823617406
855669917 801874264 873615767 806156097
873615767 806156097 880858817 806156097
873615767 806156097 873615767 819384918
873615767 819384918 873976855 825215199
873976855 825215199 873976855 853176384
822619139 768297364 822619139 798231260
713472286 578471056 756388908 578471056
678593219 592870184 705529361 611573290
705529361 611573290 719716414 622546018
719716414 622546018 738146017 622546018
719716414 622546018 719716414 643832592
738146017 622546018 771444974 633611958
771444974 633611958 805841818 639703343
805841818 639703343 812433373 639703343
805841818 639703343 805841818 656857096
805841818 656857096 811758985 658118457
811758985 658118457 811758985 659318675
811758985 659318675 822014634 659318675
812433373 639703343 822014634 652135265
822014634 659318675 835202979 670093768
835202979 670093768 844254332 670093768
811758985 659318675 811758985 687546734
822014634 652135265 854463587 652135265
854463587 652135265 856821250 652135265
854463587 652135265 854463587 658118457
835202979 670093768 835202979 703318850
706072450 743234435 706072450 791125042
540861840 491319345 561708792 523934811
561708792 523934811 563525676 550823595
563525676 550823595 563716110 569202928
865705041 307177149 871892353 355694195
835202979 703318850 877318458 716396317
877318458 716396317 886600609 730991208
886600609 730991208 890953005 733357640
890953005 733357640 903769622 734716516
903769622 734716516 911711912 734716516
911711912 734716516 917268492 739854486
903769622 734716516 903769622 749144917
917268492 739854486 938392185 742764282
938392185 742764282 938392185 752018476
938392185 742764282 974914856 742764282
974914856 742764282 974914856 750418302
974914856 742764282 983309334 742764282
974914856 750418302 975528792 760989163
975528792 760989163 982341661 760989163
983309334 742764282 991783294 749524723
982341661 760989163 984011640 787363543
984011640 787363543 993747014 798555462
993747014 798555462 996908126 798555462
993747014 798555462 993747014 811880242
975528792 760989163 975528792 795916524
873976855 853176384 875827653 906720592
875827653 906720592 887432169 909160614
887432169 909160614 887432169 910192272
887432169 910192272 910296449 913071409
910296449 913071409 916407156 913071409
916407156 913071409 916407156 914167288
916407156 914167288 917257972 922253429
916407156 913071409 928371079 913071409
928371079 913071409 932939331 919754458
932939331 919754458 932939331 922253429
932939331 919754458 950289539 919754458
950289539 919754458 953509471 939861513
910296449 913071409 910296449 940843753
910296449 940843753 917257972 963766396
917257972 963766396 945626539 966438331
932939331 922253429 943204586 946845590
943204586 946845590 945704544 946845590
945704544 946845590 949253025 950205604
943204586 946845590 943204586 958802239
953509471 939861513 983560124 948060052
983560124 948060052 997998231 953020678
672803564 138817704 672803564 194361356
672803564 194361356 673324798 195001039
673324798 195001039 673324798 195612932
673324798 195001039 677189416 195001039
677189416 195001039 678162201 215069310
678162201 215069310 680514168 215069310
678162201 215069310 678162201 234059955
728364611 470837226 751301634 504138725
914401998 377223628 960752143 387797032
960752143 387797032 962522333 387797032
960752143 387797032 960752143 401872002
960752143 401872002 966689060 434500391
966689060 434500391 977312957 453268969
977312957 453268969 977312957 464979059
977312957 453268969 992076537 453268969
126718902 13986000 141804847 55888463
307460005 422539399 311291361 475727990
311291361 475727990 317369418 491688072
317369418 491688072 317369418 531110669
317369418 531110669 317369418 534643688
317369418 534643688 323386811 557140566
323386811 557140566 325622985 562372723
325622985 562372723 350533219 562372723
317369418 531110669 347635226 531110669
325622985 562372723 325622985 594255195
325622985 594255195 338563739 613320649
338563739 613320649 338563739 615139471
338563739 613320649 371487281 613320649
371487281 613320649 378492154 615057334
378492154 615057334 378492154 641503098
378492154 641503098 384342854 641503098
384342854 641503098 384342854 642124015
378492154 641503098 378492154 655230060
384342854 641503098 401716304 641503098
401716304 641503098 422175611 649459133
378492154 615057334 408224486 615057334
408224486 615057334 422175611 616326246
422175611 616326246 423263587 616326246
423263587 616326246 430719132 629559009
317369418 491688072 363369413 491688072
363369413 491688072 368810848 517571774
350533219 562372723 376391209 583489309
376391209 583489309 378944965 583489309
376391209 583489309 376391209 588464506
376391209 588464506 384342854 594272697
384342854 594272697 424688307 594272697
751301634 504138725 764110566 548925657
764110566 548925657 764110566 555074163
764110566 548925657 770648896 548925657
770648896 548925657 770648896 549152592
770648896 548925657 781234963 548925657
781234963 548925657 816218687 565335871
816218687 565335871 816218687 568594454
816218687 565335871 823935520 565335871
772985838 150408672 830974861 150408672
830974861 150408672 849138193 171680311
849138193 171680311 849138193 174413522
849138193 171680311 863496290 171680311
863496290 171680311 871149068 179569073
871149068 179569073 871149068 180681093
871149068 179569073 882808629 179569073
882808629 179569073 897913095 179887435
897913095 179887435 912386583 184454957
912386583 184454957 935682421 184454957
912386583 184454957 912386583 217727136
849138193 174413522 853201722 211229516
853201722 211229516 853201722 216429780
853201722 211229516 863188677 211229516
863188677 211229516 868762455 219785668
868762455 219785668 870379126 219785668
868762455 219785668 868762455 227942619
853201722 216429780 859320860 230789164
868762455 227942619 886337757 265057827
886337757 265057827 929743979 265124110
929743979 265124110 957899628 274404270
422175611 649459133 454957147 674976765
454957147 674976765 461883526 680544576
935682421 184454957 992851263 185592554
945626539 966438331 976728256 993679581
449284768 462080026 487510629 482406495
487510629 482406495 491579995 483737452
491579995 483737452 499571453 483737452
491579995 483737452 491579995 498741203
491579995 498741203 498365054 498741203
491579995 498741203 491579995 506148845
491579995 506148845 517752482 519451156
517752482 519451156 528140142 519451156
517752482 519451156 517752482 531509593
528140142 519451156 538816963 523934811
538816963 523934811 538816963 534567604
438120040 91443040 452487937 136055996
452487937 136055996 453230009 136055996
452487937 136055996 452487937 152301837
452487937 152301837 467805502 161354229
467805502 161354229 470499943 161354229
470499943 161354229 470499943 161776517
470499943 161776517 484862050 161979700
484862050 161979700 500891713 161979700
467805502 161354229 467805502 199260992
467805502 199260992 483306993 204755915
483306993 204755915 484862050 204755915
484862050 204755915 486325448 240666863
486325448 240666863 496918328 243033257
496918328 243033257 520292619 244194656
520292619 244194656 523496177 254941123
523496177 254941123 523496177 276112491
523496177 276112491 548916278 277158753
548916278 277158753 548916278 290046158
548916278 277158753 563524761 277158753
563524761 277158753 563524761 278714620
563524761 277158753 570155858 277158753
570155858 277158753 589183141 289266979
589183141 289266979 612157567 289266979
589183141 289266979 589183141 314883372
589183141 314883372 607113825 321756949
607113825 321756949 609757396 329188563
609757396 329188563 620567931 329188563
620567931 329188563 622563392 329285276
622563392 329285276 626309406 329285276
622563392 329285276 622563392 334999457
609757396 329188563 609757396 350225856
609757396 350225856 611492292 374904421
611492292 374904421 611492292 393086631
611492292 393086631 620827378 393086631
611492292 393086631 611492292 411932428
611492292 374904421 642440059 374904421
642440059 374904421 642440059 382806761
642440059 374904421 651758323 374904421
651758323 374904421 651758323 381981485
651758323 374904421 679984462 374904421
483306993 204755915 483306993 242937591
679984462 374904421 698109186 395345773
698109186 395345773 715300914 395345773
715300914 395345773 723932920 401074889
698109186 395345773 698109186 422110519
723932920 401074889 723932920 435805106
723932920 435805106 728411173 435805106
723932920 435805106 723932920 445895097
723932920 445895097 732880263 448096362
732880263 448096362 770503156 448604349
770503156 448604349 782717146 449368387
782717146 449368387 782717146 452737479
782717146 449368387 790078591 449368387
790078591 449368387 801987957 460680573
523496177 254941123 562113751 254941123
562113751 254941123 572862727 269259159
548916278 290046158 561238566 317618751
561238566 317618751 563634091 319040136
563634091 319040136 572738159 322658389
572738159 322658389 582738827 322658389
572738159 322658389 572738159 339710990
572738159 339710990 579571161 350225856
579571161 350225856 579571161 373182285
723932920 401074889 770503156 401074889
770503156 401074889 783001032 401074889
783001032 401074889 790078591 409746510
790078591 409746510 790078591 418309732
790078591 418309732 790175285 418309732
790078591 409746510 812570929 409746510
812570929 409746510 834801460 421234698
834801460 421234698 864595555 424430145
864595555 424430145 876820482 442447619
876820482 442447619 881193388 442447619
876820482 442447619 876820482 466575533
572862727 269259159 621207296 271004809
621207296 271004809 641938773 272722647
641938773 272722647 648359895 280448820
648359895 280448820 648359895 286043510
648359895 280448820 700015179 280448820
700015179 280448820 703388959 284522640
703388959 284522640 717075855 300671954
717075855 300671954 717075855 304369730
717075855 304369730 720178611 306156521
717075855 300671954 758111573 300671954
758111573 300671954 767770044 303049709
767770044 303049709 772283552 315875782
772283552 315875782 772283552 315895659
772283552 315875782 784959637 315875782
784959637 315875782 789531646 324231133
789531646 324231133 807899195 329160572
807899195 329160572 813426530 348722988
813426530 348722988 817609797 348722988
817609797 348722988 817609797 352057895
817609797 348722988 821986686 348722988
813426530 348722988 813426530 361029773
720178611 306156521 725745999 345313986
725745999 345313986 725745999 359569290
725745999 345313986 743180174 345313986
813426530 361029773 845466378 381818968
845466378 381818968 845466378 391184095
845466378 381818968 864552364 381818968
500891713 161979700 522969312 193721995
470499943 161354229 526533346 161354229
817405331 467374682 817405331 526600637
817405331 526600637 823268427 526600637
817405331 526600637 817405331 540258703
817405331 540258703 856150781 561952472
856150781 561952472 865878105 601809961
865878105 601809961 878253149 601809961
865878105 601809961 865878105 626722323
844254332 670093768 888956915 685867241
888956915 685867241 888956915 690194371
888956915 685867241 899755402 685867241
706072450 726419604 767039956 726419604
900845246 536946951 945353558 553929632
379297955 316014978 414884483 342163005
414884483 342163005 433547869 344098654
888081301 277914508 925434878 302557322
925434878 302557322 927431100 306115889
927431100 306115889 957455746 308372785
957455746 308372785 984603866 341965107
984603866 341965107 998748440 382347277
449284768 436365882 512354185 436365882
512354185 436365882 520919644 478560820
670446551 844204869 730124648 848320431
730124648 848320431 730124648 852819345
669795515 709106794 669795515 773086451
669795515 773086451 674414746 791465314
674414746 791465314 674414746 798854371
674414746 798854371 674414746 804108767
674414746 798854371 683615403 798854371
674414746 791465314 691616914 791465314
691616914 791465314 699278280 791995320
699278280 791995320 703342482 793861173
703342482 793861173 704665219 842144305
772985838 179733497 825009482 192022300
825009482 192022300 833304013 227707792
833304013 227707792 835794921 230789164
835794921 230789164 835794921 232213171
194646539 341537893 220961301 379574899
220961301 379574899 236857316 403200144
236857316 403200144 243624009 403200144
243624009 403200144 249858569 413791092
249858569 413791092 260140496 413791092
236857316 403200144 236857316 428553126
236857316 428553126 238314750 441407372
238314750 441407372 241476135 456402293
241476135 456402293 249858569 456402293
241476135 456402293 241476135 478703086
249858569 456402293 283574784 472923050
283574784 472923050 284327909 514631092
284327909 514631092 289408332 554220315
289408332 554220315 294846122 554220315
294846122 554220315 296182818 557140566
289408332 554220315 289408332 560092860
296182818 557140566 296182818 570042556
296182818 570042556 301904514 602099838
301904514 602099838 304925334 630091302
241476135 478703086 249599010 525666129
249599010 525666129 258284137 539586810
258284137 539586810 258284137 544461398
258284137 539586810 267235667 539586810
304925334 630091302 306701065 686755460
306701065 686755460 312018452 688465702
312018452 688465702 360882760 688465702
360882760 688465702 365823630 688465702
360882760 688465702 360882760 718639042
360882760 718639042 386815461 723299439
386815461 723299439 396842767 723299439
396842767 723299439 399023849 730573626
386815461 723299439 386815461 744305625
386815461 744305625 394650582 759917079
394650582 759917079 397108843 762799142
397108843 762799142 398156728 769980121
398156728 769980121 403763465 769980121
403763465 769980121 435596139 776263662
435596139 776263662 443783770 786393682
443783770 786393682 443783770 792412355
443783770 786393682 475987685 786393682
475987685 786393682 496786148 790647230
496786148 790647230 496786148 791709728
496786148 791709728 506294353 800432639
506294353 800432639 506294353 809688050
506294353 809688050 508421360 809688050
506294353 809688050 506294353 816552126
506294353 816552126 507241514 818301161
507241514 818301161 511735530 818301161
511735530 818301161 518718435 818301161
511735530 818301161 511735530 835553165
507241514 818301161 507241514 852832056
507241514 852832056 508055274 852832056
507241514 852832056 507241514 862296115
507241514 862296115 508456511 869764427
508456511 869764427 521277279 869764427
508456511 869764427 508456511 890326964
398156728 769980121 398156728 809139930
443783770 792412355 459847852 818507809
398156728 809139930 401775163 847913468
401775163 847913468 401775163 848795432
401775163 847913468 405983082 847913468
401775163 848795432 402329848 861837468
402329848 861837468 402329848 861904482
402329848 861837468 416043367 861837468
416043367 861837468 435493264 877874089
435493264 877874089 446055318 901677686
508456511 890326964 518384463 930642421
518384463 930642421 543399398 930642421
543399398 930642421 548271290 946976752
548271290 946976752 549428574 954168871
518384463 930642421 518384463 971088339
518384463 971088339 522789532 992150379
459847852 818507809 472416969 857610375
472416969 857610375 472416969 864628852
472416969 864628852 475030394 865094534
472416969 857610375 486923231 857610375
486923231 857610375 506219328 871743797
365823630 688465702 396842767 709372224
396842767 709372224 403807942 709372224
403807942 709372224 409884715 712071173
409884715 712071173 424657430 721053166
405983082 847913468 450788497 861038150
267235667 539586810 286903825 579677139
286903825 579677139 294782217 627891619
294782217 627891619 298205922 657072092
298205922 657072092 325818144 670128281
325818144 670128281 325818144 677340199
325818144 670128281 334437726 670128281
446055318 901677686 480082331 928006663
480082331 928006663 491834125 928006663
480082331 928006663 480082331 968969320
325818144 677340199 332027537 734327284
332027537 734327284 333128395 744305625
333128395 744305625 333128395 796892855
333128395 796892855 335169832 803984542
335169832 803984542 335169832 837846417
335169832 837846417 335584780 837846417
335169832 837846417 335169832 845422728
335169832 845422728 345006326 864101804
345006326 864101804 345006326 874365347
345006326 874365347 359260418 875128257
359260418 875128257 367979854 875128257
367979854 875128257 367979854 882044698
359260418 875128257 359260418 884388002
367979854 875128257 379570712 875128257
367979854 882044698 368284237 896820280
368284237 896820280 373849011 910132569
359260418 884388002 367194234 896820280
345006326 864101804 377839151 864101804
335169832 803984542 374763111 803984542
374763111 803984542 385352036 809139930
385352036 809139930 385352036 845195160
367194234 896820280 367194234 960440023
367194234 960440023 408713106 969814409
743180174 345313986 758768080 394200531
758768080 394200531 758768080 395011071
758768080 394200531 770298529 394200531
770298529 394200531 792689236 397141106
312018452 688465702 312018452 752954097
312018452 752954097 312018452 761454407
312018452 761454407 312838729 764024278
312838729 764024278 316060052 764024278
316060052 764024278 317100244 768376734
317100244 768376734 322219519 768376734
312018452 752954097 327736887 752954097
317100244 768376734 317100244 832267595
317100244 832267595 332282787 847743464
926390635 345690913 967892175 368893624
938392185 752018476 959474771 796746519
959474771 796746519 962957636 796746519
959474771 796746519 959474771 816570249
803115817 761633052 803115817 827455582
887432169 909160614 953436713 909160614
953436713 909160614 987967575 913956537
322219519 768376734 375591486 781896174
730124648 848320431 797063571 848320431
797063571 848320431 806481339 897298687
113362191 186867982 128871284 238323167
957899628 274404270 999064889 300667795
959474771 816570249 986808435 857058916
845332165 823617406 864648877 874127836
864648877 874127836 870171507 874127836
864648877 874127836 864648877 896636727
612002300 133827345 618874550 197663938
618874550 197663938 618874550 203030174
618874550 197663938 645769423 197663938
645769423 197663938 655728585 224364310
704150409 66704900 765859639 76810954
765859639 76810954 782485562 93295808
782485562 93295808 797994689 99505161
797994689 99505161 797994689 114477179
797994689 114477179 817230732 115952207
797994689 99505161 820483354 99505161
817230732 115952207 825062222 130792085
825062222 130792085 825062222 143307591
825062222 130792085 852058394 130792085
820483354 99505161 854214971 102270563
854214971 102270563 862537980 102270563
854214971 102270563 854214971 115042584
854214971 115042584 855053257 115813020
855053257 115813020 855053257 123803143
855053257 123803143 855053257 127942874
855053257 123803143 862092225 123803143
862092225 123803143 884275335 123918273
884275335 123918273 884275335 127968567
884275335 123918273 889460215 123918273
884275335 127968567 886325858 150884199
886325858 150884199 929829664 156168434
929829664 156168434 949064425 162267066
949064425 162267066 954742236 162267066
949064425 162267066 949064425 174184147
84774381 82734534 133684829 105793017
133684829 105793017 141407435 121658772
522969312 193721995 569599849 219769845
569599849 219769845 599731934 233258810
599731934 233258810 603738763 234059955
603738763 234059955 603738763 254771644
545139142 781974093 618997198 781974093
618997198 781974093 651171136 789907458
408713106 969814409 454236804 998328713
635676434 559598329 635676434 634739035
312838729 764024278 312838729 840321459
312838729 840321459 314856302 904428850
314856302 904428850 315687070 911881390
315687070 911881390 333694336 969332236
333694336 969332236 340487907 974106422
730124648 852819345 786008781 873277607
806481339 897298687 856881648 924812417
856881648 924812417 858143866 929143823
648359895 286043510 698777596 314006639
698777596 314006639 706959558 340004029
299145041 261189996 379285574 261189996
379285574 261189996 410235218 270591800
873976855 825215199 955041688 825215199
955041688 825215199 956965921 825215199
955041688 825215199 955041688 830565780
864648877 896636727 944632664 898704157
190243683 341537893 190243683 425728248
950169524 668002951 984144417 718610161
517108790 653050258 567510536 689599313
567510536 689599313 567510536 690456384
567510536 690456384 572200112 691711779
572200112 691711779 572200112 696100015
572200112 691711779 577854730 691711779
567510536 689599313 589438568 689599313
589438568 689599313 595521519 691303965
855053257 115813020 945984238 115813020
945984238 115813020 993541241 152466127
331642949 164566899 392541297 198353302
392541297 198353302 407725447 198961083
407725447 198961083 407725447 199619874
407725447 199619874 410235218 218102957
410235218 218102957 419569779 218102957
407725447 198961083 442529252 198961083
442529252 198961083 447289650 247855033
447289650 247855033 450212197 247855033
447289650 247855033 447289650 254768267
595521519 691303965 647827218 734533191
408340542 0 506261126 0
506261126 0 506261126 30643367
506261126 30643367 507431625 127816067
563716110 569202928 596473292 635061708
596473292 635061708 621229034 664089896
216225743 83808691 264073524 134611463
264073524 134611463 281082863 152124017
705587547 714299629 804476817 714299629
506261126 0 605553720 0
605553720 0 611421547 0
611421547 0 626976061 0
626976061 0 626976061 1400420
626976061 0 628487568 0
611421547 0 611421547 27596797
611421547 27596797 628487568 31247803
628487568 0 663325054 0
663325054 0 663325054 13092082
663325054 0 676469995 0
676469995 0 686988932 0
686988932 0 698971287 0
686988932 0 686988932 17440532
686988932 17440532 698971287 24786993
676469995 0 676469995 37119805
698971287 0 737864553 0
737864553 0 747174966 0
747174966 0 758493143 0
758493143 0 773178810 0
773178810 0 773178810 4682151
773178810 0 784189215 0
784189215 0 789397246 0
784189215 0 784189215 11511162
784189215 11511162 785882988 18103614
785882988 18103614 789397246 18103614
747174966 0 747174966 15368944
747174966 15368944 758493143 21735481
737864553 0 737864553 28642508
789397246 0 825900266 0
825900266 0 849834782 0
849834782 0 850156675 0
850156675 0 850156675 3325512
849834782 0 849834782 13617186
825900266 0 825900266 35204303
605553720 0 605553720 42039260
850156675 0 892359857 0
892359857 0 895361651 0
892359857 0 892359857 9704457
892359857 9704457 895361651 13127432
895361651 0 906208310 0
895361651 13127432 897215317 29031387
897215317 29031387 906208310 29031387
906208310 0 932576812 0
932576812 0 932576812 26245958
897215317 29031387 897215317 62282425
897215317 62282425 900004298 62282425
897215317 62282425 897215317 66713069
932576812 26245958 968210502 32630080
968210502 32630080 970383878 48303432
970383878 48303432 984452053 48303432
970383878 48303432 970383878 64757436
698971287 24786993 714816775 57490893
714816775 57490893 714816775 58364091
714816775 57490893 732873412 57490893
970383878 64757436 997866936 88484904
897215317 66713069 924907401 90763294
785882988 18103614 785882988 73577058
785882988 73577058 807636669 83324397
807636669 83324397 842349810 84162276
663325054 13092082 669267478 63588827
825900266 35204303 843944505 77084676
0 16842297 0 116374003
0 116374003 0 134255523
0 134255523 16705518 134255523
0 134255523 0 176270952
0 176270952 0 183258816
0 183258816 0 195560013
0 195560013 0 207175886
0 183258816 18142585 183258816
0 207175886 0 228845096
0 176270952 21708833 176270952
0 228845096 29299503 228845096
18142585 183258816 35813764 195560013
0 228845096 0 262050949
0 262050949 3160246 262050949
0 262050949 0 286360170
0 286360170 4726866 286360170
0 286360170 0 300023942
0 300023942 13872667 300023942
0 207175886 34392949 207175886
0 116374003 44826878 116374003
44826878 116374003 63451894 134232027
63451894 134232027 71934183 174342823
3160246 262050949 51217985 265611204
51217985 265611204 65917361 295912852
65917361 295912852 87286532 295912852
87286532 295912852 106121966 299341560
65917361 295912852 65917361 326566924
65917361 326566924 65917361 332119771
65917361 332119771 72761969 335654528
72761969 335654528 72761969 338843663
72761969 335654528 79389374 335654528
65917361 326566924 82696171 326566924
72761969 338843663 76017688 370815254
76017688 370815254 76017688 379949641
76017688 379949641 77157432 380787115
76017688 370815254 96612239 370815254
106121966 299341560 124135351 325070434
124135351 325070434 146116394 348535175
146116394 348535175 159708704 348961514
96612239 370815254 127004700 385921507
127004700 385921507 130930406 400381994
130930406 400381994 130930406 407404829
130930406 400381994 150311079 400381994
150311079 400381994 159028961 427993083
159028961 427993083 159028961 431461217
159028961 431461217 161309082 439408274
161309082 439408274 161309082 439612200
161309082 439408274 173263284 439408274
173263284 439408274 183918058 440885454
159028961 427993083 178464612 427993083
0 300023942 0 352906475
0 352906475 0 361605963
0 361605963 44606287 361605963
0 352906475 46241763 352906475
0 361605963 0 422058030
0 422058030 0 430066056
0 430066056 3263428 430066056
0 430066056 0 462725320
0 462725320 0 464775093
0 462725320 9025964 462725320
0 464775093 0 474257289
0 474257289 2729624 474257289
0 474257289 0 477550766
0 477550766 0 492438396
9025964 462725320 30326592 464775093
30326592 464775093 31123576 473696226
31123576 473696226 31123576 477550766
0 492438396 0 517222147
0 517222147 13858885 517222147
31123576 477550766 44645262 492438396
0 517222147 0 546228052
0 546228052 0 567335338
0 567335338 0 573004650
0 573004650 16316692 573004650
0 546228052 32238103 546228052
31123576 473696226 63517100 473696226
63517100 473696226 63517100 477453674
63517100 473696226 79717981 473696226
79717981 473696226 92059913 488513847
92059913 488513847 97544637 488513847
92059913 488513847 92059913 502995144
32238103 546228052 47254571 567335338
47254571 567335338 56219167 569633038
56219167 569633038 80093601 569633038
56219167 569633038 56219167 599791183
56219167 599791183 69930994 599791183
56219167 599791183 56219167 621547650
56219167 621547650 64174633 642097502
64174633 642097502 64174633 658804297
64174633 658804297 78471138 658804297
78471138 658804297 95276684 660688600
95276684 660688600 96906502 675755967
96906502 675755967 98500829 682692141
98500829 682692141 109998419 682692141
64174633 642097502 86168787 642097502
86168787 642097502 92111464 657684297
98500829 682692141 98500829 704831251
98500829 704831251 103177824 718354023
64174633 658804297 64174633 686898895
64174633 686898895 67906453 686898895
64174633 686898895 64174633 693566179
64174633 693566179 71724437 694535211
103177824 718354023 103177824 746452047
103177824 746452047 103963535 746452047
103177824 746452047 103177824 759106257
103963535 746452047 113872474 752472847
113872474 752472847 113872474 753720392
113872474 752472847 129687344 752472847
113872474 753720392 123491410 765988790
123491410 765988790 129084256 769148249
103177824 718354023 135535469 718354023
135535469 718354023 152300564 735883067
152300564 735883067 152300564 736327940
152300564 735883067 182457543 735883067
92059913 502995144 92299908 541244653
92299908 541244653 104016314 550592263
104016314 550592263 125715798 557667938
125715798 557667938 131397828 557667938
131397828 557667938 142871621 565848698
142871621 565848698 151863108 565848698
151863108 565848698 155522817 590678954
155522817 590678954 155522817 592930439
155522817 590678954 187177228 590678954
187177228 590678954 192764649 591123022
192764649 591123022 192764649 614156088
192764649 614156088 193752889 614156088
192764649 614156088 192764649 635107962
193752889 614156088 219489374 616003797
219489374 616003797 222620923 629196174
125715798 557667938 125715798 594475430
125715798 594475430 139390562 602691278
139390562 602691278 142871621 602691278
142871621 602691278 149421881 608499732
139390562 602691278 139390562 632309665
139390562 632309665 155502747 643738520
155502747 643738520 155502747 647367380
155502747 643738520 159610630 643738520
159610630 643738520 159610630 645878781
159610630 643738520 171095182 643738520
159610630 645878781 169204088 658520467
192764649 591123022 234291690 591123022
222620923 629196174 250571436 643153482
0 422058030 48671269 422058030
48671269 422058030 90186138 429542437
90186138 429542437 98785600 429542437
90186138 429542437 90186138 452036141
98785600 429542437 119548987 435515187
119548987 435515187 125462334 463956373
125462334 463956373 125462334 484635441
125462334 484635441 135163318 488108880
125462334 463956373 156331879 463956373
135163318 488108880 171179905 493261698
171179905 493261698 186963948 500168807
186963948 500168807 190318792 532068875
190318792 532068875 196987510 532068875
190318792 532068875 190318792 545946879
190318792 545946879 197834357 549892845
197834357 549892845 210040002 557334796
210040002 557334796 229438995 572049943
250571436 643153482 273344706 671509523
273344706 671509523 275895531 674398778
275895531 674398778 290401003 711464155
290401003 711464155 290602192 711464155
290401003 711464155 290401003 722729760
290401003 722729760 291193564 726435298
291193564 726435298 302250442 726435298
192764649 635107962 195452083 684046907
195452083 684046907 195452083 695704697
195452083 684046907 208848594 684046907
208848594 684046907 208848594 684450188
208848594 684046907 209968825 684046907
291193564 726435298 291193564 779367342
182457543 735883067 222270317 754432799
222270317 754432799 232850229 754432799
222270317 754432799 222270317 776088029
232850229 754432799 264014087 755095634
264014087 755095634 266447138 755095634
264014087 755095634 264014087 790855919
103177824 759106257 110890141 810952123
110890141 810952123 143759629 815092199
143759629 815092199 170607308 815092199
170607308 815092199 170607308 819321895
170607308 815092199 189923874 815092199
143759629 815092199 143759629 842032181
143759629 842032181 167031454 847418552
167031454 847418552 168365504 847418552
168365504 847418552 168365504 859117311
168365504 847418552 196284254 847418552
196284254 847418552 196516495 848369064
196516495 848369064 202562328 852128061
167031454 847418552 167031454 878662950
167031454 878662950 195520557 906151910
195520557 906151910 206407201 906465432
206407201 906465432 206407201 915189723
206407201 906465432 217644302 906465432
217644302 906465432 217644302 911530048
217644302 906465432 245665538 906465432
245665538 906465432 262040747 918121927
206407201 915189723 208055487 952990904
208055487 952990904 208713533 968384297
208713533 968384297 208713533 983095732
208713533 968384297 238434019 968384297
238434019 968384297 238434019 969727450
238434019 968384297 246504814 968384297
246504814 968384297 246590196 974339775
246590196 974339775 264896171 998503577
262040747 918121927 298987107 924752091
29299503 228845096 90459800 232886344
90459800 232886344 113794865 275324770
298987107 924752091 308205568 983013293
0 573004650 0 642566516
0 642566516 0 654332837
0 654332837 0 654969810
0 654332837 4221060 654332837
0 654969810 0 663361961
0 663361961 10397549 663361961
0 642566516 32863647 642566516
0 663361961 0 696833503
0 696833503 0 723488993
0 723488993 0 728097678
0 728097678 0 737909879
0 737909879 11361069 737909879
0 737909879 0 753932619
0 753932619 0 756524690
0 753932619 8598171 753932619
8598171 753932619 17064607 756524690
0 756524690 0 776833653
0 776833653 7326092 776833653
0 776833653 0 797692064
0 797692064 0 809332651
0 809332651 0 828490744
0 828490744 0 836952600
0 836952600 0 844056591
0 844056591 15958341 844056591
0 797692064 19232385 797692064
19232385 797692064 19814436 809332651
0 836952600 21545925 836952600
19814436 809332651 41767660 811671780
41767660 811671780 41767660 828490744
0 728097678 24680730 728097678
0 723488993 39544828 723488993
39544828 723488993 60452438 732989350
0 696833503 46277812 696833503
46277812 696833503 56011084 711397548
56011084 711397548 63874479 711397548
56011084 711397548 56011084 719376443
0 844056591 0 892246737
0 892246737 0 902396091
0 902396091 22765981 902396091
0 902396091 0 926906606
0 926906606 0 943206967
0 943206967 5970509 953735790
5970509 953735790 5970509 971681126
5970509 971681126 17318687 972488665
17318687 972488665 17318687 977730736
17318687 972488665 23634293 972488665
0 892246737 25714666 892246737
5970509 953735790 41116316 953735790
41116316 953735790 54127601 968415973
0 926906606 44480830 926906606
44480830 926906606 44951586 935499559
44951586 935499559 44951586 943206967
44951586 935499559 57486105 935499559
41767660 811671780 96026597 811671780
96026597 811671780 108769442 851708055
108769442 851708055 108897080 851708055
108769442 851708055 108769442 863590081
54127601 968415973 99763640 982919709
99763640 982919709 104009653 992306334
25714666 892246737 82025146 899904636
82025146 899904636 108670275 909314415
108670275 909314415 108741316 920248341
108741316 920248341 108741316 920809767
108741316 920809767 114188174 944615471
114188174 944615471 117141645 944615471
114188174 944615471 114188174 978035779
108741316 920248341 164990341 920248341
114188174 978035779 165453623 987646853
165453623 987646853 181056925 989119681
181056925 989119681 186829204 998794845
60452438 732989350 81752084 781912979
81752084 781912979 87712540 781912979
87712540 781912979 87712540 785447443
87712540 781912979 96118301 781912979
81752084 781912979 81752084 795438089
81752084 795438089 86558753 807702239
86558753 807702239 95844511 807702239
86558753 807702239 86558753 864927743
264014087 790855919 264920467 866163898
264920467 866163898 276306898 904098125
41767660 828490744 81655390 864927743
81655390 864927743 81655390 891863861
564610334 738598159 647661596 760824151
307432583 147260650 412816236 147260650
