1470
0 0 0 5414363
0 5414363 0 9814128
0 0 16377660 0
16377660 0 24098686 0
24098686 0 26883465 0
24098686 0 24098686 5414363
24098686 5414363 26883465 9814128
0 9814128 0 39399733
0 39399733 0 53993600
0 53993600 0 68705245
0 68705245 0 76359417
0 76359417 0 81657444
0 81657444 0 83530302
0 76359417 9481364 76359417
9481364 76359417 20450672 81657444
20450672 81657444 20450672 83530302
20450672 81657444 24824390 81657444
0 39399733 16377660 39399733
0 83530302 0 106099484
0 106099484 6518202 106099484
0 106099484 0 141570181
0 141570181 7622704 141570181
0 141570181 0 174209393
0 174209393 0 174659196
0 174659196 0 185959906
0 185959906 0 190221883
0 190221883 0 220838753
0 220838753 0 229062938
0 229062938 0 230904129
0 230904129 6800834 230904129
0 220838753 9333728 220838753
0 230904129 0 243392405
0 243392405 0 268622493
0 268622493 0 271422215
0 271422215 0 277488180
0 277488180 0 279019219
0 271422215 16474550 271422215
16474550 271422215 16829417 277488180
16829417 277488180 17329985 279019219
0 268622493 21050338 268622493
0 279019219 0 309732390
0 309732390 0 325605619
0 325605619 14187103 325605619
0 325605619 0 349855178
0 349855178 0 351517216
0 349855178 3206999 349855178
0 351517216 0 362708095
3206999 349855178 16144922 351517216
0 362708095 0 377382351
0 377382351 21893171 377382351
0 190221883 32910556 190221883
0 174209393 38104213 174209393
38104213 174209393 41662253 174659196
41662253 174659196 46729897 174659196
41662253 174659196 41662253 185959906
46729897 174659196 73301687 176746993
0 243392405 42104173 243392405
0 377382351 0 420319045
0 420319045 17177785 420319045
0 420319045 0 441423288
0 441423288 19200568 441423288
0 441423288 0 460633515
0 460633515 0 465168522
0 465168522 0 477715111
0 477715111 0 481027078
0 481027078 0 492391084
0 481027078 18403297 481027078
18403297 481027078 20586341 481848705
20586341 481848705 20586341 492391084
0 492391084 0 511618498
0 511618498 0 522138819
0 522138819 0 538391345
0 522138819 18094595 522138819
0 477715111 19386802 477715111
0 538391345 0 561355214
0 561355214 0 585998219
0 585998219 19934472 585998219
0 585998219 0 611414826
0 611414826 0 612015484
0 611414826 21644020 611414826
21644020 611414826 22474671 612015484
0 465168522 28542065 465168522
0 612015484 0 642594748
0 642594748 13956267 642594748
0 642594748 0 663456138
0 663456138 0 667624658
0 663456138 4561857 663456138
0 667624658 0 679203138
0 679203138 15331816 679203138
0 679203138 0 700445743
0 700445743 0 717721465
0 717721465 0 718480589
0 718480589 0 722297510
0 717721465 4036937 717721465
4036937 717721465 13759645 718480589
0 722297510 11310784 722297510
20586341 481848705 51328011 481848705
20586341 492391084 34923523 511618498
34923523 511618498 43165461 538387597
43165461 538387597 43165461 538391345
43165461 538387597 64424879 538387597
43165461 538391345 44041601 561355214
44041601 561355214 52538745 567876005
52538745 567876005 52538745 577948421
52538745 567876005 64464814 567876005
64424879 538387597 98096574 540114908
98096574 540114908 111458151 559345068
111458151 559345068 114377135 559345068
114377135 559345068 119431531 571166282
111458151 559345068 111458151 583251837
111458151 583251837 130913446 586462692
4561857 663456138 36651953 667624658
36651953 667624658 43267012 694306801
43267012 694306801 43267012 700445743
43267012 694306801 52900702 694306801
0 460633515 37839352 460633515
130913446 586462692 166597333 590077879
51328011 481848705 68121819 506171685
21893171 377382351 57030635 385623406
57030635 385623406 71150741 385623406
71150741 385623406 79430906 392418510
79430906 392418510 83427248 412723522
57030635 385623406 57030635 420083288
0 68705245 43528883 68705245
166597333 590077879 172170094 628094514
172170094 628094514 192437048 641969207
192437048 641969207 193216598 641969207
192437048 641969207 192437048 651184029
43528883 68705245 69649003 86490744
69649003 86490744 78393084 97589504
78393084 97589504 87423213 97589504
78393084 97589504 78393084 123234902
78393084 123234902 90287527 124091306
90287527 124091306 90287527 129595624
90287527 129595624 90287527 132765440
90287527 129595624 96078523 129595624
96078523 129595624 97999613 145011939
13956267 642594748 50619970 649840272
50619970 649840272 53919096 663846039
53919096 663846039 77587291 673686793
77587291 673686793 98738422 675002587
98738422 675002587 127540166 675002587
127540166 675002587 147160200 675002587
147160200 675002587 148617552 675002587
147160200 675002587 147160200 683280651
127540166 675002587 127540166 696916738
98738422 675002587 98738422 718374189
98738422 718374189 98738422 719595362
98738422 718374189 117684788 718374189
0 309732390 44947618 309732390
44947618 309732390 54521771 341518940
16377660 39399733 47487497 53993600
22474671 612015484 70227841 612769070
70227841 612769070 73059406 612769070
70227841 612769070 70227841 631896866
9333728 220838753 49902872 229062938
73301687 176746993 119736522 179516131
119736522 179516131 122389482 179516131
119736522 179516131 119736522 215474602
119736522 215474602 152368779 225949791
152368779 225949791 153315032 225949791
152368779 225949791 152368779 236895749
152368779 236895749 154573810 239349619
154573810 239349619 154573810 258768641
154573810 258768641 168911715 258768641
154573810 258768641 154573810 279040279
154573810 239349619 175127498 239349619
175127498 239349619 175127498 245828507
175127498 239349619 186854484 239349619
186854484 239349619 186854484 240539793
175127498 245828507 182848605 255213181
182848605 255213181 193300103 255936119
186854484 239349619 210971050 239349619
210971050 239349619 212851052 244857672
212851052 244857672 212851052 245887424
212851052 245887424 218336051 247343872
218336051 247343872 218336051 248335698
218336051 247343872 220218873 247343872
212851052 244857672 225223453 244857672
225223453 244857672 228660142 262853348
228660142 262853348 228660142 288866476
228660142 288866476 249365831 303340273
249365831 303340273 261368297 309089764
261368297 309089764 270238689 322371282
270238689 322371282 270238689 331128614
270238689 331128614 290339283 347518163
228660142 262853348 265695938 262853348
193300103 255936119 198331740 293172793
198331740 293172793 198331740 299256309
198331740 299256309 202716739 299256309
198331740 293172793 204639426 293172793
198331740 299256309 198331740 312428217
198331740 312428217 205700227 324265967
205700227 324265967 210925708 360551895
210925708 360551895 220642141 372987750
220642141 372987750 220642141 406844286
220642141 406844286 227610391 427507618
227610391 427507618 227610391 437367319
227610391 427507618 246272269 427507618
246272269 427507618 247872345 433600181
247872345 433600181 247872345 437367319
247872345 437367319 262108781 448741178
262108781 448741178 283716282 448741178
262108781 448741178 262108781 473182768
262108781 473182768 272954328 477005515
272954328 477005515 286972016 489731239
286972016 489731239 286972016 506611201
286972016 489731239 311271279 489731239
220642141 372987750 266106470 372987750
266106470 372987750 268447190 372987750
266106470 372987750 266106470 393145059
270238689 322371282 316059909 322371282
316059909 322371282 316059909 322860408
316059909 322371282 337119757 322371282
337119757 322371282 347419412 326636974
347419412 326636974 347419412 355506545
347419412 355506545 355934328 377002966
355934328 377002966 355934328 380708909
355934328 380708909 366358591 383573065
366358591 383573065 366358591 389920934
366358591 383573065 402269501 383573065
402269501 383573065 408092636 420523316
408092636 420523316 408092636 430867458
408092636 430867458 408092636 444616250
408092636 420523316 430139671 420523316
430139671 420523316 438743474 424502101
438743474 424502101 438743474 430867458
438743474 424502101 451048512 424502101
347419412 326636974 390531310 326636974
390531310 326636974 397329566 335211099
397329566 335211099 430851729 340004388
430851729 340004388 430851729 348202882
430851729 340004388 447720894 340004388
430851729 348202882 442026417 357195499
442026417 357195499 442026417 369881318
442026417 357195499 469334226 357195499
469334226 357195499 476963458 362628275
355934328 377002966 400645451 377002966
227610391 437367319 227610391 486308627
408092636 444616250 434042250 467812135
434042250 467812135 434691906 475458493
434691906 475458493 461699808 475458493
461699808 475458493 463797956 475458493
461699808 475458493 461699808 480920051
434691906 475458493 434691906 509997255
434691906 509997255 434691906 510713024
434691906 509997255 449760998 509997255
449760998 509997255 453934500 510355881
453934500 510355881 473836486 510355881
473836486 510355881 495248298 522237608
495248298 522237608 500663522 546765176
500663522 546765176 507495930 546765176
507495930 546765176 511751443 548403767
511751443 548403767 511751443 554213674
511751443 548403767 529097989 548403767
529097989 548403767 536698227 552317195
536698227 552317195 547962617 552317195
536698227 552317195 536698227 573012574
536698227 573012574 543719267 573012574
536698227 573012574 536698227 584709857
536698227 584709857 574250241 586398610
574250241 586398610 574250241 593103024
574250241 593103024 574776245 593103024
574250241 586398610 588734861 586398610
574250241 593103024 574250241 622400296
574250241 622400296 581847414 632658222
581847414 632658222 617805805 632658222
581847414 632658222 581847414 670522462
581847414 670522462 613131711 671332818
613131711 671332818 618606553 687069886
618606553 687069886 618606553 694840681
618606553 694840681 620525283 702998515
620525283 702998515 634099552 702998515
634099552 702998515 634099552 708699873
620525283 702998515 620525283 718386876
620525283 718386876 623096839 726034205
623096839 726034205 625541199 726034205
625541199 726034205 626940610 726034205
634099552 702998515 650101607 702998515
650101607 702998515 650101607 703986650
650101607 702998515 653432337 702998515
618606553 687069886 647901209 687069886
625541199 726034205 625541199 757981386
625541199 757981386 634886370 784892195
547962617 552317195 572614372 569478498
500663522 546765176 500663522 591515736
500663522 591515736 501906722 592091813
501906722 592091813 501906722 592662702
501906722 592091813 518624757 592091813
501906722 592662702 506560982 604920968
506560982 604920968 508097011 627049256
508097011 627049256 514716250 627049256
508097011 627049256 508097011 655124885
508097011 655124885 525773776 681675794
525773776 681675794 525773776 687723563
525773776 687723563 530598402 690471693
530598402 690471693 548166439 701980447
548166439 701980447 556308525 701980447
548166439 701980447 548166439 717454191
548166439 717454191 548520348 719669228
548520348 719669228 551172300 719669228
548520348 719669228 548520348 726879124
453934500 510355881 453934500 555656107
525773776 681675794 574040973 681675794
574040973 681675794 609774418 691296928
43267012 700445743 51761358 741250677
51761358 741250677 52171358 748569097
52171358 748569097 52171358 766280286
52171358 748569097 69954215 748569097
52171358 766280286 57400840 794230513
57400840 794230513 77323719 794850746
77323719 794850746 87581597 794850746
77323719 794850746 77323719 823069912
117684788 718374189 120302586 765697325
120302586 765697325 138445170 765697325
138445170 765697325 141126022 767314732
141126022 767314732 152583058 767314732
152583058 767314732 152583058 773762855
141126022 767314732 141126022 786181415
152583058 767314732 174435069 767314732
120302586 765697325 120302586 791007638
120302586 791007638 120302586 791317524
120302586 791007638 124860013 791007638
124860013 791007638 125904817 808495488
125904817 808495488 131641617 808495488
125904817 808495488 125904817 846113997
125904817 846113997 125960785 880834816
125960785 880834816 130233395 888758518
130233395 888758518 130233395 912199020
130233395 912199020 143104317 921789116
130233395 888758518 158768987 888758518
143104317 921789116 170915871 923259914
170915871 923259914 175535032 930886918
175535032 930886918 175535032 933669392
175535032 933669392 177775430 933669392
175535032 933669392 175535032 950535295
175535032 930886918 200897623 930886918
175535032 950535295 180672918 974536267
131641617 808495488 150191152 829814969
150191152 829814969 181485707 830276555
181485707 830276555 193815330 830276555
193815330 830276555 207496425 830276555
193815330 830276555 193815330 855367927
193815330 855367927 215631166 858138257
181485707 830276555 181485707 863426015
158768987 888758518 179668667 912766206
200897623 930886918 237086930 943723190
237086930 943723190 253122500 974289004
253122500 974289004 280765690 983610603
69954215 748569097 116566445 751996440
116566445 751996440 116590578 751996440
116566445 751996440 116566445 755249297
122389482 179516131 144368703 207777061
144368703 207777061 173306506 210138565
173306506 210138565 214708375 211397504
214708375 211397504 223032524 218240040
179668667 912766206 226733623 917458992
226733623 917458992 239487358 918137806
239487358 918137806 239487358 925837286
239487358 918137806 282367439 918137806
282367439 918137806 295654640 922903037
295654640 922903037 295654640 941524496
295654640 941524496 296840855 942227025
295654640 922903037 332709475 922903037
83427248 412723522 93180696 455445221
93180696 455445221 108160398 467636580
108160398 467636580 124541332 467636580
108160398 467636580 108160398 490096178
124541332 467636580 146480497 470959476
146480497 470959476 154299720 470959476
154299720 470959476 154299720 472521503
154299720 470959476 161033380 470959476
161033380 470959476 165967149 488192467
165967149 488192467 165967149 505783792
165967149 505783792 166152296 508849041
166152296 508849041 166152296 520652689
166152296 520652689 173539127 520652689
166152296 520652689 166152296 536353804
166152296 536353804 171428605 536353804
166152296 536353804 166152296 554713104
166152296 554713104 185068382 554797779
185068382 554797779 192794084 556260142
192794084 556260142 204097169 556260142
166152296 508849041 186819645 508849041
186819645 508849041 195106200 515697973
195106200 515697973 195106200 529370304
195106200 529370304 204097169 540159087
204097169 540159087 208256630 540159087
195106200 515697973 219641029 515697973
204097169 556260142 222001855 563644518
192794084 556260142 192794084 583020703
165967149 488192467 193714661 488192467
193714661 488192467 222075306 492319644
146480497 470959476 146480497 506016107
219641029 515697973 238377846 535135382
222001855 563644518 240514119 587840850
240514119 587840850 244603383 588237096
244603383 588237096 244603383 593936192
244603383 593936192 258335495 609954620
258335495 609954620 274458095 609954620
274458095 609954620 274458095 617178975
274458095 609954620 282741088 609954620
282741088 609954620 288285683 612803930
258335495 609954620 258335495 638371712
258335495 638371712 258335495 644475752
258335495 644475752 261639450 646778334
261639450 646778334 263606107 646778334
261639450 646778334 261639450 650164121
258335495 638371712 274390635 638371712
274390635 638371712 284492595 644261865
284492595 644261865 299212629 644261865
299212629 644261865 299212629 652582234
299212629 644261865 308938573 644261865
284492595 644261865 284492595 661622165
284492595 661622165 297210416 661622165
284492595 661622165 284492595 676108621
284492595 676108621 295783749 676108621
284492595 676108621 284492595 693478420
192794084 583020703 203396061 616398456
203396061 616398456 203396061 619295760
203396061 616398456 212612964 616398456
295783749 676108621 333929820 683208978
333929820 683208978 341038186 685164935
341038186 685164935 341038186 715914741
341038186 715914741 345335209 730213828
345335209 730213828 364610406 730213828
364610406 730213828 378093171 732912543
378093171 732912543 378093171 743280475
345335209 730213828 345335209 754995735
378093171 732912543 403927475 732912543
403927475 732912543 413291715 753664041
345335209 754995735 355360291 777183990
355360291 777183990 355360291 781063351
355360291 781063351 358979469 781063351
355360291 777183990 367026512 777183990
355360291 781063351 355360291 810467609
355360291 810467609 363815258 812992025
341038186 685164935 385545083 685164935
385545083 685164935 401057387 702357227
401057387 702357227 401864560 709016253
413291715 753664041 435024042 777608710
435024042 777608710 441368792 783105247
441368792 783105247 441368792 787913912
441368792 787913912 442273814 787913912
442273814 787913912 451232251 788283688
451232251 788283688 453633750 788283688
451232251 788283688 451232251 812994828
451232251 812994828 464489567 819069330
464489567 819069330 482681447 819069330
482681447 819069330 483700139 819069330
483700139 819069330 494461976 825051871
494461976 825051871 494461976 832123685
494461976 825051871 519400336 825051871
519400336 825051871 520531334 851735713
520531334 851735713 523455843 859591518
523455843 859591518 545560398 859591518
523455843 859591518 523455843 887180315
523455843 887180315 528034826 894283827
528034826 894283827 553304617 894283827
553304617 894283827 568127191 895875664
568127191 895875664 568127191 902154976
568127191 902154976 569185430 907515478
569185430 907515478 569185430 923487908
569185430 923487908 569185430 925378629
569185430 923487908 586374467 923487908
569185430 907515478 591864559 907515478
528034826 894283827 528034826 920475935
528034826 920475935 528034826 921319497
528034826 920475935 549382833 920475935
569185430 925378629 585431809 938949619
586374467 923487908 622954138 924718302
585431809 938949619 619884081 942493282
619884081 942493282 628649617 968353466
628649617 968353466 630051355 968353466
628649617 968353466 628649617 984917080
628649617 984917080 639213045 993408172
482681447 819069330 482681447 858165621
482681447 858165621 484854446 865485459
484854446 865485459 491887242 865485459
484854446 865485459 484854446 902051006
484854446 902051006 495690468 911192376
495690468 911192376 509004605 911192376
509004605 911192376 513662061 919093490
513662061 919093490 513662061 924441315
513662061 924441315 517901291 924441315
513662061 919093490 523185728 919093490
513662061 924441315 513662061 951560529
517901291 924441315 524547743 945793224
524547743 945793224 545999311 963161733
441368792 783105247 480823036 783105247
480823036 783105247 503446978 783105247
480823036 783105247 480823036 810288343
503446978 783105247 517898825 796843911
517898825 796843911 517898825 801515033
517898825 796843911 533747990 796843911
533747990 796843911 564611186 797640349
564611186 797640349 569504460 801597139
569504460 801597139 569504460 818287205
569504460 801597139 586868738 801597139
586868738 801597139 609562145 808655621
569504460 818287205 581558508 843134291
609562145 808655621 624287391 834135985
624287391 834135985 624861705 836144125
624861705 836144125 630696367 836330541
630696367 836330541 630757797 836330541
630696367 836330541 630696367 855678199
495690468 911192376 495690468 952814129
622954138 924718302 658108201 932635915
658108201 932635915 659419004 962925727
659419004 962925727 665410860 966758482
665410860 966758482 665410860 993104631
665410860 966758482 702400689 966758482
702400689 966758482 702400689 974583022
702400689 974583022 705110882 974583022
705110882 974583022 705502020 981837146
702400689 974583022 702400689 982613849
702400689 966758482 748022907 966758482
491887242 865485459 505455238 900138104
464489567 819069330 464489567 868302422
464489567 868302422 469261959 868302422
464489567 868302422 464489567 876768220
464489567 876768220 467743078 895097387
247872345 433600181 300405314 433600181
300405314 433600181 331421874 438844574
331421874 438844574 332158541 445946980
332158541 445946980 353782502 445946980
353782502 445946980 353782502 456694049
353782502 456694049 353782502 459621797
353782502 456694049 357257112 456694049
357257112 456694049 357722047 464228688
357722047 464228688 364175935 470718982
364175935 470718982 371686040 470718982
332158541 445946980 332158541 475639090
364175935 470718982 364175935 505419536
364175935 505419536 364175935 508208190
364175935 505419536 367715880 505419536
367715880 505419536 371299326 507799767
371299326 507799767 391589798 507799767
391589798 507799767 408062967 509997255
408062967 509997255 409811563 509997255
409811563 509997255 409811563 520314235
408062967 509997255 408062967 533700722
371299326 507799767 371299326 538908409
353782502 445946980 390921085 445946980
390921085 445946980 393240895 445946980
390921085 445946980 390921085 452345132
617805805 632658222 663536226 639666869
663536226 639666869 673802923 646447308
673802923 646447308 682988588 646447308
682988588 646447308 688229448 646447308
682988588 646447308 682988588 653427424
673802923 646447308 673802923 661522058
688229448 646447308 718111947 652835080
718111947 652835080 728008936 658793228
728008936 658793228 754684316 658793228
728008936 658793228 728008936 688782920
728008936 688782920 743759663 697528785
743759663 697528785 756634315 697528785
756634315 697528785 756634315 714128467
756634315 697528785 789927391 697528785
789927391 697528785 793334419 720735140
793334419 720735140 795934748 720735140
793334419 720735140 793334419 730110972
793334419 730110972 812034453 732588901
812034453 732588901 833177484 732588901
833177484 732588901 845561204 732588901
833177484 732588901 833177484 759948144
756634315 714128467 764729218 740820135
764729218 740820135 764729218 752451251
764729218 740820135 779512752 740820135
743759663 697528785 743759663 733715969
743759663 733715969 745172261 768276827
682988588 653427424 711811623 671909313
711811623 671909313 714903797 671909313
711811623 671909313 711811623 677852020
833177484 759948144 841140833 801620740
812034453 732588901 812034453 784464591
812034453 784464591 818246907 816119255
841140833 801620740 869468763 825518577
869468763 825518577 878574421 844099455
878574421 844099455 891629941 847511023
891629941 847511023 896434398 890615697
896434398 890615697 896434398 900489215
896434398 900489215 896434398 907098053
896434398 900489215 904005906 900489215
896434398 907098053 903999034 919184835
896434398 890615697 926513745 890615697
903999034 919184835 914322308 941981709
926513745 890615697 949891227 904599278
914322308 941981709 932529420 963376638
949891227 904599278 960520831 938253244
90287527 124091306 143027357 124091306
143027357 124091306 171581245 133729628
171581245 133729628 171581245 141000587
171581245 133729628 194053406 133729628
194053406 133729628 195161371 134008573
195161371 134008573 195161371 137333556
195161371 137333556 200797032 153716793
200797032 153716793 219248972 156924396
219248972 156924396 227882251 158520688
227882251 158520688 231285855 158520688
195161371 134008573 219531428 134008573
171581245 141000587 185518631 153716793
185518631 153716793 185518631 194691162
185518631 194691162 193001205 197793939
193001205 197793939 227882251 199644881
231285855 158520688 245594103 188429817
245594103 188429817 277208223 209024706
277208223 209024706 293214804 216933958
293214804 216933958 298389890 216933958
298389890 216933958 319007707 223770679
319007707 223770679 320718731 223770679
319007707 223770679 319007707 235424355
293214804 216933958 293214804 252655287
319007707 235424355 344244703 249800452
332709475 922903037 378530434 930561709
378530434 930561709 379926937 939466380
379926937 939466380 382331531 952809484
382331531 952809484 382331531 952975287
382331531 952975287 389850125 963569269
389850125 963569269 394086369 963569269
389850125 963569269 389850125 987772522
389850125 987772522 404272257 991792085
382331531 952809484 420713392 952809484
420713392 952809484 440541977 959732053
440541977 959732053 446822198 967928969
446822198 967928969 450385124 967928969
446822198 967928969 446822198 983910018
446822198 983910018 448189743 991507794
450385124 967928969 493915912 974881944
493915912 974881944 504339732 997714324
17329985 279019219 70106537 280626181
70106537 280626181 72290170 293475393
72290170 293475393 72290170 294694080
72290170 293475393 89071683 293475393
89071683 293475393 94939708 306287663
94939708 306287663 113013945 307380195
113013945 307380195 144716165 314690080
54521771 341518940 94157917 356386725
94157917 356386725 124943878 378129783
124943878 378129783 140375978 385547975
140375978 385547975 147557291 385547975
147557291 385547975 147557291 396169953
140375978 385547975 140375978 410846106
140375978 410846106 142122890 415777292
147557291 385547975 182802630 385547975
182802630 385547975 188302805 391094752
188302805 391094752 188302805 397524978
188302805 391094752 199092122 391094752
199092122 391094752 200986066 407241021
142122890 415777292 144876475 450373832
200986066 407241021 215310145 432812545
244603383 588237096 299152515 588237096
451048512 424502101 481940935 448177604
481940935 448177604 485105208 450499237
485105208 450499237 485105208 463624881
485105208 463624881 486595024 463624881
485105208 463624881 485105208 465251876
485105208 450499237 520390855 450499237
520390855 450499237 520390855 450976640
520390855 450499237 529847899 450499237
529847899 450499237 550738263 451160363
550738263 451160363 569201299 451160363
569201299 451160363 574733075 451160363
569201299 451160363 569201299 462529774
550738263 451160363 550738263 494885458
550738263 494885458 577001870 507771784
577001870 507771784 587823851 519034599
587823851 519034599 587823851 539060742
587823851 519034599 611990524 519034599
587823851 539060742 606473084 553309562
606473084 553309562 619469559 561997464
619469559 561997464 619469559 567150896
619469559 561997464 624811763 561997464
624811763 561997464 630955319 604209197
630955319 604209197 640986740 604209197
640986740 604209197 640986740 613631328
640986740 613631328 645178001 615987888
645178001 615987888 645607876 615987888
630955319 604209197 630955319 615694554
645178001 615987888 645178001 629934552
640986740 604209197 658908495 604209197
658908495 604209197 663109224 606731778
663109224 606731778 663109224 609709156
645178001 629934552 683564289 632135339
683564289 632135339 717042469 633820866
574733075 451160363 618564973 457192951
618564973 457192951 627812237 471043217
627812237 471043217 654947149 473705287
654947149 473705287 654947149 483595745
654947149 473705287 689862616 473705287
689862616 473705287 697972724 486515810
697972724 486515810 723113041 486515810
697972724 486515810 697972724 516199149
697972724 516199149 699310982 516199149
697972724 516199149 697972724 544683278
611990524 519034599 637396746 546391754
663109224 606731778 715923016 606731778
715923016 606731778 724416496 613058725
724416496 613058725 724416496 613143095
724416496 613058725 737697854 613058725
737697854 613058725 747049469 613896293
663109224 609709156 700520235 625255712
700520235 625255712 700520235 627804596
700520235 625255712 705202595 625255712
699310982 516199149 744954682 524485242
744954682 524485242 744954682 538611645
744954682 524485242 762091836 524485242
762091836 524485242 762091836 529778316
762091836 524485242 781561620 524485242
744954682 538611645 759720184 573708323
759720184 573708323 772306954 573708323
759720184 573708323 759720184 588363465
772306954 573708323 783020646 580764771
783020646 580764771 783920911 580764771
783020646 580764771 783020646 586214894
783020646 586214894 804121748 616150854
804121748 616150854 817777817 622053352
817777817 622053352 829998670 622053352
829998670 622053352 840198322 628498392
840198322 628498392 853024563 635736662
853024563 635736662 869913072 635736662
869913072 635736662 871193503 646868648
871193503 646868648 881458866 646868648
881458866 646868648 890963600 646868648
881458866 646868648 881458866 665288574
817777817 622053352 817777817 648765843
853024563 635736662 853024563 670601488
853024563 670601488 861917405 686984130
861917405 686984130 871193503 688750289
871193503 688750289 871193503 695802519
871193503 688750289 879097997 688750289
879097997 688750289 917853432 690501850
917853432 690501850 918603572 709600616
918603572 709600616 924289655 709600616
918603572 709600616 918603572 746882572
781561620 524485242 812046478 545473240
812046478 545473240 833113925 549036903
833113925 549036903 834264557 553113489
834264557 553113489 834264557 576847731
834264557 576847731 840198322 597294670
840198322 597294670 844579749 597294670
844579749 597294670 854754695 597718541
854754695 597718541 867210176 613847428
834264557 553113489 872900626 553113489
872900626 553113489 881667967 568810202
881667967 568810202 892003211 568810202
892003211 568810202 902421404 571722779
881667967 568810202 881667967 585992107
902421404 571722779 922809408 582476768
568127191 895875664 623015855 895875664
551172300 719669228 603920493 721901278
623096839 726034205 623096839 781023962
64464814 567876005 87367502 600674932
87367502 600674932 99972250 605432871
623015855 895875664 660038268 914697121
660038268 914697121 685833168 925474698
434691906 510713024 437180866 564369736
437180866 564369736 437199348 564369736
437180866 564369736 437180866 572072379
437180866 572072379 440275828 613159032
440275828 613159032 446256370 613159032
446256370 613159032 452108316 615797960
452108316 615797960 452920908 615797960
452108316 615797960 452108316 641518359
452108316 641518359 456627756 653941141
456627756 653941141 466021113 653941141
456627756 653941141 456627756 665646067
456627756 665646067 458948946 682836608
458948946 682836608 477854587 682836608
458948946 682836608 458948946 706057112
458948946 706057112 458948946 720036370
458948946 706057112 473549040 706057112
473549040 706057112 478057788 710574812
478057788 710574812 478057788 725162515
478057788 725162515 478931288 734156065
478931288 734156065 497514511 734156065
497514511 734156065 515701652 737705212
466021113 653941141 495095118 654614484
495095118 654614484 498112134 655124885
498112134 655124885 498112134 674682491
440275828 613159032 440275828 644640639
478931288 734156065 478931288 771832993
478057788 710574812 524928810 710574812
453934500 555656107 467062371 598979481
630696367 855678199 672188528 870980145
672188528 870980145 673093043 876722359
673093043 876722359 673093043 879085089
673093043 879085089 675882482 879085089
675882482 879085089 677007024 883287310
677007024 883287310 677007024 885786382
677007024 885786382 678753723 885786382
677007024 885786382 677007024 894492325
677007024 883287310 702396197 883287310
702396197 883287310 703788952 884247010
673093043 876722359 699074707 876722359
673093043 879085089 673093043 914054724
699074707 876722359 700018172 911186545
700018172 911186545 750559934 912812711
750559934 912812711 756310947 914346879
756310947 914346879 776327342 914346879
776327342 914346879 780301159 914483157
780301159 914483157 800298540 914483157
800298540 914483157 804366491 927473668
804366491 927473668 816820312 938317268
816820312 938317268 822946594 938317268
816820312 938317268 816820312 948600417
816820312 948600417 829494340 954279617
829494340 954279617 829494340 956188259
829494340 956188259 843710224 960277073
843710224 960277073 861037007 960277073
861037007 960277073 861037007 964904012
861037007 960277073 869795031 960277073
869795031 960277073 871504269 973260249
871504269 973260249 871504269 992572288
843710224 960277073 843710224 980787109
843710224 980787109 843710224 983690022
843710224 980787109 849255987 980787109
871504269 973260249 895730594 973260249
780301159 914483157 780301159 940259025
780301159 940259025 780301159 940619708
780301159 940259025 782317485 940259025
895730594 973260249 925727559 988341273
829494340 954279617 874798772 954279617
756310947 914346879 756310947 966148669
756310947 966148669 781098606 997043434
320718731 223770679 367979177 233813834
367979177 233813834 376715846 241712402
376715846 241712402 376715846 249560656
376715846 241712402 419527658 241712402
419527658 241712402 440755520 244632189
440755520 244632189 483323800 244632189
483323800 244632189 492504328 249986813
492504328 249986813 496214907 249986813
496214907 249986813 500526006 261285229
500526006 261285229 500526006 287558524
500526006 287558524 504942892 290840640
492504328 249986813 492504328 283288055
500526006 261285229 537483922 261285229
537483922 261285229 562069961 269607499
504942892 290840640 507484378 325481615
467743078 895097387 482178278 938044254
482178278 938044254 483733729 938924734
924289655 709600616 963569477 728077828
963569477 728077828 979550004 730362469
979550004 730362469 982654742 738275520
982654742 738275520 982654742 750224497
982654742 750224497 987727500 750224497
982654742 738275520 997724664 738275520
987727500 750224497 990284143 765465850
990284143 765465850 990284143 767995200
990284143 765465850 992978347 765465850
982654742 750224497 982654742 771725789
982654742 771725789 987280927 795412653
987280927 795412653 992561775 804436819
992561775 804436819 992901953 804436819
992561775 804436819 992561775 838449616
42104173 243392405 91376970 252000882
91376970 252000882 97682184 270938546
97682184 270938546 109659785 279963816
440755520 244632189 440755520 302697414
440755520 302697414 447720894 324548326
447720894 324548326 483185455 324548326
26883465 0 85396208 0
85396208 0 88060561 0
88060561 0 93214972 0
85396208 0 85396208 10193107
85396208 10193107 88060561 37460707
88060561 37460707 93214972 38432886
93214972 0 150129326 0
150129326 0 150129326 1179229
150129326 0 162534777 0
162534777 0 162534777 9004717
162534777 0 172143883 0
172143883 0 194479352 0
194479352 0 205384565 0
172143883 0 172143883 24277530
172143883 24277530 177273425 46231650
177273425 46231650 194479352 46231650
194479352 46231650 198126409 57878007
198126409 57878007 216755436 57878007
198126409 57878007 198126409 87607492
198126409 87607492 203875505 87607492
198126409 87607492 198126409 100477417
198126409 100477417 198126409 102453212
198126409 100477417 200251509 100477417
205384565 0 205384565 35154519
177273425 46231650 177273425 89962737
177273425 89962737 186945784 104566600
216755436 57878007 266029156 61827025
266029156 61827025 266135637 61827025
266029156 61827025 266029156 84999720
507484378 325481615 539383699 352587636
539383699 352587636 548635743 357418775
548635743 357418775 569940897 357418775
569940897 357418775 569940897 368896664
569940897 368896664 569940897 371328903
569940897 368896664 575608438 368896664
569940897 357418775 593801220 357418775
593801220 357418775 606219586 359792552
606219586 359792552 611585639 359792552
606219586 359792552 606219586 388897857
606219586 388897857 606830976 420735700
606830976 420735700 606830976 435493567
606830976 435493567 606830976 437013927
606830976 435493567 617975188 435493567
617975188 435493567 618564973 449705859
606830976 420735700 660697833 420735700
660697833 420735700 678334288 423649624
678334288 423649624 678334288 425420422
678334288 423649624 689970581 423649624
678334288 425420422 678441106 449705859
678441106 449705859 681872786 452924269
681872786 452924269 713711177 456901052
713711177 456901052 742829271 466103877
548635743 357418775 548635743 411565545
548635743 411565545 548939290 411565545
548635743 411565545 548635743 413458767
689970581 423649624 729058054 440562212
729058054 440562212 756589180 447659472
562069961 269607499 621283143 270323098
621283143 270323098 630281513 271319781
630281513 271319781 664193673 271319781
630281513 271319781 630281513 325326134
630281513 325326134 630281513 329021783
630281513 329021783 631556966 333716745
631556966 333716745 631556966 335018824
631556966 333716745 638323071 333716745
630281513 325326134 642591879 325326134
631556966 335018824 634780199 346461817
638323071 333716745 684352342 340002240
684352342 340002240 726337150 340002240
726337150 340002240 732559523 341070691
732559523 341070691 732559523 351156554
732559523 351156554 735454461 380733082
735454461 380733082 752370690 405885526
752370690 405885526 769883113 405885526
769883113 405885526 789421515 409468802
789421515 409468802 789421515 415337766
789421515 409468802 815295339 409468802
815295339 409468802 821839452 436770582
821839452 436770582 828791835 445259064
828791835 445259064 828791835 459803587
828791835 459803587 837828668 478152737
837828668 478152737 859989051 482423970
859989051 482423970 859989051 489627163
752370690 405885526 752370690 440251153
859989051 489627163 875406257 510756039
875406257 510756039 886429212 519417199
886429212 519417199 892003211 522614230
892003211 522614230 892003211 537651954
892003211 537651954 894669721 537651954
894669721 537651954 902421404 542418481
902421404 542418481 905352031 542418481
905352031 542418481 924207955 547794012
924207955 547794012 924207955 564171138
892003211 522614230 920778845 522614230
828791835 445259064 866682152 445259064
789421515 415337766 809523868 436770582
809523868 436770582 809523868 458641053
732559523 341070691 774679319 341070691
774679319 341070691 774679319 341523785
774679319 341070691 792193756 341070691
774679319 341523785 783350038 365834995
783350038 365834995 783350038 371049398
783350038 365834995 789473018 365834995
924207955 564171138 965138626 566682832
965138626 566682832 972583937 594054156
972583937 594054156 976221183 594054156
976221183 594054156 993414736 607305588
972583937 594054156 972583937 634688409
972583937 634688409 972839010 634688409
972583937 634688409 972583937 645289564
859989051 482423970 903567313 482423970
903567313 482423970 942879112 487087745
942879112 487087745 946578175 487087745
942879112 487087745 942879112 499194415
809523868 458641053 822148829 494081638
822148829 494081638 833113925 519718345
833113925 519718345 844976190 519718345
833113925 519718345 833113925 542632690
833113925 542632690 839693391 542632690
946578175 487087745 991615684 490847358
991615684 490847358 993751972 490847358
991615684 490847358 991615684 494887902
991615684 494887902 995428255 504942014
924207955 547794012 973320531 547794012
973320531 547794012 980396584 550513314
684352342 340002240 684352342 398135358
684352342 398135358 693544545 398135358
684352342 398135358 684352342 407673089
144716165 314690080 189222027 330261538
189222027 330261538 191781451 330261538
189222027 330261538 189222027 343900804
189222027 343900804 199595060 381282795
199595060 381282795 202299425 383842001
266029156 84999720 309778177 101523090
309778177 101523090 323006605 102208406
323006605 102208406 337070442 103107359
337070442 103107359 339578479 108730943
339578479 108730943 339578479 123353972
339578479 123353972 342853188 132640572
342853188 132640572 379608489 132640572
379608489 132640572 384533120 142888242
384533120 142888242 384533120 144651009
384533120 144651009 386597880 144651009
384533120 144651009 384533120 153780633
384533120 153780633 395573367 157689886
395573367 157689886 395573367 160747342
395573367 160747342 430631906 160747342
430631906 160747342 432174580 163040956
432174580 163040956 455102088 163040956
432174580 163040956 432174580 198119974
395573367 157689886 439857302 157689886
384533120 142888242 432140037 142888242
432140037 142888242 439857302 152679871
439857302 152679871 444364653 152679871
455102088 163040956 480896080 188268400
480896080 188268400 480896080 188309708
480896080 188309708 482211416 219746737
482211416 219746737 487461869 219746737
480896080 188268400 528841635 188268400
528841635 188268400 534343313 188947343
534343313 188947343 542833495 188947343
534343313 188947343 534343313 209407936
534343313 209407936 540465905 228449758
542833495 188947343 566030859 191846981
540465905 228449758 576974488 232583937
576974488 232583937 593315277 232583937
593315277 232583937 593315277 235100007
593315277 235100007 597415328 235149321
597415328 235149321 605411349 235149321
593315277 232583937 601950966 232583937
597415328 235149321 597415328 254663079
576974488 232583937 576974488 254368000
576974488 254368000 589626591 258074379
597415328 254663079 623360443 264326620
623360443 264326620 654435433 269439732
395573367 160747342 395573367 213569231
395573367 213569231 395585772 218066680
395585772 218066680 409446841 233054722
339578479 108730943 398385713 108730943
398385713 108730943 398385713 117277760
398385713 108730943 412540896 108730943
280765690 983610603 335769897 989503224
866682152 445259064 925854148 447066011
925854148 447066011 942879112 448991173
942879112 448991173 942879112 471181684
942879112 471181684 945499878 471181684
945499878 471181684 946578175 478950163
946578175 478950163 958153339 478950163
958153339 478950163 961333635 483902688
942879112 448991173 969912619 448991173
969912619 448991173 969912619 457348716
969912619 448991173 985193197 448991173
342853188 132640572 342853188 193850529
342853188 193850529 342853188 198739586
342853188 198739586 346483396 198739586
342853188 198739586 342853188 205608505
342853188 193850529 359308258 193850529
408062967 533700722 429495501 573590128
634886370 784892195 693455772 787759213
693455772 787759213 709350094 792029317
709350094 792029317 721577042 792029317
709350094 792029317 709350094 842589761
709350094 842589761 727332457 857997381
727332457 857997381 781020758 859763489
781020758 859763489 814753257 883817641
721577042 792029317 738260701 835391809
738260701 835391809 763430568 841941311
366358591 389920934 397230699 421392687
545999311 963161733 581837583 990039494
845561204 732588901 889990341 751121053
889990341 751121053 901951792 765355682
901951792 765355682 908300090 765355682
908300090 765355682 911189754 779297827
901951792 765355682 901951792 782974101
911189754 779297827 911189754 801294293
911189754 801294293 911189754 802117463
911189754 801294293 917187956 801294293
911189754 779297827 957420888 779297827
147160200 683280651 181716491 711827207
192437048 651184029 247836567 659310974
247836567 659310974 249608482 661622165
249608482 661622165 249608482 705791414
249608482 705791414 253955395 712462194
253955395 712462194 255927210 712462194
253955395 712462194 253955395 737968162
253955395 737968162 265381787 762050797
265381787 762050797 265381787 775129633
265381787 762050797 279138690 762050797
279138690 762050797 283752779 765117935
283752779 765117935 308010261 765117935
283752779 765117935 283752779 810115071
283752779 810115071 284646841 810115071
283752779 810115071 283752779 819695764
283752779 819695764 284295854 819754374
284295854 819754374 318860626 819754374
318860626 819754374 326757958 827295207
326757958 827295207 326757958 840749802
326757958 840749802 335834494 840749802
326757958 827295207 344637518 827295207
326757958 840749802 326757958 870562733
326757958 870562733 331964707 872723106
331964707 872723106 331964707 877206142
331964707 877206142 335900877 882511187
335900877 882511187 340188150 889113670
340188150 889113670 340188150 916723094
340188150 889113670 383163685 889113670
331964707 872723106 378588254 872723106
378588254 872723106 378588254 875422184
378588254 872723106 397530138 872723106
397530138 872723106 408188012 877219280
408188012 877219280 423129103 880627678
423129103 880627678 433328610 895097387
433328610 895097387 433328610 905574847
433328610 905574847 446355951 912324421
446355951 912324421 466320056 941070068
284295854 819754374 284295854 875403871
284295854 875403871 299450610 883649236
299450610 883649236 314882479 883649236
299450610 883649236 299450610 905825916
653432337 702998515 673757348 746831108
673757348 746831108 683919811 748427678
683919811 748427678 683919811 749246754
683919811 748427678 700965712 748427678
700965712 748427678 734341943 758846280
734341943 758846280 737654291 758846280
734341943 758846280 734341943 770753272
734341943 770753272 741233710 777788805
605411349 235149321 666359638 238749676
666359638 238749676 687196983 238749676
687196983 238749676 687196983 248400800
687196983 238749676 701064717 238749676
701064717 238749676 706000987 239215739
706000987 239215739 719302824 239215739
719302824 239215739 726022021 239215739
719302824 239215739 719302824 248943327
719302824 248943327 724653570 262368981
724653570 262368981 724653570 264472155
724653570 262368981 729911573 262368981
729911573 262368981 738298741 264472155
666359638 238749676 666359638 260190731
706000987 239215739 706000987 262674677
706000987 262674677 717656948 262674677
738298741 264472155 768680762 270634884
768680762 270634884 768680762 284335138
768680762 284335138 769934457 284335138
768680762 284335138 768680762 289914160
768680762 270634884 790906915 270634884
790906915 270634884 802008576 295170272
802008576 295170272 802008576 309775762
802008576 309775762 802008576 319203126
802008576 309775762 815921091 309775762
706000987 262674677 706000987 302133619
706000987 302133619 724653570 304175865
724653570 304175865 724653570 314398924
724653570 304175865 735354907 304175865
802008576 295170272 848088640 295170272
768680762 289914160 779287681 325998977
779287681 325998977 801292469 338209077
801292469 338209077 841669202 340843080
841669202 340843080 851829250 341052022
851829250 341052022 856563855 341052022
856563855 341052022 856563855 343053514
856563855 341052022 890095935 341052022
890095935 341052022 901392268 341914164
901392268 341914164 901392268 355686926
901392268 355686926 901392268 370134528
901392268 370134528 906051476 370134528
901392268 370134528 901392268 380074257
901392268 341914164 920082929 341914164
920082929 341914164 920887043 341914164
920082929 341914164 920082929 347661856
920082929 347661856 937081666 352480542
937081666 352480542 937081666 355686926
901392268 380074257 911557299 392985977
911557299 392985977 911557299 407597935
911557299 407597935 911943813 407597935
911943813 407597935 917257862 417924094
911557299 392985977 936843386 392985977
911557299 407597935 911557299 437989600
937081666 355686926 969117054 365142608
969117054 365142608 992728518 371252163
856563855 343053514 889093392 352605446
937081666 352480542 982284781 352480542
851829250 341052022 851829250 389545620
851829250 389545620 861756961 408955997
936843386 392985977 968092547 412357585
968092547 412357585 968194662 414830603
215631166 858138257 257246176 881106774
257246176 881106774 276109493 901091097
367026512 777183990 412508138 796440721
664193673 271319781 677305111 322995452
146480497 506016107 160573898 558119714
265381787 775129633 276411668 830693015
276411668 830693015 281779055 872175793
281779055 872175793 316295050 874114884
548939290 411565545 581858905 446190190
0 722297510 0 789931422
0 789931422 33696740 789931422
0 789931422 0 833007236
0 833007236 0 853083409
0 853083409 0 867894908
0 867894908 28932697 867894908
0 853083409 33266884 853083409
33266884 853083409 50966832 859203435
50966832 859203435 50966832 866319287
50966832 859203435 71472397 859203435
0 833007236 40962325 833007236
50966832 866319287 55334434 910943630
55334434 910943630 78876003 912168156
78876003 912168156 110880909 916537465
0 867894908 0 921209713
0 921209713 0 932111571
0 921209713 38699668 921209713
38699668 921209713 38847360 932012477
38847360 932012477 38847360 932111571
38847360 932012477 55027737 932012477
38847360 932111571 46783316 952306269
46783316 952306269 63129558 959145833
63129558 959145833 63472308 959145833
63472308 959145833 85468597 964358431
85468597 964358431 92767236 964358431
85468597 964358431 85468597 973710493
63129558 959145833 63129558 994213384
85468597 973710493 115317364 989618710
115317364 989618710 115317364 989821118
115317364 989618710 119289315 989618710
299152515 588237096 367139950 589412538
367139950 589412538 381544189 598039918
381544189 598039918 390412794 598039918
390412794 598039918 391748713 656318950
391748713 656318950 439774267 667355185
439774267 667355185 449873091 683120439
449873091 683120439 451510648 689745109
381544189 598039918 381544189 659918370
482211416 219746737 482211416 289105882
52900702 694306801 76298920 740587545
76298920 740587545 77465153 740637149
49902872 229062938 105685490 242980863
21050338 268622493 89101512 270731396
205384565 0 276022516 0
276022516 0 277220164 0
277220164 0 279671968 0
276022516 0 276022516 4911831
279671968 0 285638380 0
285638380 0 285638380 25984888
276022516 4911831 277220164 30066145
277220164 30066145 279671968 30066145
277220164 30066145 277220164 48492060
285638380 0 334652302 0
334652302 0 353569871 0
353569871 0 359587903 0
359587903 0 368647714 0
353569871 0 353569871 24337423
353569871 24337423 359587903 25723768
359587903 25723768 368647714 36903994
368647714 36903994 377063678 39487796
377063678 39487796 403623106 39487796
368647714 0 403623106 0
403623106 0 429145057 0
429145057 0 441367718 0
429145057 0 429145057 35645998
429145057 35645998 441367718 49238629
441367718 49238629 457406333 51850323
457406333 51850323 457406333 52903064
457406333 51850323 471025794 51850323
471025794 51850323 487599398 68405386
487599398 68405386 488677947 100901039
377063678 39487796 377063678 75149650
377063678 75149650 378099472 75149650
378099472 75149650 379608489 86741200
379608489 86741200 396966064 86741200
377063678 75149650 377063678 94372540
441367718 0 479492001 0
479492001 0 481163093 0
481163093 0 509987346 0
509987346 0 511740243 0
511740243 0 523655772 0
523655772 0 532331510 0
523655772 0 523655772 22694497
532331510 0 558312352 0
558312352 0 564032738 0
558312352 0 558312352 18793499
511740243 0 511740243 26108669
481163093 0 481163093 28895718
523655772 22694497 532331510 45470758
532331510 45470758 564032738 47694096
396966064 86741200 422453818 100038358
481163093 28895718 509987346 39177993
509987346 39177993 523668191 55715246
479492001 0 479492001 46611319
523668191 55715246 533326366 100454666
533326366 100454666 548178274 102622271
548178274 102622271 548178274 103301173
548178274 102622271 552474264 102622271
564032738 47694096 597561669 71031698
597561669 71031698 607899023 81392612
607899023 81392612 607899023 83975331
607899023 81392612 635916596 81392612
552474264 102622271 596987009 117445139
596987009 117445139 613340734 152101859
613340734 152101859 626220518 152101859
613340734 152101859 613340734 175646432
626220518 152101859 647783595 155375095
647783595 155375095 647783595 186063234
647783595 186063234 649644654 202812041
649644654 202812041 671514878 202812041
649644654 202812041 649644654 231170377
647783595 155375095 682160072 155375095
682160072 155375095 724039963 160488144
724039963 160488144 743370686 160843204
743370686 160843204 743370686 181350112
743370686 160843204 766949129 160843204
766949129 160843204 772309311 160843204
766949129 160843204 766949129 169738981
766949129 169738981 771568045 198216513
771568045 198216513 771568045 213144021
772309311 160843204 806661288 161210893
806661288 161210893 806661288 171394265
806661288 161210893 826291441 161210893
771568045 198216513 806459198 198216513
806459198 198216513 822325940 207754946
822325940 207754946 822325940 215391500
822325940 215391500 835084695 224468517
822325940 207754946 846466630 207754946
846466630 207754946 846466630 215009359
846466630 207754946 869669805 207754946
869669805 207754946 906557274 215985612
906557274 215985612 915630821 217471376
915630821 217471376 915630821 239955395
915630821 239955395 915630821 241420514
915630821 239955395 925221052 239955395
915630821 241420514 916186689 290538560
916186689 290538560 950155399 313285310
950155399 313285310 950155399 313913080
950155399 313285310 956666287 313285310
956666287 313285310 977917028 335257857
977917028 335257857 982284781 342766558
982284781 342766558 995008541 342766558
846466630 215009359 853320471 266565626
853320471 266565626 876085735 285749408
876085735 285749408 912624284 290538560
912624284 290538560 912624284 326893755
915630821 217471376 976233157 217471376
976233157 217471376 979830345 217471376
976233157 217471376 976233157 224456838
613340734 175646432 647631692 209255359
635916596 81392612 694348883 94375116
694348883 94375116 703768861 94375116
694348883 94375116 694348883 119794354
694348883 119794354 707211728 120640546
707211728 120640546 707211728 138487498
707211728 120640546 759510436 120640546
759510436 120640546 789845949 124725029
789845949 124725029 795682792 126413847
795682792 126413847 813628233 128262232
813628233 128262232 822009565 130421538
822009565 130421538 822009565 143518837
822009565 130421538 836625897 130421538
836625897 130421538 847973662 132724833
847973662 132724833 847973662 141416578
847973662 132724833 879468773 132724833
879468773 132724833 886881343 135750073
886881343 135750073 888510174 135750073
888510174 135750073 900610367 137963988
900610367 137963988 906184939 168506252
906184939 168506252 908013289 168506252
906184939 168506252 906184939 193572781
906184939 193572781 929961455 194235761
929961455 194235761 936694043 198710166
936694043 198710166 936694043 203040014
936694043 198710166 945305051 198710166
945305051 198710166 975660672 200932039
908013289 168506252 929961455 193100502
929961455 193100502 943970967 193100502
886881343 135750073 886881343 204508694
886881343 204508694 905006884 250713046
340188150 916723094 347230222 982482443
200251509 100477417 247617946 128127363
247617946 128127363 279936787 156150774
279936787 156150774 287886579 188314236
566030859 191846981 605904965 227881715
960520831 938253244 993083289 981740586
925727559 988341273 991993986 998125598
976233157 224456838 980982238 295773789
93214972 38432886 123788315 84143781
284492595 693478420 317721183 736861779
881458866 665288574 945923024 678039115
925221052 239955395 954451590 288495545
476963458 362628275 501365654 416202664
501365654 416202664 514742772 425061703
514742772 425061703 514742772 426458499
514742772 425061703 545447229 425061703
545447229 425061703 566251472 446190190
566251472 446190190 566251472 448577658
311271279 489731239 314838006 564323802
314838006 564323802 326464759 565455888
326464759 565455888 342643953 579851704
162534777 9004717 167954505 82466221
589626591 258074379 596562837 330174438
150129326 1179229 150590296 79910651
174435069 767314732 218103478 802983667
181716491 711827207 240549622 733825312
240549622 733825312 241725623 733825312
240549622 733825312 240549622 762660601
240549622 762660601 247020337 778592062
711811623 677852020 726009104 745368062
723113041 486515810 802794151 488620167
441368792 787913912 441368792 869933224
564032738 0 649559011 0
649559011 0 649559011 2509475
649559011 0 678504436 0
678504436 0 678504436 8332331
678504436 0 704802299 0
704802299 0 707778703 0
707778703 0 708353914 0
708353914 0 724652818 0
724652818 0 727715643 0
727715643 0 727715643 10651271
724652818 0 724652818 18484472
704802299 0 704802299 28715290
704802299 28715290 707778703 29000808
707778703 29000808 708353914 34730470
708353914 34730470 719317883 72340010
724652818 18484472 753952121 57515188
753952121 57515188 782753706 58050763
782753706 58050763 794301503 58050763
794301503 58050763 803031487 58050763
794301503 58050763 794301503 84965580
794301503 84965580 794301503 85780200
794301503 84965580 799461623 84965580
799461623 84965580 803259917 90495889
782753706 58050763 782753706 106299866
727715643 0 809492200 0
809492200 0 813688434 0
813688434 0 813688434 2133752
813688434 0 816782584 0
816782584 0 816782584 30867479
816782584 0 851616131 0
851616131 0 851616131 1442900
851616131 0 870161732 0
870161732 0 895751435 0
895751435 0 895751435 9781296
895751435 0 930558042 0
930558042 0 930558042 26941543
870161732 0 870161732 37484171
870161732 37484171 883245213 69711806
883245213 69711806 883245213 79895549
883245213 79895549 888194099 79895549
888194099 79895549 888408578 85294264
888408578 85294264 888408578 89503119
883245213 79895549 883245213 115364303
888408578 85294264 924181599 85294264
924181599 85294264 924181599 108376230
924181599 108376230 924181599 120191715
924181599 120191715 935835184 123937793
924181599 108376230 947053712 108376230
947053712 108376230 964793177 112989201
883245213 69711806 920031117 69711806
924181599 85294264 964131302 85294264
964131302 85294264 992148059 87397914
964793177 112989201 978343530 146885533
809492200 0 809492200 48149716
978343530 146885533 994938478 180110460
930558042 26941543 973070007 43412940
376715846 249560656 398516096 316028985
332158541 475639090 344961936 556953610
266106470 393145059 333774360 425801899
