1443
0 0 0 3006496
0 0 37432662 0
37432662 0 37432662 3006496
37432662 0 89066503 0
89066503 0 102096865 0
102096865 0 105563224 0
105563224 0 119994490 0
119994490 0 132559870 0
132559870 0 132559870 14016159
89066503 0 89066503 16526210
89066503 16526210 102096865 23762875
102096865 23762875 105563224 23762875
102096865 23762875 102096865 32270640
105563224 23762875 119994490 32163714
132559870 0 157058372 0
157058372 0 165204914 0
165204914 0 187193516 0
187193516 0 187193516 2474940
187193516 0 213810466 0
213810466 0 222533221 0
222533221 0 222533221 3707015
222533221 0 227704445 0
227704445 0 227947653 0
227947653 0 231670452 0
227947653 0 227947653 8347362
227704445 0 227704445 19939452
227704445 19939452 231670452 42481081
119994490 32163714 131207822 51540725
231670452 42481081 241754419 67932005
241754419 67932005 257984298 76436410
257984298 76436410 260097237 76436410
257984298 76436410 257984298 96876719
131207822 51540725 151354211 67559089
151354211 67559089 159814605 67559089
151354211 67559089 151354211 80423250
159814605 67559089 167866142 79445386
167866142 79445386 186904071 79445386
186904071 79445386 199647277 80177458
167866142 79445386 167866142 103670641
167866142 103670641 185357691 116007486
185357691 116007486 187322917 146294925
213810466 0 213810466 36724661
213810466 36724661 214652159 58445576
199647277 80177458 218168050 98645582
165204914 0 165204914 37025664
231670452 0 274582383 0
274582383 0 274582383 10336813
274582383 0 295752160 0
295752160 0 296244667 0
295752160 0 295752160 674938
296244667 0 304465723 0
304465723 0 306114255 0
304465723 0 304465723 6984443
295752160 674938 296244667 13014961
304465723 6984443 304966042 24614915
304966042 24614915 306114255 24614915
304966042 24614915 304966042 60341915
304966042 60341915 323364764 70035049
323364764 70035049 323364764 97215637
323364764 97215637 323364764 111951038
323364764 97215637 344268319 97215637
344268319 97215637 346943206 97215637
346943206 97215637 350419462 98695973
350419462 98695973 353183234 98695973
344268319 97215637 344268319 110364455
344268319 110364455 350419462 125137384
350419462 125137384 350419462 146417721
350419462 146417721 351944265 149977339
351944265 149977339 351944265 163864266
350419462 125137384 379672248 125137384
353183234 98695973 382222341 102639639
306114255 24614915 315336641 51523784
323364764 70035049 360418397 70035049
360418397 70035049 375936414 70035049
360418397 70035049 360418397 92206578
379672248 125137384 393609007 149977339
393609007 149977339 409084464 158498045
409084464 158498045 409084464 192930151
409084464 192930151 417660349 197495377
417660349 197495377 417848547 197495377
417660349 197495377 417660349 210651524
409084464 158498045 444337757 158498045
444337757 158498045 459288063 173777543
459288063 173777543 461865972 174950996
461865972 174950996 476650704 174950996
461865972 174950996 461865972 192770851
417848547 197495377 449408044 206738963
449408044 206738963 460388017 219429745
460388017 219429745 460388017 226066213
460388017 219429745 491333041 219429745
491333041 219429745 492410832 227656334
492410832 227656334 496278932 227656334
492410832 227656334 492410832 235751501
382222341 102639639 411781334 114996701
411781334 114996701 411781334 117258248
411781334 114996701 414580909 114996701
414580909 114996701 417867935 140896656
417867935 140896656 444092176 147321912
444092176 147321912 452341328 147321912
444092176 147321912 444092176 190415699
151354211 80423250 160785597 115218891
452341328 147321912 487590958 158032104
487590958 158032104 494377151 159031389
494377151 159031389 494377151 161936197
494377151 159031389 533295602 159031389
533295602 159031389 540291932 166000317
540291932 166000317 540291932 173642638
540291932 173642638 557865859 188919873
557865859 188919873 564887592 188919873
564887592 188919873 568288603 191788475
557865859 188919873 557865859 207769545
540291932 166000317 580147131 166000317
580147131 166000317 597584149 173182293
597584149 173182293 623477239 175585904
623477239 175585904 631462085 191231874
631462085 191231874 631462085 195051902
631462085 195051902 657058203 209145098
657058203 209145098 662237603 209145098
662237603 209145098 676941338 214245727
676941338 214245727 686954707 214245727
686954707 214245727 694625119 224245587
694625119 224245587 694625119 225589465
657058203 209145098 657058203 230680607
657058203 230680607 659942283 230680607
657058203 230680607 657058203 248660179
694625119 225589465 705482599 237093999
657058203 248660179 676941338 253898567
676941338 253898567 678967455 255350672
694625119 224245587 734996085 224245587
734996085 224245587 753409803 242980349
753409803 242980349 761042303 242980349
761042303 242980349 770281887 247234226
770281887 247234226 780076003 247234226
770281887 247234226 770281887 277924927
770281887 277924927 786815974 283771304
786815974 283771304 788424441 283771304
788424441 283771304 805776128 287927471
805776128 287927471 827160545 289045688
827160545 289045688 827160545 291583163
827160545 291583163 831264025 299919941
831264025 299919941 833158397 299919941
827160545 289045688 854412951 289045688
854412951 289045688 865222403 301172693
865222403 301172693 865222403 318086871
865222403 318086871 866181201 330377825
866181201 330377825 866181201 333330947
866181201 333330947 869302278 346720970
869302278 346720970 869302278 350914217
869302278 346720970 889625137 346720970
866181201 330377825 887788728 330377825
865222403 301172693 889035016 301172693
889035016 301172693 889035016 311688261
889035016 301172693 903132035 301172693
869302278 350914217 870433159 380792482
870433159 380792482 870433159 395100239
870433159 380792482 888070852 380792482
888070852 380792482 899524307 384372528
899524307 384372528 899524307 389765970
899524307 389765970 901278949 394417802
899524307 384372528 913073368 384372528
913073368 384372528 927131882 388578804
927131882 388578804 927131882 394620438
927131882 388578804 943615968 388578804
927131882 394620438 941799648 411057478
870433159 395100239 870857681 428101795
870857681 428101795 874723327 433613885
874723327 433613885 889500811 433613885
874723327 433613885 874723327 451689785
889500811 433613885 901129850 445179806
901129850 445179806 918935732 453349941
918935732 453349941 919840321 460421615
919840321 460421615 919840321 473787785
919840321 460421615 941979298 460421615
941979298 460421615 961349633 460872403
961349633 460872403 961349633 461734249
961349633 460872403 968611086 460872403
919840321 473787785 923269780 499584262
753409803 242980349 753409803 280076547
753409803 280076547 759894475 281840753
874723327 451689785 886443040 477544314
941799648 411057478 969247745 421896074
969247745 421896074 969247745 431165108
969247745 421896074 990969534 421896074
969247745 431165108 983502122 449461606
557865859 207769545 578659740 228914997
578659740 228914997 594671504 249706341
594671504 249706341 594671504 267110292
594671504 249706341 618347551 249706341
903132035 301172693 936365088 311474682
936365088 311474682 937339618 316592653
937339618 316592653 962408659 316592653
962408659 316592653 965102407 316592653
962408659 316592653 962408659 327844424
962408659 327844424 974765488 329931977
937339618 316592653 937339618 355893137
937339618 355893137 949096409 362590006
886443040 477544314 900457331 507097610
594671504 267110292 618085088 287480853
618085088 287480853 632990791 298330840
632990791 298330840 638941947 298330840
638941947 298330840 647746690 313284818
647746690 313284818 673222745 316078546
673222745 316078546 673222745 334040778
673222745 334040778 675741111 344814373
675741111 344814373 691466101 358284654
691466101 358284654 691466101 362556407
691466101 362556407 692547824 366722445
692547824 366722445 698660995 366722445
698660995 366722445 698660995 373372742
698660995 366722445 721060853 366722445
692547824 366722445 692547824 395716832
698660995 373372742 719789432 388198420
719789432 388198420 753146441 393833285
753146441 393833285 753691908 393833285
753691908 393833285 761427967 395711001
761427967 395711001 761427967 404163003
761427967 395711001 774348897 395711001
774348897 395711001 779336615 413713405
779336615 413713405 781848117 429271579
781848117 429271579 781848117 459368848
781848117 459368848 782491179 469375652
782491179 469375652 782491179 484001853
782491179 469375652 804390729 469375652
804390729 469375652 813528625 474458177
813528625 474458177 828202841 474458177
828202841 474458177 840475432 476903439
840475432 476903439 841414735 476903439
840475432 476903439 840475432 486528351
840475432 486528351 855479953 488597171
781848117 429271579 813838115 429271579
813528625 474458177 813528625 506457731
813528625 506457731 825491393 506457731
813838115 429271579 828960983 446348706
828960983 446348706 828960983 465202353
828960983 446348706 848597247 446348706
848597247 446348706 859500847 451689785
859500847 451689785 859500847 452221782
813528625 506457731 813528625 543586873
632990791 298330840 632990791 339258078
691466101 358284654 732589632 358284654
855479953 488597171 865828841 521551033
865828841 521551033 870246172 524482381
870246172 524482381 870871159 524482381
870246172 524482381 870246172 545420830
870246172 545420830 870819467 546690268
870819467 546690268 910935404 546690268
870819467 546690268 870819467 588670757
910935404 546690268 913850179 586500371
913850179 586500371 943253340 591042120
870819467 588670757 908012248 595175692
908012248 595175692 912995269 595175692
908012248 595175692 908012248 628975409
908012248 628975409 909704689 636858433
909704689 636858433 932739277 636858433
909704689 636858433 909704689 680890439
909704689 680890439 916422251 680890439
909704689 680890439 909704689 688888696
909704689 688888696 910799639 699883752
900457331 507097610 918270885 533893713
918270885 533893713 942604283 543920029
618347551 249706341 654018054 258678953
632990791 339258078 656752422 360782956
656752422 360782956 662634067 362556407
662634067 362556407 669363650 362556407
669363650 362556407 669363650 377775650
669363650 377775650 680002483 391804473
680002483 391804473 685110900 391804473
680002483 391804473 680002483 415951133
732589632 358284654 778168266 358479526
778168266 358479526 791858613 358479526
791858613 358479526 811501873 358479526
778168266 358479526 778168266 383458187
778168266 383458187 791858613 385315640
791858613 385315640 807315274 390665542
157058372 0 157058372 46177783
807315274 390665542 843242774 401259423
257984298 96876719 276176691 126156841
276176691 126156841 281208950 126156841
276176691 126156841 276176691 136956403
662634067 362556407 662634067 410887173
833158397 299919941 848273553 333298390
831264025 299919941 831264025 349855752
831264025 349855752 841405810 357970423
841405810 357970423 843242774 378381637
843242774 378381637 846372641 378381637
889625137 346720970 933952165 354081840
0 3006496 0 56236164
0 56236164 0 66160128
0 56236164 28243423 56236164
28243423 56236164 34503056 66160128
34503056 66160128 65913727 75750742
0 66160128 0 115732646
0 115732646 0 129330625
0 129330625 0 155667631
0 155667631 14128302 155667631
0 115732646 26996002 115732646
26996002 115732646 45415265 129230247
45415265 129230247 45415265 129330625
45415265 129230247 62020079 129230247
0 155667631 0 188464807
0 188464807 0 210284637
0 210284637 0 232607206
0 232607206 4543041 232607206
0 210284637 31246380 210284637
31246380 210284637 57623339 216058717
57623339 216058717 63832365 216058717
0 232607206 0 266079531
0 266079531 0 294650282
0 294650282 0 295267120
0 295267120 5964662 295267120
0 294650282 7349929 294650282
0 295267120 0 302996942
0 302996942 15003097 302996942
0 302996942 0 320608213
0 320608213 0 339509668
0 320608213 20111946 320608213
0 339509668 0 367226886
0 367226886 0 377425481
0 377425481 0 385241938
0 385241938 11608315 385241938
0 385241938 0 408953202
0 408953202 1795625 408953202
0 266079531 37223359 266079531
37223359 266079531 50175861 274679063
50175861 274679063 73031988 283466365
73031988 283466365 94446702 286135570
94446702 286135570 99706502 286135570
94446702 286135570 94446702 293203845
94446702 293203845 102902404 306311032
102902404 306311032 110738827 306311032
110738827 306311032 115000906 306362896
102902404 306311032 102902404 321920510
102902404 321920510 131540566 329715487
131540566 329715487 149740961 331895798
149740961 331895798 155500642 331895798
155500642 331895798 169887666 338018031
149740961 331895798 149740961 359925856
149740961 359925856 150883349 369700562
150883349 369700562 150883349 400010820
150883349 400010820 152948765 412275359
152948765 412275359 156080094 416806331
156080094 416806331 156080094 423272342
156080094 423272342 156198861 423272342
156080094 423272342 156080094 457851252
0 188464807 38264844 188464807
38264844 188464807 50900339 191148913
50900339 191148913 56919813 201032435
150883349 369700562 189670213 369700562
189670213 369700562 212013801 379956583
212013801 379956583 238439402 379956583
212013801 379956583 212013801 410919777
212013801 410919777 216356215 416139741
216356215 416139741 220761180 428016517
238439402 379956583 259682338 395630945
259682338 395630945 287324517 401337872
287324517 401337872 287324517 404963752
287324517 401337872 291238180 401337872
291238180 401337872 291238180 403435994
291238180 401337872 297070560 401337872
287324517 404963752 289316780 413697974
289316780 413697974 294116348 413697974
294116348 413697974 298734458 432082854
298734458 432082854 311204745 436337199
311204745 436337199 327231158 436337199
327231158 436337199 327231158 437899276
311204745 436337199 311204745 454982608
311204745 454982608 319023908 460797662
327231158 437899276 339025936 451719526
339025936 451719526 339127651 459608997
339127651 459608997 339764653 459608997
339764653 459608997 355721241 460923058
355721241 460923058 355721241 477851049
355721241 477851049 368976849 487205320
339127651 459608997 339127651 483833395
339127651 483833395 343194739 487205320
343194739 487205320 343194739 497217375
355721241 460923058 385583109 460923058
385583109 460923058 398628803 462523088
398628803 462523088 398628803 486503993
289316780 413697974 289316780 445456669
289316780 445456669 293263519 445456669
289316780 445456669 289316780 470803163
56919813 201032435 97462562 201727152
97462562 201727152 110123760 206183714
110123760 206183714 116002465 217024525
57623339 216058717 57623339 259555153
57623339 259555153 72570135 265599579
99706502 286135570 142005245 287723133
142005245 287723133 154404202 311434028
154404202 311434028 161869830 324333987
161869830 324333987 163122328 324333987
161869830 324333987 161869830 327547490
11608315 385241938 55816671 386420096
55816671 386420096 64703812 390825716
64703812 390825716 64703812 392606760
64703812 390825716 71690358 390825716
64703812 392606760 70884120 426412196
20111946 320608213 49217200 339509668
398628803 462523088 446905711 462523088
446905711 462523088 450040372 467274613
450040372 467274613 450040372 492903056
450040372 492903056 453077623 506443795
453077623 506443795 462139572 510599868
462139572 510599868 462139572 521519932
462139572 510599868 493478664 510599868
462139572 521519932 473034797 548877950
473034797 548877950 489495358 551679664
489495358 551679664 489495358 557986729
489495358 557986729 496570474 580199506
496570474 580199506 504176771 608164027
504176771 608164027 504176771 611883894
504176771 608164027 525329301 608164027
450040372 467274613 489761974 467274613
489761974 467274613 489761974 474219538
489761974 474219538 489761974 477319516
489761974 474219538 493035610 474219538
489761974 467274613 504785135 467274613
489495358 551679664 529302736 551679664
529302736 551679664 555446314 559453998
555446314 559453998 564426785 560380411
525329301 608164027 531696519 643687201
531696519 643687201 534824864 652842044
564426785 560380411 589110920 577782160
589110920 577782160 604262626 577782160
604262626 577782160 604262626 590976593
604262626 590976593 609663399 592506303
604262626 577782160 628568415 577782160
589110920 577782160 589110920 602348178
589110920 602348178 593510557 606857997
609663399 592506303 625460451 612255029
625460451 612255029 636197709 633939376
636197709 633939376 637377981 649946838
637377981 649946838 637377981 657441174
637377981 657441174 642051092 657441174
642051092 657441174 675203408 661298360
675203408 661298360 695680703 661298360
695680703 661298360 696801723 661298360
695680703 661298360 695680703 678925383
675203408 661298360 675203408 685556510
637377981 657441174 637377981 695025931
637377981 695025931 638324304 701268588
638324304 701268588 638324304 718193512
638324304 718193512 638324304 724900317
638324304 718193512 648370199 718193512
648370199 718193512 648370199 721778215
648370199 718193512 655829643 718193512
638324304 701268588 666335790 701268588
666335790 701268588 674064683 705658208
648370199 721778215 655627213 748889226
638324304 724900317 647764356 757720134
647764356 757720134 649312304 789603659
649312304 789603659 649312304 798419865
649312304 798419865 649312304 801583195
649312304 798419865 673436372 798419865
673436372 798419865 673441367 799545594
649312304 789603659 684722368 789603659
684722368 789603659 701323589 810455875
701323589 810455875 701601281 810455875
701601281 810455875 703123688 813806120
703123688 813806120 721456679 813806120
721456679 813806120 725094332 813806120
721456679 813806120 721456679 828276768
721456679 828276768 731130791 838578065
731130791 838578065 731130791 852651949
731130791 852651949 731130791 857691906
731130791 852651949 743050737 852651949
703123688 813806120 703123688 839967492
731130791 838578065 758088686 838578065
731130791 857691906 731657201 890348660
731657201 890348660 738663336 893176246
738663336 893176246 739348336 893176246
739348336 893176246 739348336 893202048
738663336 893176246 738663336 903128740
738663336 903128740 745051369 909764815
745051369 909764815 756411327 909764815
739348336 893176246 764239593 893176246
745051369 909764815 745051369 941235803
745051369 941235803 747998687 941235803
745051369 941235803 745051369 956210131
745051369 956210131 775093560 957437256
775093560 957437256 777160798 973262652
777160798 973262652 795121235 982496654
795121235 982496654 795121235 985921625
795121235 985921625 795121235 986414866
795121235 985921625 797384092 985921625
797384092 985921625 806601763 986286684
806601763 986286684 828117127 996573772
795121235 982496654 831542556 982496654
747998687 941235803 775093560 950591558
775093560 950591558 815927439 950591558
674064683 705658208 708108457 715689577
708108457 715689577 708108457 717521036
708108457 715689577 720561084 715689577
720561084 715689577 741971548 730977421
741971548 730977421 775840785 737493807
775840785 737493807 781831291 737781525
781831291 737781525 814493279 737781525
814493279 737781525 828418418 737781525
828418418 737781525 833772071 737781525
828418418 737781525 828418418 749185901
814493279 737781525 814493279 763412796
781831291 737781525 781831291 770857675
781831291 770857675 781831291 776198468
781831291 770857675 788654822 770857675
788654822 770857675 804075138 770953546
781831291 776198468 787895862 788896083
787895862 788896083 797446109 789321597
797446109 789321597 809226288 789321597
797446109 789321597 797446109 812041773
809226288 789321597 831951110 796874523
831951110 796874523 832112417 801195007
832112417 801195007 856951905 801195007
856951905 801195007 873980393 801195007
856951905 801195007 856951905 820404606
828418418 749185901 854630161 757302270
854630161 757302270 854630161 760636739
854630161 757302270 871006509 757302270
832112417 801195007 832112417 838060768
832112417 838060768 833667944 838953545
797446109 812041773 819084895 834329417
819084895 834329417 821733103 834620739
821733103 834620739 821733103 855771526
821733103 834620739 854203071 834620739
854203071 834620739 879391916 841939214
879391916 841939214 891750903 841939214
891750903 841939214 896091692 844434243
896091692 844434243 940943560 844434243
695680703 678925383 734698903 686689100
734698903 686689100 741971548 700903171
741971548 700903171 758794500 700903171
0 367226886 48652660 367226886
48652660 367226886 48733250 377425481
48733250 377425481 79086209 381769260
327231158 436337199 376915084 436337199
376915084 436337199 402506904 446300650
156080094 416806331 205829351 416806331
504176771 611883894 518464201 647425693
65913727 75750742 97198952 94376509
97198952 94376509 111238267 106317658
111238267 106317658 114519333 106317658
111238267 106317658 111238267 140539925
111238267 140539925 115440731 145640245
115440731 145640245 133861527 145640245
115440731 145640245 115440731 166548556
115440731 166548556 122632601 187213369
122632601 187213369 122632601 187275106
122632601 187213369 136144325 187213369
136144325 187213369 141798285 201469056
141798285 201469056 144746079 245872165
144746079 245872165 188919814 248339235
188919814 248339235 188919814 264743013
188919814 248339235 207041261 248339235
207041261 248339235 227749318 249238717
227749318 249238717 227749318 277121943
227749318 249238717 259079904 249238717
227749318 277121943 241466799 301680557
241466799 301680557 246136202 301680557
241466799 301680557 241466799 320892694
188919814 264743013 189134882 304551812
189134882 304551812 189134882 306851772
189134882 304551812 191538133 304551812
259079904 249238717 290998192 264446096
290998192 264446096 298426080 264446096
290998192 264446096 290998192 280628409
290998192 280628409 307730588 281875522
307730588 281875522 322238968 281875522
322238968 281875522 325007204 286500420
307730588 281875522 307730588 323547004
241466799 320892694 260072173 351747147
368976849 487205320 369565675 536614057
369565675 536614057 389389750 552744147
389389750 552744147 389389750 590746463
389389750 590746463 389389750 597969047
389389750 590746463 406256464 590746463
406256464 590746463 436910017 600263119
436910017 600263119 441070722 602228254
441070722 602228254 441070722 617106120
441070722 617106120 444901743 617106120
441070722 617106120 441070722 628374231
441070722 628374231 448209069 630310735
448209069 630310735 449254770 630310735
448209069 630310735 448209069 631434775
444901743 617106120 458004844 626833603
458004844 626833603 473779787 632821400
473779787 632821400 478431593 642943466
441070722 602228254 468230814 602228254
389389750 552744147 433653486 552744147
433653486 552744147 446096372 552744147
433653486 552744147 433653486 585025325
389389750 597969047 393540660 640438470
393540660 640438470 393540660 640530571
393540660 640438470 398982227 640438470
398982227 640438470 410277572 641507251
410277572 641507251 435741196 645759588
637377981 649946838 687658685 649946838
687658685 649946838 687658685 653153263
687658685 649946838 695823966 649946838
687658685 653153263 695680703 659530278
695680703 659530278 703758314 659530278
695823966 649946838 734561179 651425942
734561179 651425942 734561179 651514014
734561179 651425942 743884891 651425942
871006509 757302270 909993989 769316306
909993989 769316306 912692750 769905158
912692750 769905158 912692750 776257792
912692750 769905158 923111945 769905158
923111945 769905158 923111945 772114162
923111945 769905158 945656083 769905158
945656083 769905158 958036584 771264136
958036584 771264136 969696366 771264136
969696366 771264136 969696366 777870588
969696366 771264136 981589233 771264136
969696366 777870588 972727208 807673830
972727208 807673830 972877014 832531605
981589233 771264136 990238841 800406412
990238841 800406412 996822878 800406412
990238841 800406412 990238841 807273230
958036584 771264136 958036584 811172278
743884891 651425942 780416684 667016724
780416684 667016724 792734689 676584987
0 408953202 0 461230056
0 461230056 0 461329251
0 461230056 12184421 461230056
12184421 461230056 23985604 461329251
0 461329251 0 476355690
0 476355690 0 489877463
0 489877463 1441860 489877463
0 489877463 0 511129473
0 511129473 26313822 511129473
23985604 461329251 44403469 476355690
44403469 476355690 54289139 499095266
54289139 499095266 54289139 509577028
54289139 509577028 62654313 513830221
62654313 513830221 63864600 521309663
63864600 521309663 63864600 546837922
63864600 521309663 96474099 521309663
96474099 521309663 121163792 524012107
54289139 499095266 91999383 499095266
63864600 546837922 88185304 564110105
88185304 564110105 98947512 566178375
98947512 566178375 111946158 569694787
111946158 569694787 121525362 569694787
121525362 569694787 121988152 586353656
121988152 586353656 121988152 594240733
121988152 586353656 130006203 586353656
121988152 594240733 125341659 626155560
125341659 626155560 125341659 628336199
125341659 626155560 128421997 626155560
111946158 569694787 111946158 614514274
111946158 614514274 118058305 621897508
118058305 621897508 120262342 622769384
120262342 622769384 120262342 639040440
120262342 639040440 120262342 640948025
120262342 639040440 124307285 639040440
124307285 639040440 138723091 669647275
138723091 669647275 162943545 679257326
162943545 679257326 173595210 682625689
173595210 682625689 173595210 687952642
173595210 682625689 179021264 682625689
179021264 682625689 190330604 689281949
190330604 689281949 199184146 689281949
190330604 689281949 190330604 712437917
190330604 712437917 192870105 712726437
199184146 689281949 216566772 703497268
130006203 586353656 178316468 588893213
178316468 588893213 181209609 600584208
181209609 600584208 181209609 620353198
181209609 620353198 205127972 640907556
205127972 640907556 206780292 648958653
206780292 648958653 243689224 656613482
243689224 656613482 261999101 660229648
261999101 660229648 263880805 660229648
263880805 660229648 268670152 660229648
263880805 660229648 263880805 676739770
261999101 660229648 261999101 700309165
261999101 700309165 279447144 717863302
279447144 717863302 279447144 720770088
279447144 720770088 281646074 720770088
281646074 720770088 283916316 722284793
279447144 717863302 295021159 717863302
295021159 717863302 296783348 718362539
296783348 718362539 299612395 720406994
299612395 720406994 299612395 745752504
299612395 745752504 300447021 763348157
299612395 720406994 328330122 720406994
328330122 720406994 328706186 722284793
328706186 722284793 338622599 722284793
328706186 722284793 328706186 732236363
283916316 722284793 283916316 754637167
283916316 754637167 284690322 763348157
284690322 763348157 284690322 784992389
284690322 784992389 315105117 787196612
315105117 787196612 315105117 793818159
315105117 787196612 330749482 787196612
330749482 787196612 330749482 791278057
330749482 787196612 340711827 787196612
315105117 793818159 317816546 817128300
317816546 817128300 324969609 818193694
324969609 818193694 324969609 830657715
324969609 818193694 343381295 818193694
343381295 818193694 358055639 828598097
358055639 828598097 373428693 828598097
373428693 828598097 373428693 842973699
373428693 828598097 393262966 828598097
393262966 828598097 393262966 830752821
393262966 830752821 397075032 837280197
393262966 828598097 415665702 828598097
330749482 791278057 336155990 814918820
279447144 720770088 279447144 753787149
397075032 837280197 398852095 870864769
398852095 870864769 416476604 880845972
416476604 880845972 416476604 884238958
416476604 880845972 446442584 880845972
446442584 880845972 451675374 884554564
451675374 884554564 491109356 884554564
491109356 884554564 491109356 897946313
491109356 897946313 501353143 897946313
491109356 897946313 491109356 912850606
491109356 884554564 508834017 884554564
508834017 884554564 510769414 884922623
491109356 912850606 510769414 919262278
510769414 919262278 537748209 924325025
501353143 897946313 532279060 905253760
532279060 905253760 532360622 918059022
510769414 884922623 550854111 884922623
550854111 884922623 559457485 887311105
559457485 887311105 573637255 892342010
573637255 892342010 573637255 902544042
373428693 842973699 389476899 869319254
573637255 902544042 586118873 934431569
586118873 934431569 586118873 965663049
586118873 965663049 599462676 965663049
599462676 965663049 599462676 974691753
586118873 965663049 586118873 982395880
599462676 965663049 616413767 965663049
616413767 965663049 617474294 965663049
616413767 965663049 616413767 966913124
586118873 934431569 622908442 934431569
358055639 828598097 358055639 873769826
451675374 884554564 451675374 930501871
451675374 930501871 457899790 947958946
457899790 947958946 459460627 966533964
459460627 966533964 467847406 976020585
467847406 976020585 488081737 999603519
358055639 873769826 382286650 899768095
382286650 899768095 386099877 912018419
573637255 892342010 625659128 892342010
625659128 892342010 651816452 899059229
651816452 899059229 653113395 899924138
653113395 899924138 653113395 924219604
653113395 924219604 653113395 928548636
653113395 924219604 668218535 924219604
668218535 924219604 674076550 926108326
674076550 926108326 674076550 943449754
674076550 943449754 675189080 943449754
653113395 899924138 678509917 899924138
678509917 899924138 678509917 906890172
678509917 899924138 701719806 899924138
701719806 899924138 704956242 903128740
704956242 903128740 709896781 903128740
709896781 903128740 709896781 907099244
709896781 907099244 709980583 907099244
709980583 907099244 712193860 911083002
712193860 911083002 715142960 911083002
709896781 907099244 709896781 915235041
709896781 915235041 712193860 931346609
704956242 903128740 704956242 926108326
674076550 943449754 674076550 983629296
120262342 622769384 172731362 622769384
307730588 323547004 321249202 362531914
321249202 362531914 322771255 363718149
879391916 841939214 879391916 895072883
879391916 895072883 883907983 904476959
883907983 904476959 896091692 904476959
883907983 904476959 883907983 919482119
883907983 919482119 883907983 923150382
883907983 919482119 889445397 919482119
889445397 919482119 902451165 929854727
902451165 929854727 919216791 929854727
919216791 929854727 919216791 932043753
919216791 932043753 923600322 942710197
902451165 929854727 902451165 969410855
902451165 969410855 938552536 982213234
938552536 982213234 938647498 993620034
910799639 699883752 931383841 733131543
931383841 733131543 945656083 735339154
945656083 735339154 963083179 735339154
325007204 286500420 347972645 317493146
347972645 317493146 354419970 319181988
354419970 319181988 365541686 319181988
365541686 319181988 372628192 319181988
365541686 319181988 365541686 329418236
365541686 329418236 384541087 330854218
372628192 319181988 384541087 328768622
384541087 328768622 402801647 328768622
402801647 328768622 409118226 345204551
409118226 345204551 426467137 345204551
426467137 345204551 426467137 347526523
426467137 347526523 428466084 360378788
428466084 360378788 430878055 360378788
428466084 360378788 428466084 373551495
428466084 373551495 435767511 378226045
435767511 378226045 438501394 378226045
430878055 360378788 438501394 373425734
426467137 345204551 447738767 345204551
447738767 345204551 447738767 345354585
447738767 345204551 458673810 345204551
458673810 345204551 480310017 347266817
480310017 347266817 483187582 347266817
480310017 347266817 480310017 361818494
480310017 361818494 492966034 368254611
354419970 319181988 354419970 345409190
492966034 368254611 519647540 368254611
438501394 373425734 466131243 373425734
492966034 368254611 492966034 396738027
435767511 378226045 435767511 410291496
409118226 345204551 409118226 393051024
435767511 410291496 464401166 430675048
464401166 430675048 471102683 458749046
0 511129473 0 565301487
0 565301487 0 575028631
0 575028631 12260155 575028631
0 575028631 0 605782477
0 605782477 0 630716123
0 630716123 25269 630716123
0 630716123 0 632894578
0 632894578 29631282 632894578
29631282 632894578 53101160 640446223
53101160 640446223 54975722 640446223
53101160 640446223 53101160 657761598
53101160 657761598 68660887 672895916
68660887 672895916 68660887 693265017
68660887 672895916 96551764 672895916
96551764 672895916 101015894 672895916
96551764 672895916 96551764 690246599
96551764 690246599 100697573 694106084
100697573 694106084 117434003 694106084
117434003 694106084 117434003 697272530
117434003 694106084 135069814 694106084
117434003 697272530 125455255 711464540
125455255 711464540 132883592 711464540
132883592 711464540 152243161 723188534
0 605782477 33312187 605782477
0 632894578 0 668003658
0 668003658 34070718 668003658
0 565301487 44796857 565301487
0 668003658 0 715522637
0 715522637 23931769 715522637
0 715522637 0 750888201
0 750888201 0 754054193
0 754054193 0 762907375
0 762907375 0 768444380
0 768444380 246338 768444380
0 768444380 0 771239784
0 750888201 10235294 750888201
0 771239784 14544231 771239784
10235294 750888201 21639307 754054193
0 762907375 15891291 762907375
0 771239784 0 800031885
0 800031885 18446371 800031885
0 800031885 0 826304728
0 826304728 8750410 826304728
0 826304728 0 839476907
0 839476907 0 841883968
0 841883968 0 858394838
0 858394838 0 865078927
0 865078927 11054405 865078927
0 865078927 0 879988336
0 879988336 13987806 879988336
0 879988336 0 902412757
0 839476907 29464105 839476907
29464105 839476907 44433167 841883968
44433167 841883968 48799364 858065372
48799364 858065372 48799364 858394838
0 902412757 0 935744666
0 935744666 1378455 935744666
1378455 935744666 8911984 953116721
8911984 953116721 8911984 966505172
8911984 966505172 13357635 966862988
13357635 966862988 13357635 980318674
8911984 953116721 22839850 953116721
13357635 966862988 38757252 966862988
38757252 966862988 41224514 969508998
41224514 969508998 45688220 983217835
23931769 715522637 58575766 718962985
48799364 858065372 88801437 858065372
0 902412757 41755245 902412757
41755245 902412757 55493004 907393890
55493004 907393890 55493004 921006678
55493004 907393890 70554565 907393890
70554565 907393890 87365995 919593373
87365995 919593373 91088003 958030245
91088003 958030245 93889529 963541772
93889529 963541772 101944838 963541772
101944838 963541772 101944838 966549809
101944838 966549809 103556014 973763546
103556014 973763546 105506129 974924103
105506129 974924103 105506129 979480925
93889529 963541772 93889529 989559357
105506129 979480925 139511638 982357115
139511638 982357115 156747701 993689246
101944838 963541772 140755803 963541772
140755803 963541772 150272499 974924103
150272499 974924103 167119975 976536153
167119975 976536153 197904658 989281579
197904658 989281579 197904658 992296599
197904658 989281579 206980785 989281579
206980785 989281579 216003234 989970243
216003234 989970243 237787944 994065747
237787944 994065747 269160954 995883645
88801437 858065372 122225440 869806032
122225440 869806032 122956581 869806032
122225440 869806032 122225440 883098413
122956581 869806032 129117615 877100211
129117615 877100211 129117615 889866279
129117615 877100211 164993882 877100211
164993882 877100211 166144421 879696726
166144421 879696726 166144421 888319411
166144421 888319411 167622754 888319411
166144421 879696726 196749009 879696726
196749009 879696726 196749009 886545309
196749009 879696726 215325793 879696726
196749009 886545309 203733282 898546058
203733282 898546058 203772370 903551528
203772370 903551528 203772370 910517223
203772370 910517223 203772370 913001024
203772370 910517223 209469007 910517223
48799364 858394838 68552019 887987330
68552019 887987330 97208740 899754929
125455255 711464540 125455255 760978652
125455255 760978652 126301657 771496231
126301657 771496231 126301657 798894119
126301657 771496231 161038636 771496231
203772370 903551528 253544940 903551528
253544940 903551528 259963411 924368622
259963411 924368622 289578398 936035725
289578398 936035725 319986310 948336363
319986310 948336363 335140216 955583874
335140216 955583874 352272497 955583874
335140216 955583874 335140216 975693139
167622754 888319411 172976301 935185490
172976301 935185490 187785615 935185490
172976301 935185490 172976301 950473744
172976301 950473744 192458958 953222501
192458958 953222501 192458958 960349970
33312187 605782477 74523913 618442690
758088686 838578065 776293098 874588684
0 935744666 0 990070799
435741196 645759588 437183964 698665984
437183964 698665984 443522242 698665984
437183964 698665984 437183964 709095105
443522242 698665984 452461566 707392293
452461566 707392293 452461566 724620297
452461566 724620297 465081401 739497839
465081401 739497839 466154884 764363809
466154884 764363809 466154884 765231909
466154884 765231909 469306919 765231909
469306919 765231909 471703529 768307194
471703529 768307194 497478524 768307194
497478524 768307194 514878253 781621877
514878253 781621877 517658688 786215298
466154884 764363809 497583051 764363809
437183964 709095105 438650734 739497839
438650734 739497839 438650734 751384615
438650734 751384615 455854415 765231909
466154884 765231909 466154884 802106574
466154884 802106574 467736052 806599976
467736052 806599976 471703529 813281674
455854415 765231909 455854415 804976638
517658688 786215298 558098541 786215298
558098541 786215298 562179548 786215298
558098541 786215298 558098541 810306570
558098541 810306570 565379695 818205583
565379695 818205583 569541034 823430593
569541034 823430593 569541034 841092916
569541034 841092916 577105367 843254457
562179548 786215298 578975823 796502650
578975823 796502650 583283865 796502650
578975823 796502650 578975823 801444006
452461566 707392293 492961071 707392293
492961071 707392293 498036801 724259725
517658688 786215298 517658688 829036288
517658688 829036288 535105014 850544541
535105014 850544541 535105014 854660395
535105014 850544541 551023416 850544541
569541034 823430593 622701543 823430593
655627213 748889226 704246260 754666757
704246260 754666757 719895675 786213636
719895675 786213636 755119135 801909760
755119135 801909760 757924409 809132189
932739277 636858433 958014010 666163188
133861527 145640245 174680085 160459911
174680085 160459911 174680085 162601163
174680085 160459911 176974745 160459911
631462085 191231874 687362950 191231874
687362950 191231874 704081379 202081795
704081379 202081795 704081379 207503507
704081379 202081795 714403092 202081795
714403092 202081795 737265607 211616897
519647540 368254611 561892827 382488186
561892827 382488186 583283103 395191936
583283103 395191936 597091231 395191936
597091231 395191936 612530609 396902167
583283103 395191936 583283103 412452191
583283103 412452191 590884661 412452191
590884661 412452191 594145184 415263210
583283103 412452191 583283103 431225493
612530609 396902167 648053579 410887173
648053579 410887173 648053579 412288152
583283103 431225493 607214217 460485007
460388017 226066213 487053066 257610774
487053066 257610774 490145039 274030505
490145039 274030505 490145039 290275678
490145039 274030505 534850844 274030505
534850844 274030505 534850844 278597625
534850844 274030505 542922350 274030505
534850844 278597625 537915731 315663615
537915731 315663615 562543420 315663615
562543420 315663615 562543420 317785114
562543420 315663615 580340216 315663615
562543420 317785114 568855199 339470090
568855199 339470090 586490041 343842053
586490041 343842053 594582855 348113527
594582855 348113527 594582855 352262732
594582855 352262732 595568531 367977216
594582855 348113527 621700636 348113527
621700636 348113527 625510568 360782956
625510568 360782956 625510568 364552837
595568531 367977216 616934192 373977407
616934192 373977407 621883329 385309454
537915731 315663615 537915731 345593060
490145039 290275678 524746005 311677020
156198861 423272342 185852287 452613276
328706186 732236363 381220909 738757962
381220909 738757962 381220909 752138458
381220909 738757962 419108220 738757962
192458958 953222501 251501851 953222501
821733103 855771526 826628855 909983874
826628855 909983874 840630726 948009727
840630726 948009727 874319764 972825205
874319764 972825205 875729190 972825205
874319764 972825205 874319764 976129039
874319764 976129039 877768030 995823373
176974745 160459911 217762284 179045337
217762284 179045337 220201993 198167311
220201993 198167311 254021500 215505847
254021500 215505847 259079904 220475078
259079904 220475078 295064337 220475078
295064337 220475078 298426080 220564494
298426080 220564494 298426080 245969031
298426080 245969031 307471134 245969031
298426080 220564494 326883271 220564494
326883271 220564494 340341115 222598850
340341115 222598850 344356065 240152807
344356065 240152807 344356065 253260386
344356065 240152807 364691366 240152807
364691366 240152807 386038112 263764230
386038112 263764230 391165895 264867712
391165895 264867712 392650978 264867712
391165895 264867712 391165895 282346403
392650978 264867712 402026999 275356169
622701543 823430593 630935820 874665348
630935820 874665348 630935820 879550206
630935820 874665348 642140715 874665348
642140715 874665348 642187752 875880514
642187752 875880514 642187752 883807336
642187752 875880514 690823273 875880514
492966034 396738027 541994253 407478940
541994253 407478940 556359097 407478940
541994253 407478940 541994253 430321444
541994253 430321444 548795841 445578727
548795841 445578727 548795841 455190952
548795841 455190952 552607189 455232455
552607189 455232455 552607189 456560162
552607189 455232455 572883500 455232455
548795841 445578727 572883500 445578727
572883500 445578727 577134454 445578727
300447021 763348157 353789640 769982492
353789640 769982492 355022970 787047407
274582383 10336813 291839054 53218223
192458958 960349970 232825389 980343891
780076003 247234226 817379773 270526139
943253340 591042120 970344831 624734415
970344831 624734415 983788504 628891656
983788504 628891656 991811483 664112545
701323589 810455875 701323589 871533309
166144421 888319411 166144421 949433367
494377151 161936197 521960976 195565168
542922350 274030505 586657225 291857492
586657225 291857492 591624513 307794787
786815974 283771304 786815974 345584572
71690358 390825716 106262490 418155799
106262490 418155799 106262490 425381843
106262490 418155799 120467602 418155799
106262490 425381843 115769040 446446175
115769040 446446175 136837928 446446175
115769040 446446175 115769040 493358035
115769040 493358035 138199547 514156714
352272497 955583874 410135396 959805198
410135396 959805198 410135396 962959267
410135396 962959267 419271896 963373342
410135396 959805198 432363688 959805198
552607189 456560162 572040755 499262005
572040755 499262005 592019334 531258790
592019334 531258790 592019334 541186683
592019334 531258790 619777481 531258790
619777481 531258790 648313368 541388640
648313368 541388640 694213965 542744606
181209609 600584208 243841377 600584208
243841377 600584208 246355996 609484699
246355996 609484699 266489680 609484699
266489680 609484699 273904176 610443754
273904176 610443754 276182421 633679569
276182421 633679569 276182421 644014007
276182421 644014007 276182421 648353673
276182421 644014007 285222119 644014007
285222119 644014007 298733131 652890288
298733131 652890288 298733131 658162463
276182421 633679569 300216593 633679569
298733131 652890288 324287745 652890288
246355996 609484699 246355996 635902883
138199547 514156714 174500457 541512063
174500457 541512063 174500457 558104125
174500457 558104125 181058183 564056943
181058183 564056943 204316682 577308279
174500457 541512063 212935163 541512063
212935163 541512063 217310923 541512063
212935163 541512063 212935163 549632750
217310923 541512063 236902910 542004276
236902910 542004276 285528116 549455412
285528116 549455412 285789913 549455412
285528116 549455412 285528116 559877927
285789913 549455412 307516450 553973523
285528116 559877927 298994497 586726016
100697573 694106084 100697573 758392178
694213965 542744606 699009028 602549160
699009028 602549160 702328645 605035037
702328645 605035037 719300329 612652341
719300329 612652341 726713957 622076390
726713957 622076390 726713957 630557269
726713957 630557269 734561179 630846860
726713957 622076390 753497844 622076390
753497844 622076390 761720721 630846860
761720721 630846860 771729867 630846860
771729867 630846860 773117794 643243348
773117794 643243348 780416684 648807939
761720721 630846860 761720721 649303379
780416684 648807939 799639927 648807939
799639927 648807939 813698661 653617759
471703529 813281674 513800819 836689893
513800819 836689893 514556604 857365841
444092176 190415699 446556146 253746114
737265607 211616897 801712226 213499580
673222745 316078546 739573994 316078546
739573994 316078546 745681218 316078546
739573994 316078546 739573994 325190735
958014010 666163188 962361230 728722603
912692750 776257792 917728023 838134554
375936414 70035049 428917623 84118214
428917623 84118214 438325843 84118214
428917623 84118214 428917623 101956866
438325843 84118214 491255022 87616101
491255022 87616101 491255022 96913289
491255022 96913289 493848754 96913289
491255022 96913289 491255022 99725999
491255022 87616101 500558901 87616101
500558901 87616101 507411155 93232959
507411155 93232959 527910591 97042889
527910591 97042889 528176961 110659194
528176961 110659194 528176961 115440897
528176961 115440897 541328581 115440897
528176961 110659194 545364841 110659194
528176961 115440897 528176961 144061860
528176961 144061860 528176961 149130101
528176961 144061860 534379740 144061860
534379740 144061860 552883694 144157254
545364841 110659194 574449227 110963000
574449227 110963000 581794879 118314134
581794879 118314134 581794879 125355923
581794879 118314134 593046867 118314134
593046867 118314134 609696065 118676399
609696065 118676399 624157365 118676399
609696065 118676399 609696065 143375558
609696065 143375558 618804207 163784449
618804207 163784449 618804207 165173394
618804207 163784449 679186215 163784449
679186215 163784449 714403092 164917892
714403092 164917892 716806883 164917892
716806883 164917892 750744612 168420507
750744612 168420507 756994271 168420507
750744612 168420507 750744612 177357047
750744612 177357047 789271310 179278586
789271310 179278586 789271310 192710667
789271310 179278586 809891109 179278586
809891109 179278586 833136090 180978127
428917623 101956866 474769105 123657467
923111945 772114162 943480063 819584519
680002483 415951133 691733090 472454102
691733090 472454102 697737862 472454102
697737862 472454102 698250803 477208974
698250803 477208974 698250803 481221625
698250803 481221625 704364196 481221625
698250803 477208974 713544803 477208974
698250803 481221625 698250803 508897158
713544803 477208974 725761202 493275529
698250803 508897158 709022613 531265509
709022613 531265509 709022613 531731277
709022613 531265509 712012367 531265509
691733090 472454102 691733090 525335467
712012367 531265509 720248184 585734380
720248184 585734380 720248184 592577344
720248184 592577344 720248184 600038377
720248184 600038377 726713957 603488118
720248184 592577344 745816951 592577344
745816951 592577344 770120646 603488118
770120646 603488118 791379232 607624965
720248184 585734380 766693474 585734380
766693474 585734380 781464713 593847695
781464713 593847695 781464713 599406887
781464713 593847695 807786652 593847695
807786652 593847695 848906929 597886465
848906929 597886465 864490721 605490906
218168050 98645582 244042646 141067392
244042646 141067392 251683161 159211892
251683161 159211892 254818798 160430506
254818798 160430506 273360672 170012093
273360672 170012093 300248150 190446236
300248150 190446236 300248150 190530658
300248150 190446236 318856345 190446236
300248150 190530658 318298698 197579560
498036801 724259725 533140545 757844383
533140545 757844383 560494397 767073256
560494397 767073256 616216534 771125132
919216791 929854727 988036101 929854727
18446371 800031885 69867184 817958292
318298698 197579560 374132415 211265051
100697573 758392178 124765239 805077378
124765239 805077378 157163177 843421753
62020079 129230247 93582392 168690108
306114255 0 377500197 0
377500197 0 383584998 0
383584998 0 383584998 30377360
377500197 0 377500197 31375157
383584998 30377360 385645223 60386136
383584998 0 416326489 0
416326489 0 448252212 0
448252212 0 462635102 0
462635102 0 462635102 1115801
462635102 0 495588497 0
495588497 0 498334607 0
498334607 0 501010868 0
498334607 0 498334607 10442976
498334607 10442976 501010868 20444687
501010868 0 515075850 0
515075850 0 517810450 0
517810450 0 521181829 0
501010868 20444687 515075850 20460850
515075850 20460850 521181829 20460850
495588497 0 495588497 18499280
515075850 20460850 515075850 48730264
416326489 0 416326489 36769597
416326489 36769597 423285200 41268542
423285200 41268542 448252212 41268542
448252212 41268542 456159498 51499701
456159498 51499701 467624279 51499701
456159498 51499701 456159498 66258218
423285200 41268542 423285200 68658553
515075850 48730264 560117334 54037765
560117334 54037765 560117334 54173913
560117334 54037765 580905868 54037765
580905868 54037765 581679177 60352995
521181829 0 585429763 0
585429763 0 589691799 0
585429763 0 585429763 6191333
589691799 0 601457289 0
601457289 0 603716095 0
603716095 0 606118160 0
585429763 6191333 589691799 20303653
589691799 20303653 601457289 22138972
601457289 22138972 603716095 22138972
603716095 22138972 606118160 22138972
603716095 22138972 603716095 33570971
606118160 0 628304647 0
628304647 0 645912304 0
601457289 22138972 601457289 46422238
628304647 0 628304647 27854979
628304647 27854979 634514984 33681469
634514984 33681469 645912304 33681469
645912304 0 677806770 0
677806770 0 677806770 6385274
677806770 0 719334133 0
719334133 0 724474275 0
724474275 0 724474275 8067200
719334133 0 719334133 27115586
724474275 0 755606887 0
755606887 0 755606887 11886029
755606887 0 783296906 0
783296906 0 802665959 0
783296906 0 783296906 27941347
783296906 27941347 802665959 48626542
802665959 48626542 804073299 57073796
804073299 57073796 804282281 57073796
804282281 57073796 807878129 57134896
807878129 57134896 807878129 65118417
634514984 33681469 634514984 77733566
807878129 57134896 867103784 57134896
867103784 57134896 870252419 62130275
870252419 62130275 876783153 69715828
876783153 69715828 880101097 79556979
880101097 79556979 880101097 102703951
880101097 102703951 880101097 113030684
880101097 102703951 897101305 102703951
897101305 102703951 908971772 112787704
908971772 112787704 908971772 137912778
908971772 137912778 913208033 149890740
913208033 149890740 913208033 151368374
913208033 149890740 947036811 149890740
947036811 149890740 968513649 162861109
968513649 162861109 970358213 162861109
970358213 162861109 970358213 164499909
968513649 162861109 968513649 175032591
970358213 162861109 992655939 162861109
970358213 164499909 983969284 174367837
983969284 174367837 995453960 188657702
995453960 188657702 995866040 195287252
913208033 151368374 925220168 177754845
925220168 177754845 931844262 195190529
931844262 195190529 931844262 197617539
931844262 195190529 942324426 195190529
880101097 79556979 920304711 79556979
920304711 79556979 935303343 79556979
935303343 79556979 935950843 79556979
935303343 79556979 935303343 90586256
920304711 79556979 920304711 100806509
935303343 90586256 952418673 112787704
942324426 195190529 965868804 233972169
965868804 233972169 976536740 260897435
976536740 260897435 992064455 260897435
976536740 260897435 976536740 280280778
976536740 280280778 984905179 280280778
984905179 280280778 986954253 287794266
976536740 280280778 976536740 291297418
986954253 287794266 988532243 308279835
804073299 57073796 804073299 121739138
804073299 121739138 806139373 153485369
806139373 153485369 821102994 155208342
821102994 155208342 852719545 165027794
852719545 165027794 852719545 165359356
852719545 165027794 873186994 165027794
677806770 6385274 685132039 64748930
685132039 64748930 696541051 106083817
696541051 106083817 698561843 121670374
698561843 121670374 705360406 121670374
698561843 121670374 698561843 147420050
698561843 147420050 704081379 151400071
704081379 151400071 704542269 151400071
705360406 121670374 741215721 142328464
931844262 197617539 940858103 258455512
940858103 258455512 946015521 281094046
946015521 281094046 946015521 292274233
946015521 281094046 962136008 281094046
942604283 543920029 998918197 559058090
998918197 559058090 999479159 617143124
801712226 213499580 840512619 246909906
840512619 246909906 862541190 268594590
862541190 268594590 877341416 273535986
877341416 273535986 877341416 274654137
877341416 273535986 889187656 273535986
889187656 273535986 925165554 280849478
925165554 280849478 931963425 280849478
925165554 280849478 925165554 291707996
300216593 633679569 369142421 637056962
369142421 637056962 374753519 640438470
374753519 640438470 374753519 649169233
813528625 543586873 855074682 576811834
855074682 576811834 859758303 590787580
859758303 590787580 860865211 590787580
859758303 590787580 859758303 592328631
324287745 652890288 367570216 684405850
852719545 165359356 858764616 234255357
858764616 234255357 883666437 243166594
753146441 393833285 753146441 468807923
14544231 771239784 72498787 788569819
215325793 879696726 292858174 880341638
292858174 880341638 301657173 894093819
212935163 549632750 277752755 563719034
532360622 918059022 533027023 996544650
537748209 924325025 558565030 982799107
558565030 982799107 569680568 993854258
782491179 484001853 803997245 544397802
803997245 544397802 807786652 581273320
807786652 581273320 811156816 581273320
792734689 676584987 841922427 709382749
841922427 709382749 841922427 713972382
841922427 709382749 846724959 709382749
846724959 709382749 873303858 726766168
161038636 771496231 242955351 771716884
242955351 771716884 256373799 771716884
242955351 771716884 242955351 821248576
242955351 821248576 260224777 838861254
260224777 838861254 267613942 845164378
267613942 845164378 305068417 866355397
755606887 11886029 764062924 86381972
764062924 86381972 772728631 120927966
772728631 120927966 785039382 126027433
785039382 126027433 787914885 132532569
787914885 132532569 790261692 138009184
216566772 703497268 235762574 768035852
534824864 652842044 588886696 683325835
588886696 683325835 593137464 711496807
593137464 711496807 593137464 719017154
593137464 711496807 605207572 711496807
605207572 711496807 606735145 726030000
593137464 719017154 594915375 739895498
594915375 739895498 597642223 739895498
594915375 739895498 594915375 743286157
594915375 743286157 626216499 746547437
626216499 746547437 633211247 755598188
633211247 755598188 636677312 759426252
384541087 330854218 400226252 401515832
220761180 428016517 239911421 498635169
239911421 498635169 246030262 506738230
246030262 506738230 246030262 533869639
246030262 533869639 261322718 541094803
261322718 541094803 277752755 541790663
277752755 541790663 279578072 541790663
246030262 506738230 284864599 506738230
284864599 506738230 288353202 533558553
157163177 843421753 230136012 862418544
446556146 253746114 476431087 315956745
802665959 0 900643322 0
900643322 0 905408868 0
905408868 0 906265057 0
900643322 0 900643322 18461695
900643322 18461695 905408868 23076978
905408868 23076978 906265057 31560055
906265057 31560055 906265057 40794820
906265057 0 925325544 0
906265057 31560055 925325544 31560055
925325544 31560055 995510201 38154246
662634067 410887173 664542477 527950247
664542477 527950247 671167273 533781155
671167273 533781155 678808002 535589348
