1472
0 0 0 6798023
0 0 9019432 0
9019432 0 14403722 0
14403722 0 21191515 0
21191515 0 25399909 0
14403722 0 14403722 6798023
25399909 0 36127664 0
36127664 0 38774930 0
38774930 0 38941256 0
38941256 0 50347570 0
50347570 0 54329707 0
54329707 0 65872503 0
65872503 0 74030611 0
74030611 0 75113570 0
75113570 0 75113570 8331777
54329707 0 54329707 12929281
0 6798023 0 26571236
0 26571236 0 27891249
0 27891249 0 31263204
0 27891249 9019432 27891249
0 31263204 0 40763032
0 40763032 0 42947727
0 42947727 0 43338459
0 43338459 0 53781642
0 53781642 0 73997121
0 73997121 0 91563062
0 91563062 14804297 91563062
0 91563062 0 106744976
0 40763032 21191515 40763032
21191515 40763032 22274538 42947727
22274538 42947727 25399909 42947727
22274538 42947727 22274538 53781642
25399909 42947727 38774930 43338459
54329707 12929281 65872503 24944928
65872503 24944928 74030611 36471777
36127664 0 36127664 26571236
36127664 26571236 38941256 31263204
38941256 31263204 50347570 31737742
38774930 43338459 39217542 73997121
39217542 73997121 42171847 85000156
42171847 85000156 42171847 106744976
42171847 106744976 56696398 114318821
56696398 114318821 57801485 114318821
56696398 114318821 56696398 116016819
56696398 116016819 76025484 119430016
76025484 119430016 76025484 130846386
42171847 85000156 66516340 85000156
76025484 119430016 102699082 119430016
75113570 0 111198602 0
111198602 0 114013652 0
114013652 0 122805895 0
111198602 0 111198602 13481725
111198602 13481725 114013652 22092826
114013652 22092826 119193556 23023248
119193556 23023248 122805895 23023248
76025484 130846386 93660187 151347601
93660187 151347601 93660187 153815354
93660187 151347601 97827845 151347601
97827845 151347601 108088997 154146283
108088997 154146283 108088997 155028993
108088997 155028993 124311413 158473087
108088997 154146283 129427686 154146283
129427686 154146283 160315115 168633258
160315115 168633258 164163741 168633258
164163741 168633258 168650898 168633258
164163741 168633258 164163741 178936032
164163741 178936032 171611494 182938579
171611494 182938579 171611494 190337438
171611494 190337438 180001176 196969670
160315115 168633258 160315115 193672851
171611494 182938579 204702030 182938579
204702030 182938579 211254903 190562744
211254903 190562744 211254903 211318762
211254903 211318762 224612460 219120336
224612460 219120336 243508311 219120336
243508311 219120336 251634950 219120336
251634950 219120336 260632943 223715746
260632943 223715746 268558662 227087318
268558662 227087318 272398088 227087318
272398088 227087318 272398088 228819240
268558662 227087318 268558662 242059962
272398088 228819240 289872860 230946629
243508311 219120336 243508311 240105512
272398088 227087318 301543153 227087318
301543153 227087318 319941308 233525153
319941308 233525153 348792696 233525153
319941308 233525153 319941308 263092636
319941308 263092636 321234504 274554422
321234504 274554422 321234504 298835451
321234504 298835451 326548277 298835451
321234504 274554422 347970048 274554422
321234504 298835451 321234504 327171207
321234504 327171207 340879503 335334682
211254903 190562744 244674342 190562744
243508311 240105512 246713046 270670590
246713046 270670590 258494875 270670590
246713046 270670590 246713046 284931460
246713046 284931460 254671432 297070416
340879503 335334682 360803025 349198903
360803025 349198903 360803025 375764769
360803025 375764769 377755609 385493818
377755609 385493818 380820552 387485641
380820552 387485641 380820552 397744215
380820552 387485641 395268742 387485641
380820552 397744215 393853597 417787556
393853597 417787556 396131104 430807420
396131104 430807420 409353983 430807420
396131104 430807420 396131104 453020196
396131104 453020196 408912717 467315368
409353983 430807420 439781862 431971293
439781862 431971293 452848240 435997689
452848240 435997689 452848240 450509502
452848240 435997689 478025019 435997689
478025019 435997689 478025019 448376332
326548277 298835451 357322048 304185014
357322048 304185014 358381294 310894470
254671432 297070416 281226291 310527078
281226291 310527078 286562282 310527078
281226291 310527078 281226291 333440039
286562282 310527078 308847813 324746050
160315115 193672851 169505375 224796547
224612460 219120336 224612460 260430774
224612460 260430774 224612460 265089217
224612460 265089217 231499804 266990840
231499804 266990840 239778404 266990840
224612460 260430774 235571341 260430774
231499804 266990840 231499804 296034110
360803025 349198903 402964036 349198903
402964036 349198903 420343426 360300298
244674342 190562744 278851208 200413770
278851208 200413770 287147270 210165682
281226291 333440039 282668064 379553694
282668064 379553694 282668064 392150096
282668064 392150096 285491758 392150096
282668064 392150096 282668064 408922254
282668064 379553694 303434618 379553694
285491758 392150096 299534820 400480047
299534820 400480047 310361586 400480047
310361586 400480047 312489139 402570177
312489139 402570177 312489139 418243310
312489139 418243310 321774098 418243310
312489139 402570177 329257608 402570177
329257608 402570177 329257608 404383011
329257608 402570177 333100105 402570177
333100105 402570177 341571198 403685212
282668064 408922254 283166467 432001130
283166467 432001130 283185126 435225414
283185126 435225414 283185126 449002173
283185126 435225414 299534820 435225414
299534820 435225414 312489139 442755516
312489139 442755516 327849880 446517561
327849880 446517561 337316779 446995494
337316779 446995494 337316779 453388298
337316779 453388298 347101118 463501930
283185126 449002173 294353715 465162291
294353715 465162291 295219533 468998186
295219533 468998186 295219533 486192337
295219533 486192337 295219533 494900370
295219533 494900370 296444708 494900370
295219533 494900370 295219533 505162999
295219533 505162999 303035020 513506545
295219533 486192337 314005217 486192337
314005217 486192337 320549804 491717270
295219533 468998186 318425366 468998186
337316779 446995494 366707295 446995494
341571198 403685212 361246407 424578150
361246407 424578150 371388421 430807420
371388421 430807420 371388421 436777420
303035020 513506545 305523526 557635164
305523526 557635164 309080593 581111888
309080593 581111888 325955971 581111888
309080593 581111888 309080593 612715526
309080593 612715526 310152800 620342534
310152800 620342534 321400855 623438073
321400855 623438073 321400855 626596766
321400855 623438073 344021825 623438073
321400855 626596766 322238007 650103537
322238007 650103537 353480979 659972042
353480979 659972042 353480979 674735946
353480979 659972042 371263509 659972042
371263509 659972042 371263509 668823331
371263509 659972042 392275894 659972042
392275894 659972042 401541487 662527673
401541487 662527673 429829665 662527673
429829665 662527673 436734611 668166910
436734611 668166910 436734611 679758204
436734611 679758204 446151898 683389822
436734611 668166910 462273587 668166910
462273587 668166910 476274161 699102449
476274161 699102449 476274161 701601586
476274161 699102449 503733159 699102449
503733159 699102449 505562561 706922092
505562561 706922092 505562561 717747441
505562561 717747441 509866766 720512690
509866766 720512690 512440298 721790188
512440298 721790188 512440298 729834353
512440298 721790188 534417823 721790188
505562561 706922092 534417823 706922092
534417823 706922092 551615849 706922092
551615849 706922092 562084083 711374684
562084083 711374684 574369041 711374684
562084083 711374684 562084083 752862574
512440298 729834353 521390377 763899880
401541487 662527673 401541487 708430048
401541487 708430048 401541487 723049708
401541487 723049708 403680665 737292837
401541487 708430048 422949585 708430048
574369041 711374684 618971557 712708262
618971557 712708262 618971557 714595075
618971557 714595075 628125876 714595075
628125876 714595075 637663635 715567197
637663635 715567197 651071884 720932256
651071884 720932256 655797230 720932256
651071884 720932256 651071884 733575732
655797230 720932256 665129999 725905221
665129999 725905221 665129999 731025984
665129999 731025984 675608551 737188303
675608551 737188303 686483280 738886094
686483280 738886094 691113049 742879086
691113049 742879086 691113049 751667931
691113049 751667931 692768516 751667931
691113049 751667931 691113049 756048921
665129999 725905221 686483280 725905221
691113049 756048921 709451849 759923606
618971557 714595075 618971557 740907874
651071884 733575732 655600572 755686033
691113049 742879086 718549672 742879086
618971557 712708262 656677135 712708262
656677135 712708262 667621900 720233508
686483280 725905221 725008412 725905221
709451849 759923606 748253618 765710986
748253618 765710986 748253618 779056817
748253618 765710986 765306566 765710986
765306566 765710986 770549989 776226868
770549989 776226868 777566298 779635964
748253618 779056817 752938041 799780838
752938041 799780838 758497033 799780838
777566298 779635964 792544111 797702153
792544111 797702153 796354846 798382977
796354846 798382977 810501975 798382977
796354846 798382977 796354846 829841114
796354846 829841114 818698335 831289138
818698335 831289138 828902067 831289138
828902067 831289138 828902067 850768285
828902067 831289138 855955426 831289138
855955426 831289138 864310595 831289138
855955426 831289138 855955426 849173655
855955426 849173655 872323902 859487709
872323902 859487709 880629272 881128663
880629272 881128663 880629272 904827950
880629272 904827950 887506637 904827950
880629272 904827950 880629272 911954156
880629272 911954156 886616399 913765008
886616399 913765008 892304855 913765008
892304855 913765008 893475038 916791349
893475038 916791349 893475038 920912082
893475038 920912082 900607542 927280309
900607542 927280309 914498091 927280309
914498091 927280309 930733692 934930306
930733692 934930306 936466975 934930306
936466975 934930306 936824215 934930306
936466975 934930306 936466975 943614809
930733692 934930306 930733692 945016312
893475038 916791349 924431111 916791349
900607542 927280309 900607542 962210151
818698335 831289138 818698335 872922874
886616399 913765008 886616399 955739166
886616399 955739166 889114937 971935403
758497033 799780838 759308431 845223530
759308431 845223530 762870284 874536481
762870284 874536481 763097087 878697968
763097087 878697968 787323888 878697968
787323888 878697968 787323888 895012382
787323888 878697968 808783508 878697968
808783508 878697968 808783508 886470277
808783508 878697968 818176968 878697968
818176968 878697968 827145424 912239702
827145424 912239702 827145424 923955859
827145424 912239702 849199144 912239702
849199144 912239702 849199144 920534490
849199144 912239702 857963987 912239702
827145424 923955859 832327544 956354351
832327544 956354351 841126832 956354351
841126832 956354351 847686841 961107455
832327544 956354351 832327544 974801791
847686841 961107455 860294237 971935403
860294237 971935403 860294237 996765854
763097087 878697968 763097087 922987884
763097087 922987884 770110071 947415419
752938041 799780838 752938041 846572873
752938041 846572873 757468651 867404146
320549804 491717270 361177233 497948986
361177233 497948986 380735369 507344906
380735369 507344906 390161024 507344906
390161024 507344906 411498929 519250046
411498929 519250046 417204045 549612849
417204045 549612849 435025694 558827292
435025694 558827292 446559119 558827292
446559119 558827292 446559119 560328891
435025694 558827292 435025694 584063877
380735369 507344906 380735369 551654417
435025694 584063877 462528568 601387402
462528568 601387402 464961320 603382968
464961320 603382968 469859497 607239179
469859497 607239179 487549485 607239179
469859497 607239179 469859497 637189885
469859497 637189885 483128137 639669632
483128137 639669632 483128137 646391415
483128137 639669632 510044020 639669632
510044020 639669632 510044020 647186641
510044020 647186641 514465951 647186641
510044020 647186641 510044020 669474377
510044020 669474377 510729571 669474377
510044020 669474377 510044020 679546709
510044020 679546709 521094371 681409033
514465951 647186641 525830392 659075773
510044020 639669632 535968661 639669632
535968661 639669632 563018630 644041079
563018630 644041079 564591978 647803817
564591978 647803817 564591978 649735936
564591978 649735936 578734084 653956367
578734084 653956367 578734084 661340766
578734084 653956367 595971055 653956367
564591978 647803817 605288442 647803817
605288442 647803817 616479712 649263046
616479712 649263046 656608078 649263046
656608078 649263046 667740873 668956855
667740873 668956855 683936195 670155542
683936195 670155542 684947353 687030814
684947353 687030814 684947353 704638907
616479712 649263046 616479712 690011153
487549485 607239179 508348384 631044071
446559119 558827292 493357097 558827292
493357097 558827292 497125562 572548245
684947353 687030814 732334768 687030814
732334768 687030814 759149186 687696375
759149186 687696375 787378551 687696375
787378551 687696375 802444672 695749567
759149186 687696375 759149186 722369183
759149186 722369183 773353251 744200955
773353251 744200955 777566298 752372198
777566298 752372198 816894507 752372198
119193556 23023248 119193556 73258871
119193556 73258871 119246146 73258871
119193556 73258871 119193556 80888125
119246146 73258871 126846138 73592094
126846138 73592094 137399392 101882501
137399392 101882501 140083650 113278093
140083650 113278093 167195933 136618844
880629272 881128663 931671907 881128663
931671907 881128663 947050735 895947253
947050735 895947253 970718307 902422432
970718307 902422432 984388279 902422432
984388279 902422432 988758097 916198947
970718307 902422432 970718307 926184235
970718307 926184235 973749525 928231359
973749525 928231359 974039229 928231359
380735369 551654417 392821322 592136973
392821322 592136973 393657468 612936503
393657468 612936503 420674817 621570577
420674817 621570577 429829665 652753302
429829665 652753302 431424671 652753302
325955971 581111888 363502893 597792333
363502893 597792333 372648890 597792333
363502893 597792333 363502893 607016841
122805895 0 177496879 0
177496879 0 179524338 0
177496879 0 177496879 4132847
179524338 0 196431216 0
196431216 0 197010138 0
196431216 0 196431216 9504163
197010138 0 210805041 0
210805041 0 212254786 0
212254786 0 212254786 12122356
212254786 0 227050889 0
177496879 4132847 179524338 19102667
196431216 9504163 197010138 27130156
197010138 27130156 210805041 27843357
210805041 27843357 212124597 44107991
212124597 44107991 227050889 44107991
212124597 44107991 212124597 62765725
227050889 0 249389963 0
249389963 0 263182925 0
263182925 0 265282745 0
263182925 0 263182925 11131295
212124597 62765725 215829837 85789616
215829837 85789616 243135727 85789616
243135727 85789616 248031301 86809206
215829837 85789616 215829837 113340370
215829837 113340370 223666124 125834191
223666124 125834191 226535227 152546465
226535227 152546465 226535227 166950191
249389963 0 249389963 33962045
249389963 33962045 265282745 43049695
226535227 152546465 264010310 152546465
264010310 152546465 272823476 152546465
272823476 152546465 272823476 158219746
272823476 158219746 273115288 166137245
273115288 166137245 273115288 172064979
264010310 152546465 264010310 161541879
272823476 152546465 282914256 152546465
273115288 166137245 285708074 166137245
282914256 152546465 293661655 154553959
293661655 154553959 298637645 159859350
298637645 159859350 298637645 165061193
298637645 159859350 306819222 159859350
285708074 166137245 289282251 177531892
248031301 86809206 285110927 89491665
285110927 89491665 329451097 92791090
329451097 92791090 349634066 110058459
349634066 110058459 373795113 110058459
349634066 110058459 349634066 137811537
373795113 110058459 406941057 112560027
406941057 112560027 412847318 112560027
406941057 112560027 406941057 139526631
406941057 139526631 422037592 153957996
422037592 153957996 425346516 153957996
422037592 153957996 422037592 161930837
422037592 161930837 438605561 167139348
438605561 167139348 464841892 167139348
438605561 167139348 438605561 203492327
438605561 203492327 451884956 231008859
451884956 231008859 451884956 261119463
451884956 231008859 486749496 231008859
486749496 231008859 518702513 239267592
518702513 239267592 522088677 239267592
518702513 239267592 518702513 244670793
451884956 261119463 472987852 281634690
472987852 281634690 473861834 281634690
472987852 281634690 472987852 288343320
472987852 288343320 489032749 295147474
489032749 295147474 492263050 298035566
492263050 298035566 492263050 311587008
492263050 311587008 500977519 311587008
500977519 311587008 503083294 311587008
500977519 311587008 500977519 318018616
492263050 311587008 492263050 325658393
503083294 311587008 516733691 313188560
492263050 298035566 524527756 298035566
349634066 137811537 354285613 174837064
354285613 174837064 354285613 176570630
354285613 174837064 369590313 174837064
369590313 174837064 376774298 176465848
376774298 176465848 390180488 176465848
390180488 176465848 397105705 189788076
376774298 176465848 376774298 198689940
376774298 198689940 378659086 218657184
518702513 244670793 555063160 254300907
555063160 254300907 555063160 255829482
555063160 255829482 574028968 255829482
574028968 255829482 579489720 262892068
579489720 262892068 589811530 262892068
589811530 262892068 607454145 264863826
607454145 264863826 614024846 265882797
614024846 265882797 617214770 278153157
617214770 278153157 629305014 278153157
629305014 278153157 636511385 280248903
636511385 280248903 648509942 280248903
636511385 280248903 636511385 301393987
555063160 254300907 577243954 254300907
648509942 280248903 657437529 293913044
657437529 293913044 657437529 295601696
657437529 293913044 674929333 293913044
555063160 255829482 555063160 280960250
674929333 293913044 680128272 315327339
579489720 262892068 579489720 294545259
680128272 315327339 707455047 324996142
707455047 324996142 725169422 324996142
657437529 295601696 673743267 316891745
579489720 294545259 587814314 328660696
587814314 328660696 617214770 332214848
617214770 332214848 618442585 374581772
618442585 374581772 630956151 388647074
630956151 388647074 632424986 388647074
630956151 388647074 630956151 428486237
630956151 428486237 658948273 428680207
658948273 428680207 672494006 450809699
672494006 450809699 682366109 481199974
682366109 481199974 685275458 481199974
682366109 481199974 682366109 525103744
725169422 324996142 757951471 336970767
757951471 336970767 763591013 336970767
763591013 336970767 766446593 345351727
766446593 345351727 766446593 360317329
766446593 360317329 766446593 365984239
766446593 360317329 785080355 360317329
757951471 336970767 757951471 362280303
766446593 345351727 805845720 345351727
805845720 345351727 813430840 345351727
805845720 345351727 805845720 360235713
813430840 345351727 844344861 352323815
844344861 352323815 844344861 358455448
844344861 352323815 859284454 352323815
844344861 358455448 847578143 370798221
847578143 370798221 880467180 370798221
859284454 352323815 893740086 353504183
893740086 353504183 893958530 364692630
847578143 370798221 847578143 408038782
847578143 408038782 848587074 442463075
848587074 442463075 853509387 462920084
853509387 462920084 853509387 482955085
853509387 482955085 853509387 488681979
853509387 482955085 863160439 482955085
863160439 482955085 876933060 490835766
876933060 490835766 891127468 490835766
876933060 490835766 876933060 521647558
891127468 490835766 904283477 516773397
904283477 516773397 913232570 549302403
913232570 549302403 919403502 579565293
919403502 579565293 919403502 587238945
919403502 579565293 931366031 579565293
919403502 587238945 920632975 613095682
920632975 613095682 931139006 632611576
931139006 632611576 931139006 665318527
931139006 665318527 931139006 672659584
931139006 672659584 946541877 673994039
946541877 673994039 957170460 673994039
957170460 673994039 966209356 684582386
966209356 684582386 973288680 684582386
966209356 684582386 966209356 698740040
931139006 665318527 964348919 665318527
931139006 632611576 966018790 632611576
966018790 632611576 970228423 664269629
946541877 673994039 946541877 713747658
946541877 713747658 959007766 742093187
959007766 742093187 961793726 742093187
959007766 742093187 959007766 773968957
961793726 742093187 973859457 767792851
853509387 462920084 901828033 462920084
901828033 462920084 948120582 465919517
948120582 465919517 960093423 465919517
960093423 465919517 960093423 478195710
960093423 465919517 978628596 465919517
948120582 465919517 948120582 494369063
978628596 465919517 989913882 487961196
265282745 0 314990722 0
314990722 0 333324478 0
333324478 0 347983700 0
347983700 0 351954278 0
351954278 0 353633320 0
351954278 0 351954278 13194947
353633320 0 368926266 0
368926266 0 379381331 0
379381331 0 392630710 0
368926266 0 368926266 14568327
333324478 0 333324478 15624099
368926266 14568327 379381331 36082001
379381331 36082001 392630710 37064502
392630710 37064502 401970594 57517525
401970594 57517525 403908434 61677735
403908434 61677735 415417415 61677735
415417415 61677735 415417415 62338076
403908434 61677735 403908434 97689228
403908434 97689228 418731508 98855977
418731508 98855977 421953414 98855977
418731508 98855977 418731508 104781567
418731508 104781567 442646605 106200694
442646605 106200694 452288217 123189546
452288217 123189546 471842009 123189546
471842009 123189546 478911640 135272046
478911640 135272046 485690642 135272046
478911640 135272046 478911640 151571243
485690642 135272046 491250332 150080872
491250332 150080872 503252353 154310938
503252353 154310938 521792934 162490808
521792934 162490808 521792934 167280092
521792934 167280092 522088677 170892622
522088677 170892622 540960289 170892622
540960289 170892622 542770123 170892622
540960289 170892622 540960289 176164280
542770123 170892622 551275897 171170256
551275897 171170256 555638205 171170256
551275897 171170256 551275897 186401373
551275897 186401373 562516347 187705109
521792934 162490808 545053868 162490808
452288217 123189546 452288217 151683494
522088677 170892622 522088677 200304258
522088677 200304258 524218235 200304258
421953414 98855977 450862617 101207217
333324478 15624099 347983700 42322428
347983700 42322428 352078533 64112988
352078533 64112988 375530904 64373632
314990722 0 314990722 49147434
314990722 49147434 316660527 78589017
707455047 324996142 707455047 374777840
707455047 374777840 724237565 401224064
415417415 61677735 465209957 61677735
465209957 61677735 472312909 68348974
472312909 68348974 492322529 73520825
492322529 73520825 492322529 100032077
492322529 100032077 505222387 107381999
492322529 73520825 520700335 73520825
500977519 318018616 501685126 367283151
682366109 525103744 730457565 529083216
730457565 529083216 733265937 529083216
730457565 529083216 730457565 558738393
730457565 558738393 736416457 577148388
736416457 577148388 752066605 577148388
736416457 577148388 736416457 593153904
736416457 593153904 747551912 598501547
747551912 598501547 758955754 598501547
752066605 577148388 758955754 586808084
758955754 586808084 759822438 586808084
747551912 598501547 747551912 619447385
747551912 619447385 753432789 619447385
747551912 619447385 747551912 628978828
747551912 628978828 747551912 631886012
747551912 628978828 751620789 628978828
758955754 598501547 776583123 604250874
776583123 604250874 776583123 623227352
776583123 623227352 790306132 623319283
790306132 623319283 790306132 640648177
776583123 604250874 799707436 604250874
790306132 623319283 813943592 623319283
747551912 631886012 747690730 657934313
747690730 657934313 761660480 664838245
790306132 640648177 791600447 671191042
791600447 671191042 802444672 681652819
802444672 681652819 812191818 681652819
761660480 664838245 780322356 680974767
751620789 628978828 760647245 656773428
799707436 604250874 828099056 617157766
828099056 617157766 852364878 637431840
852364878 637431840 863706370 643350248
893958530 364692630 902104642 410098357
902104642 410098357 927305100 422604912
927305100 422604912 940886548 450411364
940886548 450411364 945037555 450411364
940886548 450411364 940886548 462160359
265282745 43049695 292951432 70309231
292951432 70309231 311388891 88046905
973749525 928231359 973749525 983973506
973749525 983973506 995757863 999122028
167195933 136618844 203001015 156829802
203001015 156829802 203001015 159696189
203001015 156829802 211046580 156829802
211046580 156829802 213931386 159823941
403680665 737292837 455285870 743067019
455285870 743067019 461608206 743067019
461608206 743067019 463767982 743067019
463767982 743067019 464047182 746712626
464047182 746712626 466111765 755097304
466111765 755097304 484887351 756868176
484887351 756868176 492602949 756868176
484887351 756868176 484887351 790581112
484887351 790581112 499500873 792372792
461608206 743067019 461608206 787149031
461608206 787149031 465912454 820960069
455285870 743067019 455285870 789073424
455285870 789073424 456437678 814447016
0 106744976 0 164146706
0 164146706 0 169191627
0 169191627 0 175453670
0 175453670 0 190253728
0 190253728 0 191537488
0 191537488 0 196298574
0 196298574 0 200065814
0 190253728 10216328 190253728
0 200065814 0 218411794
0 218411794 0 223026528
0 223026528 0 240898841
0 240898841 0 242183039
0 240898841 14449026 240898841
14449026 240898841 23693227 242183039
0 218411794 21299707 218411794
21299707 218411794 24782663 223026528
0 175453670 25433146 175453670
25433146 175453670 37852658 180766904
37852658 180766904 37852658 191537488
37852658 191537488 39515237 193033738
39515237 193033738 39515237 196298574
39515237 196298574 43348015 200065814
37852658 180766904 60167197 180766904
60167197 180766904 63482706 193033738
63482706 193033738 63607450 208664622
63607450 208664622 63607450 228274360
63607450 228274360 67166668 234977831
67166668 234977831 67166668 246302257
67166668 246302257 68464175 246302257
67166668 234977831 88207260 234977831
88207260 234977831 88207260 240547520
88207260 234977831 93967772 234977831
0 169191627 29603518 169191627
0 164146706 32148195 164146706
93967772 234977831 97651139 264007201
97651139 264007201 113007050 265791462
113007050 265791462 113818010 265791462
113007050 265791462 113007050 292282328
113007050 292282328 116527763 314022674
113818010 265791462 126583040 281871173
126583040 281871173 146745553 286741365
146745553 286741365 146745553 312548526
146745553 312548526 164996999 314443020
164996999 314443020 173528236 314443020
173528236 314443020 174063744 314443020
173528236 314443020 173528236 321699768
63607450 208664622 96749828 208664622
164996999 314443020 164996999 351567715
164996999 351567715 173043898 355070585
173043898 355070585 186062507 355070585
186062507 355070585 199566370 365245946
199566370 365245946 203359454 374245401
203359454 374245401 203359454 395517607
203359454 395517607 203359454 399810933
203359454 395517607 215019145 395517607
215019145 395517607 217133011 418762917
203359454 374245401 231507273 374245401
231507273 374245401 231507273 390243550
173043898 355070585 173043898 384035137
173043898 384035137 174949245 384035137
174949245 384035137 178823379 406997075
173043898 384035137 173043898 417476977
231507273 374245401 267967209 374245401
146745553 286741365 200158665 286741365
200158665 286741365 202393761 287401470
202393761 287401470 218788161 296034110
218788161 296034110 218788161 303040801
68464175 246302257 69913607 298311990
69913607 298311990 85756081 316296672
85756081 316296672 110319149 320184830
116527763 314022674 128276711 359017150
128276711 359017150 130353577 375371255
130353577 375371255 145763443 375371255
145763443 375371255 156142153 377261990
156142153 377261990 164168290 377261990
156142153 377261990 156142153 425760084
478025019 448376332 533034742 451441953
533034742 451441953 546315032 461904696
546315032 461904696 548239602 461904696
548239602 461904696 556087864 471729285
556087864 471729285 556087864 484219670
556087864 471729285 569863474 471729285
569863474 471729285 590810899 480328319
590810899 480328319 597464474 480328319
590810899 480328319 590810899 495679895
590810899 495679895 598560854 518277216
598560854 518277216 605812859 527676409
605812859 527676409 605812859 542561973
605812859 542561973 625927688 548682182
625927688 548682182 628654414 548682182
628654414 548682182 641160934 553558952
625927688 548682182 625927688 567021494
605812859 527676409 633758720 527676409
633758720 527676409 633758720 537643891
633758720 527676409 652967726 527676409
641160934 553558952 655020849 568470579
655020849 568470579 655020849 569037742
655020849 569037742 659478749 584713979
659478749 584713979 659478749 598797795
655020849 568470579 681927958 568470579
681927958 568470579 688880815 584713979
688880815 584713979 691847261 593153904
625927688 567021494 630830706 596458938
630830706 596458938 634443074 597294321
634443074 597294321 634443074 603336575
634443074 597294321 651880554 597294321
691847261 593153904 727725625 593153904
727725625 593153904 727725625 623393994
727725625 623393994 742003755 646345757
546315032 461904696 546315032 504908143
546315032 504908143 558339434 532627284
558339434 532627284 578399058 532627284
578399058 532627284 580284611 547591353
558339434 532627284 558339434 558436548
691847261 593153904 691847261 641852111
691847261 641852111 699092025 643591586
699092025 643591586 700253140 646345757
700253140 646345757 700253140 647728843
580284611 547591353 581598994 599464802
581598994 599464802 582197969 599464802
581598994 599464802 581598994 610716719
581598994 610716719 582170515 624230323
582170515 624230323 604140576 626090885
604140576 626090885 611284673 626090885
604140576 626090885 604140576 642972001
499500873 792372792 541375925 808619537
541375925 808619537 541392988 808619537
541392988 808619537 545161826 814331166
545161826 814331166 545161826 843348334
545161826 843348334 554064140 852084721
541375925 808619537 541375925 849680028
554064140 852084721 593486230 855011951
593486230 855011951 594150272 869736459
594150272 869736459 594150272 875800975
594150272 875800975 596247534 875800975
594150272 869736459 626313301 869736459
626313301 869736459 632280656 875632064
632280656 875632064 634440234 875632064
634440234 875632064 638504862 882898581
638504862 882898581 640231704 901447863
632280656 875632064 632280656 897128029
632280656 897128029 640011915 916215312
640231704 901447863 657480545 916200053
640011915 916215312 652092095 936786145
652092095 936786145 661212766 961576875
661212766 961576875 661212766 966449548
661212766 961576875 689125346 961576875
689125346 961576875 704221875 979015365
545161826 814331166 589732444 814331166
589732444 814331166 590107227 814331166
589732444 814331166 589732444 821834167
594150272 875800975 594150272 921740745
594150272 921740745 600601880 930144790
600601880 930144790 609736864 968475884
609736864 968475884 615505344 977302167
704221875 979015365 748635696 983869381
452848240 450509502 470358947 491278880
470358947 491278880 508239830 505539306
508239830 505539306 530744132 505539306
508239830 505539306 508239830 549545651
948120582 494369063 968488957 532320841
96749828 208664622 133031384 231482228
133031384 231482228 154181745 252867630
173043898 417476977 193286906 456877181
193286906 456877181 200510352 456877181
193286906 456877181 193286906 481533607
193286906 481533607 193670296 514329566
193670296 514329566 195005915 542142711
195005915 542142711 195005915 580047583
195005915 542142711 247480640 542142711
247480640 542142711 256488893 542142711
247480640 542142711 247480640 554533342
247480640 554533342 258908485 587777539
258908485 587777539 279686127 600499790
279686127 600499790 281574637 616666559
195005915 580047583 243113332 587777539
243113332 587777539 243113332 601514561
243113332 601514561 248253626 633871285
248253626 633871285 268846872 633871285
248253626 633871285 248253626 676319664
248253626 676319664 250710919 676319664
248253626 676319664 248253626 696504560
250710919 676319664 273130751 681955869
273130751 681955869 287475279 681955869
273130751 681955869 273130751 703050840
268846872 633871285 280268024 673094546
748635696 983869381 802471765 990267425
802471765 990267425 822225864 999293138
505222387 107381999 562663916 110297503
562663916 110297503 589489355 113784353
589489355 113784353 601885322 113784353
601885322 113784353 601885322 116551597
601885322 116551597 604424789 117096311
604424789 117096311 604424789 128270992
589489355 113784353 589489355 130822510
604424789 128270992 605365407 151768937
605365407 151768937 611771151 153231807
611771151 153231807 634667216 153231807
611771151 153231807 611771151 182203961
611771151 182203961 611771151 199628579
611771151 182203961 629335140 182203961
629335140 182203961 630117528 205766105
630117528 205766105 630117528 213287177
630117528 205766105 639537587 205766105
601885322 113784353 632805295 113784353
632805295 113784353 653973442 117096311
653973442 117096311 659759433 129006827
659759433 129006827 659759433 152465361
659759433 129006827 684113468 129006827
684113468 129006827 701323791 140796905
701323791 140796905 728328016 140796905
728328016 140796905 734269002 140796905
728328016 140796905 728328016 165008979
734269002 140796905 749333797 156461304
728328016 165008979 738169474 190002931
701323791 140796905 701323791 177820845
701323791 177820845 704138427 178568254
704138427 178568254 712201835 181026854
712201835 181026854 713304251 181026854
712201835 181026854 712201835 203732168
712201835 203732168 712512286 203732168
712201835 203732168 712201835 216832267
712201835 216832267 714194748 218263787
714194748 218263787 714194748 243461002
714194748 243461002 728120408 243461002
714194748 243461002 714194748 262016759
714194748 262016759 741147173 271833739
741147173 271833739 741147173 273187876
741147173 271833739 763179758 271833739
763179758 271833739 763591013 292954408
763591013 292954408 795782580 292954408
795782580 292954408 811023327 293246740
811023327 293246740 813430840 294161080
813430840 294161080 813430840 299447669
813430840 299447669 821443378 299447669
821443378 299447669 822153566 308599290
822153566 308599290 830296494 309186841
830296494 309186841 838657788 315298335
838657788 315298335 844344861 323463969
844344861 323463969 844344861 328540404
844344861 328540404 849719405 328540404
844344861 323463969 858362296 323463969
813430840 294161080 830296494 294161080
830296494 294161080 852457837 294161080
852457837 294161080 858362296 294764204
858362296 294764204 862958090 294764204
858362296 323463969 879419078 325638931
879419078 325638931 879646191 325638931
879419078 325638931 879419078 337683113
879419078 337683113 887716257 338166532
887716257 338166532 887716257 340655799
887716257 338166532 897175624 338166532
862958090 294764204 875435285 322644745
749333797 156461304 794149840 158428709
794149840 158428709 794149840 176681919
794149840 176681919 810431088 176704713
810431088 176704713 810486951 176704713
794149840 158428709 819590973 158428709
819590973 158428709 831116919 164707892
831116919 164707892 831116919 165861744
831116919 164707892 837590219 164707892
810431088 176704713 810431088 203720295
810431088 203720295 817085304 215502320
817085304 215502320 825328767 215502320
817085304 215502320 817085304 228500601
817085304 228500601 822543659 228500601
817085304 228500601 817085304 257027797
810486951 176704713 813064668 202936908
817085304 257027797 828511684 282751882
825328767 215502320 851080811 227965359
851080811 227965359 891785914 230443841
891785914 230443841 894667472 264697879
894667472 264697879 894667472 266649742
894667472 266649742 901183974 268629606
901183974 268629606 923180764 268629606
923180764 268629606 930224889 271998701
901183974 268629606 901183974 294146454
894667472 264697879 922926119 264697879
901183974 294146454 908387412 321995871
908387412 321995871 918287300 330053759
918287300 330053759 937567108 332812216
937567108 332812216 949362283 337178946
949362283 337178946 950344081 337178946
949362283 337178946 949362283 363482037
949362283 363482037 960039223 375436726
822543659 228500601 840158989 256694097
837590219 164707892 882297287 166143907
882297287 166143907 884869602 176395980
884869602 176395980 893216890 176395980
884869602 176395980 884869602 194835544
884869602 194835544 894287254 202661660
893216890 176395980 922109943 178786888
922109943 178786888 922109943 188930238
922109943 178786888 938564640 178786888
922109943 188930238 934054269 194004946
934054269 194004946 957910970 202168530
957910970 202168530 974834291 202168530
639537587 205766105 668498443 226630091
714194748 218263787 770008727 218263787
957910970 202168530 957910970 258320617
957910970 258320617 970175599 259534468
970175599 259534468 981417231 259534468
981417231 259534468 989856928 259534468
981417231 259534468 981417231 278518823
981417231 278518823 983873608 278518823
981417231 278518823 981417231 300359819
981417231 300359819 985364142 303106051
985364142 303106051 992860488 303106051
985364142 303106051 985364142 322682820
989856928 259534468 996901697 278153872
738169474 190002931 774779554 210908592
970175599 259534468 970175599 319190277
770008727 218263787 787260869 260673632
787260869 260673632 787260869 271501683
787260869 260673632 805506580 260673632
805506580 260673632 817013051 286541608
960039223 375436726 978721026 417209152
978721026 417209152 989675193 427980343
632424986 388647074 676872095 405570976
676872095 405570976 676872095 408945098
676872095 405570976 684234840 405570976
676872095 408945098 681209822 416460554
681209822 416460554 705913348 428173405
558339434 558436548 559720273 619071832
358381294 310894470 412142811 319270446
412142811 319270446 412775064 323855933
412775064 323855933 420343426 331311685
420343426 331311685 420343426 345035907
420343426 345035907 429654764 345035907
420343426 331311685 444571467 331311685
444571467 331311685 466485446 349953914
466485446 349953914 466485446 350906187
466485446 349953914 479585203 349953914
479585203 349953914 480168869 391318357
966209356 698740040 989600218 737835925
465912454 820960069 481515124 867923426
481515124 867923426 487209185 879330413
487209185 879330413 488477592 879330413
487209185 879330413 487209185 893522830
487209185 893522830 494213000 899867975
494213000 899867975 497118822 909754905
497118822 909754905 497560419 924319652
497560419 924319652 497560419 929055472
497560419 929055472 513195892 934262163
513195892 934262163 520548928 934262163
520548928 934262163 520548928 944294779
520548928 934262163 534220417 934262163
534220417 934262163 541561227 936297536
541561227 936297536 575710257 936297536
575710257 936297536 588092342 936297536
575710257 936297536 575710257 949500097
575710257 949500097 579304722 968121557
541561227 936297536 541561227 974759651
541561227 974759651 559908892 990538348
513195892 934262163 513195892 995168004
303434618 379553694 351065398 397704043
478025019 435997689 543852598 435997689
543852598 435997689 552890265 439048274
552890265 439048274 552890265 447835100
552890265 439048274 573262468 439048274
573262468 439048274 597325645 459417958
420343426 360300298 462758644 384008688
659759433 152465361 674604656 204944003
674604656 204944003 700015563 212122779
66516340 85000156 112232792 107564515
371263509 668823331 379538169 729965144
497560419 924319652 567037243 924319652
567037243 924319652 581223079 924563847
959007766 773968957 972001054 830900165
972001054 830900165 978764688 862074815
978764688 862074815 978764688 872030064
978764688 862074815 993786508 862074815
497125562 572548245 544318264 595415133
766446593 365984239 777348246 425302072
777348246 425302072 790069328 429142812
790069328 429142812 790069328 438815143
790069328 438815143 793316240 439707626
793316240 439707626 822908348 439707626
822908348 439707626 822908348 443113309
822908348 439707626 827792597 439707626
793316240 439707626 793316240 471893022
793316240 471893022 799701760 471893022
793316240 471893022 793316240 481876550
793316240 481876550 794907598 481876550
793316240 481876550 793316240 495404335
793316240 495404335 795451881 506915952
795451881 506915952 810945851 506915952
810945851 506915952 810945851 514043882
799701760 471893022 807624642 480318047
810945851 506915952 831222351 506915952
831222351 506915952 832174192 518012067
832174192 518012067 849549245 518012067
832174192 518012067 832174192 545769346
832174192 545769346 836083055 555294301
836083055 555294301 836083055 564046118
836083055 564046118 844269019 569732188
844269019 569732188 844269019 575974796
844269019 569732188 854792409 569732188
854792409 569732188 854792409 583678932
854792409 569732188 870440727 569732188
836083055 555294301 854768135 555294301
870440727 569732188 902270345 569978342
795451881 506915952 795451881 539381705
790069328 429142812 838643915 429142812
705913348 428173405 762561343 442307527
130353577 375371255 130353577 446462019
130353577 446462019 139185804 466286936
139185804 466286936 146074717 466286936
146074717 466286936 152989802 491724048
139185804 466286936 139185804 511968313
139185804 511968313 160219929 535900313
160219929 535900313 161300479 536514937
161300479 536514937 183154114 542966662
183154114 542966662 183154114 544549566
183154114 542966662 188693772 542966662
562516347 187705109 583656314 238865362
562084083 752862574 600184341 787504419
600184341 787504419 600184341 794005440
600184341 787504419 607610505 787504419
607610505 787504419 647531795 812285599
647531795 812285599 647531795 814176773
647531795 812285599 653932247 812285599
653932247 812285599 655989834 830582707
655989834 830582707 697467893 862096707
697467893 862096707 697467893 866497103
697467893 862096707 705563335 862096707
705563335 862096707 732819063 866666516
732819063 866666516 752358411 866666516
752358411 866666516 753796794 888003382
732819063 866666516 732819063 906045460
732819063 906045460 737568820 918074876
287147270 210165682 348620561 222901020
248253626 696504560 254158542 765680395
254158542 765680395 265761226 782888671
265761226 782888671 271111848 790894254
271111848 790894254 271111848 806079136
271111848 806079136 275833417 806079136
275833417 806079136 281113679 826248629
281113679 826248629 281113679 837953770
281113679 837953770 292991081 841744914
281113679 826248629 305393549 826248629
305393549 826248629 311409090 826248629
311409090 826248629 313293738 831636488
305393549 826248629 305393549 834245603
313293738 831636488 334668109 831636488
334668109 831636488 334668109 841744914
334668109 831636488 360994144 831636488
360994144 831636488 370399814 832327503
370399814 832327503 382774963 843457513
382774963 843457513 382774963 846805951
382774963 846805951 384244704 846805951
382774963 846805951 382774963 849417159
382774963 849417159 385959896 859798212
385959896 859798212 386411920 859798212
386411920 859798212 396086812 873269824
385959896 859798212 385959896 885707599
385959896 885707599 390075832 903682234
390075832 903682234 390075832 918464344
271111848 806079136 271111848 837953770
292991081 841744914 292991081 878137711
292991081 878137711 294146963 880245648
294146963 880245648 323992826 880245648
323992826 880245648 334184690 885707599
334184690 885707599 334184690 889414515
334184690 889414515 341466209 893377662
341466209 893377662 341466209 919763660
341466209 919763660 350323390 931532254
350323390 931532254 362471213 938227605
362471213 938227605 371924798 938227605
362471213 938227605 362471213 954491057
362471213 954491057 364212778 954491057
341466209 893377662 372816277 893377662
364212778 954491057 366596007 991412970
366596007 991412970 366596007 998214030
271111848 790894254 313908467 790894254
313908467 790894254 338337694 806677899
338337694 806677899 366205488 817361651
362471213 954491057 362471213 998941259
313293738 831636488 313293738 876559058
390075832 903682234 436993726 903682234
436993726 903682234 438215970 903682234
436993726 903682234 436993726 905234203
294146963 880245648 294146963 934520943
294146963 934520943 308382398 937408292
308382398 937408292 308382398 938898696
308382398 937408292 330513289 937408292
366596007 991412970 423607930 991412970
382774963 843457513 443047076 843457513
271111848 837953770 271111848 900704381
501685126 367283151 556126730 388309927
556126730 388309927 566794097 401668840
566794097 401668840 566794097 421907190
566794097 401668840 591691090 401668840
591691090 401668840 622851868 435292906
520700335 73520825 593432916 78845622
593432916 78845622 618855085 80468553
618855085 80468553 634385694 83529784
634385694 83529784 643653146 84135158
378659086 218657184 428250985 248333510
428250985 248333510 433250445 288654964
480168869 391318357 546544785 408999684
353480979 674735946 367063473 745850316
367063473 745850316 399745178 796545263
399745178 796545263 441361480 806583518
441361480 806583518 448060361 806583518
441361480 806583518 441361480 813611818
816894507 752372198 860662194 793672614
860662194 793672614 907288818 798801617
907288818 798801617 911179750 819395156
911179750 819395156 925662661 826131501
925662661 826131501 925662661 828035543
925662661 826131501 940688679 826131501
940688679 826131501 957826523 846486070
67166668 246302257 67166668 332192207
67166668 332192207 84655797 359824053
84655797 359824053 117224892 407290634
555063160 280960250 555624589 366606249
271111848 900704381 282857669 975522082
282857669 975522082 285281479 975522082
282857669 975522082 282857669 985911358
0 242183039 0 332489864
0 332489864 6251462 332489864
0 332489864 0 349096812
0 349096812 0 356717138
0 356717138 0 357023339
0 357023339 28776514 357023339
0 349096812 36493282 349096812
36493282 349096812 49232417 356717138
0 357023339 0 398433486
0 398433486 0 419102011
0 419102011 24334199 419102011
0 398433486 38730142 398433486
38730142 398433486 62669370 411780988
62669370 411780988 74872041 434376241
74872041 434376241 74872041 437653548
74872041 437653548 78869756 458060547
78869756 458060547 78869756 480503509
78869756 480503509 92411407 482725617
92411407 482725617 94657392 482725617
74872041 434376241 108511600 434376241
108511600 434376241 113526994 458060547
92411407 482725617 92411407 518899923
92411407 518899923 98438328 533471057
98438328 533471057 98441201 535412378
98441201 535412378 98441201 544379901
98441201 544379901 102499449 547826881
102499449 547826881 120644331 547826881
98441201 535412378 126402402 535412378
102499449 547826881 102499449 592071568
102499449 592071568 114327368 597218908
114327368 597218908 114327368 623403120
114327368 623403120 114327368 641755634
114327368 597218908 146220583 597218908
146220583 597218908 146831092 623403120
146831092 623403120 158848864 634925315
158848864 634925315 180562279 634925315
158848864 634925315 158848864 674372268
158848864 674372268 175996396 699168407
175996396 699168407 191958046 711894654
0 419102011 0 468131970
0 468131970 0 469505064
0 468131970 2529871 468131970
2529871 468131970 9244315 469505064
0 469505064 0 481769279
0 481769279 0 490109729
0 481769279 11742143 481769279
11742143 481769279 43779556 489130599
43779556 489130599 43779556 490109729
43779556 490109729 59458625 493130239
43779556 489130599 72778839 489130599
0 490109729 0 535623433
0 535623433 5462698 535623433
0 535623433 0 578682795
0 578682795 0 601273436
0 601273436 0 601976677
0 601976677 28616447 601976677
28616447 601976677 51829936 615697313
51829936 615697313 61388553 615697313
61388553 615697313 61388553 617938073
61388553 615697313 68457842 615697313
51829936 615697313 51829936 625885737
68457842 615697313 77315936 621842766
77315936 621842766 97327156 621842766
77315936 621842766 77315936 656325421
77315936 656325421 87077013 669234597
0 578682795 37085073 578682795
37085073 578682795 37455506 592165508
37455506 592165508 37455506 601273436
37455506 592165508 69537043 592165508
69537043 592165508 97278489 598724307
0 601976677 0 649506555
0 649506555 13821574 649506555
0 649506555 0 669268583
0 669268583 18221227 669268583
0 669268583 0 693824663
0 693824663 0 713869849
0 713869849 13129158 713869849
0 713869849 0 728636077
0 728636077 8765038 728636077
0 728636077 0 747677638
0 747677638 0 753631087
0 753631087 0 763282950
0 763282950 668925 763282950
0 763282950 0 766550082
0 766550082 0 778330716
0 778330716 0 781719841
0 781719841 0 790359755
0 778330716 9102129 778330716
0 790359755 0 800870394
0 800870394 0 809309083
0 766550082 18389765 766550082
0 809309083 0 836356755
0 836356755 0 837129168
0 837129168 0 838838642
0 838838642 0 840862340
0 840862340 0 842931344
0 842931344 4889186 842931344
0 842931344 0 859143413
0 859143413 0 865532893
0 859143413 12095166 859143413
12095166 859143413 23732846 865532893
0 836356755 20216144 836356755
20216144 836356755 34113971 837129168
34113971 837129168 34113971 838838642
34113971 838838642 38072909 840862340
34113971 837129168 40924282 837129168
0 865532893 0 893600048
0 893600048 0 896201927
0 896201927 1256806 896201927
0 896201927 0 902851346
0 893600048 7033503 893600048
0 790359755 28549340 790359755
28549340 790359755 39791593 800870394
39791593 800870394 41710559 809309083
38072909 840862340 54032105 856815093
9102129 778330716 41064382 781719841
0 693824663 36263644 693824663
54032105 856815093 80291401 869361450
0 902851346 0 943505368
0 943505368 0 958049148
0 958049148 4904135 958049148
4904135 958049148 7851507 964027141
0 943505368 24516924 943505368
0 958049148 0 996486236
0 753631087 42840431 753631087
0 747677638 44826041 747677638
0 902851346 48732711 902851346
48732711 902851346 53655901 927098322
53655901 927098322 62419829 929903965
120644331 547826881 145950107 577092607
41710559 809309083 73310067 833706459
24334199 419102011 51698424 448014719
51698424 448014719 56601168 448014719
51698424 448014719 51698424 464933158
36263644 693824663 84929982 702154085
84929982 702154085 118341620 715503330
118341620 715503330 120111926 715673150
120111926 715673150 142333230 715673150
142333230 715673150 161097690 736104450
120111926 715673150 120111926 763507273
120111926 763507273 133190732 773540003
133190732 773540003 133190732 788528210
133190732 773540003 159497798 773540003
159497798 773540003 181759034 786351062
181759034 786351062 217416933 789582248
217416933 789582248 219050543 822126726
219050543 822126726 219050543 825220446
219050543 822126726 247878707 822126726
41064382 781719841 98953072 781899714
98953072 781899714 115334064 811162001
18221227 669268583 68097701 679083293
68097701 679083293 72306997 681269773
62419829 929903965 117743848 936906504
117743848 936906504 127053907 939528880
127053907 939528880 136847447 939528880
136847447 939528880 141325983 939528880
136847447 939528880 136847447 953227121
136847447 953227121 141974161 972072190
141974161 972072190 141974161 996346627
141974161 972072190 182141214 972072190
182141214 972072190 184186892 983239846
127053907 939528880 127053907 985911496
72306997 681269773 79979314 737375619
7851507 964027141 52231896 985630668
52231896 985630668 88311980 990452029
72778839 489130599 87555644 545408108
80291401 869361450 128179001 898601633
128179001 898601633 130707107 901500791
130707107 901500791 130707107 915181084
130707107 901500791 170614545 901500791
170614545 901500791 189895017 911062279
189895017 911062279 189895017 926592154
189895017 911062279 217887544 911062279
115334064 811162001 138432194 865335367
138432194 865335367 150977012 886642970
150977012 886642970 153685185 886642970
150977012 886642970 150977012 891534018
863706370 643350248 870564738 737720913
870564738 737720913 905058903 746079846
905058903 746079846 908526164 746079846
905058903 746079846 905058903 760574081
905058903 760574081 917725581 770881425
917725581 770881425 918432044 793362178
685275458 481199974 760971129 517948951
643653146 84135158 729232915 113382784
729232915 113382784 764135618 140339681
392630710 0 518741244 0
518741244 0 526682277 0
518741244 0 518741244 11102057
526682277 0 553326520 0
553326520 0 575057448 0
575057448 0 579520510 0
575057448 0 575057448 10088175
579520510 0 600481061 0
600481061 0 600481061 6162425
600481061 0 614985359 0
614985359 0 645266736 0
645266736 0 667194718 0
667194718 0 673784342 0
673784342 0 677603021 0
677603021 0 677603021 28440332
677603021 0 706893089 0
706893089 0 736954058 0
736954058 0 746592636 0
746592636 0 758443926 0
758443926 0 767225339 0
767225339 0 767225339 7008735
767225339 0 791964568 0
791964568 0 796804183 0
796804183 0 802301892 0
802301892 0 804039294 0
804039294 0 819073474 0
804039294 0 804039294 15045426
819073474 0 834787346 0
834787346 0 848581878 0
848581878 0 853256071 0
853256071 0 853426064 0
853256071 0 853256071 1977821
853426064 0 876980785 0
876980785 0 877720264 0
877720264 0 877720264 6829633
876980785 0 876980785 12866439
877720264 0 892445123 0
892445123 0 892445123 9380864
892445123 0 913851586 0
913851586 0 915971392 0
913851586 0 913851586 10141876
848581878 0 848581878 24956045
848581878 24956045 853426064 29442075
913851586 10141876 915971392 33483711
915971392 33483711 921745882 50643365
921745882 50643365 926227123 65590128
926227123 65590128 932598863 80522184
932598863 80522184 935651620 80522184
932598863 80522184 932598863 100236263
932598863 100236263 936664243 103418507
936664243 103418507 936664243 125255130
936664243 103418507 960786430 103418507
960786430 103418507 961078290 103418507
960786430 103418507 960786430 120416963
960786430 120416963 970365221 131907850
796804183 0 796804183 26840080
796804183 26840080 802301892 28232425
802301892 28232425 819073474 31344639
834787346 0 834787346 27172296
936664243 125255130 959613323 131497429
959613323 131497429 960284553 131907850
960284553 131907850 960284553 140881768
960284553 140881768 960284553 140897069
960284553 140881768 964086425 140881768
915971392 0 945928678 0
945928678 0 945928678 3535736
945928678 3535736 952807546 8146622
952807546 8146622 957586150 8146622
957586150 8146622 957586150 10789878
957586150 8146622 978028110 8146622
645266736 0 645266736 31524554
553326520 0 553326520 31790505
736954058 0 736954058 32312594
736954058 32312594 743046539 33633050
743046539 33633050 743046539 48425947
743046539 48425947 746592636 48425947
743046539 48425947 743046539 53404913
743046539 33633050 758443926 33633050
758443926 33633050 791964568 34641365
791964568 34641365 792348619 69792934
792348619 69792934 793510263 69792934
792348619 69792934 792348619 92506387
792348619 92506387 793489582 92506387
792348619 92506387 792348619 100135358
792348619 100135358 793459041 101805361
793459041 101805361 815620783 114573252
815620783 114573252 842168331 115593835
978028110 8146622 988443218 33958743
575057448 10088175 579520510 42120088
579520510 42120088 594191903 53382735
594191903 53382735 594269898 58741291
594269898 58741291 612760078 62407555
645266736 31524554 667194718 46261370
667194718 46261370 673784342 46533818
673784342 46533818 694459852 48292693
694459852 48292693 706893089 48292693
694459852 48292693 694459852 66436090
518741244 11102057 526682277 40426503
834787346 27172296 835065474 65031698
835065474 65031698 842168331 94423891
842168331 94423891 843195132 94423891
614985359 0 614985359 38745012
952807546 8146622 952807546 48018456
853426064 29442075 866597612 59546238
866597612 59546238 875707877 79722433
875707877 79722433 885571418 98097233
885571418 98097233 902182980 120690728
902182980 120690728 905831194 120690728
902182980 120690728 902182980 157082872
902182980 157082872 920686658 159277074
988443218 33958743 996686508 90688081
743046539 53404913 762133233 102188882
762133233 102188882 762133233 102592703
762133233 102188882 775359656 102188882
762133233 102592703 773437318 104542396
935651620 80522184 987895291 97608034
