1471
0 0 5796286 0
5796286 0 10469004 0
10469004 0 18207513 0
18207513 0 26979802 0
26979802 0 36116603 0
0 0 0 16048203
0 16048203 5796286 16048203
0 16048203 0 21939036
0 21939036 0 31973719
0 31973719 0 36038249
0 36038249 10469004 36038249
0 36038249 0 49084477
0 49084477 0 51476118
0 51476118 0 57546402
0 57546402 0 60318784
0 60318784 0 77253813
0 77253813 0 90944048
0 49084477 18207513 49084477
18207513 49084477 26776998 51476118
26776998 51476118 35256297 51476118
35256297 51476118 35440722 57546402
26776998 51476118 26776998 60318784
36116603 0 56984975 0
56984975 0 62992513 0
62992513 0 71562055 0
26979802 0 26979802 21939036
26979802 21939036 36116603 31973719
36116603 31973719 56984975 33453928
56984975 33453928 56984975 36615970
56984975 33453928 62992513 33453928
62992513 33453928 71562055 48465484
71562055 48465484 87590590 48734397
87590590 48734397 87590590 55799051
87590590 55799051 87938149 55799051
87590590 48734397 102182889 48734397
102182889 48734397 117692621 48734397
117692621 48734397 117692621 49826382
117692621 48734397 131100003 48734397
0 90944048 0 115031631
0 115031631 2577869 115031631
0 115031631 0 132490904
0 132490904 2474249 132490904
0 132490904 0 137939963
0 137939963 0 149617331
0 137939963 22575955 137939963
35440722 57546402 40958670 77253813
71562055 0 97121917 0
97121917 0 97121917 4887996
97121917 0 102133324 0
102133324 0 117692621 0
117692621 0 131100003 0
22575955 137939963 37407154 149617331
37407154 149617331 39836246 168680332
39836246 168680332 39836246 180463973
39836246 168680332 54242607 168680332
54242607 168680332 56414736 170929311
0 90944048 26990096 90944048
0 149617331 0 180463973
56414736 170929311 56414736 204585598
56414736 204585598 71563962 204585598
56414736 204585598 56414736 227108516
56414736 227108516 78292429 228779607
78292429 228779607 81831215 232483288
81831215 232483288 81831215 250551358
81831215 232483288 111892506 232483288
111892506 232483288 113448089 232483288
113448089 232483288 119193697 234409290
119193697 234409290 120878698 234409290
120878698 234409290 120878698 235336169
119193697 234409290 119193697 244926868
111892506 232483288 111892506 245833152
120878698 234409290 148991392 234409290
131100003 48734397 152289479 61261240
152289479 61261240 152319237 61261240
152319237 61261240 152319237 66297148
152319237 61261240 167771331 61261240
81831215 250551358 105172640 262893653
152289479 61261240 152289479 100632591
152289479 100632591 169701627 125988193
169701627 125988193 169701627 137767165
169701627 137767165 176428693 157553274
176428693 157553274 185826004 157553274
176428693 157553274 176428693 185455775
176428693 185455775 183734162 185455775
176428693 185455775 176428693 212072001
176428693 212072001 183580490 220426306
183580490 220426306 211199833 220426306
211199833 220426306 217293896 220426306
211199833 220426306 211199833 237592322
185826004 157553274 214040315 158774379
214040315 158774379 214040315 174839370
214040315 158774379 233440675 158774379
233440675 158774379 239375262 158774379
233440675 158774379 233440675 167225376
233440675 167225376 239846929 190701061
105172640 262893653 118908980 294011590
118908980 294011590 118908980 296921930
118908980 294011590 128602259 294011590
128602259 294011590 156041251 298434136
156041251 298434136 159231105 298434136
156041251 298434136 156041251 306231278
156041251 306231278 164866241 306732072
164866241 306732072 182871937 306732072
182871937 306732072 199337348 306732072
182871937 306732072 182871937 331507416
199337348 306732072 213851723 317219854
213851723 317219854 213851723 331401532
164866241 306732072 164866241 333657665
164866241 333657665 182700382 333657665
164866241 333657665 164866241 356525929
164866241 356525929 166692187 365003171
166692187 365003171 167640699 365003171
166692187 365003171 166692187 382297000
213851723 331401532 219496526 353047454
219496526 353047454 240514930 353047454
219496526 353047454 219496526 380878211
213851723 317219854 246624048 317219854
246624048 317219854 248414972 324816322
248414972 324816322 248414972 327174190
248414972 324816322 252203865 324816322
252203865 324816322 261267759 340323356
261267759 340323356 261267759 343538195
261267759 340323356 298927852 340323356
298927852 340323356 305905536 342795893
305905536 342795893 315871702 342795893
305905536 342795893 305905536 375934143
305905536 375934143 305905536 405382890
305905536 405382890 319246275 410356229
319246275 410356229 320161992 410948050
320161992 410948050 341550822 410948050
305905536 375934143 340534970 375934143
340534970 375934143 350971982 375934143
350971982 375934143 366712772 375961132
366712772 375961132 374762461 375961132
374762461 375961132 376452549 378825840
376452549 378825840 385299592 378825840
340534970 375934143 340534970 397050349
376452549 378825840 376452549 404069485
376452549 404069485 383313384 413953615
383313384 413953615 383313384 423401854
383313384 423401854 394784264 423401854
383313384 413953615 400988393 413953615
400988393 413953615 407845389 416723282
383313384 423401854 383313384 445437526
383313384 445437526 389093784 445437526
383313384 445437526 383313384 453744373
407845389 416723282 411090672 441029644
411090672 441029644 426533644 441029644
411090672 441029644 411090672 457588240
366712772 375961132 366712772 404102774
411090672 457588240 427709536 471562854
427709536 471562854 427709536 478085908
427709536 478085908 427709536 479821916
427709536 479821916 434103831 479821916
427709536 479821916 427709536 495299810
427709536 495299810 434469649 496636856
427709536 471562854 443344260 471562854
443344260 471562854 443801114 478085908
443801114 478085908 443801114 492353585
443801114 478085908 468647112 478085908
443801114 492353585 458222791 510868608
458222791 510868608 464024659 519221336
464024659 519221336 469425406 542820827
469425406 542820827 490495262 542820827
320161992 410948050 320161992 452312550
320161992 452312550 343839452 462507767
343839452 462507767 343839452 469742828
343839452 462507767 353200981 462507767
353200981 462507767 377542379 472199185
377542379 472199185 405276474 472199185
385299592 378825840 418243356 388933739
418243356 388933739 434798732 396586624
183580490 220426306 183580490 265299838
261267759 343538195 276193248 373738022
276193248 373738022 276193248 380234524
276193248 373738022 297319429 373738022
276193248 380234524 276433154 424645106
276433154 424645106 290711983 424645106
276433154 424645106 276433154 440260351
290711983 424645106 305234182 436224900
102133324 0 102133324 45134860
377542379 472199185 377542379 517896774
377542379 517896774 387438182 547644739
387438182 547644739 387438182 553073605
387438182 553073605 391465422 560511018
391465422 560511018 398188332 560511018
387438182 547644739 416622119 547644739
416622119 547644739 419077057 575332346
419077057 575332346 425485707 575332346
425485707 575332346 433505846 575332346
425485707 575332346 425485707 588457603
425485707 588457603 450147707 591087505
450147707 591087505 450147707 604606790
450147707 591087505 469425406 591087505
450147707 604606790 451209133 623407530
451209133 623407530 451209133 632888854
451209133 623407530 476717930 623407530
476717930 623407530 495325363 623407530
476717930 623407530 476717930 647194056
476717930 647194056 486932918 658147514
486932918 658147514 499810222 667534144
495325363 623407530 499810222 644595786
499810222 644595786 512136947 644595786
512136947 644595786 533486280 645596183
533486280 645596183 533486280 648109279
533486280 648109279 533486280 656717111
533486280 648109279 544917651 648109279
544917651 648109279 557292986 654327791
557292986 654327791 565591098 654327791
557292986 654327791 557292986 665177246
557292986 665177246 579993342 673380976
579993342 673380976 598911414 673380976
499810222 667534144 503697380 698408603
503697380 698408603 525523769 698408603
503697380 698408603 503697380 724656527
503697380 724656527 512315672 746350664
512315672 746350664 512315672 750595635
579993342 673380976 579993342 712440356
579993342 712440356 581853168 736973001
581853168 736973001 581853168 742250350
581853168 742250350 592685974 759407238
592685974 759407238 592685974 770674787
592685974 759407238 608052690 759407238
581853168 736973001 614456040 736973001
614456040 736973001 614456040 740313288
614456040 736973001 626466273 736973001
608052690 759407238 609510144 792128199
609510144 792128199 622165445 792128199
609510144 792128199 609510144 817127887
609510144 817127887 611866672 817504445
611866672 817504445 611866672 834154336
611866672 834154336 621141088 834154336
611866672 817504445 633822032 817504445
611866672 834154336 611866672 856580829
611866672 856580829 616800818 856580829
616800818 856580829 630971127 860423946
630971127 860423946 632121051 868272859
632121051 868272859 632121051 886053255
632121051 886053255 632121051 886660256
632121051 886053255 640065860 886053255
632121051 886660256 632853365 897390554
632853365 897390554 632853365 908360777
632853365 897390554 649455809 897390554
649455809 897390554 663577055 904544841
663577055 904544841 667291271 907705101
632121051 868272859 655582786 868272859
655582786 868272859 671022229 873967649
671022229 873967649 671022229 881391134
671022229 873967649 685862823 873967649
685862823 873967649 704895353 876951197
704895353 876951197 719295767 879753118
719295767 879753118 719295767 882634851
622165445 792128199 633822032 807409115
633822032 807409115 645936894 807409115
719295767 879753118 748846026 879753118
419077057 575332346 419077057 618134061
419077057 618134061 421674951 618134061
419077057 618134061 419077057 623437489
419077057 623437489 422210048 651242854
422210048 651242854 422210048 674894657
422210048 651242854 447080257 651242854
422210048 674894657 433713062 698840834
433713062 698840834 447800489 701673348
447800489 701673348 447800489 706157494
447800489 701673348 455005983 701673348
512315672 750595635 518352570 788332240
518352570 788332240 519017004 795798322
519017004 795798322 537235416 795798322
537235416 795798322 537328205 814736540
537328205 814736540 537328205 819925208
537328205 814736540 546117757 814736540
537328205 819925208 542239136 838182459
519017004 795798322 519017004 819925208
519017004 819925208 519017004 833128787
519017004 833128787 519017004 833635489
519017004 833635489 520755040 838685189
520755040 838685189 524062308 838685189
520755040 838685189 520755040 843475244
519017004 833128787 536413470 833128787
536413470 833128787 541816878 854567245
542239136 838182459 565192698 849200676
719295767 882634851 722932854 922851968
722932854 922851968 729596431 933815608
729596431 933815608 751117042 933815608
751117042 933815608 751117042 935136027
751117042 933815608 754060439 933815608
729596431 933815608 729596431 957909203
729596431 957909203 740718810 971398520
754060439 933815608 772406584 943549712
740718810 971398520 755253512 989637029
755253512 989637029 773090893 997886280
773090893 997886280 780596904 999519418
598911414 673380976 627262391 690442408
627262391 690442408 630009230 701883702
630009230 701883702 630009230 715154808
630009230 701883702 649369855 701883702
649369855 701883702 649369855 705140896
649369855 701883702 657823430 701883702
657823430 701883702 661955464 703975529
661955464 703975529 674592101 706270147
674592101 706270147 674592101 711034733
674592101 711034733 675936447 711105702
675936447 711105702 688670805 711105702
688670805 711105702 696875753 718813206
649369855 705140896 651956393 718672439
675936447 711105702 675936447 733035993
675936447 733035993 681588013 733035993
630009230 715154808 648428373 718672439
648428373 718672439 648428373 725319772
675936447 733035993 675936447 756620994
696875753 718813206 714221901 731558902
675936447 756620994 689750316 779034765
689750316 779034765 719486970 784889012
719486970 784889012 734327371 784889012
734327371 784889012 737736060 800586387
737736060 800586387 762605762 800586387
762605762 800586387 766569747 806034822
766569747 806034822 786489722 806034822
786489722 806034822 806765496 809704090
806765496 809704090 814548568 817196015
814548568 817196015 826836949 824760779
826836949 824760779 840823929 824760779
826836949 824760779 826836949 838851581
737736060 800586387 737736060 827161275
737736060 827161275 742997181 838079971
742997181 838079971 762499728 838079971
742997181 838079971 742997181 865959067
766569747 806034822 766569747 834606717
766569747 834606717 799442490 835369672
719486970 784889012 719486970 822504301
611866672 856580829 611866672 902261956
169701627 125988193 215524768 125988193
215524768 125988193 254117894 131200267
254117894 131200267 272848197 131200267
272848197 131200267 278065257 131200267
272848197 131200267 272848197 137481889
254117894 131200267 254117894 156989267
278065257 131200267 300686580 136399439
512315672 746350664 558149852 746350664
558149852 746350664 570308002 748173099
674592101 706270147 721388260 706270147
721388260 706270147 742331084 710408754
742331084 710408754 742331084 723292925
742331084 723292925 769496175 730299131
769496175 730299131 787079083 730299131
787079083 730299131 787433558 734119520
769496175 730299131 769496175 762798783
769496175 762798783 792257118 775840830
792257118 775840830 797378739 775840830
797378739 775840830 797378739 779461424
792257118 775840830 792257118 796411997
742331084 710408754 785992679 710408754
797378739 775840830 841598316 775840830
826836949 838851581 850348954 862987487
850348954 862987487 864046252 862987487
850348954 862987487 850348954 885834960
850348954 885834960 858889588 901140424
858889588 901140424 861985438 901140424
858889588 901140424 858889588 921409051
858889588 921409051 862980759 924286231
862980759 924286231 875602794 944984157
875602794 944984157 875602794 958553287
875602794 958553287 875687188 958553287
875602794 958553287 875602794 970640603
875602794 944984157 893317539 944984157
893317539 944984157 893317539 949673785
893317539 944984157 911920852 944984157
911920852 944984157 919862036 955046377
919862036 955046377 919862036 955559268
919862036 955046377 931570195 955046377
931570195 955046377 932674555 956669295
932674555 956669295 932674555 959526758
875602794 970640603 898895281 986120873
0 180463973 0 228265478
0 228265478 0 231501786
0 231501786 0 250524063
0 250524063 0 251052426
0 251052426 0 265409284
0 265409284 14842850 265409284
0 250524063 15202851 250524063
15202851 250524063 16687728 251052426
0 231501786 28585656 231501786
0 265409284 0 301150293
0 301150293 0 303060959
0 303060959 0 332980532
0 332980532 24706327 332980532
0 332980532 0 368676140
0 368676140 0 390643842
0 390643842 30579058 390643842
0 301150293 40005052 301150293
40005052 301150293 47657618 303060959
47657618 303060959 75598163 309063064
75598163 309063064 103842250 322313461
103842250 322313461 110073309 345520761
110073309 345520761 123151058 358620737
0 390643842 0 432745244
0 432745244 0 447489082
0 447489082 0 458372699
0 458372699 0 469467253
0 469467253 4908453 469467253
0 432745244 18913568 432745244
18913568 432745244 27849948 433120932
27849948 433120932 27849948 447489082
27849948 447489082 29533447 458372699
0 469467253 0 493043651
0 493043651 0 512393943
0 512393943 0 516926509
0 516926509 0 525650171
0 525650171 0 533714899
0 516926509 11009749 516926509
0 533714899 26226736 533714899
0 512393943 34902492 512393943
34902492 512393943 42008032 525650171
42008032 525650171 62631470 545303737
62631470 545303737 62631470 545495616
62631470 545303737 63009020 545303737
63009020 545303737 70628283 564725210
70628283 564725210 86481727 564725210
70628283 564725210 70628283 592653353
70628283 592653353 70628283 592744254
70628283 592653353 71304762 592653353
71304762 592653353 77959474 597051106
86481727 564725210 119653928 569345232
119653928 569345232 125641715 577613189
125641715 577613189 165803410 578042381
165803410 578042381 176003954 578042381
165803410 578042381 165803410 605878715
176003954 578042381 183467340 599151505
183467340 599151505 190161451 633117239
190161451 633117239 201971652 655904712
201971652 655904712 208599902 655904712
201971652 655904712 201971652 669558410
201971652 669558410 215893575 684251749
215893575 684251749 224431055 684251749
215893575 684251749 215893575 706472760
215893575 706472760 216866988 707397744
216866988 707397744 216866988 728112947
216866988 707397744 252858861 707397744
252858861 707397744 252858861 707535780
252858861 707535780 257482873 710383649
252858861 707397744 269845777 707397744
0 533714899 0 575379324
0 575379324 21878734 575379324
123151058 358620737 124925161 399376160
124925161 399376160 124925161 406452425
124925161 406452425 127943304 406452425
124925161 406452425 124925161 414214608
124925161 399376160 141028330 399376160
141028330 399376160 150791758 408128102
150791758 408128102 161933436 414935940
161933436 414935940 161933436 418132658
14842850 265409284 50645381 272215102
50645381 272215102 67001137 275746963
67001137 275746963 70356023 275746963
67001137 275746963 67001137 290995152
77959474 597051106 83853275 636670061
83853275 636670061 83853275 640018640
83853275 640018640 86504021 640018640
83853275 640018640 83853275 646690391
83853275 646690391 92553738 647875779
92553738 647875779 92553738 649975583
92553738 649975583 92553738 652267219
92553738 649975583 95189016 649975583
92553738 647875779 97135580 647875779
95189016 649975583 95952379 669064860
95952379 669064860 98221690 669064860
95952379 669064860 95952379 675180440
95952379 675180440 112786081 677220770
83853275 636670061 113244520 636670061
112786081 677220770 133230309 687947083
113244520 636670061 138599328 655336225
138599328 655336225 160037502 661441205
160037502 661441205 160037502 664564797
160037502 661441205 164508776 661441205
29533447 458372699 67014843 466932583
0 493043651 46826098 493043651
46826098 493043651 73943815 508866684
0 228265478 47553851 228265478
667291271 907705101 685617960 937344765
269845777 707397744 280989948 744306440
280989948 744306440 296705578 744306440
296705578 744306440 314438387 757870165
314438387 757870165 321931028 757870165
321931028 757870165 330538609 769350283
330538609 769350283 330538609 770411195
330538609 769350283 341021163 769350283
341021163 769350283 355525945 779023206
355525945 779023206 365509288 781456271
365509288 781456271 365509288 810247953
314438387 757870165 314438387 787075060
365509288 781456271 395336258 781456271
395336258 781456271 411865726 793923319
280989948 744306440 280989948 787130653
67001137 290995152 99156697 307121394
621141088 834154336 664064430 839645386
0 368676140 48563158 368676140
48563158 368676140 56652389 375734124
56652389 375734124 63315837 387025994
63315837 387025994 92436917 387025994
63315837 387025994 63315837 424131436
63315837 424131436 70304585 424131436
63315837 424131436 63315837 431407839
63315837 431407839 76642377 432290983
76642377 432290983 76642377 433120932
76642377 432290983 119215589 432290983
119215589 432290983 125168088 466227176
125168088 466227176 145563622 489893874
145563622 489893874 150953676 492457641
150953676 492457641 152047681 511896422
152047681 511896422 152047681 524823073
152047681 511896422 170586585 511896422
170586585 511896422 171230227 519083896
171230227 519083896 178470596 519083896
178470596 519083896 183801911 526340185
183801911 526340185 183801911 529762422
183801911 526340185 198990845 526340185
171230227 519083896 171230227 552313014
198990845 526340185 219213830 544090395
219213830 544090395 219213830 547768954
219213830 544090395 236757094 544090395
171230227 552313014 194353217 570590026
76642377 433120932 98672383 457009810
98672383 457009810 116644959 466227176
116644959 466227176 116644959 503974670
116644959 503974670 123749254 511896422
123749254 511896422 123749254 540779249
123749254 540779249 123787155 553743610
161933436 418132658 182802842 447151280
182802842 447151280 192373933 467709689
192373933 467709689 192373933 471103096
192373933 467709689 227297743 467709689
131100003 0 181828085 0
181828085 0 208867887 0
208867887 0 208867887 28416370
181828085 0 181828085 28897409
208867887 0 251697219 0
251697219 0 251697219 22867654
251697219 0 281836500 0
281836500 0 281836500 16244079
281836500 0 317472551 0
317472551 0 317472551 39087310
317472551 39087310 327085951 54176216
327085951 54176216 327085951 68293444
327085951 68293444 333982958 68293444
327085951 68293444 327085951 75523139
327085951 54176216 359361672 54176216
359361672 54176216 363322340 85526137
363322340 85526137 373373544 87842480
373373544 87842480 373373544 95076702
373373544 95076702 375496595 95946956
375496595 95946956 383768681 95946956
373373544 87842480 387501865 87842480
375496595 95946956 375496595 126166731
375496595 126166731 380623409 131467434
380623409 131467434 380623409 148666126
380623409 131467434 406205409 131467434
406205409 131467434 410450005 167833293
410450005 167833293 413424471 170473697
413424471 170473697 413424471 185570999
413424471 185570999 415321762 185570999
413424471 170473697 437201983 170473697
413424471 185570999 413424471 213641018
413424471 213641018 420738813 216537704
420738813 216537704 420738813 225412291
420738813 216537704 453697297 216537704
453697297 216537704 467100596 217022172
467100596 217022172 480201936 217022172
480201936 217022172 480201936 223470609
480201936 217022172 494139799 217022172
494139799 217022172 504123649 224685292
504123649 224685292 508628853 226897363
508628853 226897363 524308291 226897363
508628853 226897363 508628853 243849215
508628853 243849215 509658726 247044842
509658726 247044842 543844645 247044842
543844645 247044842 554734124 247249889
554734124 247249889 573452571 247249889
573452571 247249889 583170181 248775390
583170181 248775390 583170181 255848620
583170181 248775390 594207643 248775390
594207643 248775390 595189436 278706030
595189436 278706030 595189436 296497873
595189436 296497873 595189436 305293495
595189436 296497873 629603525 296497873
629603525 296497873 647777231 303209111
647777231 303209111 650593329 303209111
650593329 303209111 663325211 303209111
650593329 303209111 650593329 317143539
663325211 303209111 669452925 314457798
669452925 314457798 669452925 317575321
669452925 317575321 690144208 317689059
690144208 317689059 699458933 317689059
699458933 317689059 708267916 337317788
708267916 337317788 727852849 344774954
647777231 303209111 647777231 331847788
690144208 317689059 690144208 353985765
554734124 247249889 554734124 283640501
595189436 278706030 632767147 278706030
690144208 353985765 694083472 387737131
437201983 170473697 466301633 179282015
466301633 179282015 467312062 181330464
467312062 181330464 467312062 186603435
467312062 181330464 501953568 181330464
501953568 181330464 504123649 200900313
504123649 200900313 506982887 200900313
506982887 200900313 524308291 201859580
524308291 201859580 528748726 201859580
509658726 247044842 509658726 285520060
669452925 314457798 708267916 314457798
708267916 314457798 734428072 314457798
524308291 226897363 563748685 227979539
563748685 227979539 563748685 237145054
563748685 227979539 576177459 227979539
576177459 227979539 606331218 235453150
317472551 0 361527373 0
361527373 0 369933811 0
369933811 0 374376768 0
369933811 0 369933811 26732354
369933811 26732354 374376768 43533193
361527373 0 361527373 27166746
374376768 0 412308772 0
412308772 0 424017215 0
424017215 0 429031880 0
412308772 0 412308772 12536002
429031880 0 453558383 0
453558383 0 453558383 1295582
453558383 0 459442461 0
459442461 0 487100128 0
487100128 0 487443422 0
487443422 0 487443422 20886394
487443422 0 510260019 0
487443422 20886394 489104613 47007516
489104613 47007516 510260019 47007516
510260019 47007516 524191331 54450900
524191331 54450900 524191331 68104251
524191331 54450900 548006398 54450900
548006398 54450900 559012399 58927712
559012399 58927712 559012399 66479229
559012399 66479229 559723947 66479229
559012399 66479229 559012399 85531761
559723947 66479229 572598665 78702852
412308772 12536002 424017215 31515583
424017215 31515583 429031880 38362130
459442461 0 459442461 32849575
459442461 32849575 483563557 41206689
483563557 41206689 487100128 41206689
483563557 41206689 483563557 57194881
483563557 57194881 489104613 86413417
559012399 85531761 561917149 120148803
561917149 120148803 567526362 121401409
567526362 121401409 567526362 134485353
489104613 86413417 512592593 107534588
559012399 58927712 604646894 58927712
604646894 58927712 614812660 68528032
614812660 68528032 635959043 68528032
635959043 68528032 637676083 68528032
635959043 68528032 635959043 86490422
635959043 86490422 644511666 93751634
644511666 93751634 657456517 103391425
657456517 103391425 657456517 108701256
657456517 108701256 662981041 138916462
662981041 138916462 662981041 147138271
662981041 138916462 674790184 138916462
662981041 147138271 671044957 157410487
671044957 157410487 675186967 181538541
675186967 181538541 691628869 187827657
691628869 187827657 694504568 187827657
691628869 187827657 691628869 214615700
691628869 214615700 700734118 232517697
694504568 187827657 723517425 188180978
723517425 188180978 736962075 189200844
736962075 189200844 737263304 189200844
736962075 189200844 736962075 225819375
736962075 225819375 751699365 247393440
751699365 247393440 751875363 266278979
751875363 266278979 751875363 291501814
751875363 266278979 779810099 266278979
779810099 266278979 794767594 278363577
737263304 189200844 764025903 200074985
764025903 200074985 772410026 204752481
772410026 204752481 772410026 213221739
772410026 204752481 783977746 204752481
783977746 204752481 783977746 206896723
783977746 204752481 789755821 204752481
789755821 204752481 814558237 213127520
814558237 213127520 831006434 233362813
700734118 232517697 703384524 270770248
794767594 278363577 828246904 290043113
828246904 290043113 853236057 294950930
853236057 294950930 862369849 294950930
853236057 294950930 853236057 319375871
853236057 319375871 862453912 339788498
862453912 339788498 862453912 367624616
862453912 367624616 862453912 373764768
862453912 367624616 885603711 367624616
885603711 367624616 897068740 376268693
862453912 373764768 883483772 376268693
862453912 339788498 899414110 339788498
899414110 339788498 917327194 341340141
917327194 341340141 943014878 342754530
943014878 342754530 943143957 345249099
943143957 345249099 976118864 345249099
976118864 345249099 978266802 345249099
976118864 345249099 976118864 355003504
943143957 345249099 943143957 379673864
943143957 379673864 952929909 379673864
952929909 379673864 952929909 382907779
952929909 379673864 963892743 379673864
943143957 379673864 943143957 390700497
943143957 390700497 951656348 413487482
951656348 413487482 966414955 415233659
966414955 415233659 970403407 415233659
963892743 379673864 966414955 412262124
966414955 412262124 992701688 412262124
970403407 415233659 991527945 432928904
883483772 376268693 883483772 417802055
883483772 417802055 883483772 423077992
883483772 417802055 892317508 417802055
883483772 423077992 887290394 433609750
512592593 107534588 526131446 142484758
526131446 142484758 527750288 151461003
527750288 151461003 534038794 158015798
567526362 121401409 616350414 121401409
467100596 217022172 467100596 266474873
467100596 266474873 473593275 276958373
473593275 276958373 479715619 276958373
479715619 276958373 490845976 284048690
490845976 284048690 497757182 284048690
497757182 284048690 504937121 290173832
490845976 284048690 490845976 320464451
490845976 320464451 498123224 341287724
498123224 341287724 505197587 341287724
505197587 341287724 507436435 352358649
507436435 352358649 507436435 355842553
498123224 341287724 498123224 357508941
507436435 352358649 534875344 352358649
534875344 352358649 551111048 359384555
551111048 359384555 551111048 370208450
551111048 370208450 551111048 380738093
551111048 370208450 571383067 370208450
551111048 359384555 579319428 359384555
579319428 359384555 588260393 363318992
473593275 276958373 473593275 323748323
473593275 323748323 476561020 323748323
473593275 323748323 473593275 335550998
748846026 879753118 793291907 886128111
793291907 886128111 826871773 895296739
826871773 895296739 837138538 932553225
837138538 932553225 847022947 972601327
614812660 68528032 614812660 119526469
468647112 478085908 510335661 487856873
510335661 487856873 510335661 501681933
510335661 501681933 510335661 503037928
510335661 501681933 513376606 501681933
513376606 501681933 514493354 503468652
514493354 503468652 514493354 537679824
514493354 537679824 514493354 540166570
514493354 540166570 514657562 570403424
514657562 570403424 517537045 573837599
517537045 573837599 534041108 573837599
514493354 537679824 545473896 537679824
545473896 537679824 554098494 558325887
554098494 558325887 558674608 558325887
554098494 558325887 554098494 565492689
517537045 573837599 517537045 610439922
510335661 487856873 549103115 487856873
549103115 487856873 555007271 496370169
555007271 496370169 555007271 500269951
555007271 500269951 564720497 503396917
564720497 503396917 564720497 503468652
564720497 503396917 565170892 503396917
565170892 503396917 585905702 511866842
585905702 511866842 585905702 524913049
585905702 524913049 585967914 552731011
585905702 511866842 619260817 511866842
219213830 547768954 234924082 583528355
234924082 583528355 235852136 598298795
235852136 598298795 237323592 598298795
235852136 598298795 235852136 618289006
235852136 618289006 241443065 637202008
241443065 637202008 241443065 646955775
241443065 637202008 275077524 637202008
275077524 637202008 276209994 637202008
275077524 637202008 275077524 644823127
275077524 644823127 280045213 647961628
280045213 647961628 281859418 647961628
280045213 647961628 280045213 667809365
281859418 647961628 303567200 661140448
303567200 661140448 320900814 664461151
320900814 664461151 320900814 676430011
320900814 664461151 343792733 664461151
343792733 664461151 350367933 666312954
350367933 666312954 350686542 666312954
350367933 666312954 350367933 699200430
320900814 676430011 329173291 702028253
329173291 702028253 337949955 726978023
337949955 726978023 337949955 727897060
337949955 726978023 341858232 726978023
337949955 727897060 341021163 739232718
341021163 739232718 344708252 739232718
341858232 726978023 364379901 731648389
364379901 731648389 366189031 731648389
364379901 731648389 364379901 739058983
364379901 739058983 367951939 748584159
367951939 748584159 367951939 755815568
367951939 755815568 373714937 755815568
367951939 755815568 367951939 767745523
367951939 767745523 379024542 768420446
379024542 768420446 387024079 769528606
387024079 769528606 387024079 776851576
387024079 769528606 416639238 769528606
276209994 637202008 309190949 644501756
367951939 748584159 411592314 748584159
280045213 667809365 303270820 691037156
303270820 691037156 312877086 722871862
966414955 415233659 966414955 467126176
932674555 956669295 984808694 956669295
984808694 956669295 990636718 956669295
984808694 956669295 984808694 987393346
887290394 433609750 918791962 454512385
918791962 454512385 936260357 454512385
918791962 454512385 918791962 474004504
918791962 474004504 938013435 478647988
208867887 28416370 227185042 62712488
862369849 294950930 908247865 301849404
908247865 301849404 912666922 308813655
912666922 308813655 912666922 326270511
912666922 308813655 935471597 308813655
935471597 308813655 947221271 323498578
947221271 323498578 950699264 334411484
950699264 334411484 950699264 335991094
950699264 334411484 978235014 334411484
434798732 396586624 470005554 414279090
470005554 414279090 483571574 417217059
483571574 417217059 511530548 417217059
511530548 417217059 512006633 433916031
483571574 417217059 483571574 450617775
483571574 450617775 483571574 454562060
483571574 450617775 492197003 450617775
217293896 220426306 255435740 236092711
255435740 236092711 272153345 249320883
272153345 249320883 282606651 249320883
282606651 249320883 288205075 249320883
282606651 249320883 282606651 258532344
272153345 249320883 272153345 267834228
272153345 267834228 279333929 269595263
565591098 654327791 609207374 664545283
792257118 796411997 840908677 801912850
840908677 801912850 858579936 813766094
858579936 813766094 878330362 819902360
878330362 819902360 899628493 839499524
899628493 839499524 901092321 839499524
899628493 839499524 899628493 843739999
899628493 843739999 912520581 851261539
912520581 851261539 912520581 854271917
912520581 851261539 934067653 851261539
934067653 851261539 955397140 853764704
955397140 853764704 986445217 875568192
507436435 355842553 532531513 385009742
161933436 414935940 216373858 414935940
674790184 138916462 714754439 153660869
714754439 153660869 726834206 156856350
726834206 156856350 742731160 175765129
742731160 175765129 752250745 181475034
752250745 181475034 762341129 183003186
762341129 183003186 816204966 183455533
816204966 183455533 819400075 187971989
819400075 187971989 819400075 199640215
819400075 187971989 846369968 187971989
846369968 187971989 855433614 209616979
554734124 283640501 572202254 321227423
572202254 321227423 579319428 327473865
579319428 327473865 585643735 327473865
585643735 327473865 588260393 331847788
609207374 664545283 645700044 683410830
912520581 854271917 932489670 889858680
932489670 889858680 951787321 897298263
951787321 897298263 968239636 903761277
968239636 903761277 969493850 936522229
969493850 936522229 969493850 944553429
969493850 936522229 990769691 936522229
685617960 937344765 719786654 958738530
719786654 958738530 721160480 983965225
721160480 983965225 726373928 989631530
350686542 666312954 383552471 689806023
279333929 269595263 318680292 286621877
318680292 286621877 320672191 286621877
318680292 286621877 318680292 295741061
320672191 286621877 332041249 287531757
332041249 287531757 332612596 287531757
332612596 287531757 335624702 292433000
335624702 292433000 335624702 298771230
335624702 298771230 359862447 308843172
359862447 308843172 368713887 340189569
368713887 340189569 368713887 341975619
368713887 340189569 375010161 340189569
375010161 340189569 387336415 343353825
368713887 341975619 374762461 374214272
374762461 374214272 395414795 374214272
332041249 287531757 332041249 333625051
332041249 333625051 353285061 363843086
335624702 292433000 391258635 292433000
391258635 292433000 408418872 295727045
408418872 295727045 434233103 295727045
408418872 295727045 408418872 324550772
408418872 324550772 418116100 327197258
434233103 295727045 461777623 300909841
429031880 38362130 456892853 66916102
456892853 66916102 482320976 95619311
482320976 95619311 486609449 121997059
486609449 121997059 486609449 129652277
486609449 121997059 511289879 121997059
567526362 134485353 607292101 151388068
619260817 511866842 643753690 544298860
643753690 544298860 650270269 544566544
650270269 544566544 652283177 544566544
652283177 544566544 675887294 556823103
675887294 556823103 704139852 557693581
704139852 557693581 741871228 559581705
741871228 559581705 744689944 559581705
741871228 559581705 741871228 596820558
744689944 559581705 772900332 573457315
772900332 573457315 796609847 575011125
796609847 575011125 798435904 575011125
796609847 575011125 796609847 596817303
796609847 596817303 804991385 610783456
804991385 610783456 809177165 610783456
804991385 610783456 804991385 624157685
804991385 624157685 808758956 624157685
809177165 610783456 818022610 620748709
818022610 620748709 827821454 622399787
827821454 622399787 847295599 622399787
847295599 622399787 847295599 625394753
827821454 622399787 827821454 646311681
827821454 646311681 833831739 646311681
827821454 646311681 827821454 671889996
827821454 671889996 832678432 693420809
832678432 693420809 832678432 693626881
832678432 693420809 835882310 693420809
847295599 625394753 875001003 626807421
875001003 626807421 875001003 631147976
875001003 626807421 881728190 626807421
881728190 626807421 884741056 627047243
884741056 627047243 884741056 653602364
884741056 653602364 903552686 654233636
903552686 654233636 908770831 666781909
908770831 666781909 921205705 666781909
875001003 631147976 879596308 654114414
921205705 666781909 925541649 691352827
925541649 691352827 925808436 691448662
925808436 691448662 925808436 699861540
925808436 699861540 926405913 699861540
925808436 691448662 943418341 691448662
943418341 691448662 949609410 699902020
925808436 699861540 925808436 726355263
925808436 726355263 928816482 726860214
884741056 627047243 914155749 627047243
798435904 575011125 809177165 595158110
809177165 595158110 820833244 595158110
928816482 726860214 928816482 757829649
928816482 757829649 928816482 760596882
928816482 757829649 937395803 757829649
914155749 627047243 939173061 633122143
939173061 633122143 946528807 640833071
928816482 726860214 964990597 726860214
964990597 726860214 964990597 730471316
964990597 726860214 976496013 726860214
976496013 726860214 978166515 730209684
978166515 730209684 997246683 730209684
978166515 730209684 978166515 752291058
804991385 624157685 804991385 663884863
908770831 666781909 908770831 706674415
804991385 663884863 812103609 697437865
812103609 697437865 822460007 698285957
227297743 467709689 247678099 505032613
247678099 505032613 254196037 513558678
254196037 513558678 254196037 515209608
254196037 513558678 264284764 513558678
264284764 513558678 309424391 519911054
978166515 752291058 994571457 793917141
280989948 787130653 300097452 826265942
300097452 826265942 300713386 826265942
300097452 826265942 300097452 827736713
300097452 827736713 313536539 852262778
313536539 852262778 326681369 852262778
326681369 852262778 327879593 856307760
313536539 852262778 313536539 867203205
313536539 867203205 314875574 867203205
327879593 856307760 343168463 856307760
327879593 856307760 327879593 878461551
343168463 856307760 360421863 870606791
360421863 870606791 360421863 874675959
360421863 874675959 362840120 877582090
362840120 877582090 372672029 877582090
362840120 877582090 362840120 889358141
362840120 889358141 366663460 910745561
366663460 910745561 366663460 916774389
366663460 916774389 366663460 918376572
366663460 916774389 371934781 916774389
366663460 910745561 376968551 910745561
360421863 870606791 387532317 870606791
387532317 870606791 387532317 871634121
387532317 870606791 408949538 870606791
408949538 870606791 416025093 871928603
416025093 871928603 431073471 881861507
431073471 881861507 446581931 888162683
446581931 888162683 451467956 888162683
446581931 888162683 446581931 903129562
446581931 903129562 463819983 910777117
463819983 910777117 463819983 911784547
463819983 910777117 480790625 910777117
463819983 911784547 476653328 930704101
476653328 930704101 486086218 954603512
486086218 954603512 513125996 956622735
513125996 956622735 513125996 961457335
513125996 956622735 531777646 956622735
513125996 961457335 522356600 984390829
522356600 984390829 522356600 990917317
522356600 984390829 529764874 984390829
366663460 918376572 371402127 947054149
313536539 867203205 313536539 903455029
313536539 903455029 324172114 926295831
324172114 926295831 334571191 945134810
334571191 945134810 334571191 952405213
334571191 945134810 353553169 945134810
353553169 945134810 358797071 960565631
358797071 960565631 363335305 960565631
358797071 960565631 358797071 987974690
531777646 956622735 561717327 967716194
561717327 967716194 596082134 989589892
596082134 989589892 610211179 991645916
610211179 991645916 610211179 999192166
610211179 991645916 652783179 991645916
652783179 991645916 655316429 991645916
652783179 991645916 652783179 997647891
0 575379324 0 633744139
0 633744139 0 642264278
0 642264278 0 648544541
0 648544541 10698971 648544541
0 633744139 11638983 633744139
0 648544541 0 667906631
0 667906631 0 673983096
11638983 633744139 22913485 642264278
0 667906631 49126534 667906631
49126534 667906631 52168638 698045033
52168638 698045033 57268021 703362105
57268021 703362105 57268021 724769709
57268021 724769709 63268717 724769709
63268717 724769709 65196779 726527898
65196779 726527898 65196779 728071017
65196779 726527898 75683939 726527898
65196779 728071017 65489904 742139867
65489904 742139867 67425547 758562306
57268021 703362105 79483955 703362105
67425547 758562306 67425547 787496202
67425547 787496202 68330438 787496202
57268021 724769709 57268021 754883911
67425547 787496202 67425547 830278768
67425547 830278768 95858098 836132716
95858098 836132716 131013706 850621296
131013706 850621296 131013706 854292200
131013706 850621296 136776684 850621296
136776684 850621296 139044028 855100284
139044028 855100284 139044028 873844797
139044028 873844797 139044028 884334848
139044028 884334848 143528667 884334848
143528667 884334848 150529219 884536017
150529219 884536017 150529219 893085220
150529219 893085220 150529219 895106328
139044028 873844797 150427248 873844797
139044028 884334848 139044028 895812256
139044028 895812256 143024708 895812256
150529219 893085220 164171353 893085220
164171353 893085220 172020832 903606885
172020832 903606885 173356878 908757154
173356878 908757154 173356878 916781724
173356878 908757154 186313626 908757154
150529219 895106328 162557831 903606885
162557831 903606885 162557831 925572568
173356878 916781724 174081135 945111558
174081135 945111558 182506326 950559562
182506326 950559562 182506326 959038539
182506326 959038539 182907491 971936875
139044028 895812256 139044028 930218502
150529219 884536017 186313626 884536017
186313626 884536017 193337841 884536017
139044028 855100284 178885743 855100284
182907491 971936875 229444098 978182266
229444098 978182266 229444098 982609437
229444098 978182266 241155359 978182266
182506326 950559562 236053319 950559562
236053319 950559562 253858507 964273608
162557831 925572568 166127770 975753675
68330438 787496202 95858098 816564727
95858098 816564727 96640108 816564727
96640108 816564727 131013706 819245155
131013706 819245155 163293674 819245155
163293674 819245155 178885743 826482237
178885743 826482237 186319486 826482237
657456517 103391425 715966333 103391425
715966333 103391425 722428732 110510618
722428732 110510618 729635494 123497659
186319486 826482237 234836576 836655248
234836576 836655248 243404296 842134672
243404296 842134672 243404296 874251331
243404296 874251331 247888978 914700362
247888978 914700362 253858507 932817730
253858507 932817730 276207686 932817730
243404296 842134672 293797180 842134672
276207686 932817730 311091408 955193782
67425547 758562306 126381338 758562306
703384524 270770248 739488126 293819366
56414736 170929311 115991118 170929311
937395803 757829649 952559180 802499692
741871228 596820558 746310507 652993746
588260393 363318992 617755013 394532777
617755013 394532777 639682414 394532777
617755013 394532777 617755013 438147379
617755013 438147379 618144133 438147379
617755013 438147379 617755013 443600986
617755013 443600986 619464340 456787402
619464340 456787402 619464340 473775021
619464340 473775021 638267694 473775021
638267694 473775021 654650462 477787817
619464340 473775021 619464340 496370169
619464340 456787402 654588467 456787402
654588467 456787402 654650462 462370184
619464340 496370169 644430205 508808245
644430205 508808245 644430205 509397123
644430205 508808245 672599564 508808245
672599564 508808245 702953317 508808245
702953317 508808245 709700880 508808245
709700880 508808245 716603912 515447557
702953317 508808245 702953317 536207804
702953317 536207804 709188486 553378289
672599564 508808245 672599564 541988502
709188486 553378289 733300419 568236255
733300419 568236255 738728637 568236255
733300419 568236255 733300419 617134399
654650462 462370184 712336894 462370184
712336894 462370184 724440235 462370184
724440235 462370184 733598684 463585347
733598684 463585347 733598684 472830312
712336894 462370184 712336894 476042438
733300419 617134399 761295585 647780730
908770831 706674415 915481277 761239096
611866672 902261956 613004980 962459732
613004980 962459732 661893470 965963939
416639238 769528606 469285607 778683196
469285607 778683196 481541089 788332240
481541089 788332240 481541089 806981562
481541089 806981562 501579377 819192745
358797071 987974690 415774484 993097631
415774484 993097631 452744889 995519691
534038794 158015798 559657343 194705255
559657343 194705255 594505729 204602710
594505729 204602710 605144994 218949785
605144994 218949785 605144994 224287562
605144994 218949785 617791766 218949785
617791766 218949785 617791766 222741441
617791766 218949785 637864886 218949785
637864886 218949785 668468577 230713429
668468577 230713429 677615753 270574307
677615753 270574307 701270386 301782518
607292101 151388068 633360895 187839186
633360895 187839186 633360895 189683417
633360895 187839186 649151577 187839186
276433154 440260351 296518584 482934015
115991118 170929311 164992180 185170008
102182889 48734397 102182889 111981651
102182889 111981651 107709151 119898742
107709151 119898742 107709151 139905550
107709151 139905550 109771633 139905550
107709151 139905550 107709151 156803847
107709151 156803847 131567270 157553274
131567270 157553274 131567270 162871677
109771633 139905550 124309594 152940554
107709151 119898742 150336291 119898742
363335305 960565631 416589991 970674947
416589991 970674947 421727082 970674947
416589991 970674947 416589991 978192323
716603912 515447557 770832620 524764225
770832620 524764225 770832620 529715870
770832620 524764225 786419012 524764225
786419012 524764225 786419012 524924110
786419012 524764225 809823778 524764225
809823778 524764225 811102926 537869899
811102926 537869899 811102926 570186227
811102926 570186227 811102926 570590460
811102926 570590460 835856330 572851902
835856330 572851902 844576898 591199467
811102926 570186227 838449301 570186227
838449301 570186227 859931298 572837738
811102926 537869899 856661799 537869899
856661799 537869899 859931298 551097051
859931298 551097051 867268113 551097051
867268113 551097051 928212912 551426861
928212912 551426861 930185226 567129356
930185226 567129356 930185226 576611809
930185226 567129356 950905191 567129356
950905191 567129356 950905191 570658412
950905191 570658412 956834322 573846064
950905191 567129356 963799515 567129356
930185226 576611809 935052219 621235716
411865726 793923319 435719409 834057652
435719409 834057652 436803564 834057652
436803564 834057652 447516246 834844624
447516246 834844624 462768330 849233359
462768330 849233359 472845708 851632815
472845708 851632815 478580362 851632815
478580362 851632815 481157048 880572722
472845708 851632815 472845708 883227541
435719409 834057652 435719409 869215634
435719409 869215634 451467956 881589674
451467956 881589674 460059623 881589674
139044028 930218502 147713365 985966626
481157048 880572722 517239365 909122696
517239365 909122696 557851482 909623721
557851482 909623721 563326350 909623721
557851482 909623721 557851482 926346600
563326350 909623721 587472729 913292838
587472729 913292838 587472729 933775765
587472729 913292838 608491810 913292838
587472729 933775765 596782001 951587739
596782001 951587739 596782001 952829964
596782001 951587739 601040025 951587739
557851482 926346600 576480734 954473003
650270269 544566544 650270269 609481477
650270269 609481477 666679850 631014428
666679850 631014428 676979928 632854927
676979928 632854927 676979928 634189944
676979928 632854927 682211192 632854927
682211192 632854927 692167416 668726242
692167416 668726242 692167416 672743271
692167416 672743271 709946298 680225392
709946298 680225392 709946298 686141532
709946298 680225392 725436529 680225392
725436529 680225392 725781553 685983935
725781553 685983935 726210261 697352548
692167416 668726242 731680186 668726242
726210261 697352548 784263110 701023695
241155359 978182266 288436698 996150872
288436698 996150872 290969956 997852547
148991392 234409290 171595430 277076678
239846929 190701061 276157353 219675313
276157353 219675313 300584361 226252461
300584361 226252461 305251589 229969215
305251589 229969215 305251589 233106008
305251589 229969215 319504186 229969215
319504186 229969215 319906153 242618219
319906153 242618219 345763023 267348173
418116100 327197258 439710854 370947406
439710854 370947406 468815668 372712515
468815668 372712515 480191912 394543515
87590590 55799051 87590590 121359389
87590590 121359389 97156123 139905550
97156123 139905550 97156123 164739363
164508776 661441205 173188954 718845396
173188954 718845396 173188954 719549977
173188954 719549977 175420336 721906626
173188954 718845396 190720154 718845396
175420336 721906626 180547698 755402587
180547698 755402587 195735537 799220488
195735537 799220488 195855063 817836746
195855063 817836746 195855063 821691022
195855063 821691022 198417760 821691022
195855063 821691022 195855063 825309906
195855063 817836746 237081568 817836746
949609410 699902020 996159247 719475583
131567270 162871677 164859384 197498756
309424391 519911054 328072251 569266068
729635494 123497659 779481398 141993238
779481398 141993238 796934090 144021742
796934090 144021742 837621357 161992154
837621357 161992154 837621357 167155179
837621357 161992154 854486635 161992154
854486635 161992154 865119884 162613167
865119884 162613167 866493346 162613167
865119884 162613167 865119884 164358873
837621357 167155179 849596410 177519034
865119884 164358873 901521756 186674774
901521756 186674774 911012768 222922720
911012768 222922720 911012768 267678550
911012768 267678550 917168024 267678550
911012768 267678550 911012768 290038376
917168024 267678550 932020153 275233199
932020153 275233199 940527219 275233199
932020153 275233199 932020153 285444188
932020153 285444188 935890732 299862997
940527219 275233199 953188440 282827969
953188440 282827969 980974607 298596976
911012768 222922720 956591753 222922720
956591753 222922720 969151875 226168671
969151875 226168671 980974607 232109553
980974607 232109553 985828681 232109553
391465422 560511018 391465422 629462344
391465422 629462344 416225478 651242854
416225478 651242854 416225478 661415959
416225478 661415959 417401133 688715430
420738813 225412291 449091227 266145259
533486280 645596183 603755498 645596183
603755498 645596183 603755498 647581734
603755498 645596183 614797843 645596183
21878734 575379324 57228975 610781172
966414955 467126176 999694647 504911484
847295599 622399787 918703032 622399787
510260019 0 581975062 0
581975062 0 581975062 13717851
581975062 0 599030949 0
599030949 0 599030949 36548735
599030949 0 637040403 0
637040403 0 640553373 0
640553373 0 662045563 0
662045563 0 667901052 0
667901052 0 667901052 3644876
667901052 0 689446218 0
689446218 0 711884397 0
711884397 0 716628663 0
716628663 0 730075462 0
730075462 0 739745633 0
739745633 0 741795480 0
741795480 0 756244652 0
756244652 0 756244652 6201254
756244652 0 768174641 0
711884397 0 711884397 18771528
711884397 18771528 716628663 24816637
716628663 24816637 716628663 33050214
716628663 24816637 730075462 24816637
662045563 0 662045563 23764411
730075462 24816637 739745633 41726646
739745633 41726646 741795480 41726646
739745633 41726646 739745633 46188750
739745633 46188750 748577988 48541291
748577988 48541291 751789802 48541291
751789802 48541291 751789802 58261220
748577988 48541291 748577988 61015147
751789802 48541291 768174641 48541291
637040403 0 637040403 35230578
637040403 35230578 640553373 37442509
768174641 0 810806114 0
810806114 0 810806114 4159924
810806114 0 829729627 0
829729627 0 829729627 8204255
829729627 0 846819240 0
846819240 0 846819240 24970288
846819240 0 886884090 0
886884090 0 886884090 2224274
886884090 0 896178865 0
896178865 0 897811274 0
897811274 0 904925241 0
904925241 0 915257792 0
896178865 0 896178865 20738207
896178865 20738207 897811274 30528879
897811274 30528879 904925241 30528879
897811274 30528879 897811274 39816257
897811274 39816257 915257792 40529094
915257792 40529094 916566237 55193074
916566237 55193074 916566237 96447964
916566237 55193074 958814996 55193074
846819240 24970288 847076960 67026485
847076960 67026485 847076960 79474342
847076960 79474342 851935402 79474342
847076960 79474342 847076960 85027277
847076960 67026485 867055918 67026485
867055918 67026485 871718430 73037785
871718430 73037785 872038084 73037785
871718430 73037785 871718430 98840992
871718430 98840992 894600678 109959162
916566237 96447964 929698683 128742709
768174641 48541291 784077329 86992320
784077329 86992320 795637571 93451831
795637571 93451831 795637571 112319156
795637571 112319156 796932425 114633285
795637571 93451831 825331977 93451831
915257792 0 966296622 9206053
847076960 85027277 861486704 137998817
861486704 137998817 893460415 150623930
958814996 55193074 984246329 97608826
984246329 97608826 989385964 108105405
989385964 108105405 992171687 160822290
992171687 160822290 999127690 182673406
999127690 182673406 999955710 213968419
371934781 916774389 422427895 938434381
300686580 136399439 330921617 179861090
330921617 179861090 340093992 179861090
330921617 179861090 330921617 206679538
330921617 206679538 338360361 206679538
330921617 206679538 330921617 214731769
330921617 214731769 345281085 218124432
345281085 218124432 345281085 227956328
345281085 218124432 364028869 218124432
364028869 218124432 372814671 218466476
372814671 218466476 390644238 227472688
734428072 314457798 782027660 340710674
782027660 340710674 802955369 347221666
802955369 347221666 802955369 354139136
802955369 347221666 826412246 347221666
826412246 347221666 833023528 354109649
833023528 354109649 853154489 367624616
853154489 367624616 853154489 401692541
853154489 401692541 866100174 448243448
802955369 354139136 826146409 400441224
826146409 400441224 829731067 460165400
829731067 460165400 846368396 488650797
841598316 775840830 899685682 791827999
383768681 95946956 455863321 100490125
236757094 544090395 293928238 563840455
293928238 563840455 352630836 565783829
772406584 943549712 813220542 980652028
813220542 980652028 825680583 983749292
825680583 983749292 826010420 992470993
133230309 687947083 153674010 746211565
153674010 746211565 166245433 801262036
166245433 801262036 179178639 812604973
835882310 693420809 879048750 729615778
879048750 729615778 888200421 753545770
888200421 753545770 899685682 775829019
899685682 775829019 909947386 775829019
281836500 16244079 283027340 95565530
0 673983096 0 756881319
0 756881319 0 776208738
0 776208738 0 784541178
0 784541178 0 788439904
0 788439904 8552224 788439904
0 784541178 25300632 784541178
0 776208738 25509124 776208738
0 788439904 0 830907660
0 830907660 0 836118987
0 830907660 29184546 830907660
29184546 830907660 40313943 836118987
40313943 836118987 52770862 842684523
52770862 842684523 52770862 851358355
52770862 842684523 65684804 842684523
0 756881319 44905961 756881319
0 836118987 0 910248198
0 910248198 0 914545814
0 914545814 0 924770033
0 924770033 12600976 924770033
0 924770033 0 937801503
0 937801503 5088768 937801503
5088768 937801503 11573864 937801503
0 914545814 16123220 914545814
5088768 937801503 5088768 959623901
11573864 937801503 22520910 950100094
22520910 950100094 22520910 952833450
22520910 952833450 39238416 954572154
39238416 954572154 48248583 954572154
39238416 954572154 39238416 963889309
5088768 959623901 15110461 974194107
15110461 974194107 36621683 975259097
0 910248198 32400364 910248198
36621683 975259097 81431106 976015273
48248583 954572154 93399274 963271720
93399274 963271720 121229902 964037288
39238416 963889309 92208706 973840439
22520910 950100094 91632102 950100094
91632102 950100094 98188596 950953320
98188596 950953320 110599863 951781674
328072251 569266068 346905525 634402321
346905525 634402321 377874812 645016928
377874812 645016928 380965432 659694344
733598684 463585347 817744746 463585347
817744746 463585347 829727485 475785368
257482873 710383649 262903462 798287876
411592314 748584159 492685559 761414871
929698683 128742709 979409426 174096661
585967914 552731011 617618023 635760905
617618023 635760905 617618023 636118000
617618023 635760905 624489805 635760905
694083472 387737131 759693114 444878463
759693114 444878463 770883562 454397246
