1467
0 0 3781329 0
0 0 0 20226665
0 20226665 3781329 20226665
0 20226665 0 31916360
0 31916360 0 34522102
0 34522102 0 35625417
0 35625417 0 42222305
0 42222305 0 47232259
3781329 0 24290368 0
24290368 0 28624575 0
28624575 0 28789050 0
28789050 0 41491538 0
41491538 0 47178749 0
0 47232259 0 68764098
0 68764098 0 78661300
0 68764098 19534510 68764098
0 78661300 0 98282609
0 98282609 0 98916556
0 98282609 10618567 98282609
0 31916360 24290368 31916360
24290368 31916360 28624575 34522102
28624575 34522102 28624575 42222305
28624575 42222305 28789050 42222305
28624575 42222305 28624575 47232259
28624575 34522102 41491538 34522102
41491538 34522102 41491538 35625417
41491538 34522102 47178749 34522102
10618567 98282609 35798940 98916556
0 98916556 0 127496028
0 127496028 0 130082177
0 130082177 0 157649304
0 157649304 0 174841585
0 174841585 19146065 174841585
0 127496028 27681803 127496028
27681803 127496028 34255461 130082177
34255461 130082177 41031738 135309843
41031738 135309843 41031738 157649304
41031738 135309843 66452277 135309843
66452277 135309843 72481683 143044871
72481683 143044871 75949696 143044871
75949696 143044871 83383229 148074192
83383229 148074192 102592592 158472641
47178749 34522102 60034473 53621698
60034473 53621698 83298953 53660533
83298953 53660533 104580821 63252103
104580821 63252103 108022982 72018054
108022982 72018054 108022982 82637277
108022982 82637277 113514032 88877754
113514032 88877754 131876130 88877754
113514032 88877754 113514032 114464095
113514032 114464095 113514032 115942958
113514032 114464095 129247908 114464095
129247908 114464095 130468011 114960726
131876130 88877754 140717742 106914756
113514032 115942958 121974095 139335962
72481683 143044871 72481683 175532663
47178749 0 80896140 0
80896140 0 80896140 9848566
108022982 72018054 142497370 72018054
142497370 72018054 168003585 75745868
168003585 75745868 182022942 80368952
182022942 80368952 184987426 88891853
184987426 88891853 191916125 88891853
191916125 88891853 192525417 101611886
184987426 88891853 184987426 110303148
184987426 110303148 187703560 117632927
187703560 117632927 187703560 128381145
187703560 128381145 196048499 137568370
196048499 137568370 196048499 138172920
196048499 137568370 204033038 137568370
204033038 137568370 218438511 143920584
196048499 138172920 198007933 158556549
218438511 143920584 241192109 144068414
198007933 158556549 216481388 168153396
187703560 117632927 215821499 117632927
215821499 117632927 215821499 124078302
215821499 117632927 235907016 117632927
19534510 68764098 45954366 78661300
35798940 98916556 59736403 115892391
0 174841585 0 217242550
0 217242550 0 220320053
0 220320053 9389393 220320053
0 220320053 0 242560663
0 242560663 0 248479308
0 242560663 9668391 242560663
9668391 242560663 29086790 248479308
0 217242550 25571074 217242550
41031738 157649304 54090675 188187502
216481388 168153396 218391181 209882420
218391181 209882420 223519374 212625254
223519374 212625254 229878693 212625254
223519374 212625254 223519374 228353995
229878693 212625254 235685384 222775350
235685384 222775350 248139071 238019383
248139071 238019383 248139071 243831323
248139071 243831323 252971087 247289852
252971087 247289852 252971087 250655488
252971087 250655488 254110398 250655488
252971087 247289852 262985376 247289852
262985376 247289852 267505876 271961849
267505876 271961849 267505876 275668434
267505876 271961849 276183008 271961849
276183008 271961849 285808062 284347420
285808062 284347420 285808062 300934761
285808062 284347420 312304577 284347420
285808062 300934761 294219056 321657430
294219056 321657430 301024115 334233006
301024115 334233006 320213580 334233006
301024115 334233006 301024115 376771471
301024115 376771471 301024115 380283732
301024115 376771471 315777963 376771471
301024115 380283732 310805330 396267032
310805330 396267032 314281088 396267032
314281088 396267032 320231502 416161861
320231502 416161861 320669918 416161861
320231502 416161861 320231502 447935487
320231502 447935487 324153025 465947600
324153025 465947600 345473130 465947600
345473130 465947600 345473130 466879173
345473130 465947600 356333117 465947600
356333117 465947600 358711358 477653199
345473130 466879173 355074660 477653199
355074660 477653199 355074660 483318494
355074660 483318494 365621037 491260885
365621037 491260885 365621037 505823092
365621037 505823092 376268708 524131716
376268708 524131716 386782317 524131716
376268708 524131716 376268708 553341246
365621037 491260885 397209670 491260885
324153025 465947600 324153025 505191626
324153025 505191626 329094371 508942559
386782317 524131716 408019856 543114846
408019856 543114846 410071006 545621151
410071006 545621151 410071006 545953044
410071006 545953044 430199371 554903499
410071006 545621151 440827876 545621151
310805330 396267032 310805330 440494929
121974095 139335962 148654274 159743307
148654274 159743307 153880792 159743307
148654274 159743307 148654274 171509759
148654274 171509759 150473852 171509759
150473852 171509759 150485513 184292051
153880792 159743307 167095395 166760684
148654274 171509759 148654274 198184763
150485513 184292051 179983920 190596695
179983920 190596695 181184729 190596695
179983920 190596695 179983920 213722498
320669918 416161861 363496414 422034100
363496414 422034100 365637725 422034100
363496414 422034100 363496414 439622248
365637725 422034100 393896712 433275688
140717742 106914756 160409089 136989046
160409089 136989046 167095395 146642271
167095395 146642271 182054990 146642271
72481683 175532663 82366111 215816063
82366111 215816063 121439809 218506893
121439809 218506893 121786094 218506893
121786094 218506893 123028487 218506893
121786094 218506893 121786094 240422649
121439809 218506893 121439809 255995983
121439809 255995983 148397861 274852075
148397861 274852075 173101459 274852075
148397861 274852075 148397861 302390575
148397861 302390575 148397861 304226369
148397861 302390575 154247920 302390575
154247920 302390575 172090657 326060054
172090657 326060054 173908775 326343327
173908775 326343327 194332058 355093758
194332058 355093758 206460723 355093758
206460723 355093758 219492207 361358128
219492207 361358128 219492207 365439612
219492207 365439612 224132096 367435527
224132096 367435527 224132096 395622158
224132096 395622158 233175063 395622158
224132096 395622158 224132096 416117628
224132096 416117628 232870494 423137369
232870494 423137369 232870494 428482448
232870494 428482448 234777868 428482448
232870494 423137369 256728822 423137369
224132096 367435527 256728822 367435527
256728822 367435527 266323585 367435527
266323585 367435527 284259796 367435527
219492207 361358128 252284074 361358128
252284074 361358128 252284074 362644967
252284074 361358128 262178826 361358128
256728822 423137369 258192110 464100020
258192110 464100020 259447796 475373278
259447796 475373278 259447796 487818579
259447796 487818579 259760337 487818579
259760337 487818579 275457612 499046716
275457612 499046716 275457612 509254388
275457612 499046716 286359484 499046716
286359484 499046716 291040450 499046716
286359484 499046716 286359484 505626644
259447796 487818579 259447796 522254534
259447796 522254534 274914254 539839136
291040450 499046716 319352496 505288905
259447796 475373278 297595111 475373278
266323585 367435527 266323585 410176430
266323585 410176430 272676272 410176430
266323585 410176430 266323585 422390187
286359484 505626644 299104555 537299173
299104555 537299173 306209884 553368182
306209884 553368182 309012586 562545441
309012586 562545441 318945157 580500185
318945157 580500185 323597275 590498918
323597275 590498918 323597275 603509451
323597275 590498918 360559937 590498918
232870494 428482448 232870494 473243517
232870494 473243517 235461812 477101828
234777868 428482448 253859610 454994917
194332058 355093758 194332058 403263037
194332058 403263037 198379248 403263037
194332058 403263037 194332058 411799213
312304577 284347420 366280825 284741444
366280825 284741444 375052065 295462072
375052065 295462072 375052065 322655021
375052065 295462072 402749173 295462072
402749173 295462072 405127236 295462072
402749173 295462072 402749173 319432606
402749173 319432606 405518197 337842164
405518197 337842164 414994660 349611805
414994660 349611805 414994660 352857288
414994660 352857288 425089490 352925973
425089490 352925973 429785162 352925973
429785162 352925973 429785162 355873213
429785162 352925973 434139233 352925973
429785162 355873213 432054872 377356622
434139233 352925973 435957861 376890081
414994660 349611805 440935478 349611805
425089490 352925973 425089490 379358850
435957861 376890081 448561619 406730444
448561619 406730444 448561619 412982901
448561619 412982901 461044423 421014466
461044423 421014466 471757162 421014466
471757162 421014466 471757162 423569499
461044423 421014466 461044423 438412750
461044423 438412750 469971460 438412750
471757162 421014466 498830162 421014466
461044423 438412750 461044423 470196070
461044423 470196070 468363082 471542473
468363082 471542473 495000328 471542473
495000328 471542473 498252925 477478055
498252925 477478055 498252925 478467196
448561619 406730444 490235549 406730444
498252925 477478055 541498565 477478055
541498565 477478055 559782483 483971070
559782483 483971070 582039862 489076230
582039862 489076230 600599569 489076230
582039862 489076230 582039862 522471902
582039862 522471902 600599569 529124541
600599569 529124541 621486098 535380683
621486098 535380683 640085923 540449706
640085923 540449706 665822036 540449706
665822036 540449706 669086435 551359782
669086435 551359782 669086435 560074309
669086435 551359782 692538606 551359782
600599569 489076230 634292421 489076230
634292421 489076230 649851610 498650658
692538606 551359782 697118310 586362165
697118310 586362165 702342372 601552399
702342372 601552399 702342372 623678360
702342372 601552399 739018455 601552399
739018455 601552399 748691195 609287804
748691195 609287804 760644093 609287804
748691195 609287804 748691195 643581001
748691195 643581001 752586338 643581001
748691195 643581001 748691195 670538441
748691195 670538441 762780706 698985853
762780706 698985853 771977063 704061408
771977063 704061408 787793898 704061408
787793898 704061408 787793898 709494844
771977063 704061408 771977063 733798548
771977063 733798548 773114585 753583717
773114585 753583717 773114585 758079527
773114585 758079527 774663983 758079527
773114585 758079527 773114585 778218747
773114585 778218747 780399416 778767134
780399416 778767134 780399416 793582420
780399416 778767134 807160639 778767134
807160639 778767134 809331079 794192768
809331079 794192768 832596740 794192768
832596740 794192768 841627682 804861304
841627682 804861304 866857842 804861304
841627682 804861304 841627682 832672917
841627682 832672917 842266598 852016981
842266598 852016981 842266598 853447414
842266598 853447414 845101778 858751303
773114585 753583717 806392264 753583717
806392264 753583717 806392264 753678960
806392264 753583717 816857251 753583717
816857251 753583717 826552051 760236032
845101778 858751303 845101778 894453737
845101778 894453737 846286735 899641724
846286735 899641724 846286735 913841394
846286735 913841394 853731592 913841394
846286735 899641724 861061181 899641724
846286735 913841394 846286735 941911269
845101778 858751303 881464660 858751303
881464660 858751303 913130405 867088102
913130405 867088102 924386059 867088102
913130405 867088102 913130405 885749290
913130405 885749290 913130405 886825216
913130405 885749290 921086926 885749290
924386059 867088102 951680684 878764274
853731592 913841394 895528867 914556457
895528867 914556457 899711053 923800341
899711053 923800341 904369314 923800341
787793898 704061408 830404049 704061408
830404049 704061408 841234035 717994528
841234035 717994528 841623704 717994528
841234035 717994528 841234035 725424317
841623704 717994528 862534294 719156757
862534294 719156757 868702801 719156757
862534294 719156757 862534294 755379966
862534294 755379966 884949892 768776986
884949892 768776986 888018335 768776986
884949892 768776986 884949892 773534775
868702801 719156757 876754503 747401140
876754503 747401140 876754503 754748133
876754503 747401140 917522239 747401140
917522239 747401140 945864977 754476331
945864977 754476331 955130709 754476331
945864977 754476331 945864977 765234019
955130709 754476331 980031304 756188069
980031304 756188069 999298830 771192724
945864977 765234019 953659938 793818585
953659938 793818585 953659938 798427199
953659938 793818585 972637250 793818585
951680684 878764274 959639688 913843196
959639688 913843196 969556643 913843196
969556643 913843196 977488548 916313563
959639688 913843196 959639688 949485295
640085923 540449706 640085923 583514551
468363082 471542473 468363082 515685831
468363082 515685831 475525018 515685831
468363082 515685831 468363082 542034935
846286735 941911269 847210205 986376070
468363082 542034935 472881928 583708237
472881928 583708237 484030508 583708237
484030508 583708237 497132750 585387868
497132750 585387868 500026399 585387868
500026399 585387868 500026399 586483276
497132750 585387868 497132750 592082766
500026399 585387868 509824320 585387868
509824320 585387868 510663089 591180974
510663089 591180974 514522544 591180974
510663089 591180974 510663089 630472538
510663089 630472538 511339117 640875748
511339117 640875748 511339117 657803650
511339117 657803650 511339117 660857087
511339117 657803650 523944863 657803650
523944863 657803650 536200423 660101733
536200423 660101733 537598664 660101733
536200423 660101733 536200423 669153231
537598664 660101733 556004988 660350156
511339117 640875748 539250740 640875748
556004988 660350156 584192547 667239064
584192547 667239064 587636551 670512620
587636551 670512620 602723360 670512620
602723360 670512620 603177900 673135108
603177900 673135108 614000684 673135108
603177900 673135108 603177900 684205485
536200423 669153231 538464904 702940183
587636551 670512620 587636551 708877152
587636551 708877152 594813670 713665506
594813670 713665506 601028795 713665506
601028795 713665506 607260350 724396051
607260350 724396051 608037442 724396051
608037442 724396051 608037442 734164547
607260350 724396051 607260350 748256361
607260350 748256361 607260350 769562778
607260350 769562778 612265530 791445765
612265530 791445765 628824110 791445765
612265530 791445765 612265530 819427826
612265530 819427826 613478055 841595434
628824110 791445765 630896362 818606987
613478055 841595434 626420684 858239582
626420684 858239582 626420684 876881869
626420684 858239582 650086332 858239582
650086332 858239582 650086332 864512591
650086332 858239582 671479290 858239582
671479290 858239582 684052532 862255132
684052532 862255132 684052532 874336358
594813670 713665506 594813670 743593024
594813670 743593024 594949951 743593024
594949951 743593024 599496939 744525399
594813670 743593024 594813670 765589154
607260350 748256361 640773452 748256361
640773452 748256361 657591346 762441372
657591346 762441372 657591346 770711682
657591346 762441372 673902187 762441372
673902187 762441372 673902187 763723496
673902187 762441372 699967223 762441372
699967223 762441372 702186450 772116676
702186450 772116676 733567221 773402411
514522544 591180974 545171710 600344193
545171710 600344193 555798226 600344193
555798226 600344193 572199008 601708160
572199008 601708160 572199008 607231514
572199008 607231514 572838044 609114416
572838044 609114416 572838044 624195054
545171710 600344193 545171710 627639182
572838044 609114416 604626665 609114416
538464904 702940183 551781173 730719293
684052532 862255132 725969813 862255132
725969813 862255132 750627208 883317527
750627208 883317527 757502746 883317527
757502746 883317527 767440392 883317527
767440392 883317527 767440392 885753589
767440392 883317527 784270874 883317527
757502746 883317527 757502746 904976794
750627208 883317527 750627208 918360324
842266598 852016981 888685097 852016981
572199008 601708160 619337261 601708160
750627208 918360324 778738137 937617960
778738137 937617960 780806815 937617960
778738137 937617960 778738137 960635604
780806815 937617960 801205046 942584897
801205046 942584897 822366047 942584897
822366047 942584897 845000121 960791062
801205046 942584897 801205046 990889997
801205046 990889997 819282918 994108203
819282918 994108203 819943059 995713237
972637250 793818585 988402416 826759921
988402416 826759921 993986370 826759921
988402416 826759921 988402416 835151463
988402416 835151463 988806879 847384383
988806879 847384383 993956725 871697893
953659938 798427199 958932765 842146349
959639688 949485295 986932042 971324414
986932042 971324414 989234196 971599527
989234196 971599527 999367933 976286557
899711053 923800341 899711053 974876519
899711053 974876519 910015294 993458074
910015294 993458074 920539998 998489333
920539998 998489333 920539998 999230189
920539998 998489333 958462085 998489333
649851610 498650658 692450837 507128813
692450837 507128813 692450837 518176806
692450837 507128813 716203000 507128813
716203000 507128813 722633837 507680885
722633837 507680885 731554657 507680885
731554657 507680885 731554657 516926114
722633837 507680885 722633837 531795393
731554657 516926114 752415517 531090966
752415517 531090966 752558460 555047309
752558460 555047309 752558460 568994349
752558460 568994349 777881912 579920738
777881912 579920738 777881912 585486112
777881912 579920738 798428032 579920738
722633837 531795393 746385984 545831405
731554657 507680885 777027517 507680885
777027517 507680885 777027517 511394878
777027517 507680885 815006284 507680885
815006284 507680885 817720895 514734779
472881928 583708237 472881928 635268935
472881928 635268935 488974329 639491573
702342372 623678360 705556802 672168512
705556802 672168512 705778283 698375346
572838044 624195054 599190855 649768477
405127236 295462072 449009070 303557609
449009070 303557609 478648166 309293100
478648166 309293100 478648166 326004507
478648166 309293100 497531918 309293100
497531918 309293100 503939854 313699743
503939854 313699743 503939854 334396984
503939854 334396984 519084101 343464280
519084101 343464280 520594735 343464280
520594735 343464280 542602132 345669201
503939854 313699743 540669044 313699743
519084101 343464280 519084101 387076669
542602132 345669201 587907838 351746833
587907838 351746833 591270517 357313177
591270517 357313177 595421190 357909484
595421190 357909484 619361445 357909484
595421190 357909484 595421190 399616043
595421190 399616043 609089453 399616043
595421190 399616043 595421190 424706276
609089453 399616043 637287059 405170754
637287059 405170754 640899425 407681757
640899425 407681757 665458189 407681757
665458189 407681757 693632013 417048248
693632013 417048248 693632013 427444287
693632013 427444287 702836702 428417404
702836702 428417404 703476902 428417404
702836702 428417404 702836702 433715880
693632013 417048248 708842941 417048248
708842941 417048248 714812731 417048248
708842941 417048248 708842941 423565790
640899425 407681757 640899425 447784442
640899425 447784442 640899425 453704877
640899425 447784442 647464554 447784442
647464554 447784442 647481059 467708789
702836702 433715880 719885495 459053381
809331079 794192768 809331079 846436951
809331079 846436951 821771186 849928380
821771186 849928380 825412539 873139722
825412539 873139722 825412539 875514276
825412539 873139722 839873021 873139722
839873021 873139722 876971134 890521060
876971134 890521060 876971134 892527347
876971134 890521060 880448568 890521060
274914254 539839136 279062374 590363892
279062374 590363892 305030008 595373484
80896140 0 135744488 0
135744488 0 135744488 24130252
135744488 0 162180614 0
162180614 0 172435205 0
172435205 0 172435205 2952442
172435205 0 186370012 0
162180614 0 162180614 14258827
186370012 0 214564376 0
214564376 0 221121707 0
221121707 0 236641948 0
236641948 0 237181237 0
237181237 0 249523719 0
249523719 0 251314347 0
251314347 0 251542138 0
251542138 0 253683708 0
251542138 0 251542138 3580826
251542138 3580826 253683708 3820616
249523719 0 249523719 5346060
249523719 5346060 251314347 5375724
253683708 0 264987453 0
264987453 0 268246399 0
268246399 0 268246399 2194618
268246399 0 278397132 0
278397132 0 279874997 0
264987453 0 264987453 10598906
279874997 0 301229891 0
301229891 0 306316082 0
306316082 0 306316082 8743371
221121707 0 221121707 24053130
221121707 24053130 236641948 30720748
236641948 30720748 237181237 37302216
279874997 0 279874997 26773437
279874997 26773437 301229891 29076466
301229891 29076466 302672749 50389422
302672749 50389422 305586198 70479081
305586198 70479081 305586198 73218775
305586198 70479081 309336108 70479081
306316082 0 335936106 0
335936106 0 349075082 0
349075082 0 349075082 4502933
349075082 0 357543243 0
357543243 0 357543243 24400803
357543243 0 385407935 0
385407935 0 385407935 14613219
335936106 0 335936106 28984327
385407935 0 415488938 0
415488938 0 417619018 0
417619018 0 417619018 215187
415488938 0 415488938 34836927
278397132 0 278397132 35858273
186370012 0 186370012 39389918
186370012 39389918 214564376 40993380
335936106 28984327 337637756 68586609
337637756 68586609 350469196 71319237
350469196 71319237 350627159 71319237
350627159 71319237 350627159 74356307
350469196 71319237 350469196 107584030
350469196 107584030 354468200 112059437
354468200 112059437 354468200 150746726
354468200 150746726 365125536 163405025
365125536 163405025 377290384 163405025
377290384 163405025 377290384 168195433
377290384 163405025 386529240 163405025
386529240 163405025 398388611 171146799
398388611 171146799 398388611 191229940
398388611 171146799 424938585 171146799
424938585 171146799 430021671 179662184
430021671 179662184 460912075 179662184
460912075 179662184 460912075 198080501
460912075 198080501 469610537 198080501
460912075 198080501 460912075 207324590
460912075 207324590 460912075 209901813
460912075 207324590 466776174 207324590
460912075 179662184 479939568 179662184
460912075 209901813 465748197 225195146
465748197 225195146 478750577 238738746
478750577 238738746 478750577 243238737
365125536 163405025 365125536 196169336
430021671 179662184 430021671 212665532
430021671 212665532 430021671 222956100
430021671 212665532 442995430 212665532
430021671 222956100 436736251 239757591
436736251 239757591 462517682 243238737
462517682 243238737 462517682 259600867
462517682 259600867 472357549 263516133
398388611 191229940 410776758 212665532
410776758 212665532 410776758 226482788
478750577 238738746 516420251 238738746
478750577 243238737 509485405 251549093
509485405 251549093 524883472 275717385
524883472 275717385 524883472 277434335
524883472 275717385 528929004 275717385
415488938 34836927 440780329 53997997
440780329 53997997 440780329 59419670
440780329 53997997 449883198 53997997
449883198 53997997 470555679 72568401
470555679 72568401 474411092 72568401
470555679 72568401 470555679 77366855
135744488 24130252 142675632 61678110
142675632 61678110 181408333 67195925
528929004 275717385 554214070 298389426
554214070 298389426 589696853 307126956
589696853 307126956 614172616 326530028
614172616 326530028 633555574 337752305
633555574 337752305 635732760 337752305
633555574 337752305 633555574 340976837
635732760 337752305 652286211 339713442
652286211 339713442 652286211 347070225
652286211 347070225 652286211 349860753
652286211 347070225 657140766 347070225
652286211 339713442 679240132 339713442
652286211 349860753 656242550 379128791
470555679 77366855 495968147 100428268
495968147 100428268 495968147 101996893
495968147 100428268 510952480 100428268
510952480 100428268 515519496 119494992
495968147 101996893 505686038 119494992
505686038 119494992 505686038 127410753
505686038 127410753 505686038 133876246
505686038 127410753 514304861 127410753
514304861 127410753 523969204 149548604
523969204 149548604 525551791 149548604
525551791 149548604 525551791 167739706
525551791 167739706 528345501 169134408
528345501 169134408 537073331 169134408
537073331 169134408 548631605 178475398
548631605 178475398 555075662 182920403
555075662 182920403 565360425 187469628
565360425 187469628 565360425 193767128
523969204 149548604 523969204 173498075
525551791 149548604 552510274 149548604
565360425 193767128 597409485 196284865
597409485 196284865 598261764 196284865
597409485 196284865 597409485 201765041
597409485 201765041 600711102 245879123
600711102 245879123 611681090 265069246
611681090 265069246 621825019 265069246
621825019 265069246 621840167 277656713
611681090 265069246 611681090 287427086
417619018 0 466698360 0
466698360 0 473408851 0
473408851 0 481806642 0
481806642 0 481806642 5306348
473408851 0 473408851 8792440
466698360 0 466698360 38704028
481806642 0 520871524 0
520871524 0 542261597 0
542261597 0 542261597 14557662
520871524 0 520871524 38815378
520871524 38815378 523211279 51957899
523211279 51957899 523211279 77125764
523211279 77125764 523211279 86379904
523211279 86379904 523797680 95359693
523211279 77125764 540079440 77125764
523211279 51957899 549111407 51957899
549111407 51957899 574452203 53806061
574452203 53806061 580967900 60826430
580967900 60826430 580967900 69222784
580967900 69222784 586285775 80463451
586285775 80463451 591940439 90731257
580967900 60826430 600983933 60826430
591940439 90731257 632207181 93433325
632207181 93433325 632207181 105187844
632207181 105187844 637965819 106812060
637965819 106812060 657303431 106812060
632207181 93433325 652367871 93433325
657303431 106812060 670630160 121748793
670630160 121748793 673929220 122289187
673929220 122289187 673929220 135733053
673929220 135733053 682340602 146782408
682340602 146782408 687878153 163955690
687878153 163955690 687878153 179011867
687878153 179011867 702359938 179011867
673929220 122289187 706633553 122289187
637965819 106812060 637965819 147695332
637965819 147695332 638767512 160886054
638767512 160886054 644507133 163183210
644507133 163183210 657948607 163183210
644507133 163183210 644507133 179885571
687878153 179011867 687878153 227358542
687878153 227358542 687878153 230502136
687878153 230502136 691185905 231000916
687878153 227358542 693463450 227358542
542261597 0 591451229 0
591451229 0 639447768 0
639447768 0 655324390 0
655324390 0 666471336 0
666471336 0 674812813 0
655324390 0 655324390 14361637
655324390 14361637 666471336 16052339
666471336 16052339 674812813 24253301
674812813 0 699293042 0
639447768 0 639447768 39559238
699293042 0 699293042 47594791
699293042 47594791 716045151 64157685
716045151 64157685 734343064 64157685
716045151 64157685 716045151 83528163
716045151 83528163 725730632 86164083
725730632 86164083 725730632 94386476
725730632 86164083 751602114 86164083
751602114 86164083 762380180 90261584
762380180 90261584 766602491 95214487
766602491 95214487 771034075 124877614
771034075 124877614 784650386 130748163
784650386 130748163 787708600 150722605
787708600 150722605 811848526 150722605
811848526 150722605 811848526 153171306
811848526 150722605 825874229 150722605
787708600 150722605 787708600 183195589
787708600 183195589 805668647 183195589
787708600 183195589 787708600 214348500
787708600 214348500 796361535 226054033
796361535 226054033 802951463 261887198
802951463 261887198 804077574 261887198
802951463 261887198 802951463 274211987
802951463 274211987 840678286 275367086
840678286 275367086 843180501 279429069
843180501 279429069 843180501 305234484
843180501 305234484 848060613 305234484
843180501 305234484 843180501 329220074
843180501 279429069 877345686 279429069
877345686 279429069 881111041 296508943
881111041 296508943 890499935 298430425
890499935 298430425 890499935 305188168
890499935 298430425 911120333 298430425
911120333 298430425 932850601 307202585
932850601 307202585 950886978 307202585
932850601 307202585 932850601 325548745
932850601 325548745 932850601 336591478
932850601 325548745 947845704 325548745
890499935 305188168 898364608 336717268
898364608 336717268 903386294 336717268
898364608 336717268 898364608 365186261
903386294 336717268 918945490 355307013
918945490 355307013 931765626 355307013
918945490 355307013 918945490 382131519
931765626 355307013 962222006 366186883
591451229 0 591451229 48319746
528345501 169134408 528345501 218739765
528345501 218739765 532989384 232722745
532989384 232722745 539568496 234152189
687878153 163955690 737511670 163955690
805668647 183195589 837696138 202338254
837696138 202338254 860126635 223449476
860126635 223449476 860126635 233737369
860126635 223449476 878582216 223449476
878582216 223449476 899202586 223631473
899202586 223631473 917427498 223631473
917427498 223631473 918089432 226852589
918089432 226852589 933834300 231968404
933834300 231968404 933834300 254189412
933834300 254189412 937522529 266185495
937522529 266185495 940789920 274997311
933834300 231968404 966867575 231968404
966867575 231968404 966867575 238912611
966867575 231968404 977745136 231968404
966867575 238912611 976866960 244570874
976866960 244570874 994463290 273606816
899202586 223631473 899202586 273469666
702359938 179011867 715315401 217425018
715315401 217425018 729789473 218868439
729789473 218868439 741427543 218868439
741427543 218868439 755204363 226054033
755204363 226054033 755204363 243528070
755204363 243528070 760224228 247561970
760224228 247561970 773030638 260016585
773030638 260016585 773030638 281138153
773030638 260016585 794643875 260016585
729789473 218868439 729789473 244904833
729789473 244904833 740224094 244904833
729789473 244904833 729789473 271666501
773030638 281138153 773934695 311101981
773934695 311101981 774183513 311101981
774183513 311101981 776228663 311683251
773934695 311101981 773934695 314275022
773934695 314275022 782637860 324646870
782637860 324646870 788831140 345686441
699293042 0 750756143 0
750756143 0 755132185 0
755132185 0 756911121 0
756911121 0 761463987 0
761463987 0 762647722 0
762647722 0 762647722 6996132
762647722 0 772027099 0
772027099 0 773564363 0
773564363 0 773564363 20643726
755132185 0 755132185 22015383
755132185 22015383 756911121 40124576
756911121 40124576 756911121 48361653
756911121 40124576 772027099 40124576
750756143 0 750756143 25992127
773564363 0 806526360 0
806526360 0 806526360 33319747
806526360 33319747 813213856 59897731
813213856 59897731 813213856 63803006
813213856 59897731 847110414 59897731
813213856 63803006 829242475 89823047
829242475 89823047 843439642 103307957
772027099 40124576 779448361 81609867
779448361 81609867 785793963 83822456
706633553 122289187 743989479 136898366
743989479 136898366 755428074 147179915
523797680 95359693 570345118 101423045
570345118 101423045 576700792 122445896
565360425 187469628 618910355 187469628
806526360 0 860334628 0
860334628 0 869180424 0
860334628 0 860334628 13358599
860334628 13358599 869180424 34974761
869180424 0 917878402 0
917878402 0 918116144 0
918116144 0 918116144 839020
918116144 839020 918116144 40231791
918116144 40231791 935795322 63149853
935795322 63149853 935795322 63555104
935795322 63149853 940961044 63149853
940961044 63149853 957410672 65516236
957410672 65516236 970369035 65516236
957410672 65516236 957410672 96338246
917878402 0 917878402 49286654
917878402 49286654 959411881 49826884
957410672 96338246 980507074 127375308
980507074 127375308 980507074 127993005
980507074 127375308 986594066 127375308
539568496 234152189 568518259 259780649
568518259 259780649 587949084 272777973
752558460 555047309 807982904 555047309
807982904 555047309 841940834 560635349
469971460 438412750 495000328 468943643
495000328 468943643 497900732 468943643
679240132 339713442 715908664 359075100
715908664 359075100 716212302 376030757
716212302 376030757 716212302 379885549
716212302 379885549 722418083 382928896
722418083 382928896 755899753 389636929
755899753 389636929 765624874 392510824
765624874 392510824 769691377 392510824
765624874 392510824 765624874 415291966
765624874 415291966 799919170 418173724
799919170 418173724 816294186 418173724
816294186 418173724 816294186 429497372
816294186 418173724 848753878 418173724
848753878 418173724 851950824 421208372
851950824 421208372 851950824 442305687
851950824 442305687 860527780 442305687
860527780 442305687 861432206 442305687
860527780 442305687 860527780 448263595
851950824 442305687 851950824 456157355
851950824 421208372 879549863 421208372
879549863 421208372 893962855 428746094
816294186 429497372 836041498 450565017
836041498 450565017 842800815 450565017
836041498 450565017 836041498 482119119
893962855 428746094 910379389 458429832
910379389 458429832 910379389 460740832
910379389 458429832 936199422 458429832
836041498 482119119 858626020 506990414
858626020 506990414 858626020 532638325
858626020 506990414 886551963 506990414
886551963 506990414 888755209 506990414
886551963 506990414 886551963 525168766
886551963 525168766 898198329 530572671
898198329 530572671 898198329 534458971
898198329 530572671 903425258 530572671
898198329 534458971 902840715 546259282
888755209 506990414 898198329 516846014
858626020 532638325 874894616 546259282
874894616 546259282 874894616 548987515
874894616 546259282 879550933 546259282
879550933 546259282 879550933 547260414
902840715 546259282 917056927 571968575
917056927 571968575 917056927 573855071
917056927 573855071 917056927 574544264
917056927 573855071 926167769 573855071
926167769 573855071 950101554 574731245
950101554 574731245 957528562 574731245
950101554 574731245 950101554 596989479
917056927 571968575 942700787 571968575
903425258 530572671 944449985 536326074
944449985 536326074 946934054 536831046
898198329 516846014 945848882 516846014
945848882 516846014 946934054 527343849
946934054 527343849 946934054 529591849
946934054 529591849 949242856 529591849
949242856 529591849 959370856 535318857
959370856 535318857 959370856 535846233
959370856 535318857 980553726 535318857
946934054 527343849 982147807 527343849
980553726 535318857 989919631 564338036
989919631 564338036 991511707 596883239
959370856 535846233 969530600 569777293
716212302 376030757 765574006 376030757
621840167 277656713 644026228 312007099
498830162 421014466 540792372 436302550
540792372 436302550 562469651 456803945
562469651 456803945 594194151 480019193
918945490 382131519 945170165 413193023
945170165 413193023 945170165 415489297
945170165 415489297 948062253 415489297
948062253 415489297 949673015 421112764
945170165 413193023 952800541 413193023
945170165 415489297 945170165 424072404
841940834 560635349 854955835 604919096
854955835 604919096 856618102 612806465
856618102 612806465 856618102 629843223
856618102 629843223 871951179 629843223
856618102 629843223 856618102 656868739
856618102 656868739 875109308 661596980
875109308 661596980 875109308 670577593
875109308 670577593 881622300 676369570
881622300 676369570 881622300 694734817
856618102 612806465 890390192 612806465
881622300 676369570 929728121 676369570
929728121 676369570 929728121 679831717
929728121 679831717 930480859 687353142
929728121 676369570 947450851 676369570
947450851 676369570 968521827 692871405
968521827 692871405 979113585 692871405
968521827 692871405 968521827 707120937
930480859 687353142 942177991 730770877
488974329 639491573 499471937 686456439
499471937 686456439 502372762 736493907
502372762 736493907 533914687 752181038
533914687 752181038 540089412 799680836
540089412 799680836 557478592 799680836
557478592 799680836 557478592 807889137
557478592 799680836 575034525 799680836
540089412 799680836 540089412 833727576
540089412 833727576 548233337 867368382
548233337 867368382 558083039 873297095
558083039 873297095 570082319 873297095
570082319 873297095 577000493 878208500
577000493 878208500 577000493 891260982
577000493 891260982 585648201 908423447
585648201 908423447 590886120 908423447
585648201 908423447 585648201 930195706
577000493 878208500 607588609 878208500
558083039 873297095 558083039 905305139
558083039 905305139 562903649 905305139
558083039 905305139 558083039 916013560
558083039 916013560 564055559 930195706
564055559 930195706 564055559 954038439
564055559 954038439 565899520 957112422
565899520 957112422 579973423 957112422
565899520 957112422 565899520 988480906
585648201 930195706 612750877 938712250
612750877 938712250 612750877 942405618
612750877 942405618 625496638 952850133
625496638 952850133 635345012 952850133
625496638 952850133 625496638 970039704
625496638 970039704 629373586 990108166
635345012 952850133 655184162 962435905
579973423 957112422 611302225 969823173
611302225 969823173 611785720 998882579
612750877 938712250 668470564 938712250
668470564 938712250 698076415 951189294
698076415 951189294 701182328 978711755
360559937 590498918 366615297 642481316
366615297 642481316 381720776 654819348
381720776 654819348 381720776 677193223
381720776 677193223 384982454 677193223
381720776 677193223 381720776 702414143
381720776 702414143 401572481 703724310
401572481 703724310 415325242 703724310
415325242 703724310 420940918 704591777
420940918 704591777 420940918 706547106
420940918 706547106 421768195 715476576
421768195 715476576 421768195 716985000
421768195 716985000 426648452 716985000
421768195 716985000 421768195 736743986
421768195 736743986 421768195 737944855
421768195 736743986 424789135 736743986
424789135 736743986 434030953 745938958
434030953 745938958 436725985 745938958
434030953 745938958 434030953 758588144
426648452 716985000 431717021 734295118
421768195 715476576 451596723 715476576
451596723 715476576 461241664 724883258
461241664 724883258 481436340 740670251
381720776 654819348 417762498 654819348
417762498 654819348 417762498 670404682
417762498 670404682 427732180 675570812
417762498 654819348 452640430 654819348
434030953 758588144 445010592 802779983
445010592 802779983 451364362 802779983
451364362 802779983 453583668 802779983
451364362 802779983 451364362 807679712
451364362 807679712 458636146 836442956
445010592 802779983 445010592 839792845
401572481 703724310 401572481 761550133
401572481 761550133 417247164 802252189
397209670 491260885 450854389 495877618
450854389 495877618 450854389 499348711
450854389 499348711 452529387 499348711
450854389 495877618 456548717 495877618
450854389 499348711 450854389 506352823
452529387 499348711 456485671 504524482
248139071 238019383 306924983 238019383
306924983 238019383 341151898 240718451
341151898 240718451 341151898 258402777
341151898 240718451 360480571 240718451
360480571 240718451 390145877 263525077
918116144 839020 976915493 839020
976915493 839020 983056147 839020
976915493 839020 976915493 15307473
354468200 112059437 413634884 112059437
413634884 112059437 425011492 120093464
425011492 120093464 425011492 155023560
425011492 155023560 435685896 165127935
425011492 120093464 465199756 120093464
684052532 874336358 698076415 920233587
698076415 920233587 700495745 920233587
700495745 920233587 702531141 920233587
700495745 920233587 700495745 930039616
702531141 920233587 716949732 925200980
716949732 925200980 735406978 925200980
716949732 925200980 716949732 945024995
769691377 392510824 812792898 410011723
788831140 345686441 831264439 364093288
831264439 364093288 832201076 382483040
832201076 382483040 843143513 392702601
843143513 392702601 849348122 407987374
849348122 407987374 874943317 409055262
305586198 73218775 305884891 133829276
305884891 133829276 308296045 159012028
308296045 159012028 321322178 166529098
321322178 166529098 325592086 185727396
949673015 421112764 974990608 457248531
194332058 411799213 211663019 456742119
211663019 456742119 219075910 472848994
219075910 472848994 220165458 472848994
220165458 472848994 227766362 482036120
227766362 482036120 229331375 482036120
227766362 482036120 227766362 487477841
227766362 487477841 228576164 487477841
350627159 71319237 413471088 71319237
413471088 71319237 413656522 101074487
875109308 661596980 938078551 661596980
320213580 334233006 362758225 355729279
362758225 355729279 370154537 386872918
370154537 386872918 385241774 405733182
458636146 836442956 474004409 885447322
474004409 885447322 482218460 895278204
482218460 895278204 482218460 898251219
482218460 898251219 484365416 898251219
482218460 895278204 507149220 895278204
507149220 895278204 512051198 916013560
512051198 916013560 512051198 935434957
512051198 935434957 517997006 941100573
512051198 916013560 542047545 916013560
542047545 916013560 542047545 916310303
517997006 941100573 529265108 968444559
529265108 968444559 534106798 987494812
534106798 987494812 544056479 988380422
484365416 898251219 507103803 914164375
482218460 898251219 482218460 939277287
482218460 939277287 488640796 953832712
488640796 953832712 506343063 953832712
488640796 953832712 488640796 990002467
705778283 698375346 717667758 750985681
717667758 750985681 717667758 755440339
717667758 755440339 719455730 757614315
717667758 750985681 730433136 750985681
420940918 704591777 485917310 704591777
179983920 213722498 200274602 258818382
200274602 258818382 200274602 267642283
200274602 258818382 211697757 258818382
252971087 250655488 252971087 316416987
799919170 418173724 799919170 484331937
323597275 603509451 326994276 667182420
326994276 667182420 327884303 670712996
327884303 670712996 339867504 704196739
339867504 704196739 339867504 706311652
339867504 706311652 340108803 706311652
339867504 706311652 339867504 709414213
339867504 704196739 354830409 704196739
354830409 704196739 360692808 716561653
339867504 709414213 341808065 763155354
341808065 763155354 350927201 763155354
341808065 763155354 341808065 780307192
350927201 763155354 394257758 770054560
394257758 770054560 400902101 802252189
400902101 802252189 400902101 818392921
400902101 818392921 403229173 832338937
403229173 832338937 405613789 832338937
403229173 832338937 403229173 839406739
403229173 839406739 403450957 839406739
403229173 839406739 403229173 853802190
403229173 853802190 431528767 865631393
431528767 865631393 436010439 876991936
436010439 876991936 436010439 881637660
211697757 258818382 221033639 316708933
221033639 316708933 236160665 319328359
236160665 319328359 246056188 321322775
246056188 321322775 250007929 327857924
974990608 457248531 998381707 501195765
228576164 487477841 229487267 554944790
229487267 554944790 233310686 599706089
233310686 599706089 238916773 607736267
238916773 607736267 239149470 614209919
239149470 614209919 241193481 643897435
950101554 596989479 976728733 638871417
241192109 144068414 293425455 160440023
475525018 515685831 524040832 535829249
524040832 535829249 524483929 570122173
524483929 570122173 533609560 582412530
227766362 487477841 227766362 556393737
227766362 556393737 228940140 589510051
465199756 120093464 490616995 163644685
798428032 579920738 819800270 629309846
819800270 629309846 819949546 629309846
819800270 629309846 819800270 631709922
819800270 631709922 831083962 640259349
393896712 433275688 438379046 459746853
438379046 459746853 438379046 460658047
438379046 459746853 441843082 459746853
869180424 34974761 916440404 58865644
673902187 763723496 692146409 817275303
692146409 817275303 694578656 845253617
694578656 845253617 698815992 846683822
698815992 846683822 725969813 850173674
725969813 850173674 753061290 850173674
309336108 70479081 322533579 129190128
866857842 804861304 928140508 816711058
928140508 816711058 945490059 847517336
945490059 847517336 945490059 848734022
945490059 847517336 951346953 847517336
951346953 847517336 951930859 847797201
618910355 187469628 640379338 241280688
640379338 241280688 671101516 250476339
466698360 38704028 518149912 62940699
235907016 117632927 289873432 141272676
640085923 583514551 659144214 642216362
916440404 58865644 935388670 118983337
935388670 118983337 936288403 157282359
843439642 103307957 884795344 141371161
884795344 141371161 893278847 163603284
893278847 163603284 902854070 163603284
893278847 163603284 893278847 187072309
0 248479308 0 328299011
0 328299011 11779176 328299011
0 328299011 0 343867305
0 343867305 0 355284245
0 355284245 0 356721041
0 356721041 0 372623481
0 372623481 166110 372623481
0 372623481 0 378867194
0 378867194 0 379992086
0 378867194 2632206 378867194
0 379992086 0 392121432
0 392121432 0 402865132
0 402865132 0 404392757
0 404392757 0 404848375
0 404392757 5990498 404392757
0 356721041 16026825 356721041
0 404848375 0 423560035
0 343867305 22172174 343867305
2632206 378867194 25061812 379992086
25061812 379992086 25405988 392121432
25405988 392121432 25405988 402865132
25405988 402865132 31155389 404848375
25405988 392121432 44336496 392121432
44336496 392121432 47609041 423560035
47609041 423560035 51550198 423864336
51550198 423864336 71641956 423864336
71641956 423864336 71641956 428915541
51550198 423864336 51550198 450466799
71641956 423864336 115693814 423864336
115693814 423864336 119660349 431493556
119660349 431493556 129457041 436982153
129457041 436982153 132531732 436982153
129457041 436982153 129457041 472695366
129457041 472695366 129578201 472848994
129578201 472848994 129578201 487315208
129578201 487315208 138012378 491705456
138012378 491705456 155496633 492428498
0 423560035 0 478190975
0 478190975 0 490185362
0 478190975 14264117 478190975
0 490185362 0 524221942
0 524221942 0 529565243
0 524221942 23184517 524221942
23184517 524221942 25580560 529565243
0 529565243 0 568999142
0 568999142 0 572536983
0 572536983 19876294 572536983
0 572536983 0 602542917
0 602542917 11444753 602542917
0 602542917 0 615317133
0 615317133 19538237 615317133
0 615317133 0 639988632
0 639988632 5098412 639988632
0 639988632 0 669980065
0 669980065 0 672574650
0 672574650 0 704192875
0 704192875 0 708848893
0 704192875 12722418 704192875
0 708848893 0 741195737
0 741195737 0 741935910
0 741935910 18944434 741935910
0 568999142 35830564 568999142
0 741935910 0 779533305
0 779533305 0 788633289
0 779533305 22029938 779533305
22029938 779533305 35494215 788633289
12722418 704192875 45861187 708848893
45861187 708848893 47396879 718643525
47396879 718643525 47396879 726599306
47396879 726599306 58730992 726599306
47396879 726599306 47396879 741195737
47396879 718643525 72691298 718643525
72691298 718643525 76834717 719132074
76834717 719132074 76834717 735352868
76834717 735352868 87831268 748792831
87831268 748792831 99733620 754053884
99733620 754053884 104469530 754053884
104469530 754053884 113101943 760843859
113101943 760843859 123176716 760843859
123176716 760843859 129512514 777911108
129512514 777911108 130779636 780345779
130779636 780345779 130779636 790392777
76834717 719132074 102281475 719132074
102281475 719132074 114215649 734304750
114215649 734304750 126848758 734304750
126848758 734304750 128713723 734304750
126848758 734304750 126848758 740736467
126848758 740736467 129193936 750272748
114215649 734304750 114215649 747041974
130779636 780345779 161697142 780345779
161697142 780345779 165523673 794177993
165523673 794177993 165523673 812408882
165523673 812408882 167858427 832281798
167858427 832281798 167858427 840959349
167858427 840959349 174378680 852500446
174378680 852500446 182622790 858219810
182622790 858219810 182622790 861188508
182622790 861188508 192478263 866960787
167858427 832281798 189125217 832281798
165523673 794177993 190841681 794177993
182622790 858219810 212699995 858219810
113101943 760843859 113101943 792082989
192478263 866960787 209962491 884381274
209962491 884381274 223774238 884535647
99733620 754053884 99733620 790418606
99733620 790418606 100985262 803207699
223774238 884535647 261418311 884535647
261418311 884535647 268883757 889475268
268883757 889475268 268883757 900790124
268883757 900790124 274790654 901255953
274790654 901255953 288221286 901255953
288221286 901255953 308390581 902337822
308390581 902337822 308390581 928020155
308390581 928020155 322147904 932063725
322147904 932063725 327433167 940414611
327433167 940414611 350545288 940414611
350545288 940414611 351976401 940414611
351976401 940414611 351976401 940846480
351976401 940414611 355135831 940414611
350545288 940414611 350545288 955303318
350545288 955303318 353848732 956235054
353848732 956235054 353848732 982496496
308390581 902337822 335010651 902337822
335010651 902337822 335010651 902577219
335010651 902337822 336928457 902337822
274790654 901255953 274790654 929718933
274790654 929718933 277167217 946883102
277167217 946883102 277167217 955123315
277167217 955123315 281028354 957709668
281028354 957709668 281028354 971299178
277167217 946883102 291661247 946883102
281028354 957709668 296441332 957709668
327433167 940414611 327433167 976567969
0 672574650 38717199 672574650
353848732 956235054 393134077 956235054
393134077 956235054 393622291 956999701
393622291 956999701 393622291 970531508
393622291 970531508 394971415 973098901
394971415 973098901 404862085 983602557
223774238 884535647 223774238 926555489
223774238 926555489 241468855 926555489
223774238 926555489 223774238 947010885
190841681 794177993 230371598 797325204
230371598 797325204 233210232 797325204
230371598 797325204 230371598 814129388
230371598 814129388 230793977 814129388
230371598 814129388 230371598 816347226
230371598 816347226 237434081 825630919
237434081 825630919 245992317 825630919
237434081 825630919 237434081 837690861
233210232 797325204 264698031 798051052
264698031 798051052 264698031 798190684
264698031 798190684 275905112 804411847
275905112 804411847 276616998 804411847
275905112 804411847 275905112 810045091
275905112 810045091 276004941 810045091
275905112 810045091 275905112 823113393
264698031 798051052 297568961 798051052
297568961 798051052 320373278 811922883
0 788633289 0 832571996
0 832571996 0 859395991
0 859395991 13310361 859395991
0 832571996 30850997 832571996
353848732 982496496 383894191 996904516
383894191 996904516 383894191 997514145
383894191 996904516 385786565 996904516
0 669980065 45208468 669980065
45208468 669980065 57698209 700793953
14264117 478190975 48903428 490185362
48903428 490185362 86268390 495719435
86268390 495719435 88956132 513695135
88956132 513695135 123215694 523339730
123215694 523339730 124147733 562294788
124147733 562294788 128976965 565418204
128976965 565418204 131226918 565418204
131226918 565418204 131226918 567991033
128976965 565418204 128976965 568611550
131226918 565418204 139076495 565418204
139076495 565418204 139076495 565886086
139076495 565886086 156126966 571217489
156126966 571217489 156126966 586571617
156126966 571217489 187915417 571217489
187915417 571217489 194414361 575810498
194414361 575810498 197398786 575810498
197398786 575810498 197398786 575964167
194414361 575810498 194414361 582351686
197398786 575810498 204844172 575810498
131226918 567991033 134791696 596406304
134791696 596406304 135020760 609410096
135020760 609410096 135020760 621449665
135020760 609410096 152803631 609410096
204844172 575810498 223453180 589510051
135020760 621449665 140291829 652988309
140291829 652988309 148212898 652988309
148212898 652988309 153957378 662763172
153957378 662763172 158119818 662763172
153957378 662763172 153957378 680702402
158119818 662763172 183216674 665504749
140291829 652988309 140291829 690877662
130779636 790392777 150392772 817577630
35830564 568999142 62418037 589653836
62418037 589653836 63252549 589653836
62418037 589653836 62418037 600844639
63252549 589653836 91267203 590589374
91267203 590589374 95799801 609590790
95799801 609590790 99218098 609590790
95799801 609590790 95799801 614981566
95799801 614981566 108324854 627185348
108324854 627185348 108324854 636728292
108324854 627185348 123865993 627185348
336928457 902337822 360662666 925974465
360662666 925974465 371035572 936099111
371035572 936099111 371258462 936099111
371035572 936099111 371035572 937990014
371035572 937990014 376296156 938975882
57698209 700793953 96048274 710958325
0 859395991 0 911257636
0 911257636 0 922936231
0 922936231 8937665 922936231
0 922936231 0 946498755
0 911257636 36330298 911257636
36330298 911257636 38609069 919407731
38609069 919407731 38609069 946498755
38609069 946498755 50114515 950766214
50114515 950766214 90006516 950766214
90006516 950766214 92168360 957092791
92168360 957092791 92168360 974119770
50114515 950766214 50114515 991040831
38609069 919407731 87214063 919407731
87214063 919407731 88732196 929351466
88732196 929351466 102483771 929351466
88732196 929351466 88732196 964017366
62418037 600844639 74308955 641024915
223453180 589510051 223453180 643623347
153957378 680702402 167533720 722892150
268883757 889475268 324840794 889475268
223774238 947010885 254042021 972962862
13310361 859395991 62851836 868566542
62851836 868566542 62851836 885394486
62851836 885394486 67477741 885394486
62851836 885394486 62851836 896726573
62851836 868566542 97915667 868566542
62851836 896726573 94619505 903437661
94619505 903437661 120391681 912048900
120391681 912048900 120391681 918019674
120391681 912048900 156903543 912048900
92168360 974119770 150404295 974953086
150404295 974953086 153318858 974953086
153318858 974953086 155972192 986241181
150404295 974953086 150404295 996668104
92168360 957092791 153071859 957092791
153071859 957092791 191850711 963700652
167533720 722892150 232513770 723099516
232513770 723099516 236925955 737908439
236925955 737908439 236925955 748500182
236925955 748500182 243005594 749149752
236925955 737908439 252162678 737908439
252162678 737908439 252416146 745824818
252416146 745824818 252416146 748198921
252416146 748198921 255153782 755173523
252416146 745824818 267825155 745824818
25580560 529565243 82403790 539631845
51550198 450466799 113509027 456546091
113509027 456546091 114930736 456546091
114930736 456546091 117631454 460734310
113509027 456546091 113509027 467188337
275905112 823113393 311781779 857960207
311781779 857960207 359997602 865026155
359997602 865026155 386493572 889107488
386493572 889107488 394019302 889107488
386493572 889107488 386493572 901223311
386493572 901223311 398819732 903124851
398819732 903124851 399916432 903124851
398819732 903124851 398819732 915072363
394019302 889107488 399916432 899400293
399916432 899400293 402805973 899400293
100985262 803207699 108325368 867928197
123865993 627185348 124254839 699658137
139076495 565418204 213470570 565418204
393622291 956999701 469881725 956999701
11779176 328299011 87132689 329479582
87132689 329479582 89330691 331258945
89330691 331258945 101476252 331258945
89330691 331258945 89330691 363723002
89330691 363723002 122737740 363767545
101476252 331258945 120296624 360158985
122737740 363767545 139093060 419060318
139093060 419060318 139093060 423140497
139093060 423140497 143766764 424498231
139093060 419060318 159544080 419060318
219075910 472848994 219075910 553473373
219075910 553473373 223782262 559579141
936288403 157282359 961497083 212797275
961497083 212797275 961497083 215112412
961497083 212797275 966173657 212797275
223453180 643623347 227912877 720617688
227912877 720617688 227912877 765449620
552510274 149548604 617902547 165747943
691185905 231000916 697722049 306289820
697722049 306289820 697722049 307466748
697722049 306289820 702924708 306289820
702924708 306289820 714597252 325643060
714597252 325643060 724722194 326032514
724722194 326032514 771375066 352079914
278397132 35858273 287938567 108496061
287938567 108496061 294779416 110489220
82403790 539631845 120632327 583633455
156903543 912048900 208265152 943140799
30850997 832571996 98577244 848480671
29086790 248479308 77532398 284948673
77532398 284948673 78213434 284948673
77532398 284948673 77532398 313461494
227912877 720617688 313097837 720617688
313097837 720617688 313097837 721595113
313097837 720617688 316391114 720617688
608037442 724396051 694606150 724396051
694606150 724396051 697571234 741203163
183216674 665504749 220757229 719073932
320373278 811922883 377544547 847001250
436010439 876991936 528775575 876991936
440827876 545621151 446221563 636901401
446221563 636901401 446221563 639648841
446221563 636901401 458493719 636901401
