1460
0 0 0 0
0 0 0 4266150
0 0 9510418 0
9510418 0 12897787 0
9510418 0 9510418 4266150
12897787 0 20249987 0
0 4266150 0 31578541
0 31578541 0 37053743
0 37053743 0 38467402
0 38467402 12897787 38467402
0 31578541 20249987 31578541
20249987 0 50223083 0
50223083 0 57620341 0
57620341 0 57743799 0
57743799 0 67066466 0
67066466 0 67066466 18357658
57620341 0 57620341 24492396
57620341 24492396 57743799 48813721
57743799 48813721 58212750 51694213
58212750 51694213 58212750 66769181
58212750 66769181 65015074 66769181
50223083 0 50223083 30353156
67066466 0 98374219 0
98374219 0 104976203 0
104976203 0 104976203 9800581
98374219 0 98374219 23263516
58212750 51694213 90604703 51694213
65015074 66769181 76953954 90111874
76953954 90111874 80696967 90111874
76953954 90111874 76953954 94633725
80696967 90111874 107030385 92370837
90604703 51694213 114097146 66117460
114097146 66117460 124841160 66117460
114097146 66117460 114097146 87682748
124841160 66117460 143646798 82680383
143646798 82680383 151731958 94595589
151731958 94595589 151731958 118385563
151731958 118385563 151731958 120335293
151731958 120335293 153155695 121542507
151731958 118385563 163104122 118385563
163104122 118385563 165281059 121542507
165281059 121542507 165281059 133894217
153155695 121542507 153155695 136380436
153155695 136380436 155307930 160322562
155307930 160322562 169514016 160479650
169514016 160479650 172481775 160479650
165281059 133894217 170851489 157716929
165281059 121542507 198217752 121542507
198217752 121542507 217087071 141252196
217087071 141252196 217087071 154995318
217087071 141252196 241137641 141252196
241137641 141252196 242303922 156075205
242303922 156075205 242303922 178165011
242303922 178165011 250504614 182380073
250504614 182380073 260129566 183573275
260129566 183573275 267188782 195676953
267188782 195676953 267188782 196576767
267188782 196576767 269855486 209018061
269855486 209018061 281415157 209018061
269855486 209018061 269855486 233913479
269855486 233913479 271072417 238337365
271072417 238337365 280343036 238337365
271072417 238337365 271072417 252138164
242303922 156075205 272645843 156075205
272645843 156075205 279455278 156674879
280343036 238337365 309933762 239721491
309933762 239721491 314109562 251994454
58212750 66769181 58212750 106033342
58212750 106033342 63209685 106046904
169514016 160479650 169514016 200695820
169514016 200695820 191763215 220052970
191763215 220052970 209041849 232139802
209041849 232139802 221926078 232139802
209041849 232139802 209041849 249928794
209041849 249928794 212787244 249928794
209041849 249928794 209041849 271725361
209041849 271725361 211082240 272837053
212787244 249928794 234259556 250278929
234259556 250278929 238150438 250278929
234259556 250278929 234259556 258361695
234259556 258361695 244660142 265487999
211082240 272837053 223536305 289013553
267188782 195676953 309372427 195676953
309372427 195676953 316081990 217549734
316081990 217549734 322965711 228834188
217087071 154995318 236204664 178165011
236204664 178165011 236204664 185958179
151731958 94595589 194227037 94595589
194227037 94595589 202772001 94595589
194227037 94595589 194227037 109933267
194227037 109933267 236570329 111024495
236570329 111024495 267445208 117443064
267445208 117443064 303600364 122262175
303600364 122262175 304407765 122262175
304407765 122262175 304544442 122386259
304544442 122386259 311334778 122386259
303600364 122262175 303600364 138717411
303600364 138717411 304544442 151665826
311334778 122386259 339342633 130591935
172481775 160479650 193404295 187738357
339342633 130591935 354290217 166470407
354290217 166470407 356077286 166470407
356077286 166470407 371522746 171275002
371522746 171275002 371522746 181304028
371522746 171275002 389528539 171275002
371522746 181304028 373030347 199861035
373030347 199861035 382640641 199861035
354290217 166470407 354290217 192788961
354290217 192788961 370595524 198410104
389528539 171275002 401042082 194000701
401042082 194000701 418123457 195587860
418123457 195587860 419773905 195587860
418123457 195587860 418123457 226076000
382640641 199861035 383842335 238393572
383842335 238393572 392708926 238393572
383842335 238393572 383842335 260068525
383842335 260068525 387802657 260068525
383842335 260068525 383842335 268823510
392708926 238393572 395706710 259033738
419773905 195587860 455373556 214213610
455373556 214213610 456298109 217174246
456298109 217174246 461383598 217174246
456298109 217174246 456298109 268139828
456298109 268139828 458989921 268139828
458989921 268139828 470202939 273552254
470202939 273552254 485412583 273552254
456298109 268139828 456298109 287209138
470202939 273552254 470202939 314955780
470202939 314955780 473944244 342351285
473944244 342351285 484233006 349066353
484233006 349066353 484301567 354147417
484301567 354147417 484301567 359214984
484301567 354147417 512308349 354147417
484301567 359214984 499834774 376348707
499834774 376348707 501974184 392092943
501974184 392092943 501974184 396309542
501974184 396309542 508580758 405185250
508580758 405185250 508580758 437264287
508580758 437264287 511978410 448053037
511978410 448053037 512694536 452070510
512694536 452070510 512694536 461187075
512694536 452070510 536089556 452070510
508580758 405185250 542053671 405185250
542053671 405185250 556450043 405185250
556450043 405185250 559275900 405185250
556450043 405185250 556450043 417930709
556450043 417930709 567593126 419511149
567593126 419511149 574722425 419511149
574722425 419511149 581075807 419511149
574722425 419511149 574722425 426553538
542053671 405185250 542053671 424588248
567593126 419511149 567593126 442760426
567593126 442760426 572369646 445066503
572369646 445066503 582048163 445390192
582048163 445390192 598586222 451876076
559275900 405185250 581075807 412605935
581075807 412605935 598422495 412605935
598422495 412605935 615653052 418335662
615653052 418335662 620199755 418453103
620199755 418453103 620199755 428727586
620199755 418453103 658337662 418453103
658337662 418453103 658337662 425216858
658337662 418453103 684679823 418453103
684679823 418453103 694587687 419747656
694587687 419747656 699195608 419747656
699195608 419747656 704003656 424083713
704003656 424083713 710421340 424083713
710421340 424083713 711865845 442658683
711865845 442658683 729280285 448381795
729280285 448381795 729280285 462421260
729280285 462421260 735519438 483870328
735519438 483870328 740422355 510654863
740422355 510654863 745751255 519784112
745751255 519784112 758372457 522129658
758372457 522129658 772406011 522281336
772406011 522281336 786079626 522281336
786079626 522281336 786300688 522281336
786079626 522281336 786079626 529634986
786079626 529634986 794381440 533535167
794381440 533535167 814985227 533535167
814985227 533535167 814985227 549087352
814985227 533535167 833257722 533535167
833257722 533535167 833257722 537518302
833257722 533535167 838878215 533535167
794381440 533535167 794381440 565509046
794381440 565509046 798507304 565509046
794381440 565509046 794381440 575318424
704003656 424083713 704003656 461294531
704003656 461294531 704020328 483619679
729280285 448381795 767668018 448381795
704020328 483619679 707925734 520795266
707925734 520795266 710627534 539366819
598586222 451876076 613874427 478170011
613874427 478170011 613874427 487143023
613874427 487143023 622627760 499065097
613874427 478170011 645077742 478170011
645077742 478170011 647535960 483147446
647535960 483147446 680371868 483147446
680371868 483147446 684497654 483619679
684497654 483619679 684497654 510285763
767668018 448381795 804345498 455071463
804345498 455071463 806313770 455071463
806313770 455071463 818319929 457838132
818319929 457838132 818319929 464640364
804345498 455071463 804345498 471144658
818319929 457838132 860501230 457838132
860501230 457838132 896769734 463525031
896769734 463525031 900417124 463525031
896769734 463525031 896769734 467559207
896769734 467559207 897688486 470258031
794381440 575318424 795140502 618376812
795140502 618376812 795140502 621368902
795140502 618376812 820441412 618376812
795140502 621368902 806400858 642176756
806400858 642176756 810531732 642176756
806400858 642176756 806400858 654622523
772406011 522281336 772406011 568636996
772406011 568636996 780971406 579847241
780971406 579847241 791996155 595904610
461383598 217174246 512877155 218964494
512877155 218964494 512877155 221451931
512877155 218964494 524631273 218964494
524631273 218964494 542753793 220436710
542753793 220436710 542753793 222082499
542753793 222082499 551856874 222082499
551856874 222082499 558814888 222632381
542753793 222082499 542753793 241353072
542753793 220436710 562971511 220436710
542753793 241353072 556901172 250208873
556901172 250208873 556901172 261497484
556901172 261497484 558814888 261497484
556901172 261497484 556901172 268920464
556901172 268920464 558051949 270064305
558051949 270064305 558051949 279426306
558051949 270064305 572155509 270064305
572155509 270064305 572155509 282626568
572155509 270064305 590326587 270064305
556901172 250208873 577025351 250208873
577025351 250208873 583608794 250208873
577025351 250208873 577025351 260316190
562971511 220436710 593582246 222632381
590326587 270064305 624449745 277346346
624449745 277346346 630212049 277346346
624449745 277346346 624449745 284694542
630212049 277346346 659537528 280242848
659537528 280242848 659867134 285175491
624449745 284694542 632230160 324676408
593582246 222632381 631679078 237101791
631679078 237101791 652787669 239770110
652787669 239770110 652787669 244585180
652787669 239770110 659532350 239770110
659532350 239770110 659532350 241912143
659532350 239770110 678617227 239770110
678617227 239770110 689665292 261644625
689665292 261644625 689665292 266252853
689665292 261644625 695480708 261644625
695480708 261644625 713118511 293711805
713118511 293711805 725205295 293711805
725205295 293711805 725461228 320453217
725461228 320453217 725461228 320993071
725461228 320453217 739051540 320453217
725461228 320993071 731037389 334341220
731037389 334341220 731037389 336245614
731037389 334341220 733907073 334341220
739051540 320453217 759212464 322577381
759212464 322577381 769258207 328399277
769258207 328399277 770786539 328399277
769258207 328399277 769258207 336182074
769258207 336182074 785045966 337351912
785045966 337351912 798617466 337351912
798617466 337351912 798617466 353414049
798617466 353414049 805609258 354617415
805609258 354617415 810472357 357208825
785045966 337351912 785045966 367425268
810472357 357208825 840789835 357208825
840789835 357208825 842998228 376605460
842998228 376605460 861429671 376605460
842998228 376605460 842998228 400174947
842998228 400174947 858170130 414640631
713118511 293711805 713118511 325683936
798617466 337351912 833204893 337351912
833204893 337351912 836961483 337351912
833204893 337351912 833204893 342058438
731037389 336245614 731862723 377678448
731862723 377678448 748910839 379680426
748910839 379680426 775013973 379680426
748910839 379680426 748910839 408456637
810472357 357208825 810472357 399539153
861429671 376605460 906201228 378224523
906201228 378224523 914303046 379333760
914303046 379333760 918210492 379333760
918210492 379333760 920409996 407961152
920409996 407961152 921642565 418990587
921642565 418990587 930803578 425997909
930803578 425997909 951361912 439314933
951361912 439314933 969243932 439314933
951361912 439314933 951361912 457660673
810472357 399539153 827904066 430856356
838878215 533535167 863778804 563043449
863778804 563043449 875970767 563043449
863778804 563043449 863778804 587997918
875970767 563043449 903817997 573269093
903817997 573269093 903817997 591475295
903817997 591475295 906703050 608354302
906703050 608354302 906703050 618175544
906703050 618175544 917891022 618175544
906703050 618175544 906703050 636687956
906703050 636687956 917364475 652742150
917364475 652742150 921095170 667808719
921095170 667808719 925966238 670212546
925966238 670212546 944009580 670212546
944009580 670212546 954222273 674852194
954222273 674852194 960337552 674852194
960337552 674852194 970412182 687816809
970412182 687816809 970412182 697226755
970412182 697226755 970412182 702034567
970412182 697226755 976938318 697226755
970412182 702034567 973568801 712054431
973568801 712054431 973859703 712054431
973568801 712054431 973568801 713958058
954222273 674852194 954222273 698512105
970412182 687816809 995426513 687816809
995426513 687816809 996394240 710388288
973568801 713958058 990782942 728810864
906703050 608354302 955440421 608354302
955440421 608354302 969569478 613874337
969569478 613874337 972994825 613874337
969569478 613874337 969569478 635785598
969569478 635785598 990368963 660497656
925966238 670212546 925966238 722423904
925966238 722423904 934935451 730553471
934935451 730553471 934935451 730683203
934935451 730553471 944171367 730553471
944171367 730553471 967173734 742889111
647535960 483147446 647535960 537733067
647535960 537733067 647535960 551848555
647535960 551848555 651573291 556956784
647535960 537733067 679966595 537733067
679966595 537733067 691383164 562752677
691383164 562752677 696940279 576010742
696940279 576010742 696940279 588037423
696940279 588037423 696940279 591565950
696940279 591565950 697694851 599505632
696940279 588037423 727707896 588037423
696940279 576010742 733500986 576010742
733500986 576010742 740076119 579847241
740076119 579847241 740076119 583078942
740076119 583078942 748513620 584378575
748513620 584378575 771975952 584378575
748513620 584378575 748513620 616754316
748513620 616754316 779298689 621368902
779298689 621368902 779298689 662012454
779298689 662012454 787046285 678080901
651573291 556956784 668055068 587997215
668055068 587997215 668055068 589844272
668055068 587997215 672035049 587997215
672035049 587997215 672035049 588300977
672035049 587997215 684765076 587997215
684765076 587997215 685307250 588037423
685307250 588037423 685307250 607358262
685307250 607358262 690688880 607358262
690688880 607358262 690688880 608245700
690688880 607358262 693214803 607358262
685307250 607358262 685307250 623593338
685307250 623593338 701371008 656388391
701371008 656388391 712114429 663434922
712114429 663434922 713243274 679995393
713243274 679995393 713243274 717509155
713243274 717509155 713275504 717509155
713243274 717509155 713243274 724526035
713243274 724526035 724985810 737210810
724985810 737210810 724985810 759078050
724985810 759078050 740505422 763500138
740505422 763500138 753252808 763500138
724985810 737210810 748718043 737210810
748718043 737210810 757169708 737210810
748718043 737210810 748718043 751562749
753252808 763500138 762397175 786107588
762397175 786107588 768330902 786107588
762397175 786107588 762397175 795583654
757169708 737210810 789380930 742764951
789380930 742764951 789380930 749786871
789380930 749786871 794408541 753779671
794408541 753779671 798324189 753779671
798324189 753779671 798324189 760417183
798324189 760417183 801205929 774735666
794408541 753779671 794408541 771196945
801205929 774735666 819451947 774735666
819451947 774735666 823135013 791777721
789380930 742764951 810197195 742764951
801205929 774735666 801205929 808471171
801205929 808471171 802835455 819011647
810197195 742764951 833199523 753779671
833199523 753779671 845284085 762897958
845284085 762897958 845284085 770515199
845284085 762897958 877660375 762897958
713243274 679995393 752181601 679995393
752181601 679995393 752181601 691530472
752181601 679995393 772545831 679995393
740505422 763500138 740505422 809108334
740505422 809108334 745716220 809108334
740505422 809108334 740505422 829986120
740505422 829986120 743637216 833662900
743637216 833662900 743637216 838675428
743637216 838675428 745444863 838675428
743637216 838675428 743637216 848589413
743637216 833662900 779018782 833662900
802835455 819011647 837280544 839014876
837280544 839014876 851197391 839014876
851197391 839014876 851197391 842217823
837280544 839014876 837280544 853152306
837280544 853152306 840309133 858125685
840309133 858125685 840309133 860818612
840309133 860818612 847028040 865848888
847028040 865848888 848737649 865848888
847028040 865848888 847028040 880491712
851197391 839014876 873241527 839014876
840309133 858125685 864242953 858125685
847028040 880491712 883242837 885812084
883242837 885812084 906128383 887810328
906128383 887810328 915112961 889848149
915112961 889848149 950882596 889848149
950882596 889848149 965120315 889848149
950882596 889848149 950882596 904146758
965120315 889848149 978493542 894748585
978493542 894748585 980804748 915224855
915112961 889848149 915112961 934588734
915112961 934588734 915112961 944924401
915112961 934588734 933456245 934588734
915112961 944924401 921265952 962679062
921265952 962679062 947354896 962679062
921265952 962679062 921265952 992270062
933456245 934588734 963622898 937400707
963622898 937400707 996256382 953736020
818319929 464640364 829054493 508674432
829054493 508674432 832548806 508674432
829054493 508674432 829054493 520657960
829054493 520657960 835105206 520699347
694587687 419747656 694587687 475415167
0 38467402 0 94367222
0 94367222 11731924 94367222
0 94367222 0 138615066
0 138615066 0 139411246
0 138615066 8936790 138615066
8936790 138615066 15134897 139411246
0 139411246 0 149059127
0 149059127 0 150228451
15134897 139411246 27741005 141620869
27741005 141620869 27741005 149059127
27741005 149059127 31091025 150228451
0 150228451 0 177843161
0 177843161 0 178095241
27741005 141620869 56331866 141620869
0 178095241 29480673 178095241
31091025 150228451 42354313 177843161
42354313 177843161 54711033 211111006
54711033 211111006 58105687 222822714
58105687 222822714 58105687 251425812
58105687 222822714 97350121 222822714
97350121 222822714 98629969 244308527
98629969 244308527 125574376 244308527
125574376 244308527 130249858 247284669
130249858 247284669 130249858 252605132
130249858 247284669 150552869 247284669
130249858 252605132 131545086 276884127
131545086 276884127 135458068 288384848
135458068 288384848 149004497 288384848
149004497 288384848 154848914 295759603
98629969 244308527 98629969 276177859
98629969 276177859 98629969 277028229
98629969 276177859 104418399 276177859
98629969 277028229 100297624 285113537
150552869 247284669 160509483 273329754
160509483 273329754 175020572 276228284
58105687 251425812 62381360 293646932
62381360 293646932 83267358 293646932
62381360 293646932 62381360 326083969
62381360 326083969 62381360 337076318
62381360 326083969 79560885 326083969
79560885 326083969 81706766 338941077
81706766 338941077 81706766 355025919
81706766 338941077 116635385 338941077
116635385 338941077 117991005 338941077
116635385 338941077 116635385 343645976
116635385 343645976 126083825 361635560
126083825 361635560 147407684 380906368
147407684 380906368 158524233 387673755
158524233 387673755 167156679 387673755
158524233 387673755 158524233 403381411
167156679 387673755 185118320 387915798
185118320 387915798 185499248 387915798
185118320 387915798 185118320 390697037
158524233 403381411 173907895 407055037
185118320 390697037 198127649 398602043
198127649 398602043 204333673 399379255
204333673 399379255 204333673 418232376
204333673 418232376 221760372 430390966
221760372 430390966 226362788 430390966
221760372 430390966 221760372 450533118
221760372 450533118 236160061 460957905
236160061 460957905 236160061 462117253
236160061 460957905 250101282 460957905
204333673 399379255 241257620 399379255
241257620 399379255 250010843 399379255
250010843 399379255 250010843 399714990
250010843 399379255 258943761 399379255
258943761 399379255 268247060 403127543
268247060 403127543 268247060 406669510
241257620 399379255 241257620 415923026
268247060 406669510 278176401 416071433
278176401 416071433 278176401 421755243
278176401 421755243 281609079 421755243
278176401 421755243 278176401 429239963
281609079 421755243 285178430 428340268
278176401 416071433 291819879 416071433
291819879 416071433 291819879 417165301
291819879 416071433 304908571 416071433
304908571 416071433 320990535 423725533
285178430 428340268 298547616 446308946
298547616 446308946 302631938 446308946
298547616 446308946 298547616 480800997
298547616 480800997 300484043 490978408
300484043 490978408 300484043 491457735
300484043 490978408 322448838 490978408
322448838 490978408 328300764 492112319
328300764 492112319 353025534 492112319
353025534 492112319 362718774 492112319
353025534 492112319 353025534 503548490
328300764 492112319 328300764 520417732
328300764 520417732 339391140 520417732
339391140 520417732 344710714 534100141
344710714 534100141 344710714 539640111
328300764 520417732 328300764 539699846
328300764 539699846 335428346 539699846
328300764 539699846 328300764 547595089
328300764 547595089 333855367 547595089
328300764 547595089 328300764 553352303
344710714 539640111 365811163 552041817
365811163 552041817 365811163 572189935
365811163 552041817 396077876 552041817
396077876 552041817 399399655 577253484
399399655 577253484 399399655 589973452
399399655 589973452 416240963 589973452
399399655 589973452 399399655 607428287
399399655 577253484 432716414 577253484
432716414 577253484 437022548 577895010
437022548 577895010 438129131 577895010
438129131 577895010 438129131 586072983
437022548 577895010 437022548 605763430
437022548 605763430 437104075 605763430
437022548 605763430 437022548 611681090
438129131 586072983 468820679 590253542
268247060 403127543 308884609 403127543
302631938 446308946 336454469 454427865
336454469 454427865 336454469 460349928
336454469 460349928 337365812 460349928
336454469 454427865 346264899 454427865
336454469 460349928 336454469 473340810
346264899 454427865 368732554 458563858
368732554 458563858 370775569 471902011
438129131 577895010 482256130 577895010
482256130 577895010 502880198 589806378
502880198 589806378 513644489 589806378
502880198 589806378 502880198 604608681
502880198 604608681 516442980 626372174
250101282 460957905 272980232 482595241
272980232 482595241 274292971 486130687
274292971 486130687 274292971 497262843
274292971 497262843 274292971 507540798
274292971 497262843 285091223 497262843
274292971 486130687 294216686 486130687
185499248 387915798 230841052 388315901
135458068 288384848 135458068 335644974
0 178095241 0 226704462
0 226704462 4285316 226704462
0 226704462 0 233871435
0 233871435 0 238316892
0 238316892 0 265823421
0 265823421 19278156 265823421
0 265823421 0 302035196
0 302035196 1722837 302035196
0 302035196 0 337905167
0 337905167 0 347019553
0 347019553 3316115 347019553
0 347019553 0 350974951
0 350974951 0 371330683
0 337905167 27083662 337905167
27083662 337905167 34572452 350974951
0 371330683 33286304 371330683
0 238316892 42395604 238316892
0 371330683 0 413811730
0 413811730 0 417070265
0 413811730 15128943 413811730
15128943 413811730 32549974 417070265
0 417070265 0 445852530
32549974 417070265 47060890 434784013
47060890 434784013 47060890 445852530
47060890 434784013 72911858 434784013
72911858 434784013 72911858 436680525
72911858 436680525 74302942 445044265
74302942 445044265 75581115 448721737
75581115 448721737 85960585 448721737
72911858 434784013 94374171 434784013
0 445852530 0 484653007
0 484653007 0 494526068
0 494526068 4841343 494526068
0 484653007 19227001 484653007
85960585 448721737 115887509 463660212
115887509 463660212 116004832 467147138
116004832 467147138 134470282 470467071
134470282 470467071 134470282 472086007
134470282 472086007 141028883 479464110
141028883 479464110 163725704 491855066
163725704 491855066 164705374 491855066
164705374 491855066 167175231 510801518
167175231 510801518 167175231 512793525
167175231 512793525 177178711 512793525
167175231 512793525 167175231 527839087
167175231 510801518 189574608 510801518
189574608 510801518 192063189 520642261
192063189 520642261 196564448 532593202
196564448 532593202 196564448 561000149
196564448 561000149 199754712 575943357
199754712 575943357 199754712 581652983
199754712 575943357 223320083 575943357
223320083 575943357 223791602 576058769
223791602 576058769 239191633 589647913
239191633 589647913 239191633 602335246
239191633 589647913 261210792 589647913
196564448 532593202 231716686 532593202
231716686 532593202 231716686 534414389
231716686 532593202 245270811 532593202
245270811 532593202 245887654 532593202
245270811 532593202 245270811 533635950
245270811 533635950 250842184 535311323
239191633 602335246 258573401 619326137
258573401 619326137 267483142 620016559
267483142 620016559 282881187 620016559
267483142 620016559 267483142 635625121
267483142 635625121 285990121 653408527
285990121 653408527 287240841 653408527
285990121 653408527 285990121 665016779
163725704 491855066 163725704 533934826
250842184 535311323 269968963 560888445
269968963 560888445 289304197 567568156
289304197 567568156 295564545 567568156
295564545 567568156 295564545 574987067
295564545 567568156 304772689 567568156
289304197 567568156 289304197 586266312
304772689 567568156 319944309 581334975
319944309 581334975 325468597 581334975
319944309 581334975 319944309 592916520
319944309 592916520 326724019 610435598
326724019 610435598 349789951 611401639
349789951 611401639 350755718 613150226
350755718 613150226 385152012 613150226
385152012 613150226 391201862 614670034
391201862 614670034 393660252 614670034
391201862 614670034 391201862 629876003
350755718 613150226 350755718 652019106
350755718 652019106 362214186 652019106
350755718 652019106 350755718 681506986
163725704 533934826 167992715 574965203
167992715 574965203 169383496 610846601
0 233871435 47437281 233871435
261210792 589647913 288393340 609976042
285990121 665016779 307656959 690988800
307656959 690988800 315410135 690988800
315410135 690988800 335165976 704857958
335165976 704857958 335165976 707483195
335165976 704857958 342781825 704857958
307656959 690988800 307656959 734654874
307656959 734654874 312744603 772523603
312744603 772523603 312744603 781876176
312744603 781876176 315661726 785826550
315661726 785826550 315661726 792068436
315661726 785826550 332599759 785826550
312744603 772523603 333451520 772523603
333451520 772523603 333451520 781383522
315661726 792068436 327743371 802448636
333451520 781383522 361244818 781882651
332599759 785826550 359710940 787641514
327743371 802448636 356217229 811180760
333451520 772523603 372063338 772523603
372063338 772523603 372063338 778723694
372063338 772523603 380735007 772523603
380735007 772523603 399018132 782959874
399018132 782959874 430457263 784951895
430457263 784951895 436947263 810597347
436947263 810597347 436947263 840547807
436947263 810597347 480816044 810597347
356217229 811180760 360200396 852661686
360200396 852661686 360531392 859379237
360531392 859379237 381614609 859379237
360531392 859379237 360531392 884818146
360531392 884818146 388403740 903277650
388403740 903277650 389819596 915309784
389819596 915309784 389819596 930958013
389819596 930958013 407913329 930958013
389819596 930958013 389819596 951699882
389819596 951699882 398682060 954754679
398682060 954754679 414784527 957123707
414784527 957123707 440334370 957123707
440334370 957123707 440663658 985583918
440663658 985583918 444756993 985583918
440663658 985583918 440663658 996199891
407913329 930958013 448121274 931175420
448121274 931175420 452208110 943651429
452208110 943651429 452208110 944783917
452208110 943651429 459882644 943651429
414784527 957123707 414784527 998741301
414784527 998741301 414784527 999371737
414784527 998741301 423053247 998741301
436947263 840547807 446218768 880491475
446218768 880491475 480882508 889036014
480882508 889036014 482141572 890129012
482141572 890129012 501985276 895373919
501985276 895373919 521287065 895373919
521287065 895373919 525514666 897067279
525514666 897067279 540811192 897067279
525514666 897067279 525514666 915240766
525514666 915240766 530804447 915240766
530804447 915240766 530804447 915481846
530804447 915240766 535277647 915240766
525514666 915240766 525514666 931396670
535277647 915240766 548699391 924433115
548699391 924433115 548699391 932487665
548699391 924433115 568512247 924433115
501985276 895373919 501985276 926826305
501985276 926826305 518809382 931396670
518809382 931396670 518809382 933863159
548699391 932487665 556141778 963439014
518809382 933863159 520381833 971553254
568512247 924433115 610400076 929252082
610400076 929252082 616290342 929252082
616290342 929252082 620040547 935929461
620040547 935929461 620040547 937911233
620040547 935929461 626731792 935929461
610400076 929252082 610400076 956285801
626731792 935929461 661495456 936244607
661495456 936244607 670124299 965317121
670124299 965317121 670124299 980544565
670124299 965317121 693383154 965317121
670124299 980544565 692389363 998482132
693383154 965317121 733415970 972493586
733415970 972493586 744628892 972493586
733415970 972493586 733415970 993950672
733415970 993950672 757246362 999800050
0 494526068 0 543903974
0 543903974 3401389 543903974
0 543903974 0 560777398
0 560777398 0 563370813
0 560777398 4195961 560777398
4195961 560777398 10834614 563370813
134470282 470467071 184373307 470467071
184373307 470467071 197968922 476617947
56331866 141620869 83222509 165186793
389819596 915309784 440640634 915309784
440640634 915309784 469580495 926348446
556141778 963439014 583984125 987338523
583984125 987338523 583984125 999336967
583984125 987338523 599201909 987338523
10834614 563370813 52964249 573397970
52964249 573397970 52964249 582851006
52964249 573397970 62482049 573397970
62482049 573397970 80443388 593287238
80443388 593287238 80443388 595548605
80443388 595548605 96286494 595548605
96286494 595548605 103604506 597928688
80443388 595548605 80443388 611409793
80443388 593287238 100915065 593287238
80443388 611409793 80465026 638439008
103604506 597928688 103604506 625540317
103604506 625540317 108230285 631655675
108230285 631655675 112270881 638448825
112270881 638448825 142940560 638448825
142940560 638448825 146318773 638448825
146318773 638448825 159489117 655479699
159489117 655479699 177651906 655479699
177651906 655479699 194235379 659031377
159489117 655479699 159489117 678620123
159489117 678620123 159489117 695268629
159489117 678620123 176347230 678620123
176347230 678620123 197941273 695213018
142940560 638448825 142940560 681158860
103604506 597928688 151097573 597928688
151097573 597928688 151696615 598664027
151696615 598664027 159908978 618448556
159908978 618448556 164955831 623826960
164955831 623826960 165641131 632494338
165641131 632494338 186722144 645817015
175020572 276228284 185934338 317834966
185934338 317834966 185934338 328879773
185934338 317834966 206230985 317834966
206230985 317834966 206609204 330190719
206609204 330190719 239288592 349978955
239288592 349978955 273729329 361235834
273729329 361235834 273729329 372983208
273729329 361235834 286838644 361235834
480816044 810597347 529892487 814657454
529892487 814657454 540795047 814657454
529892487 814657454 529892487 837323317
529892487 837323317 544741502 863141911
513644489 589806378 558482488 598488794
558482488 598488794 572893640 600209740
572893640 600209740 572893640 619248683
572893640 600209740 593087801 600209740
572893640 619248683 572895088 658674676
572895088 658674676 575217624 676385911
593087801 600209740 596030318 637970152
596030318 637970152 618177273 644566474
618177273 644566474 618409905 654898514
618409905 654898514 618409905 661643865
618409905 661643865 618974259 661643865
618409905 654898514 626268110 654898514
626268110 654898514 647155773 662926320
647155773 662926320 669961985 662926320
647155773 662926320 647155773 688466595
669961985 662926320 688306281 675927573
688306281 675927573 689139229 675927573
688306281 675927573 688306281 685178864
688306281 685178864 695673478 700157839
618409905 661643865 618409905 714688312
618409905 714688312 619562944 729708115
619562944 729708115 624763746 737104955
624763746 737104955 625705121 737104955
624763746 737104955 624763746 742780281
624763746 742780281 642946732 746771584
344710714 534100141 398566778 534100141
83222509 165186793 117374981 184993535
117374981 184993535 132352778 202934638
132352778 202934638 163213564 226606363
370775569 471902011 412913480 484585620
485412583 273552254 520803755 294089894
520803755 294089894 528993097 314757405
528993097 314757405 528993097 317338865
528993097 314757405 550014489 314757405
779018782 833662900 796729904 872126074
796729904 872126074 822976813 872399171
822976813 872399171 830021157 880491712
830021157 880491712 830021157 922346607
830021157 922346607 831445146 924310717
831445146 924310717 836855137 924310717
836855137 924310717 836855137 924434762
836855137 924434762 838527473 946303527
836855137 924310717 866761684 924310717
831445146 924310717 831445146 964050895
536089556 452070510 540096784 504298575
540096784 504298575 540096784 506490929
540096784 504298575 557140003 504298575
557140003 504298575 572789044 505728805
572789044 505728805 582269828 514505743
582269828 514505743 583161097 536612673
583161097 536612673 591453555 562687527
591453555 562687527 605694104 574600729
605694104 574600729 605694104 581823992
605694104 574600729 647305174 574600729
647305174 574600729 649929726 587997215
649929726 587997215 649929726 627300387
649929726 627300387 673389556 645454303
632230160 324676408 666174437 347561224
666174437 347561224 683054553 347561224
683054553 347561224 684182839 359014816
666174437 347561224 666174437 382157004
666174437 382157004 677791899 382504516
677791899 382504516 720160051 395650534
412913480 484585620 452001779 502823182
452001779 502823182 476980125 502893530
476980125 502893530 480889428 511609843
480889428 511609843 480889428 519557745
480889428 519557745 482317589 519557745
480889428 519557745 480889428 563074987
480889428 511609843 527023063 511609843
482317589 519557745 501782358 547551327
501782358 547551327 501782358 548935588
501782358 547551327 516964723 547551327
516964723 547551327 523585186 560242007
501782358 548935588 513644489 560242007
523585186 560242007 538667933 573722409
538667933 573722409 551144442 582243977
112270881 638448825 112270881 697009804
112270881 697009804 112270881 723389755
112270881 697009804 140871846 697009804
914303046 379333760 914303046 438872543
456298109 287209138 464268661 339643912
464268661 339643912 469985191 354610256
469985191 354610256 477541095 369514329
477541095 369514329 479234948 376348707
479234948 376348707 479234948 413312436
479234948 413312436 481837962 463875312
903817997 573269093 964376837 573269093
964376837 573269093 969569478 578244370
969569478 578244370 983001583 578244370
647155773 688466595 681098344 715394663
437022548 611681090 459942405 649918720
459942405 649918720 473997471 656500507
473997471 656500507 473997471 663380232
473997471 663380232 474671020 671773088
473997471 656500507 494149916 656500507
494149916 656500507 510409780 665184114
510409780 665184114 510409780 673610029
510409780 665184114 554098897 665184114
554098897 665184114 564994608 686096611
510409780 673610029 546915345 685459576
546915345 685459576 546996989 685459576
546915345 685459576 546915345 727247066
546915345 727247066 562851578 758089705
562851578 758089705 562851578 764330007
562851578 764330007 562851578 787780511
562851578 787780511 566785631 794977211
566785631 794977211 582770291 801623359
582770291 801623359 582770291 805516266
562851578 764330007 593021309 764330007
582770291 801623359 616447609 801623359
562851578 758089705 610188721 758089705
582770291 805516266 586848608 848930328
586848608 848930328 605094906 858465285
605094906 858465285 605094906 860456351
605094906 860456351 611306488 862552056
611306488 862552056 617143638 862552056
617143638 862552056 644918843 869144857
644918843 869144857 665332412 879531674
605094906 858465285 653353253 858465285
611306488 862552056 611306488 913687700
616447609 801623359 653944846 816300724
653944846 816300724 659052024 816300724
659052024 816300724 659052024 819723714
659052024 816300724 666653553 816300724
653944846 816300724 653944846 824959692
666653553 816300724 678171011 843601174
678171011 843601174 678171011 844432749
678171011 843601174 700658004 843601174
665332412 879531674 706793461 895475674
706793461 895475674 706793461 906905368
706793461 906905368 711677710 906905368
706793461 906905368 706793461 915171478
706793461 895475674 719851107 895475674
711677710 906905368 764930210 907757064
810531732 642176756 870836152 643658233
870836152 643658233 879190852 652742150
879190852 652742150 879190852 684220964
879190852 684220964 888981858 700273178
888981858 700273178 915883625 700273178
915883625 700273178 916003785 722423904
916003785 722423904 916003785 730694813
888981858 700273178 888981858 741461980
314109562 251994454 328110979 300091587
328110979 300091587 328110979 302286287
328110979 300091587 330439682 300091587
330439682 300091587 340871616 310590238
340871616 310590238 340871616 329776350
340871616 310590238 363252589 310590238
363252589 310590238 366698649 324184985
366698649 324184985 366698649 328689342
340871616 329776350 342299262 354705181
342299262 354705181 360879493 355442073
360879493 355442073 360987524 355442073
360879493 355442073 360879493 361377724
366698649 328689342 397929584 330227432
397929584 330227432 410671122 350015832
410671122 350015832 410671122 358172732
410671122 358172732 425463832 365244485
425463832 365244485 448363940 365244485
410671122 350015832 447895994 350015832
366698649 324184985 419691344 324184985
425463832 365244485 425463832 422113007
425463832 422113007 446094524 422611438
446094524 422611438 446681199 422611438
446094524 422611438 446094524 451282216
446094524 451282216 463749483 451282216
463749483 451282216 463749483 451797628
463749483 451282216 466597402 451282216
446094524 451282216 446094524 482418999
446681199 422611438 474720067 429212069
360879493 361377724 364657564 415180933
364657564 415180933 364657564 422858707
364657564 415180933 395173972 415180933
395173972 415180933 404486445 426128732
404486445 426128732 409866703 426128732
409866703 426128732 410606208 429212069
410606208 429212069 410606208 450346092
404486445 426128732 404486445 454238500
286838644 361235834 320637275 390677463
320637275 390677463 320637275 394113484
320637275 390677463 333687379 390677463
864242953 858125685 913838324 872404700
913838324 872404700 952468657 887380339
75581115 448721737 75581115 512726006
75581115 512726006 76587815 526353999
76587815 526353999 76587815 539197554
76587815 539197554 81631750 539197554
81631750 539197554 87555569 543032771
76587815 526353999 90016399 526353999
87555569 543032771 87555569 557319350
87555569 557319350 92009227 557319350
87555569 557319350 87555569 562880323
87555569 562880323 102245751 564827249
76587815 539197554 76587815 563199144
87555569 543032771 113769759 543032771
113769759 543032771 113769759 550428324
113769759 543032771 127580539 543032771
127580539 543032771 129415880 545559039
129415880 545559039 150053573 545559039
150053573 545559039 156885475 545559039
150053573 545559039 150053573 563252630
129415880 545559039 129415880 566453153
129415880 566453153 142903382 570766210
142903382 570766210 157151371 584708655
951361912 457660673 978563083 494532553
978563083 494532553 989701275 494532553
978563083 494532553 978563083 511370423
978563083 511370423 988375295 511370423
978563083 511370423 978563083 527125115
978563083 527125115 978563083 530886894
978563083 527125115 982525382 527125115
982525382 527125115 987062708 542504224
987062708 542504224 998219446 560777807
836961483 337351912 903105629 337456635
903105629 337456635 946274301 351628655
946274301 351628655 981655770 364696645
981655770 364696645 983760807 364696645
981655770 364696645 981655770 373035717
981655770 373035717 994165651 379005028
197941273 695213018 223264627 738467799
223264627 738467799 223264627 743391154
223264627 743391154 239511359 744886517
239511359 744886517 240563065 744886517
223264627 738467799 260466043 738467799
260466043 738467799 265893813 758951788
265893813 758951788 265893813 779412124
265893813 758951788 292431400 758951788
239511359 744886517 239511359 783856354
239511359 783856354 251069408 805279323
251069408 805279323 261194652 811627260
261194652 811627260 280298567 811627260
280298567 811627260 280298567 828104467
280298567 811627260 296819036 811627260
280298567 828104467 282850035 872640590
261194652 811627260 261194652 869834694
261194652 869834694 270374816 869834694
261194652 869834694 261194652 887240488
296819036 811627260 325398743 852544151
516442980 626372174 556230379 656207860
556230379 656207860 567395365 663784545
271072417 252138164 292766265 300738265
292766265 300738265 294047895 302515214
294047895 302515214 299838986 302515214
299838986 302515214 307019635 314185679
307019635 314185679 307019635 321484858
307019635 321484858 308503151 332253233
308503151 332253233 310400403 332253233
308503151 332253233 308503151 337493617
307019635 314185679 327773459 314185679
294047895 302515214 294047895 330818707
294047895 330818707 294217327 347128141
831445146 964050895 893267585 972779444
104976203 0 176266781 0
176266781 0 183940571 0
176266781 0 176266781 9243689
183940571 0 202588626 0
202588626 0 202588626 21100031
202588626 21100031 207275248 51003540
207275248 51003540 207474761 58876398
207474761 58876398 213065003 74843060
213065003 74843060 222766910 79357033
176266781 9243689 183940571 38213957
202588626 0 254789985 0
254789985 0 254789985 11502877
254789985 0 275802483 0
275802483 0 293532281 0
293532281 0 310992209 0
310992209 0 317379870 0
317379870 0 322218952 0
310992209 0 310992209 16902547
310992209 16902547 317379870 27732084
317379870 27732084 322218952 27732084
317379870 27732084 317379870 38960260
317379870 38960260 321474158 51414352
293532281 0 293532281 36911206
275802483 0 275802483 37506204
322218952 0 363200322 0
363200322 0 367337670 0
363200322 0 363200322 20004601
363200322 20004601 367337670 24681673
367337670 0 402083669 0
402083669 0 402083669 42949228
402083669 42949228 428553896 59650202
428553896 59650202 434267814 59650202
428553896 59650202 428553896 84569642
428553896 84569642 451096197 88473793
451096197 88473793 455869053 88473793
455869053 88473793 455869053 98736905
451096197 88473793 451096197 116561655
451096197 116561655 466289768 123021070
455869053 88473793 492686668 88473793
492686668 88473793 492686668 97899975
492686668 88473793 513025144 88473793
513025144 88473793 538886034 101001306
538886034 101001306 538886034 114298636
538886034 114298636 549972209 114298636
549972209 114298636 554224682 114298636
549972209 114298636 549972209 127761538
549972209 127761538 558104909 131611016
538886034 114298636 538886034 136404548
538886034 136404548 539769676 139550556
539769676 139550556 539769676 139619540
539769676 139550556 547508923 139550556
539769676 139619540 543236345 150584939
543236345 150584939 543321314 151200798
543321314 151200798 543321314 169834937
538886034 101001306 562097869 101001306
562097869 101001306 563147686 101021415
563147686 101021415 570125068 101021415
563147686 101021415 563147686 109807109
543321314 169834937 545886550 198450366
543321314 151200798 578963706 151200798
578963706 151200798 586129739 155289864
586129739 155289864 590314924 155289864
586129739 155289864 586129739 167341697
586129739 167341697 599300244 168170673
599300244 168170673 627403353 168170673
627403353 168170673 658541959 175433212
658541959 175433212 658541959 204617891
599300244 168170673 599300244 211168129
599300244 211168129 622414921 213316931
293532281 36911206 293704501 80352295
293704501 80352295 311081515 84041586
275802483 37506204 279325825 77939119
311081515 84041586 334370557 106420797
334370557 106420797 346717152 113805888
346717152 113805888 370068932 117512249
370068932 117512249 370068932 128953686
370068932 117512249 396330989 117512249
396330989 117512249 397794994 119421102
397794994 119421102 397794994 128228614
397794994 128228614 407733001 142089122
397794994 119421102 427028575 119421102
427028575 119421102 449409666 129262908
407733001 142089122 422231624 163707089
321474158 51414352 345954568 73527594
466289768 123021070 491015895 147630983
491015895 147630983 499317245 150584939
499317245 150584939 499317245 151280061
499317245 151280061 512235081 153764118
658541959 175433212 709041331 175433212
709041331 175433212 720833544 208453729
720833544 208453729 760570816 208773933
760570816 208773933 760570816 231675237
760570816 231675237 783325948 237042116
783325948 237042116 807863412 237042116
807863412 237042116 820495472 244037810
820495472 244037810 820495472 263349370
820495472 263349370 823512499 263349370
823512499 263349370 831867688 263661985
831867688 263661985 831867688 277755055
820495472 263349370 820495472 280611217
820495472 280611217 821395999 280611217
820495472 280611217 820495472 288386996
831867688 263661985 851211230 263661985
851211230 263661985 852049474 263661985
851211230 263661985 851211230 272934763
851211230 272934763 852215094 274116007
852215094 274116007 852215094 283227673
852215094 274116007 866283030 274116007
866283030 274116007 866283030 275915468
852215094 283227673 864015580 285888162
866283030 274116007 888960897 274116007
820495472 244037810 846161342 244037810
864015580 285888162 886701266 288915784
888960897 274116007 921181462 277713688
783325948 237042116 783325948 276798982
760570816 208773933 803211892 208773933
422231624 163707089 452804354 185887984
658541959 204617891 708559882 208453729
708559882 208453729 708559882 227942967
402083669 0 457284649 0
457284649 0 457667698 0
457284649 0 457284649 18433926
457284649 18433926 457667698 41990028
254789985 11502877 267865510 54896288
846161342 244037810 889864621 257535266
889864621 257535266 915877344 258538944
915877344 258538944 924449167 261202261
924449167 261202261 924449167 262641046
924449167 261202261 950830951 261202261
950830951 261202261 953586403 261820478
953586403 261820478 986321101 284871762
708559882 227942967 758995671 244411157
345954568 73527594 392574536 97811350
764930210 907757064 798080073 947522016
798080073 947522016 808404584 947522016
798080073 947522016 798080073 959583398
798080073 959583398 818943007 965769979
863778804 587997918 890843219 634830358
877660375 762897958 889066232 825399732
889066232 825399732 951159506 834428307
610400076 956285801 653458400 987229404
140871846 697009804 147803879 765657471
147803879 765657471 163625465 771945922
163625465 771945922 168354198 783994246
168354198 783994246 168354198 786107560
168354198 783994246 203997585 783994246
168354198 786107560 198164133 792925118
198164133 792925118 213684162 813026718
213684162 813026718 220032828 813026718
213684162 813026718 213684162 820914339
213684162 820914339 223396479 840053534
223396479 840053534 223396479 841637336
223396479 840053534 241690198 840053534
223396479 841637336 238869398 887602697
391201862 629876003 432454012 665281482
432454012 665281482 452211040 694980495
452211040 694980495 458500340 701641607
458500340 701641607 495477055 740755073
495477055 740755073 515514864 759851129
515514864 759851129 545382469 759851129
515514864 759851129 515514864 796358353
0 563370813 0 644321755
0 644321755 30703703 644321755
30703703 644321755 52257945 684617421
52257945 684617421 71334986 685904174
71334986 685904174 72771195 685904174
71334986 685904174 71334986 750823937
71334986 750823937 81401100 751787598
81401100 751787598 87021861 760141759
87021861 760141759 92873949 760141759
92873949 760141759 94626548 765657471
87021861 760141759 87021861 784829176
87021861 784829176 87042612 784829176
87042612 784829176 94626548 790688112
94626548 790688112 98278129 817597826
87021861 784829176 87021861 838207022
87021861 838207022 92303283 869385534
92303283 869385534 92303283 889557211
92303283 889557211 102316283 895008006
102316283 895008006 102316283 909424365
102316283 909424365 107545798 909424365
102316283 909424365 102316283 914817721
102316283 895008006 116854670 895008006
102316283 914817721 117121034 938568584
117121034 938568584 117121034 950794526
117121034 950794526 131293204 950794526
117121034 950794526 117121034 967715205
117121034 938568584 134056931 938568584
117121034 967715205 124155673 985443612
134056931 938568584 167866436 942061223
167866436 942061223 182742484 955456398
116854670 895008006 146223699 904948249
131293204 950794526 163183049 962919884
146223699 904948249 179452669 917332871
179452669 917332871 182595423 922088986
182595423 922088986 182595423 926427810
182595423 922088986 211575478 922088986
211575478 922088986 211575478 923023525
211575478 922088986 225881797 922088986
211575478 923023525 221913131 932408567
221913131 932408567 227684113 948799431
227684113 948799431 232634231 951361393
232634231 951361393 232634231 982804834
232634231 982804834 275305153 983104461
275305153 983104461 280078380 993842532
163183049 962919884 175282782 998428028
92303283 869385534 140165460 869385534
140165460 869385534 141676532 870765277
141676532 870765277 141676532 871991566
141676532 870765277 167736859 870765277
167736859 870765277 177483292 888896825
177483292 888896825 177483292 894671582
177483292 888896825 198593437 888896825
232634231 951361393 299429479 951361393
299429479 951361393 349613227 959603232
349613227 959603232 356960383 959603232
349613227 959603232 349613227 996907905
501974184 392092943 582998546 392092943
582998546 392092943 602052353 404072154
325398743 852544151 340893544 919352204
967173734 742889111 977589795 816617178
803211892 208773933 865253444 232755134
865253444 232755134 935292706 242548557
935292706 242548557 941309265 249334025
457667698 41990028 530138728 55892499
530138728 55892499 538439546 63297676
538439546 63297676 555706208 63297676
555706208 63297676 555706208 69027755
555706208 63297676 567703963 63297676
538439546 63297676 538439546 83413414
567703963 63297676 629760280 92268358
629760280 92268358 629760280 93664142
629760280 92268358 636517347 92268358
636517347 92268358 660973518 92338157
660973518 92338157 660973518 95758090
660973518 95758090 662975407 95758090
662975407 95758090 667357011 95758090
662975407 95758090 662975407 101990398
660973518 95758090 660973518 102066431
662975407 101990398 672832841 114520990
672832841 114520990 672832841 118005117
672832841 118005117 677074257 118005117
672832841 118005117 672832841 132215514
677074257 118005117 687508314 122111369
687508314 122111369 701445447 122111369
701445447 122111369 719153371 126016943
719153371 126016943 719153371 134429373
719153371 126016943 740872988 126016943
672832841 114520990 697045315 114520990
687508314 122111369 687508314 148956228
660973518 92338157 710147914 92338157
457667698 0 549011369 0
549011369 0 556598794 0
556598794 0 558674765 0
558674765 0 576417376 0
576417376 0 589153010 0
589153010 0 592461767 0
592461767 0 599875130 0
592461767 0 592461767 12896569
549011369 0 549011369 19758232
599875130 0 624828306 0
624828306 0 635245979 0
635245979 0 635245979 4889575
635245979 0 653376390 0
653376390 0 653376390 12313735
653376390 0 679289133 0
679289133 0 679289133 11599263
679289133 0 697391271 0
697391271 0 697391271 19464961
624828306 0 624828306 28839930
697391271 0 727631420 0
727631420 0 731259706 0
731259706 0 732572948 0
727631420 0 727631420 6539387
727631420 6539387 731259706 19916389
731259706 19916389 732572948 19916389
731259706 19916389 731259706 36563165
732572948 0 750390243 0
750390243 0 760843182 0
760843182 0 777446859 0
777446859 0 777446859 7949661
777446859 0 785876137 0
785876137 0 791689640 0
791689640 0 792475229 0
792475229 0 797147275 0
797147275 0 797147275 1445269
791689640 0 791689640 4849915
797147275 0 805893985 0
805893985 0 807416919 0
807416919 0 807416919 5785553
805893985 0 805893985 6698109
807416919 0 815193317 0
791689640 4849915 792475229 14956658
785876137 0 785876137 14270766
750390243 0 750390243 18612229
750390243 18612229 760843182 24909680
731259706 36563165 736684094 59436251
736684094 59436251 737830340 59436251
737830340 59436251 740867356 67993894
740867356 67993894 740872988 80385861
740872988 80385861 760345994 80385861
760345994 80385861 760345994 87624336
760345994 87624336 773298078 87869344
736684094 59436251 736684094 79635293
760345994 80385861 780848754 80385861
815193317 0 843963251 0
843963251 0 843963251 25439983
780848754 80385861 802087331 89757518
802087331 89757518 802629880 89757518
802087331 89757518 802087331 101794519
815193317 0 815193317 31786960
843963251 25439983 845871260 55483796
845871260 55483796 845871260 67963901
845871260 55483796 867868613 55483796
867868613 55483796 872478056 77678626
549011369 19758232 556598794 44557448
556598794 44557448 558674765 46162531
558674765 46162531 578375005 60220015
843963251 0 879623123 0
879623123 0 881852465 0
881852465 0 881852465 4991179
881852465 0 890550004 0
890550004 0 903191140 0
903191140 0 903191140 5773196
879623123 0 879623123 15266517
903191140 0 923112678 0
923112678 0 923112678 7889877
923112678 7889877 923112678 18856220
879623123 15266517 890550004 25732907
589153010 0 589153010 38291898
576417376 0 576417376 38834585
872478056 77678626 896194004 94108848
815193317 31786960 837578012 51046535
589153010 38291898 620929060 50856253
620929060 50856253 659192416 51516108
802629880 89757518 843986160 97827531
843986160 97827531 851013995 125712909
851013995 125712909 863354166 129951891
863354166 129951891 871892015 129951891
863354166 129951891 863354166 174403411
863354166 174403411 878334727 178269646
878334727 178269646 891943901 178269646
878334727 178269646 878334727 196899059
878334727 196899059 883000057 198266291
883000057 198266291 920055372 206787014
802087331 101794519 825626540 133774997
871892015 129951891 922464800 135445785
922464800 135445785 925132990 135445785
925132990 135445785 933384116 144716481
933384116 144716481 962095697 144716481
962095697 144716481 968278304 146804397
933384116 144716481 933384116 178141957
922464800 135445785 922464800 172649373
968278304 146804397 992502457 162328930
992502457 162328930 996682055 192306002
996682055 192306002 999108808 209625154
825626540 133774997 843124949 176636644
896194004 94108848 944413718 107579821
944413718 107579821 944413718 107893173
944413718 107579821 952487029 107579821
952487029 107579821 992481383 120271734
923112678 7889877 990722146 7889877
990722146 7889877 995232293 83199578
923112678 18856220 964711499 61706894
964711499 61706894 978086502 99090896
787046285 678080901 842001615 717886685
842001615 717886685 842001615 731470372
842001615 731470372 850987851 732051697
850987851 732051697 863867578 732435412
842001615 717886685 859732431 717886685
859732431 717886685 863824063 717886685
859732431 717886685 859732431 723363926
0 644321755 0 739719657
0 739719657 29330218 739719657
0 739719657 0 774561924
0 774561924 0 779349521
0 779349521 11006572 779349521
0 779349521 0 796930469
0 796930469 23691952 796930469
0 796930469 0 834782189
0 834782189 29634187 834782189
0 774561924 45907928 774561924
0 834782189 0 889953749
0 889953749 0 890514226
0 889953749 5143378 889953749
5143378 889953749 10733025 890514226
0 890514226 0 921488398
0 921488398 10453456 921488398
0 921488398 0 937020931
0 937020931 0 940003415
0 940003415 5962660 940003415
5962660 940003415 8175140 955816819
8175140 955816819 12429268 963212493
12429268 963212493 12876295 965811893
0 937020931 41834039 937020931
10733025 890514226 56713714 902394402
56713714 902394402 56713714 912795875
56713714 902394402 78747800 902394402
56713714 912795875 64346013 933012180
350755718 681506986 431905740 698556734
431905740 698556734 441123981 759295521
373030347 199861035 373030347 298483228
512308349 354147417 603567157 370363882
342781825 704857958 419198014 752634017
