1463
0 0 0 4610193
0 4610193 0 5909995
0 5909995 0 14045331
0 0 9328564 0
9328564 0 24320189 0
24320189 0 24320189 14045331
24320189 0 40337869 0
40337869 0 42705107 0
42705107 0 47021175 0
47021175 0 47021175 4610193
42705107 0 42705107 5909995
47021175 0 53459789 0
53459789 0 53459789 1710520
53459789 0 57836568 0
57836568 0 80407808 0
80407808 0 84346968 0
84346968 0 84346968 747695
0 14045331 0 44866866
0 44866866 0 48509033
0 44866866 9328564 44866866
0 48509033 0 72219786
0 72219786 0 77631113
0 72219786 29611850 72219786
57836568 0 57836568 33225652
57836568 33225652 80407808 42244857
80407808 42244857 80418477 69734712
80418477 69734712 100933743 78883065
100933743 78883065 106384398 78883065
100933743 78883065 100933743 88429808
100933743 88429808 105110194 102350507
105110194 102350507 107147583 116269655
106384398 78883065 124042969 80924210
124042969 80924210 139246873 80924210
124042969 80924210 124042969 98201337
9328564 44866866 40337869 48509033
84346968 0 122139407 0
122139407 0 131118049 0
131118049 0 144780545 0
144780545 0 174269232 0
174269232 0 174269232 30053232
122139407 0 122139407 32786800
122139407 32786800 131118049 35641118
131118049 35641118 131118049 37385772
131118049 35641118 144780545 35641118
174269232 0 211380556 0
211380556 0 212045340 0
212045340 0 222320323 0
211380556 0 211380556 13759949
222320323 0 238068635 0
238068635 0 238068635 2352021
238068635 0 253798535 0
253798535 0 272701334 0
272701334 0 276818604 0
276818604 0 292364484 0
292364484 0 295371298 0
295371298 0 296816521 0
296816521 0 302062858 0
302062858 0 302062858 9106928
292364484 0 292364484 14361135
292364484 14361135 295371298 31182001
295371298 31182001 296816521 31182001
295371298 31182001 295371298 37471098
211380556 13759949 212045340 38855588
212045340 38855588 212045340 40806690
212045340 38855588 222320323 38855588
302062858 0 329774642 0
329774642 0 329774642 2442448
329774642 0 342003958 0
342003958 0 342003958 29037754
212045340 40806690 219028407 64744622
295371298 37471098 308934422 56542159
308934422 56542159 314334344 78008342
314334344 78008342 321217969 78008342
314334344 78008342 314334344 100309911
321217969 78008342 340906090 85793136
340906090 85793136 341388315 85793136
340906090 85793136 340906090 90754549
253798535 0 253798535 37156820
253798535 37156820 271822467 39199706
271822467 39199706 272701334 39199706
272701334 39199706 276818604 43328416
271822467 39199706 271822467 57520526
139246873 80924210 162819772 96001738
162819772 96001738 165146030 111753046
165146030 111753046 165146030 128215980
165146030 111753046 200773324 111753046
200773324 111753046 204317016 114565724
204317016 114565724 206711746 114565724
206711746 114565724 208620651 116672394
208620651 116672394 208620651 137143466
204317016 114565724 204317016 137143466
204317016 137143466 204317016 141959027
208620651 137143466 237926401 138015992
237926401 138015992 240564603 138015992
237926401 138015992 237926401 141184772
237926401 141184772 241721731 152118406
241721731 152118406 241721731 159857846
241721731 159857846 243817844 159857846
241721731 159857846 241721731 171235447
243817844 159857846 251438347 170846259
251438347 170846259 253289603 200436765
253289603 200436765 273470633 211105814
273470633 211105814 283794691 220593852
283794691 220593852 286182885 232869217
286182885 232869217 286182885 259941800
286182885 259941800 301536348 278947215
301536348 278947215 308424121 278947215
308424121 278947215 323187863 280141164
323187863 280141164 330894860 280141164
330894860 280141164 330894860 285668502
323187863 280141164 323187863 297732697
323187863 297732697 323789609 303329927
323789609 303329927 331919108 312430631
331919108 312430631 331919108 316367810
331919108 316367810 334057968 316367810
334057968 316367810 337865586 319479090
337865586 319479090 344049706 319479090
331919108 312430631 339566762 312430631
301536348 278947215 301536348 299530700
301536348 299530700 322231544 303329927
337865586 319479090 337865586 345796058
337865586 345796058 342290539 357808061
342290539 357808061 342290539 362273780
342290539 357808061 369230764 357808061
369230764 357808061 369230764 359425940
369230764 357808061 375936034 357808061
208620651 116672394 245084152 116672394
245084152 116672394 248082694 116672394
245084152 116672394 245084152 130323333
375936034 357808061 382720474 388862064
222320323 38855588 238029964 61948442
331919108 316367810 331919108 359285380
241721731 152118406 285755613 152118406
285755613 152118406 322835751 160614670
29611850 72219786 52703058 95044322
52703058 95044322 64861647 95044322
52703058 95044322 52703058 125495297
52703058 125495297 75501656 129534430
75501656 129534430 81992328 150926224
81992328 150926224 89017488 150926224
81992328 150926224 81992328 188485377
64861647 95044322 75501656 125400522
75501656 125400522 96684203 125400522
81992328 188485377 82668743 230821087
82668743 230821087 107853937 230821087
82668743 230821087 82668743 275432823
82668743 275432823 83762168 276256000
83762168 276256000 90986004 295095429
90986004 295095429 97434989 299951908
97434989 299951908 108779122 299951908
108779122 299951908 108779122 304855522
97434989 299951908 97434989 313534235
97434989 313534235 104068359 334679124
104068359 334679124 104727067 334679124
104068359 334679124 104068359 350059905
104068359 350059905 115842387 355976987
115842387 355976987 123102884 373564070
123102884 373564070 150769267 373564070
150769267 373564070 176285525 375487798
176285525 375487798 176285525 387492506
176285525 387492506 176285525 392809734
176285525 387492506 186387397 387492506
123102884 373564070 123102884 402522630
176285525 375487798 208501571 375487798
123102884 402522630 151637202 408260075
151637202 408260075 159742448 408260075
151637202 408260075 151637202 434307294
108779122 299951908 147376901 299951908
147376901 299951908 157155622 302129865
157155622 302129865 167430125 302129865
157155622 302129865 157155622 333972195
157155622 333972195 157155622 336596938
157155622 333972195 164092818 333972195
164092818 333972195 168142852 351666625
167430125 302129865 180997327 324969344
151637202 434307294 183694815 447731220
183694815 447731220 183694815 455033045
183694815 455033045 189093910 460574424
189093910 460574424 189093910 480995802
183694815 447731220 210960177 447731220
210960177 447731220 215665879 448194330
215665879 448194330 232068746 449325845
232068746 449325845 232929986 449325845
232929986 449325845 232929986 453716830
232068746 449325845 232068746 460574424
232068746 460574424 235298493 462693713
235298493 462693713 235298493 469495162
235298493 462693713 273652337 462693713
330894860 280141164 377788350 280141164
377788350 280141164 403743226 296538667
403743226 296538667 418068961 314388594
418068961 314388594 447361795 314388594
447361795 314388594 453796855 319610893
453796855 319610893 461136074 319610893
453796855 319610893 453796855 333114395
453796855 333114395 453865483 343425163
453865483 343425163 453865483 364854557
453865483 364854557 457327677 364854557
453865483 343425163 484178976 343425163
418068961 314388594 418068961 355039158
453865483 364854557 453865483 405667724
453865483 405667724 463750187 409978599
463750187 409978599 463750187 438952493
463750187 438952493 483530959 453271238
483530959 453271238 483530959 461444442
483530959 461444442 486338200 462587637
486338200 462587637 489090128 462587637
486338200 462587637 486338200 470199315
486338200 470199315 489186949 472185358
483530959 453271238 512292602 453271238
489186949 472185358 495735726 497214326
495735726 497214326 515221695 513062886
515221695 513062886 518098363 514487902
518098363 514487902 538929776 522421158
538929776 522421158 538929776 525766073
538929776 525766073 546350585 529111777
546350585 529111777 564072600 535245528
564072600 535245528 564072600 535377218
564072600 535377218 574037489 535660550
574037489 535660550 578606546 535660550
564072600 535245528 575411686 535245528
538929776 522421158 570679343 522421158
570679343 522421158 599296614 522961575
174269232 30053232 183714174 68035775
286182885 232869217 334175958 232869217
334175958 232869217 341816170 237146192
124042969 98201337 154638598 115643843
232929986 449325845 280992013 449325845
599296614 522961575 612241369 560221215
574037489 535660550 574037489 586312718
574037489 586312718 582290911 591280579
582290911 591280579 594337726 591280579
594337726 591280579 603513560 591280579
594337726 591280579 594337726 602387633
594337726 602387633 610468879 611195913
610468879 611195913 625310596 611195913
625310596 611195913 629113831 630505698
629113831 630505698 629217061 631280064
629217061 631280064 629217061 650632796
629217061 650632796 629217061 652679428
629217061 650632796 635176361 650632796
629217061 631280064 648774361 631280064
648774361 631280064 651030867 631280064
648774361 631280064 648774361 638997250
610468879 611195913 610468879 634965970
610468879 634965970 616344410 634965970
610468879 634965970 610468879 645880927
582290911 591280579 582290911 630795858
610468879 645880927 627370230 673298752
189093910 480995802 212998947 508104122
212998947 508104122 219254433 508104122
219254433 508104122 233795553 516792248
233795553 516792248 233795553 539727547
233795553 539727547 244692356 552585825
244692356 552585825 244692356 559178471
244692356 559178471 245025658 565043870
233795553 516792248 258249325 516792248
258249325 516792248 266565387 516792248
266565387 516792248 273976853 522413411
258249325 516792248 258249325 532894164
245025658 565043870 257653438 581261124
257653438 581261124 265941725 581261124
244692356 552585825 275027654 552585825
212998947 508104122 212998947 539759621
651030867 631280064 700862214 634511929
700862214 634511929 713080573 640768520
713080573 640768520 734812248 648573832
734812248 648573832 758212529 648573832
758212529 648573832 777265552 648573832
777265552 648573832 783148510 648573832
777265552 648573832 777265552 664617337
758212529 648573832 758212529 670662809
758212529 670662809 774650754 674190945
774650754 674190945 775702821 679478679
734812248 648573832 734812248 673893226
783148510 648573832 813631428 651090742
463750187 409978599 517479279 409978599
280992013 449325845 333361539 450892377
333361539 450892377 343463661 450892377
340906090 90754549 354956715 130662841
354956715 130662841 364324786 139796945
364324786 139796945 364324786 150961395
364324786 139796945 391221023 139796945
391221023 139796945 391221023 140786320
391221023 139796945 401316682 139796945
364324786 150961395 368344925 182027994
368344925 182027994 385883432 182318727
385883432 182318727 409721531 183211788
409721531 183211788 409721531 187006422
409721531 183211788 433211108 183211788
433211108 183211788 433211108 184639202
433211108 183211788 445039797 183211788
445039797 183211788 468245668 192564227
342003958 29037754 361902004 64277319
361902004 64277319 362797172 65346085
362797172 65346085 375234790 66969172
375234790 66969172 375946813 66969172
375234790 66969172 375234790 73134330
333361539 450892377 333361539 506709932
517479279 409978599 558252852 425375111
558252852 425375111 597925891 432323994
382720474 388862064 405181690 423646867
405181690 423646867 409197658 444965122
409197658 444965122 417507236 444965122
409197658 444965122 409197658 458610953
409197658 458610953 418457473 463452711
418457473 463452711 420313616 463452711
420313616 463452711 428275524 463732202
418457473 463452711 418457473 473302058
428275524 463732202 442668176 470199315
442668176 470199315 460574269 470199315
460574269 470199315 460574269 479816361
442668176 470199315 442668176 493923487
460574269 479816361 466684556 503003713
466684556 503003713 483984806 527971603
483984806 527971603 500101971 558872102
500101971 558872102 506250771 582119466
506250771 582119466 509801625 590143090
509801625 590143090 509942793 597705140
509942793 597705140 520337509 597705140
509942793 597705140 509942793 610748899
509942793 610748899 520143239 610748899
520143239 610748899 521602321 627629769
520337509 597705140 531618223 609339689
509942793 610748899 509942793 637968488
442668176 493923487 447099629 540344692
447099629 540344692 455611218 540344692
447099629 540344692 447099629 568125463
455611218 540344692 470456438 560303972
470456438 560303972 476413192 567227146
447099629 568125463 450219349 601580932
450219349 601580932 453313076 601580932
450219349 601580932 450219349 604854776
521602321 627629769 538730513 662410077
538730513 662410077 543168513 662410077
538730513 662410077 538730513 671143038
538730513 671143038 549905863 689512356
549905863 689512356 558755772 689512356
558755772 689512356 563721528 703025609
549905863 689512356 549905863 709997740
549905863 709997740 550719234 720770910
550719234 720770910 562769864 734917706
562769864 734917706 571155096 734917706
571155096 734917706 571155096 741907687
562769864 734917706 562769864 757786078
562769864 757786078 567716101 770678965
567716101 770678965 567716101 779929569
567716101 779929569 591218958 786498526
591218958 786498526 591218958 808742818
591218958 786498526 614289945 786498526
614289945 786498526 624093106 815816496
624093106 815816496 632815416 822559754
632815416 822559754 635369076 822559754
567716101 770678965 613928912 770678965
613928912 770678965 629831890 782665004
629831890 782665004 656648199 799060514
656648199 799060514 656648199 804612025
656648199 804612025 657134455 804612025
656648199 804612025 656648199 814289903
656648199 799060514 672833413 799060514
672833413 799060514 676119173 813044824
656648199 814289903 658897581 851472210
658897581 851472210 662744895 851472210
658897581 851472210 658897581 855383027
658897581 855383027 679409330 874361302
676119173 813044824 699629652 832299100
679409330 874361302 697018607 900434154
697018607 900434154 709661505 900434154
709661505 900434154 719056356 900754481
719056356 900754481 719056356 904467623
719056356 904467623 721042225 906002191
719056356 900754481 731100560 900754481
697018607 900434154 697018607 917428580
731100560 900754481 746892523 902657685
746892523 902657685 749976682 902657685
749976682 902657685 749976682 916554872
746892523 902657685 746892523 925143415
749976682 902657685 781556730 902657685
781556730 902657685 786083324 921459440
786083324 921459440 786582087 921459440
786083324 921459440 786083324 935021471
786083324 935021471 807733285 943223926
807733285 943223926 808295341 943223926
807733285 943223926 807733285 961994863
808295341 943223926 813776729 960355414
813776729 960355414 830297162 967049428
830297162 967049428 830297162 979414576
830297162 967049428 843161125 967049428
843161125 967049428 856800837 985108476
856800837 985108476 877178998 989983781
877178998 989983781 877178998 991466143
877178998 991466143 894191269 995422234
746892523 925143415 773494715 935021471
773494715 935021471 773494715 966506614
877178998 989983781 917132668 989983781
697018607 917428580 708928488 952180607
632815416 822559754 632815416 872855853
632815416 872855853 654425591 898101376
654425591 898101376 655321114 929285806
655321114 929285806 684859120 940523974
684859120 940523974 686711232 940523974
684859120 940523974 684859120 966724765
450219349 604854776 470945560 638907872
470945560 638907872 489595273 644599546
489595273 644599546 498450647 644599546
498450647 644599546 498898975 644599546
498450647 644599546 498450647 655249414
498450647 655249414 499437298 659688124
489595273 644599546 489595273 667372511
489595273 667372511 495194379 667372511
489595273 667372511 489595273 678680595
489595273 678680595 499437298 691184059
499437298 691184059 499437298 694644230
499437298 694644230 502396587 703114536
502396587 703114536 502396587 706272129
502396587 703114536 509204665 703114536
502396587 706272129 503665861 726758499
499437298 691184059 526141652 691184059
503665861 726758499 518530585 746565089
518530585 746565089 518530585 757928864
518530585 746565089 536455987 746565089
571155096 734917706 626791416 734917706
708928488 952180607 728944619 990264122
728944619 990264122 772331464 991818576
273976853 522413411 311008338 544040403
311008338 544040403 327521566 574139906
327521566 574139906 327521566 584609092
327521566 584609092 333470506 592709869
333470506 592709869 337212319 593472462
337212319 593472462 338111918 593472462
338111918 593472462 340269240 604981543
340269240 604981543 340269240 637286948
340269240 637286948 340628271 640976881
340628271 640976881 353513271 650507055
353513271 650507055 359515137 650507055
353513271 650507055 353513271 671930054
359515137 650507055 378565480 661095258
340269240 604981543 379280106 604981543
379280106 604981543 412374340 606477395
412374340 606477395 413026923 606477395
413026923 606477395 418509912 608499545
418509912 608499545 418964954 615706353
412374340 606477395 412374340 616735819
418964954 615706353 432913639 615706353
418964954 615706353 418964954 634412569
418964954 634412569 418964954 642543734
418964954 634412569 429249714 634412569
432913639 615706353 433323697 634053577
418964954 642543734 424578213 660307144
424578213 660307144 439359681 663254138
439359681 663254138 454273793 663254138
454273793 663254138 454426432 666700245
439359681 663254138 439359681 705384283
439359681 705384283 445393520 707280928
327521566 574139906 373074049 574139906
373074049 574139906 374903773 603651403
374903773 603651403 374903773 636237577
374903773 636237577 378334609 637468538
378334609 637468538 399151933 649905899
374903773 603651403 409061008 603651403
337212319 593472462 337212319 639519021
353513271 671930054 357021520 723409245
357021520 723409245 368987835 723409245
368987835 723409245 375451132 729656156
375451132 729656156 383587312 729656156
375451132 729656156 375451132 738968206
375451132 738968206 377506454 742421845
357021520 723409245 357021520 741834073
377506454 742421845 397769428 742421845
397769428 742421845 398863500 742421845
397769428 742421845 397769428 757990222
397769428 757990222 409528030 775174861
409528030 775174861 424340107 775174861
409528030 775174861 409528030 799255127
409528030 799255127 410561961 829240565
410561961 829240565 416837757 876501479
416837757 876501479 436156527 880083369
436156527 880083369 436156527 913318361
436156527 913318361 448008238 915300407
448008238 915300407 448008238 925601568
436156527 880083369 469403250 880083369
469403250 880083369 479578067 895768930
479578067 895768930 488117450 895768930
488117450 895768930 496561760 897361367
479578067 895768930 479578067 912295074
479578067 912295074 488958663 915300407
488958663 915300407 491107816 916884219
491107816 916884219 491107816 926041240
491107816 926041240 499337241 926041240
491107816 926041240 491107816 946589520
491107816 916884219 523748040 916884219
496561760 897361367 518399977 908185282
491107816 946589520 498483871 980673660
498483871 980673660 498483871 990353493
498483871 980673660 511024834 980673660
448008238 925601568 452332358 964273990
452332358 964273990 463751822 964273990
463751822 964273990 463751822 972273473
463751822 972273473 466181699 980099098
463751822 964273990 478881523 964273990
452332358 964273990 452332358 990127620
523748040 916884219 566466079 918909217
566466079 918909217 592591779 918909217
592591779 918909217 614078922 926843350
614078922 926843350 619037898 926843350
619037898 926843350 619037898 930334736
619037898 930334736 620457648 946349529
620457648 946349529 620457648 955276271
619037898 926843350 641678900 926843350
614078922 926843350 614078922 952550158
641678900 926843350 652401723 946349529
652401723 946349529 652921307 983542401
566466079 918909217 566466079 963247563
566466079 963247563 570534002 964690587
570534002 964690587 572461319 964690587
570534002 964690587 570534002 969537418
478881523 964273990 522880046 966380431
620457648 955276271 633143496 997372685
257653438 581261124 257653438 639989204
257653438 639989204 257653438 643343332
257653438 639989204 263138438 639989204
263138438 639989204 268834016 653574623
268834016 653574623 275159930 653574623
275159930 653574623 275159930 658767481
275159930 653574623 284728954 653574623
268834016 653574623 268834016 666556736
314334344 100309911 331444325 142396338
331444325 142396338 332855477 159381686
332855477 159381686 332855477 159706219
332855477 159381686 347879471 159381686
347879471 159381686 355781696 200017572
355781696 200017572 357918456 216777238
357918456 216777238 361152634 216777238
357918456 216777238 357918456 223014714
273652337 462693713 286860279 509773217
286860279 509773217 311238649 514961474
311238649 514961474 316237062 514961474
311238649 514961474 311238649 521186009
204317016 141959027 225555241 181139959
225555241 181139959 226163773 194003359
226163773 194003359 226163773 199287071
226163773 194003359 233719402 194003359
226163773 199287071 231872122 215100367
231872122 215100367 246660735 253602487
246660735 253602487 246999061 253602487
246660735 253602487 246660735 265281210
246660735 265281210 255842933 267189964
255842933 267189964 259714314 267189964
255842933 267189964 255842933 317864806
255842933 317864806 276034588 321214112
445393520 707280928 459686367 753412010
459686367 753412010 461956234 753624611
461956234 753624611 473394832 753624611
461956234 753624611 461956234 771806609
612241369 560221215 656389543 576891184
656389543 576891184 657380504 610325222
657380504 610325222 672792179 616367070
672792179 616367070 700862214 616845405
700862214 616845405 714886778 616845405
377506454 742421845 377506454 803814730
377506454 803814730 388542351 813111385
388542351 813111385 396030439 813111385
388542351 813111385 388542351 832152106
388542351 832152106 399644117 842152116
208501571 375487798 252517294 392919393
252517294 392919393 265846239 392919393
265846239 392919393 274678647 392919393
265846239 392919393 265846239 403150477
252517294 392919393 252517294 410628916
252517294 410628916 258493052 416518259
265846239 403150477 308039197 414534814
308039197 414534814 311977070 414670632
311977070 414670632 325274911 448647816
518530585 757928864 523785121 814509666
523785121 814509666 526649885 833844173
526649885 833844173 546125563 833844173
526649885 833844173 526649885 871408531
526649885 871408531 531886067 871408531
526649885 871408531 526649885 885170353
627370230 673298752 658785653 705421260
658785653 705421260 687284060 729762917
687284060 729762917 701798294 729762917
687284060 729762917 687284060 755758490
687284060 755758490 701378404 755818187
701378404 755818187 701378404 755849021
701378404 755818187 741240843 755818187
741240843 755818187 752768733 764215947
752768733 764215947 766172407 776790394
766172407 776790394 784837722 777510693
784837722 777510693 801767206 777510693
801767206 777510693 811373545 812688538
811373545 812688538 818983466 812688538
818983466 812688538 834766257 813302100
811373545 812688538 811373545 830935779
834766257 813302100 854727070 813302100
854727070 813302100 868216663 830125674
868216663 830125674 868216663 849190768
868216663 830125674 896309601 830125674
896309601 830125674 903082194 832597394
903082194 832597394 903082194 840304916
903082194 832597394 924892507 832597394
903082194 840304916 909460913 863836802
909460913 863836802 912103364 866394858
912103364 866394858 912103364 884203443
912103364 884203443 915113714 884203443
915113714 884203443 943354101 884363499
943354101 884363499 953778204 884363499
943354101 884363499 943354101 910613456
912103364 866394858 941174585 866394858
811373545 830935779 815927371 858928356
834766257 813302100 834766257 848982913
912103364 884203443 912103364 921087554
868216663 849190768 891703078 863836802
891703078 863836802 891703078 865648806
891703078 865648806 899260053 880812074
953778204 884363499 985107079 892243971
985107079 892243971 989696425 892243971
985107079 892243971 985107079 904044440
701378404 755849021 725657850 785413386
834766257 848982913 851914112 885753029
851914112 885753029 851914112 891257900
851914112 891257900 853330982 891257900
851914112 891257900 851914112 894293612
851914112 885753029 867843157 885753029
867843157 885753029 870695217 928185911
870695217 928185911 875676185 930204671
875676185 930204671 884271534 939082680
784837722 777510693 784837722 833301326
784837722 833301326 798064476 867806688
943354101 910613456 964266780 950095668
964266780 950095668 964266780 954194447
964266780 950095668 970461969 950095668
912103364 921087554 916252316 977763934
916252316 977763934 916252316 982904830
916252316 977763934 934351462 977763934
332855477 159706219 344668830 211505045
265941725 581261124 272709569 638335148
89017488 150926224 126434406 177380831
126434406 177380831 126434406 178280367
126434406 177380831 135876135 177380831
135876135 177380831 135876135 178074631
135876135 177380831 147298185 177380831
147298185 177380831 158666978 200545057
158666978 200545057 182955546 220939785
182955546 220939785 202664693 220939785
202664693 220939785 205993997 220939785
202664693 220939785 202664693 224708061
202664693 224708061 204380251 237563245
204380251 237563245 204380251 241510440
204380251 237563245 217216958 237563245
182955546 220939785 182955546 274650543
182955546 274650543 197455660 278101221
197455660 278101221 244168579 283317378
244168579 283317378 250429492 329759233
499437298 659688124 563720933 659688124
512292602 453271238 544000640 486241002
544000640 486241002 563362824 488688419
563362824 488688419 568648564 489246038
568648564 489246038 568648564 499436480
568648564 489246038 578996677 489246038
578996677 489246038 611531283 490705105
611531283 490705105 623838705 490705105
623838705 490705105 623838705 490814449
611531283 490705105 611531283 516989182
623838705 490705105 650619263 490705105
650619263 490705105 682774996 499748252
682774996 499748252 684868540 499748252
684868540 499748252 684868540 515930490
684868540 515930490 687346446 527029222
687346446 527029222 687346446 532286832
687346446 527029222 701400303 527029222
701400303 527029222 701400303 527175692
701400303 527029222 716376648 527029222
687346446 532286832 698108410 545366289
684868540 499748252 714602121 499748252
714602121 499748252 725667382 503195885
682774996 499748252 682774996 534058680
698108410 545366289 745680996 552022909
745680996 552022909 745680996 583737650
745680996 552022909 777863712 552022909
777863712 552022909 781398636 552022909
777863712 552022909 777863712 564338634
781398636 552022909 799013673 564193643
799013673 564193643 832942405 564193643
832942405 564193643 843352571 581526301
843352571 581526301 843352571 592486696
843352571 592486696 844810889 607755362
844810889 607755362 844810889 613753848
844810889 613753848 847549769 613753848
844810889 613753848 844810889 627782915
844810889 627782915 850435354 639693991
850435354 639693991 856928691 639693991
843352571 581526301 861644700 581526301
844810889 607755362 866004344 607755362
866004344 607755362 876203032 623793602
876203032 623793602 877442575 647540600
877442575 647540600 889011062 647540600
889011062 647540600 897761329 648667647
897761329 648667647 910253491 648667647
877442575 647540600 877442575 669714882
910253491 648667647 916947141 672553731
861644700 581526301 882036865 595682460
882036865 595682460 903055606 599176209
877442575 669714882 897761329 685717363
897761329 685717363 899848785 688837486
899848785 688837486 902754433 688837486
899848785 688837486 899848785 702416142
899848785 702416142 909618467 713774138
909618467 713774138 909618467 748690511
909618467 748690511 915742279 748690511
915742279 748690511 915742279 750933642
915742279 750933642 921938151 753239475
909618467 748690511 909618467 762489492
915742279 748690511 938258433 748690511
909618467 713774138 946029053 713774138
946029053 713774138 955636548 717074280
955636548 717074280 955636548 723441321
955636548 717074280 977159803 717074280
977159803 717074280 977159803 718153971
977159803 718153971 977393499 734681372
977393499 734681372 993258676 734681372
977159803 717074280 996701928 717074280
993258676 734681372 996377947 762903389
903055606 599176209 919449276 619415289
919449276 619415289 948573240 621932182
745680996 583737650 762749213 604191784
762749213 604191784 762749213 612599947
762749213 604191784 786117684 604191784
786117684 604191784 799013673 630096133
799013673 630096133 799013673 630744083
799013673 630096133 809742008 630096133
799013673 630744083 804523742 636783270
850435354 639693991 850435354 695081785
850435354 695081785 855593716 716682104
855593716 716682104 855593716 717792757
855593716 716682104 862199067 716682104
862199067 716682104 870309561 727304493
924892507 832597394 977745877 844875507
284728954 653574623 289385300 714130433
289385300 714130433 299429253 714130433
289385300 714130433 289385300 736265299
289385300 736265299 293756666 786472108
293756666 786472108 301338280 786472108
293756666 786472108 293756666 812871305
293756666 812871305 326512707 820740283
326512707 820740283 333851647 820740283
333851647 820740283 342180393 832152106
326512707 820740283 326512707 850175790
326512707 850175790 342180393 866399113
342180393 866399113 342180393 872297595
342180393 872297595 342180393 872767759
342180393 872297595 342934034 872297595
342180393 866399113 355565336 866399113
355565336 866399113 359987276 884747389
359987276 884747389 365063094 889783566
365063094 889783566 368242937 889783566
365063094 889783566 365063094 900924844
365063094 900924844 371953926 904200899
371953926 904200899 377925824 909303469
377925824 909303469 385603604 909303469
385603604 909303469 401547768 916604543
401547768 916604543 410156416 922718481
410156416 922718481 410642960 922718481
410156416 922718481 410156416 935097047
410156416 935097047 415227966 953580739
342180393 832152106 376506755 832152106
376506755 832152106 376506755 842348719
377925824 909303469 377925824 966563721
342934034 872297595 351878410 927954116
351878410 927954116 354227661 960099706
354227661 960099706 366574578 979335237
322231544 303329927 322231544 369057906
511024834 980673660 561679832 996828401
401316682 139796945 445633671 162414280
445633671 162414280 445633671 169240801
445633671 169240801 450193148 174013296
450193148 174013296 450193148 180841783
450193148 174013296 457292792 174013296
445633671 162414280 457377017 162414280
457377017 162414280 461290379 163056576
457292792 174013296 474072350 189233753
342003958 0 409429561 0
409429561 0 429983200 0
429983200 0 431651155 0
431651155 0 431651155 635481
431651155 0 434833386 0
429983200 0 429983200 33178829
429983200 33178829 434833386 44887864
434833386 44887864 436808065 56992527
436808065 56992527 436808065 79819229
436808065 56992527 461685251 56992527
461685251 56992527 465978915 82464645
465978915 82464645 465978915 87054837
465978915 82464645 487107074 82464645
487107074 82464645 505259597 91725578
505259597 91725578 512108442 99846138
512108442 99846138 512547331 127400545
512547331 127400545 523702870 139120638
523702870 139120638 552215492 139120638
552215492 139120638 556556667 148971908
556556667 148971908 573548391 148971908
434833386 0 469507749 0
469507749 0 469507749 6261294
409429561 0 409429561 36425824
573548391 148971908 594930532 165169788
523702870 139120638 523702870 181747400
556556667 148971908 556556667 194110164
556556667 194110164 558366868 204140840
558366868 204140840 558366868 204255184
558366868 204140840 587309352 204140840
587309352 204140840 591854378 220568030
591854378 220568030 591854378 225810485
591854378 225810485 597283422 225810485
591854378 225810485 591854378 245995846
591854378 245995846 592751736 245995846
597283422 225810485 621503059 232222528
621503059 232222528 632605697 236838793
632605697 236838793 632605697 247128373
632605697 247128373 642367670 248167257
642367670 248167257 654044940 248167257
654044940 248167257 670975209 248167257
670975209 248167257 675874496 270023958
675874496 270023958 679004676 270023958
675874496 270023958 675874496 279003633
675874496 279003633 679772900 279026947
679772900 279026947 681947039 279026947
681947039 279026947 681947039 283618708
681947039 283618708 699563099 286100069
681947039 279026947 709359072 279026947
709359072 279026947 709359072 283279077
709359072 279026947 722616435 279026947
722616435 279026947 723926882 279665390
723926882 279665390 723926882 291595575
709359072 283279077 715459631 306294258
715459631 306294258 719430470 306294258
715459631 306294258 715459631 320021893
591854378 245995846 591854378 277447194
591854378 277447194 593888652 283564982
593888652 283564982 606043494 283564982
593888652 283564982 593888652 298397693
593888652 298397693 595566454 307937909
595566454 307937909 618315691 307937909
618315691 307937909 618315691 320932076
618315691 307937909 642367670 307937909
723926882 279665390 755887796 279665390
755887796 279665390 762677027 284027146
592751736 245995846 605700815 266017415
605700815 266017415 606043494 267075784
606043494 267075784 606139659 267075784
762677027 284027146 797797967 284027146
797797967 284027146 798612635 302510783
798612635 302510783 798612635 311358194
798612635 311358194 808148524 311358194
798612635 311358194 798612635 342474077
808148524 311358194 819728712 332686469
595566454 307937909 595566454 343719215
798612635 302510783 835821480 302510783
654044940 248167257 654044940 285794843
654044940 285794843 654044940 291671702
654044940 285794843 664454913 285794843
632605697 236838793 670512455 236838793
642367670 307937909 645782036 343856278
645782036 343856278 664130792 358992250
664130792 358992250 679011977 358992250
664130792 358992250 664130792 382543973
670512455 236838793 709348431 239341301
679772900 279026947 679772900 320993120
679772900 320993120 680778667 333652004
591854378 220568030 640912218 220568030
469507749 0 519130712 0
519130712 0 538044789 0
538044789 0 548927998 0
548927998 0 561062834 0
561062834 0 563139171 0
561062834 0 561062834 8074851
548927998 0 548927998 15267338
561062834 8074851 563139171 21675586
538044789 0 538044789 22796429
519130712 0 519130712 33861294
519130712 33861294 523879847 54460961
563139171 0 597345974 0
597345974 0 597345974 13275140
597345974 0 611584828 0
611584828 0 621366703 0
621366703 0 638884890 0
638884890 0 641597012 0
641597012 0 641597012 7892887
621366703 0 621366703 21912839
621366703 21912839 638884890 25663509
638884890 25663509 646055194 57742570
646055194 57742570 650337469 57742570
646055194 57742570 646055194 68965074
650337469 57742570 665100824 60175998
665100824 60175998 665100824 78370208
665100824 78370208 677775091 97186232
677775091 97186232 677982338 118010022
677982338 118010022 677982338 127017608
677982338 127017608 683254196 136041742
683254196 136041742 683254196 160208741
683254196 160208741 683254196 166429693
683254196 166429693 686020723 181968487
686020723 181968487 686020723 184922791
686020723 184922791 690348566 195730568
690348566 195730568 703992507 205296847
703992507 205296847 708551477 210442444
708551477 210442444 708551477 223202135
708551477 210442444 722577508 210442444
683254196 160208741 710566539 160208741
710566539 160208741 715358914 179715871
715358914 179715871 715358914 181968487
715358914 179715871 738436759 179715871
738436759 179715871 744567797 199236584
722577508 210442444 738549716 223656735
744567797 199236584 761352779 214200228
761352779 214200228 773831453 234683341
773831453 234683341 790709204 245463228
790709204 245463228 790709204 266032354
790709204 266032354 797797967 276626607
790709204 245463228 813998752 245463228
813998752 245463228 813998752 257870336
813998752 245463228 828082045 245463228
683254196 136041742 718735048 136041742
718735048 136041742 720779632 151317021
720779632 151317021 738436759 151334674
738436759 151334674 750816495 151334674
750816495 151334674 760094294 154672153
760094294 154672153 761917361 158362811
665100824 60175998 705359118 60175998
797797967 276626607 838322654 276626607
838322654 276626607 860459534 278813400
860459534 278813400 860459534 288480536
860459534 278813400 873365030 278813400
873365030 278813400 873365030 287684679
873365030 287684679 881941414 297849504
873365030 278813400 895610509 278813400
895610509 278813400 904574407 281054370
904574407 281054370 904574407 296874920
523879847 54460961 538488430 80945645
538488430 80945645 538488430 82167658
538488430 80945645 539970906 80945645
539970906 80945645 568023987 92092438
568023987 92092438 580672347 92092438
568023987 92092438 568023987 108910513
568023987 108910513 573478592 135860514
611584828 0 611584828 41812967
904574407 281054370 947266724 281054370
677982338 118010022 723158804 118010022
723158804 118010022 738436759 126742504
738436759 126742504 762069110 126742504
762069110 126742504 778504275 135095324
761917361 158362811 786951059 178680913
904574407 296874920 922154824 326246174
922154824 326246174 929756568 336897599
929756568 336897599 929756568 339965238
929756568 336897599 936153446 336897599
936153446 336897599 937895386 347792571
937895386 347792571 940684251 347792571
940684251 347792571 950013783 348135823
947266724 281054370 974875842 301993272
974875842 301993272 979468730 330958031
979468730 330958031 985233272 366158414
985233272 366158414 990460568 379134166
990460568 379134166 994539813 392964838
563139171 21675586 572375434 64677837
597345974 13275140 603089948 60750216
603089948 60750216 606111450 90900398
705359118 60175998 727692898 92378053
641597012 0 702919627 0
702919627 0 714862195 0
714862195 0 729771982 0
729771982 0 740871568 0
740871568 0 744341414 0
744341414 0 744341414 10224050
702919627 0 702919627 17167964
702919627 17167964 704058743 27039609
704058743 27039609 714862195 27039609
714862195 27039609 729771982 27311555
729771982 27311555 740871568 36040679
744341414 0 764391221 0
764391221 0 764391221 18083674
740871568 36040679 748629640 57181227
704058743 27039609 704058743 55965956
764391221 0 796600362 0
796600362 0 807723556 0
807723556 0 817992993 0
817992993 0 821117445 0
821117445 0 833101526 0
833101526 0 838470087 0
821117445 0 821117445 16413070
838470087 0 856239971 0
856239971 0 856239971 13892444
807723556 0 807723556 22562073
807723556 22562073 816991057 36506304
816991057 36506304 817992993 36506304
817992993 36506304 818802762 46882834
818802762 46882834 818802762 51923505
816991057 36506304 816991057 51873092
818802762 51923505 834650935 51923505
834650935 51923505 834917443 57619454
818802762 51923505 818802762 69963940
818802762 46882834 838470087 46882834
748629640 57181227 772599515 67896994
772599515 67896994 781668028 70251330
834917443 57619454 840106872 88408077
840106872 88408077 840106872 88858639
840106872 88408077 843521405 88408077
764391221 18083674 769636399 50275036
856239971 0 895153301 0
895153301 0 901993079 0
901993079 0 901993079 3225493
901993079 0 906162469 0
906162469 0 922934110 0
922934110 0 922934110 5912349
895153301 0 895153301 29315047
895153301 29315047 903240527 32178636
903240527 32178636 906162469 32178636
906162469 32178636 913875169 44116754
913875169 44116754 913875169 72056687
913875169 72056687 919669617 86338807
919669617 86338807 919669617 103705640
919669617 86338807 938016926 86338807
938016926 86338807 944043921 86338807
938016926 86338807 938016926 94523499
938016926 94523499 964731839 103844995
964731839 103844995 982655111 123398978
913875169 44116754 951636893 44116754
951636893 44116754 955045216 44180446
955045216 44180446 955045216 49446507
955045216 44180446 975894734 44180446
903240527 32178636 903240527 71041699
818802762 69963940 822130288 107429446
796600362 0 796600362 42862296
975894734 44180446 992935792 70800252
843521405 88408077 861977415 118420692
861977415 118420692 861977415 145502353
861977415 145502353 868449036 145502353
868449036 145502353 872973943 149632125
861977415 145502353 861977415 162919502
861977415 118420692 896944315 118420692
896944315 118420692 906348458 122517597
906348458 122517597 916426933 146514439
916426933 146514439 933891002 146514439
916426933 146514439 916426933 179463846
933891002 146514439 960337071 160368829
960337071 160368829 996039854 168287934
861977415 162919502 885392996 185959694
885392996 185959694 886108495 185959694
886108495 185959694 886108495 186176577
885392996 185959694 885392996 190800921
886108495 185959694 902293360 185959694
885392996 190800921 890467219 230771128
916426933 179463846 923440829 219724591
923440829 219724591 930380385 245657229
890467219 230771128 893361207 275390530
922934110 5912349 981604871 6416049
981604871 6416049 988236604 43640345
937895386 347792571 937895386 410007439
937895386 410007439 949550371 426696407
949550371 426696407 949550371 434535699
949550371 434535699 953495116 434535699
949550371 434535699 949550371 442308810
949550371 442308810 968466881 446229541
968466881 446229541 968466881 458767423
968466881 446229541 984129441 446229541
949550371 426696407 982250594 426696407
523702870 181747400 556463829 211345692
664130792 382543973 709762234 400035877
709762234 400035877 717017854 409197494
717017854 409197494 717017854 416419208
717017854 416419208 717503844 423300882
717017854 409197494 748112333 409197494
748112333 409197494 763309059 413757703
763309059 413757703 773103140 435939945
773103140 435939945 773103140 441936391
773103140 435939945 798336834 435939945
798336834 435939945 804434006 457928939
804434006 457928939 804434006 465124422
804434006 465124422 810680565 476839238
810680565 476839238 810680565 485830578
810680565 485830578 810680565 488887732
810680565 485830578 824585573 485830578
824585573 485830578 832810825 490405104
832810825 490405104 834072423 493066695
834072423 493066695 834658050 493066695
834658050 493066695 838881039 494650498
838881039 494650498 841456111 494650498
838881039 494650498 838881039 503036451
838881039 503036451 843389897 508617864
843389897 508617864 843389897 515521097
843389897 515521097 843389897 531057514
843389897 531057514 855227829 537325826
855227829 537325826 869893392 537325826
869893392 537325826 871886545 537325826
869893392 537325826 869893392 555306400
869893392 555306400 873197645 556100759
873197645 556100759 873197645 563735385
873197645 563735385 882036865 571317455
882036865 571317455 894461973 571317455
894461973 571317455 902971426 579288482
834072423 493066695 834072423 512050636
873197645 556100759 892736002 556100759
892736002 556100759 892736002 558663633
855227829 537325826 855227829 563610319
843389897 515521097 872108445 515521097
843389897 508617864 872255024 508617864
892736002 556100759 923192737 556100759
872108445 515521097 888281772 530337601
888281772 530337601 888281772 533826987
888281772 530337601 918180823 530337601
804434006 457928939 841614041 457928939
841614041 457928939 857627547 476839238
857627547 476839238 857627547 478471620
857627547 476839238 872643688 476839238
872643688 476839238 900928858 480017614
900928858 480017614 900928858 488724972
900928858 488724972 920298374 503128350
920298374 503128350 936882314 521631057
936882314 521631057 936882314 526363526
936882314 521631057 956046348 521631057
956046348 521631057 959093707 525495926
959093707 525495926 978718377 525495926
978718377 525495926 998468286 527861154
959093707 525495926 959093707 549490030
900928858 480017614 936116553 480017614
773103140 441936391 797283156 465012026
717503844 423300882 723598769 474491010
723598769 474491010 723598769 489588766
723598769 474491010 745144164 474491010
762677027 284027146 762677027 349243455
595566454 343719215 610321363 394897416
610321363 394897416 611844209 413211562
611844209 413211562 611844209 421947833
611844209 413211562 631858467 413211562
781668028 70251330 816377965 103148160
333361539 506709932 397994833 510636921
930380385 245657229 978829028 266032536
978829028 266032536 981282502 266032536
978829028 266032536 978829028 278813961
271822467 57520526 284470798 113765657
284470798 113765657 306579581 149427141
306579581 149427141 329242791 156335151
775702821 679478679 788910541 735724190
788910541 735724190 788910541 739064070
788910541 735724190 806727642 735724190
806727642 735724190 819421225 744331313
819421225 744331313 819421225 755303112
819421225 744331313 843894736 744331313
843894736 744331313 844247577 744590521
844247577 744590521 845448094 809761124
409721531 187006422 413122295 254456985
413122295 254456985 424982835 255690821
424982835 255690821 463303659 283034899
463303659 283034899 474587529 291717540
474587529 291717540 500525879 294097363
500525879 294097363 500525879 295205624
500525879 294097363 502860490 294097363
502860490 294097363 537754448 294865485
537754448 294865485 561275588 317845459
561275588 317845459 572650482 317845459
561275588 317845459 561275588 332836718
561275588 332836718 564323927 332836718
561275588 332836718 561275588 353977426
561275588 353977426 584139088 376869088
584139088 376869088 586298886 386500525
586298886 386500525 586298886 388622404
586298886 388622404 588821388 394897416
588821388 394897416 588821388 415514809
588821388 415514809 597925891 421947833
586298886 386500525 636151080 386500525
636151080 386500525 658152321 407783615
591218958 808742818 602231915 868816076
602231915 868816076 611068636 868816076
611068636 868816076 630722756 887012169
602231915 868816076 602231915 908880058
725667382 503195885 786896252 513211095
786896252 513211095 798534303 546748840
819728712 332686469 850335665 374674109
850335665 374674109 861261956 374674109
861261956 374674109 861713505 374674109
861261956 374674109 861261956 383897861
850335665 374674109 850335665 397335923
850335665 397335923 854177786 412675367
854177786 412675367 854177786 427705203
854177786 427705203 860646967 428398176
854177786 412675367 872448484 412675367
872448484 412675367 881936481 422750826
546125563 833844173 585693631 867664492
585693631 867664492 586413581 867983205
586413581 867983205 586413581 869503926
586413581 867983205 588560261 867983205
556463829 211345692 565389809 276885028
565389809 276885028 565389809 293631211
565389809 276885028 585100040 276885028
585100040 276885028 586029487 285661203
762677027 349243455 777934617 408505453
870309561 727304493 897856824 778259322
977393499 734681372 977393499 813919263
977393499 813919263 977393499 815912780
977393499 813919263 991869753 813919263
180997327 324969344 239947450 345448686
916947141 672553731 994961779 674304784
786951059 178680913 840066118 206061826
840066118 206061826 860020866 223773222
699629652 832299100 755967426 856632520
397994833 510636921 429486147 562363115
948573240 621932182 998423859 656539862
268834016 666556736 268904057 751498898
484178976 343425163 515310624 397345983
515310624 397345983 515310624 402045467
515310624 397345983 534529818 397345983
902754433 688837486 984431682 693485366
276034588 321214112 295514701 388093425
474072350 189233753 497683507 253006616
497683507 253006616 516086686 259762176
516086686 259762176 520962748 266688653
594930532 165169788 649370621 201752551
649370621 201752551 657916430 207887084
418068961 355039158 444069677 421302843
0 77631113 0 185598785
0 185598785 0 197663106
0 197663106 0 200544058
0 185598785 12169151 185598785
0 200544058 0 213063057
0 213063057 19639544 213063057
0 200544058 20585239 200544058
0 213063057 0 248724004
0 248724004 0 252564262
0 248724004 12377963 248724004
12377963 248724004 41397456 252564262
41397456 252564262 61568358 269852173
61568358 269852173 65998379 269852173
61568358 269852173 61568358 301858084
61568358 301858084 66081059 323103428
66081059 323103428 69932818 323103428
12169151 185598785 41169901 197663106
66081059 323103428 66081059 372796929
66081059 372796929 70156072 387562834
70156072 387562834 84892766 387562834
84892766 387562834 85417537 389383515
70156072 387562834 70156072 404282342
85417537 389383515 86365194 429088145
86365194 429088145 112075046 439408814
112075046 439408814 112624085 445577254
112624085 445577254 112937505 445577254
112937505 445577254 123945386 468143069
112624085 445577254 112624085 489761450
112624085 489761450 119129590 508102976
119129590 508102976 119129590 523512233
119129590 523512233 119129590 529704518
119129590 523512233 135924675 523512233
119129590 508102976 162849466 508102976
135924675 523512233 161553799 552014488
161553799 552014488 186290296 576583276
186290296 576583276 197795874 576625953
197795874 576625953 208539027 578808961
208539027 578808961 212129882 578808961
208539027 578808961 208539027 660729137
208539027 660729137 229202686 683855194
229202686 683855194 233494718 684923870
233494718 684923870 233494718 688426666
233494718 684923870 244184212 684923870
244184212 684923870 245687013 684923870
244184212 684923870 244184212 688104562
233494718 688426666 234523756 759310511
234523756 759310511 242113247 777896463
242113247 777896463 250474857 777896463
242113247 777896463 242113247 798017681
242113247 798017681 248023658 798017681
248023658 798017681 257667514 819969170
257667514 819969170 268103378 832465902
268103378 832465902 279323117 832465902
268103378 832465902 268103378 844844090
242113247 798017681 242113247 843148656
242113247 843148656 255538341 886460173
255538341 886460173 270190499 925281613
270190499 925281613 273102296 925281613
270190499 925281613 270190499 943139400
270190499 943139400 270947188 943511843
270947188 943511843 284377871 943511843
284377871 943511843 284377871 953924011
284377871 943511843 295035256 943511843
295035256 943511843 301390024 943875491
270947188 943511843 270947188 965662618
284377871 953924011 287666300 978235477
287666300 978235477 297798494 978518309
297798494 978518309 297798494 992276215
297798494 992276215 321548125 994852161
297798494 978518309 331401155 978518309
0 252564262 0 350437588
0 350437588 0 350642580
0 350642580 0 351140252
0 351140252 0 354607142
0 350642580 6684755 350642580
0 354607142 0 368541373
0 368541373 0 373945640
0 373945640 0 388271082
0 388271082 20462471 388271082
0 350437588 23303274 350437588
23303274 350437588 37434369 351140252
37434369 351140252 38034256 351140252
38034256 351140252 39811381 351140252
38034256 351140252 38034256 354607142
37434369 351140252 37434369 368541373
37434369 368541373 43503546 373945640
43503546 373945640 53118496 380728800
53118496 380728800 60620711 387080621
0 388271082 0 419026186
0 419026186 0 431383616
0 431383616 0 438784686
0 438784686 0 462121842
0 462121842 0 462170780
0 462121842 10465700 462121842
10465700 462121842 14799222 462170780
0 462170780 0 478465085
0 478465085 0 489162319
0 489162319 0 496399847
0 478465085 16516170 478465085
16516170 478465085 29772202 489162319
29772202 489162319 40269189 496399847
0 431383616 25314725 431383616
25314725 431383616 34846978 438784686
0 419026186 40511940 419026186
40511940 419026186 69793387 429489889
69793387 429489889 70590032 470271047
40269189 496399847 62619085 516805195
62619085 516805195 71282825 527310414
71282825 527310414 76089041 553790435
76089041 553790435 76089041 572151741
76089041 572151741 79884483 572151741
76089041 572151741 76089041 581147956
76089041 581147956 91724559 592773522
76089041 553790435 109331538 553790435
34846978 438784686 67125436 454260696
0 496399847 0 545638818
0 545638818 2685283 545638818
0 545638818 0 582320282
0 582320282 15727861 582320282
0 582320282 0 599650334
0 599650334 0 613155532
0 599650334 25558413 599650334
0 613155532 0 639372585
0 639372585 0 657892134
0 657892134 13015270 657892134
25558413 599650334 44953604 613155532
0 639372585 44560391 639372585
44560391 639372585 53248088 652211009
53248088 652211009 53248088 652233481
53248088 652211009 61468895 652211009
53248088 652233481 56573434 657150679
56573434 657150679 57659084 659181184
57659084 659181184 73897099 661536739
73897099 661536739 76369512 661536739
73897099 661536739 73897099 675073262
44953604 613155532 65109139 637662473
0 657892134 0 706870440
0 706870440 0 709659407
0 709659407 0 716412964
0 716412964 0 720343044
0 720343044 795165 720343044
0 720343044 0 721272406
0 721272406 0 724144632
0 724144632 0 724369133
0 724369133 0 730508477
0 730508477 0 734002162
0 709659407 9548957 709659407
9548957 709659407 10949739 716412964
0 721272406 10628297 721272406
10628297 721272406 30557956 724144632
30557956 724144632 30557956 730508477
30557956 724144632 43569073 724144632
43569073 724144632 46454746 724369133
46454746 724369133 49497525 734002162
0 706870440 24727543 706870440
49497525 734002162 77110376 743493336
77110376 743493336 80872553 743493336
80872553 743493336 80872553 753136350
80872553 743493336 91515738 743493336
77110376 743493336 77110376 772253466
77110376 772253466 77528397 794225960
77528397 794225960 88927212 821006857
91515738 743493336 113847317 759478122
113847317 759478122 113847317 766429262
113847317 759478122 122393145 759478122
122393145 759478122 131504890 760743517
0 734002162 0 779513191
0 779513191 6907802 779513191
0 779513191 0 790436248
0 790436248 34313757 790436248
34313757 790436248 61332352 794225960
61332352 794225960 61920790 794225960
61920790 794225960 61920790 812299841
61332352 794225960 61332352 818755742
91724559 592773522 107621630 627095351
107621630 627095351 112360103 627095351
107621630 627095351 107621630 633293182
107621630 633293182 136796940 652269406
136796940 652269406 148101316 665424458
148101316 665424458 160012747 679898789
160012747 679898789 160012747 693420453
160012747 693420453 160045707 710635588
160045707 710635588 162426537 710635588
160045707 710635588 160045707 720126730
160012747 679898789 180332335 679898789
162426537 710635588 177230321 717087208
88927212 821006857 137913320 827266997
137913320 827266997 141409646 831768548
141409646 831768548 141811351 880009239
141811351 880009239 158435609 880009239
141811351 880009239 141811351 901216546
141811351 901216546 142603172 937549190
142603172 937549190 172967322 937549190
172967322 937549190 174027040 964587384
174027040 964587384 188962400 964587384
174027040 964587384 174027040 982302040
70590032 470271047 98189637 498752728
177230321 717087208 187748693 762898081
187748693 762898081 227408107 762898081
187748693 762898081 187748693 805129499
187748693 805129499 187812548 814242841
187812548 814242841 187812548 818829688
187812548 814242841 210021041 814242841
210021041 814242841 212104102 840671799
212104102 840671799 221932847 840671799
212104102 840671799 212104102 866101425
212104102 866101425 224945017 868869165
224945017 868869165 225592788 868869165
224945017 868869165 224945017 914639868
224945017 914639868 233554036 928496119
233554036 928496119 233554036 935171577
233554036 928496119 242618938 928496119
242618938 928496119 250825876 931213373
233554036 935171577 237527245 958743480
142603172 937549190 142603172 998635488
6907802 779513191 67226807 780598456
158435609 880009239 211104752 900285190
211104752 900285190 212090205 914639868
212090205 914639868 212090205 920550820
0 790436248 0 865822333
0 865822333 30251582 865822333
30251582 865822333 56245617 874631651
56245617 874631651 60935979 886029464
60935979 886029464 60935979 901207612
60935979 886029464 78700418 886029464
60935979 901207612 64828366 916448142
64828366 916448142 76418238 927615080
76418238 927615080 76418238 935905475
0 865822333 0 900884417
0 900884417 0 908854204
0 908854204 14846528 908854204
0 908854204 0 924976548
0 924976548 6211493 924976548
0 924976548 0 937481886
0 937481886 0 943600190
0 900884417 27636967 900884417
0 943600190 3380227 973726347
76418238 927615080 113989794 927615080
0 937481886 42576898 937481886
42576898 937481886 45604302 943600190
73897099 675073262 115826096 716045484
115826096 716045484 115985884 723547354
115985884 723547354 124900744 733463231
124900744 733463231 134670126 740053003
399644117 842152116 497011711 869778124
