1443
0 0 6872751 0
6872751 0 12862204 0
12862204 0 20479971 0
0 0 0 7633855
0 7633855 0 8143934
0 8143934 0 12481077
0 12481077 6872751 12481077
12862204 0 12862204 7633855
12862204 7633855 20479971 8143934
0 12481077 0 22557372
20479971 0 37643472 0
37643472 0 37643472 22557372
0 22557372 0 65365050
0 65365050 0 71103020
0 71103020 0 79252342
0 79252342 3345316 79252342
0 79252342 0 90113842
0 90113842 8076876 90113842
0 90113842 0 109345314
0 109345314 0 127785414
0 127785414 0 136714487
0 136714487 24865975 136714487
0 109345314 31430578 109345314
31430578 109345314 40427268 127785414
40427268 127785414 50601880 149647898
50601880 149647898 91803322 155689861
91803322 155689861 94510799 160980449
94510799 160980449 94510799 172623116
94510799 172623116 96993391 172623116
94510799 172623116 94510799 200149502
94510799 160980449 132383050 160980449
132383050 160980449 136472892 190349463
136472892 190349463 138642021 192916863
138642021 192916863 162637444 192916863
162637444 192916863 162637444 199584520
162637444 192916863 179242323 192916863
162637444 199584520 162957842 221803163
162957842 221803163 165219346 234126917
165219346 234126917 184396217 237338358
184396217 237338358 199643956 237338358
199643956 237338358 204350861 251160940
184396217 237338358 184396217 255998207
184396217 255998207 192667526 255998207
184396217 255998207 184396217 275711015
204350861 251160940 226184235 264045790
138642021 192916863 138642021 228458292
226184235 264045790 232945778 293618571
232945778 293618571 246085401 293618571
232945778 293618571 232945778 317399042
232945778 317399042 235339700 322237454
235339700 322237454 235339700 342265944
235339700 322237454 264967848 322237454
264967848 322237454 275498068 322237454
264967848 322237454 264967848 333316448
264967848 333316448 265928484 336407992
265928484 336407992 265928484 354645320
265928484 336407992 293025648 336407992
293025648 336407992 310735075 363973203
310735075 363973203 324499641 363973203
310735075 363973203 310735075 389281069
310735075 389281069 311209970 408591310
311209970 408591310 316357067 417871878
324499641 363973203 347421279 382371033
347421279 382371033 347421279 384458879
347421279 384458879 351158457 387477592
347421279 382371033 362554548 382371033
351158457 387477592 355154907 406173513
355154907 406173513 362616135 406173513
362616135 406173513 368028287 419237056
368028287 419237056 386936677 419237056
386936677 419237056 405347666 420816324
368028287 419237056 368028287 445173976
368028287 445173976 371884910 451085803
362554548 382371033 377514000 396877971
377514000 396877971 377514000 398925082
377514000 396877971 390948498 396877971
390948498 396877971 420106242 398821356
371884910 451085803 403572251 451085803
403572251 451085803 404689286 465623502
404689286 465623502 404689286 493351398
404689286 465623502 436901116 465623502
436901116 465623502 445513371 483620641
445513371 483620641 468310269 483620641
468310269 483620641 485482515 483620641
468310269 483620641 468310269 509864874
468310269 509864874 469089124 512290166
469089124 512290166 481803166 512290166
469089124 512290166 469089124 530206413
481803166 512290166 508813970 516818598
485482515 483620641 508813970 492230584
508813970 492230584 534672972 492230584
445513371 483620641 445513371 520146451
445513371 520146451 449820662 523409937
449820662 523409937 456347183 523409937
449820662 523409937 449820662 530206413
449820662 530206413 449820662 559236730
371884910 451085803 371884910 489390003
371884910 489390003 371884910 502179456
371884910 489390003 392406031 489390003
420106242 398821356 449934795 407376594
355154907 406173513 355154907 455594884
179242323 192916863 213327910 208472901
213327910 208472901 229617714 208472901
229617714 208472901 234244435 218905344
234244435 218905344 234244435 219819358
234244435 218905344 235365715 218905344
213327910 208472901 213327910 227275570
235365715 218905344 266431653 224887694
266431653 224887694 266431653 230447174
266431653 224887694 273010650 224887694
273010650 224887694 299938343 232597129
0 71103020 49767128 71103020
49767128 71103020 85748755 78208110
85748755 78208110 106913070 86755318
106913070 86755318 107913220 91895796
107913220 91895796 107913220 119025243
107913220 119025243 107913220 119443465
107913220 119025243 133831329 119025243
133831329 119025243 146945834 129361253
146945834 129361253 152732838 132307013
152732838 132307013 152732838 133071723
152732838 132307013 159202722 132307013
152732838 133071723 157740647 136691955
157740647 136691955 184109589 145562291
184109589 145562291 193987749 145562291
193987749 145562291 197385524 145562291
193987749 145562291 193987749 153721506
184109589 145562291 184109589 164435772
184109589 164435772 195676993 174344223
195676993 174344223 195676993 188029416
195676993 188029416 197292014 188480193
195676993 174344223 209543261 174344223
209543261 174344223 241969344 181803045
241969344 181803045 262283601 186854685
107913220 91895796 149989080 91895796
149989080 91895796 149989080 96403422
149989080 91895796 154779961 91895796
149989080 96403422 152732838 105013926
152732838 105013926 159015184 105013926
159015184 105013926 159202722 113345141
159202722 113345141 190168819 113345141
190168819 113345141 213179610 134539527
213179610 134539527 234370593 135383036
234370593 135383036 235027861 135383036
234370593 135383036 234370593 137302051
107913220 119443465 131905789 141088072
234370593 137302051 276629535 144015440
276629535 144015440 277282457 147295273
277282457 147295273 277282457 158765560
277282457 158765560 281813001 178261215
281813001 178261215 302665678 180256394
302665678 180256394 306992897 180256394
302665678 180256394 302665678 205502689
306992897 180256394 313471172 200682450
277282457 147295273 316010177 147295273
316010177 147295273 319087814 153877243
319087814 153877243 320100223 153877243
319087814 153877243 319087814 175054173
319087814 175054173 352309002 188785089
352309002 188785089 352934292 198399844
313471172 200682450 333465486 230943122
333465486 230943122 342007204 265529744
342007204 265529744 342007204 271064911
342007204 271064911 342007204 274622137
342007204 265529744 348347776 265529744
342007204 274622137 348347776 274622137
348347776 274622137 349717109 279430752
349717109 279430752 349717109 297484641
349717109 279430752 370824662 279430752
370824662 279430752 377408670 285133130
377408670 285133130 377408670 293798126
377408670 285133130 399631161 285133130
399631161 285133130 401235183 285133130
399631161 285133130 399631161 292111947
342007204 274622137 342007204 299550064
348347776 265529744 379448122 265529744
379448122 265529744 379448122 271064911
379448122 265529744 393495706 265529744
399631161 292111947 432382367 305563111
432382367 305563111 432382367 312282230
432382367 305563111 462875014 305563111
462875014 305563111 488009892 316429527
488009892 316429527 488009892 332131799
488009892 332131799 488573060 332131799
488573060 332131799 488573060 338590953
488573060 332131799 495997726 332131799
488009892 316429527 507631665 316429527
488009892 332131799 488009892 352952237
393495706 265529744 439455108 268746230
138642021 228458292 162004115 255363008
0 136714487 0 188532848
0 188532848 13992103 188532848
0 188532848 0 222684577
0 222684577 0 225440024
0 225440024 21187234 225440024
0 222684577 22104158 222684577
0 225440024 0 263086205
0 263086205 23438739 263086205
0 263086205 0 300214692
0 300214692 23915046 300214692
23915046 300214692 54370267 300509520
54370267 300509520 72967449 308314705
72967449 308314705 87103565 312632324
87103565 312632324 95015926 329051240
95015926 329051240 95015926 335997275
95015926 329051240 116603646 329051240
21187234 225440024 50972208 236241788
50972208 236241788 50972208 236759661
50972208 236759661 52414715 246245875
50972208 236241788 64301717 236241788
52414715 246245875 57748283 261683939
57748283 261683939 60127787 261683939
57748283 261683939 57748283 291316435
0 300214692 0 341467682
0 341467682 743031 341467682
0 341467682 0 350761218
0 350761218 4667948 350761218
488009892 352952237 517121051 375808085
517121051 375808085 517121051 382523368
517121051 375808085 535509043 375808085
517121051 382523368 519201419 404958982
519201419 404958982 528764683 404958982
528764683 404958982 535287027 407090931
535287027 407090931 535287027 427265002
535287027 427265002 535287027 432329391
535287027 427265002 544006775 427265002
544006775 427265002 550278742 441660244
519201419 404958982 519201419 433933777
535287027 407090931 564719840 407090931
564719840 407090931 584886686 417698020
584886686 417698020 590518404 420672699
590518404 420672699 592297919 439219186
592297919 439219186 592297919 440017332
592297919 440017332 593105681 456446467
593105681 456446467 593105681 468613855
593105681 468613855 597725794 468613855
597725794 468613855 614935377 481036983
614935377 481036983 618466091 481036983
614935377 481036983 614935377 495558553
614935377 495558553 619051811 519363119
593105681 456446467 623457425 456446467
619051811 519363119 646078988 525195448
646078988 525195448 646994318 541927601
646994318 541927601 649707270 541927601
649707270 541927601 652486749 541927601
649707270 541927601 649707270 566734167
592297919 439219186 626576099 439219186
626576099 439219186 639479697 447576097
519201419 433933777 528952814 459658274
649707270 566734167 684361997 575642123
684361997 575642123 692151915 582537718
692151915 582537718 692151915 590605704
692151915 590605704 699545999 590605704
699545999 590605704 707786461 599295119
692151915 582537718 735049989 582537718
735049989 582537718 768532410 588297097
768532410 588297097 775390680 588297097
775390680 588297097 777384327 608954959
777384327 608954959 780541710 612232359
780541710 612232359 802098525 612232359
802098525 612232359 802098525 616573357
802098525 612232359 808402356 612232359
808402356 612232359 808402356 615971767
808402356 612232359 828493245 612232359
768532410 588297097 768532410 616595268
808402356 615971767 816226389 640692839
816226389 640692839 825766668 640692839
816226389 640692839 816226389 662631805
816226389 662631805 826768455 664504288
826768455 664504288 856687703 673259995
856687703 673259995 859075829 673259995
859075829 673259995 859075829 682359150
859075829 673259995 868817764 673259995
868817764 673259995 874284643 673259995
868817764 673259995 868817764 680326037
868817764 680326037 883138227 697266397
883138227 697266397 883138227 705823225
883138227 697266397 906235564 697266397
906235564 697266397 907224708 704407245
907224708 704407245 927922771 718670794
859075829 682359150 867115866 710070897
867115866 710070897 876274680 710070897
867115866 710070897 867115866 738355579
646994318 541927601 646994318 586937341
646994318 586937341 646994318 608496507
646994318 586937341 677129377 586937341
535509043 375808085 578655393 377920187
867115866 738355579 892948758 759039358
892948758 759039358 910148078 759345434
910148078 759345434 910148078 762969481
910148078 759345434 935750738 759345434
935750738 759345434 936111252 773000343
936111252 773000343 947005369 796622891
947005369 796622891 947005369 799330993
947005369 796622891 953899986 796622891
953899986 796622891 967758399 817084823
967758399 817084823 974669874 827898249
974669874 827898249 974669874 838905315
974669874 838905315 976405901 839523922
974669874 827898249 987155059 827898249
976405901 839523922 993212674 839523922
976405901 839523922 976405901 873058908
976405901 873058908 991001634 873058908
976405901 873058908 976405901 898230045
976405901 898230045 996187014 908264666
828493245 612232359 848051530 640555507
780541710 612232359 780541710 663045782
780541710 663045782 789851080 671163376
789851080 671163376 789851080 673802192
789851080 671163376 811969011 671163376
811969011 671163376 812343733 673750863
469089124 530206413 500873397 551437625
500873397 551437625 504873909 570509869
504873909 570509869 505905849 570509869
505905849 570509869 513105622 574762068
513105622 574762068 523776159 574762068
513105622 574762068 513105622 605152897
513105622 605152897 513105622 609865623
513105622 605152897 520567912 605152897
520567912 605152897 523501661 630235772
523501661 630235772 529447954 630235772
529447954 630235772 534814167 638486663
534814167 638486663 534814167 666725422
534814167 666725422 534814167 672156035
534814167 666725422 542136135 666725422
542136135 666725422 542136135 667661395
542136135 666725422 549088223 666725422
534814167 672156035 537459329 683761000
537459329 683761000 537459329 684485837
537459329 683761000 539676614 683761000
549088223 666725422 573058454 674093696
504873909 570509869 504873909 606682295
504873909 606682295 512656048 609865623
512656048 609865623 512656048 623567282
573058454 674093696 587280483 702925719
587280483 702925719 587402057 710414905
587402057 710414905 587402057 731214576
523501661 630235772 523501661 674206479
523501661 674206479 525977433 696868243
534814167 638486663 584543242 638486663
584543242 638486663 602012856 638486663
584543242 638486663 584543242 664354443
449934795 407376594 461837585 448689477
587402057 710414905 641238492 710414905
641238492 710414905 643113878 714750964
643113878 714750964 662253975 714750964
643113878 714750964 643113878 736700263
162004115 255363008 172314772 299504374
172314772 299504374 175595614 302489762
175595614 302489762 177584281 310536766
177584281 310536766 178377345 324032329
178377345 324032329 180386763 327143179
180386763 327143179 191774368 342618383
191774368 342618383 191774368 344584447
191774368 342618383 201957874 342618383
201957874 342618383 203540783 370889038
203540783 370889038 207155072 370889038
203540783 370889038 203540783 396607660
203540783 396607660 222539023 399938623
222539023 399938623 222539023 421547905
222539023 421547905 229659477 421547905
229659477 421547905 237748963 424288204
222539023 399938623 247007506 399938623
247007506 399938623 256082783 409142040
256082783 409142040 271997738 417898171
237748963 424288204 253176161 439608428
207155072 370889038 222096248 394102625
222539023 421547905 222539023 460006058
253176161 439608428 266948129 472296623
525977433 696868243 531316505 747497462
531316505 747497462 531316505 752381487
531316505 747497462 540635936 747497462
531316505 752381487 534898096 767633985
534898096 767633985 540464750 767633985
534898096 767633985 534898096 784510352
534898096 784510352 542475625 830451786
542475625 830451786 555309647 847580353
555309647 847580353 557488825 880932991
557488825 880932991 557488825 891077976
557488825 891077976 561863392 891077976
561863392 891077976 576826227 891146407
576826227 891146407 578940628 897088765
578940628 897088765 578940628 906793193
557488825 891077976 557488825 914124905
578940628 906793193 604133262 915202052
578940628 897088765 614399201 897088765
614399201 897088765 624925656 899613842
624925656 899613842 637612168 906066101
637612168 906066101 637612168 925613442
637612168 906066101 670306866 906066101
670306866 906066101 680138029 910093935
680138029 910093935 680138029 946811089
680138029 946811089 682872572 953731465
682872572 953731465 682872572 959482394
682872572 953731465 694690000 953731465
694690000 953731465 695288076 960364998
695288076 960364998 727401057 960364998
695288076 960364998 695288076 997562505
680138029 910093935 719628215 910093935
719628215 910093935 727401057 945832330
727401057 945832330 732923473 945832330
637612168 925613442 657745168 956420774
657745168 956420774 658044417 965065078
658044417 965065078 660904141 965065078
658044417 965065078 658044417 971584367
660904141 965065078 671025874 971376622
671025874 971376622 672052925 985245098
643113878 736700263 693282344 742596696
693282344 742596696 693282344 747318727
693282344 742596696 698012575 742596696
698012575 742596696 709320885 743212040
709320885 743212040 709320885 789909219
709320885 789909219 713736695 790402571
713736695 790402571 735551546 790402571
735551546 790402571 735551546 804126185
735551546 804126185 735551546 805107030
735551546 805107030 740477123 808006918
740477123 808006918 740477123 834724425
735551546 804126185 762643414 804126185
762643414 804126185 773667264 808006918
713736695 790402571 713736695 818850637
713736695 818850637 714375067 835817635
714375067 835817635 721120853 835817635
721120853 835817635 722515079 841091030
722515079 841091030 726204516 872264183
726204516 872264183 729113457 872264183
726204516 872264183 726204516 889330732
735551546 790402571 773424113 790402571
773424113 790402571 773424113 800514192
773424113 790402571 792342578 790402571
792342578 790402571 813134177 805201949
813134177 805201949 824642452 805201949
729113457 872264183 769143019 873692691
769143019 873692691 769143019 884009453
769143019 884009453 771942844 885821656
769143019 873692691 787749638 873692691
787749638 873692691 787749638 882797871
787749638 882797871 793399538 895137819
787749638 873692691 811596748 873692691
813134177 805201949 813134177 856862811
726204516 889330732 766698465 901804989
766698465 901804989 768796792 940646824
768796792 940646824 791176582 945623522
791176582 945623522 791885058 945623522
791885058 945623522 801498961 945623522
801498961 945623522 802953337 950686690
791885058 945623522 791885058 956321949
802953337 950686690 823153846 960094322
823153846 960094322 823153846 976074837
791176582 945623522 791176582 976646502
791176582 976646502 801527112 995991564
823153846 960094322 871236319 960094322
871236319 960094322 872201205 970812247
872201205 970812247 872201205 975820773
872201205 970812247 896757659 970812247
896757659 970812247 896757659 971816666
896757659 971816666 915189320 981107052
915189320 981107052 926615313 990272398
926615313 990272398 934030283 993941665
896757659 970812247 941118483 970812247
709320885 743212040 762695462 743212040
762695462 743212040 800990485 743394116
800990485 743394116 824062769 743394116
824062769 743394116 828889129 750254104
828889129 750254104 828889129 750318748
828889129 750254104 846325323 750254104
846325323 750254104 846871608 758575458
800990485 743394116 800990485 770327501
824642452 805201949 860114021 824806975
860114021 824806975 867402339 824806975
860114021 824806975 860114021 843391309
860114021 843391309 864725970 844871013
864725970 844871013 882402425 845168597
882402425 845168597 887924397 845168597
887924397 845168597 887924397 854912633
887924397 854912633 890420008 855073929
890420008 855073929 890420008 870491963
890420008 870491963 899011600 883605399
887924397 845168597 910832946 845168597
899011600 883605399 931107544 883605399
910832946 845168597 934625420 853625836
934625420 853625836 934625420 855073929
934625420 853625836 939589463 853625836
899011600 883605399 899011600 918574867
931107544 883605399 941497637 917196283
882402425 845168597 882402425 895194976
714375067 835817635 714375067 891096460
371884910 502179456 379639113 551575361
379639113 551575361 380449833 564571356
380449833 564571356 407070752 564571356
407070752 564571356 407070752 575931940
407070752 564571356 423631726 564571356
380449833 564571356 380449833 598906303
407070752 575931940 411856547 614808681
523776159 574762068 569408765 586296154
639479697 447576097 684214900 460073433
684214900 460073433 684214900 462462953
684214900 462462953 689734502 462462953
689734502 462462953 694922550 469794798
694922550 469794798 696249425 479063171
696249425 479063171 713521174 479063171
696249425 479063171 696249425 511048063
684214900 462462953 684214900 495553883
684214900 460073433 717920768 460073433
717920768 460073433 734767129 461560577
734767129 461560577 737647041 461560577
734767129 461560577 734767129 476821792
734767129 476821792 747066242 500189846
747066242 500189846 747066242 502839701
747066242 500189846 772399092 500189846
737647041 461560577 785345743 464467022
785345743 464467022 804950959 475855543
696249425 511048063 696521890 562430150
696521890 562430150 738858653 574284915
867402339 824806975 910832946 838833303
910832946 838833303 925827614 838833303
439455108 268746230 473164840 292671510
587402057 731214576 618831736 757903488
618831736 757903488 618831736 760514867
618831736 757903488 625080590 757903488
618831736 760514867 621031984 778376676
621031984 778376676 641677092 800277461
641677092 800277461 641677092 817807907
641677092 817807907 649772768 829207618
649772768 829207618 649772768 845424550
649772768 845424550 655472992 858221637
641677092 800277461 667073121 800277461
649772768 829207618 697945962 829207618
539676614 683761000 549993371 732247987
549993371 732247987 587113942 738516699
316357067 417871878 334844113 458359618
334844113 458359618 338737979 473261250
299938343 232597129 324620445 267003135
324620445 267003135 329279201 267003135
324620445 267003135 324620445 276529590
324620445 276529590 336049686 308130358
37643472 0 96879394 0
96879394 0 101298943 0
101298943 0 104856123 0
104856123 0 111522284 0
111522284 0 111530015 0
96879394 0 96879394 8205924
111522284 0 111522284 15521583
96879394 8205924 101298943 29714076
101298943 29714076 104856123 32840779
104856123 32840779 111530015 46955375
111530015 46955375 143183145 56359542
143183145 56359542 143183145 64052622
143183145 56359542 151084169 56359542
151084169 56359542 175731639 78624945
111530015 0 162060753 0
162060753 0 172542378 0
172542378 0 172542378 10242475
162060753 0 162060753 37748350
172542378 0 214195793 0
214195793 0 232081603 0
214195793 0 214195793 19632865
214195793 19632865 232081603 19863569
232081603 0 273982186 0
273982186 0 278033895 0
273982186 0 273982186 6633882
278033895 0 287116202 0
273982186 6633882 278033895 15166674
287116202 0 303649364 0
303649364 0 303649364 11106254
303649364 0 317764901 0
317764901 0 324639369 0
324639369 0 332252108 0
332252108 0 333245937 0
333245937 0 349017537 0
349017537 0 358064686 0
358064686 0 361924899 0
361924899 0 376819002 0
376819002 0 394835376 0
394835376 0 394835376 6126855
361924899 0 361924899 18358057
278033895 15166674 287116202 28921433
317764901 0 317764901 24854143
317764901 24854143 324639369 30634927
324639369 30634927 324639369 37245628
324639369 30634927 332252108 30634927
332252108 30634927 333245937 30634927
332252108 30634927 332252108 34658749
333245937 30634927 358064686 31232011
358064686 31232011 376819002 31807761
349017537 0 349017537 29390004
332252108 34658749 336835501 64934283
394835376 0 439789943 0
439789943 0 461805952 0
461805952 0 461805952 9206214
461805952 0 493981647 0
493981647 0 494517299 0
493981647 0 493981647 14951645
494517299 0 513692065 0
513692065 0 526511557 0
493981647 14951645 494517299 34510140
494517299 34510140 494738828 36124276
494738828 36124276 513692065 36124276
526511557 0 526511557 23319319
513692065 36124276 525660224 52593054
494738828 36124276 494738828 66615435
526511557 0 567047871 0
567047871 0 577365859 0
577365859 0 577769504 0
577769504 0 577769504 8283894
567047871 0 567047871 18199013
577769504 0 600120442 0
600120442 0 600120442 23139269
567047871 18199013 576123266 32898273
576123266 32898273 577365859 32898273
576123266 32898273 576123266 56488063
576123266 56488063 583445420 76886040
577365859 32898273 584631659 53879121
583445420 76886040 592577330 105333115
592577330 105333115 594271025 107345612
594271025 107345612 599426881 134807053
599426881 134807053 615172336 134807053
599426881 134807053 599426881 160231612
599426881 160231612 602897984 180038649
602897984 180038649 602897984 185877664
602897984 185877664 604751678 185877664
604751678 185877664 606347479 196851805
602897984 185877664 602897984 199854987
600120442 0 643063695 0
643063695 0 643063695 14594904
643063695 14594904 645750148 54464626
645750148 54464626 657447155 54464626
645750148 54464626 645750148 71109512
645750148 71109512 660666596 77610635
660666596 77610635 665777599 101005300
665777599 101005300 665777599 109231600
665777599 109231600 666218130 119408422
665777599 101005300 679963835 101005300
666218130 119408422 690650299 119408422
657447155 54464626 684526059 59484512
684526059 59484512 686078602 64013351
686078602 64013351 689688709 64013351
686078602 64013351 686078602 68912372
686078602 68912372 692002579 77017577
692002579 77017577 692002579 79067082
692002579 77017577 709791904 77017577
709791904 77017577 711798359 107279024
711798359 107279024 720722673 129359991
720722673 129359991 720722673 130998663
720722673 130998663 728291508 130998663
720722673 130998663 720722673 148131583
720722673 148131583 730114210 152402264
730114210 152402264 730114210 158219838
720722673 129359991 746010880 129359991
666218130 119408422 666218130 153151374
690650299 119408422 708759223 138127692
730114210 152402264 769861607 152402264
769861607 152402264 787196945 155094094
787196945 155094094 787196945 161465087
787196945 155094094 812578626 155094094
812578626 155094094 835316248 163413896
835316248 163413896 852739500 177733782
852739500 177733782 852739500 182108386
852739500 182108386 863430086 184216547
863430086 184216547 888068647 184216547
863430086 184216547 863430086 213584198
863430086 213584198 869926691 219721049
869926691 219721049 883039815 219721049
883039815 219721049 884716238 219721049
883039815 219721049 883039815 230143610
883039815 230143610 894439254 231560663
894439254 231560663 908481633 231560663
869926691 219721049 869926691 242016430
908481633 231560663 908724121 255795996
908724121 255795996 908724121 265671614
908724121 265671614 912308055 265671614
908724121 265671614 908724121 290340661
908724121 255795996 934834205 255795996
934834205 255795996 936622190 276048407
936622190 276048407 937119401 277621442
908724121 290340661 918800699 307669204
918800699 307669204 929910887 321180776
929910887 321180776 929910887 330709960
929910887 330709960 932934291 331515196
929910887 321180776 941638699 321180776
941638699 321180776 941638699 326771190
941638699 326771190 957101706 335794147
957101706 335794147 973122325 335794147
973122325 335794147 984204524 348007709
912308055 265671614 933618539 276048407
933618539 276048407 933618539 281188231
941638699 321180776 975634855 321180776
957101706 335794147 957101706 375297258
957101706 375297258 960491074 393796608
960491074 393796608 976573171 401596337
976573171 401596337 979843514 431218395
979843514 431218395 996400242 431218395
979843514 431218395 979843514 452180015
852739500 177733782 893518807 177733782
730114210 158219838 743984270 185329831
743984270 185329831 743984270 185944392
743984270 185329831 752825675 185329831
752825675 185329831 756288632 224672527
756288632 224672527 756288632 240876165
756288632 240876165 756376693 242258223
756376693 242258223 756376693 258469170
756288632 224672527 783555669 224672527
783555669 224672527 783726734 226596270
783726734 226596270 783726734 242258223
783726734 242258223 796528845 257411490
796528845 257411490 801562565 257411490
796528845 257411490 796528845 284593131
796528845 284593131 815639047 293548423
602897984 180038649 647747589 180038649
647747589 180038649 665988690 183276277
665988690 183276277 665988690 184989422
665988690 183276277 682163865 183276277
979843514 452180015 980546106 497612066
756376693 258469170 768604758 293602486
768604758 293602486 787319223 299931757
643063695 0 690957832 0
690957832 0 707394409 0
707394409 0 721401303 0
721401303 0 721401303 30544904
690957832 0 690957832 40484288
690957832 40484288 692002579 47535492
692002579 47535492 707394409 47535492
707394409 47535492 709791904 52138881
709791904 52138881 752882357 52138881
752882357 52138881 769293750 52138881
752882357 52138881 752882357 73239715
769293750 52138881 795412638 71281859
439789943 0 439789943 48342924
439789943 48342924 453021423 54827891
453021423 54827891 458967277 70981779
458967277 70981779 462575453 70981779
462575453 70981779 466188899 72747511
458967277 70981779 458967277 111081301
466188899 72747511 485093456 95768769
708759223 138127692 720277883 174965264
894439254 231560663 894439254 280786895
894439254 280786895 903997575 314626388
933618539 281188231 980217222 284642051
980217222 284642051 993144061 284642051
980217222 284642051 980217222 297958480
980217222 297958480 980217222 301746827
980217222 297958480 989085993 297958480
584631659 53879121 618495970 72441914
175731639 78624945 217698443 89888335
720277883 174965264 722076676 228842671
722076676 228842671 725809234 228842671
722076676 228842671 722076676 252829159
722076676 252829159 726621401 263258694
888068647 184216547 938346025 190013922
938346025 190013922 951169675 190013922
938346025 190013922 938346025 212747701
951169675 190013922 980484316 201561746
795412638 71281859 806353492 117718989
806353492 117718989 806353492 119740052
806353492 117718989 828535771 117718989
806353492 119740052 814474114 144138799
814474114 144138799 819202302 146420137
819202302 146420137 838500370 147937759
485093456 95768769 534603458 104299590
534603458 104299590 551243115 104299590
534603458 104299590 534603458 138880286
534603458 138880286 543147600 143723467
543147600 143723467 547230497 149459407
547230497 149459407 574289203 149459407
547230497 149459407 547230497 182687446
547230497 182687446 567973563 182687446
547230497 182687446 547230497 206737966
567973563 182687446 569193122 205875329
569193122 205875329 569193122 217465532
569193122 205875329 582223044 205875329
582223044 205875329 586020318 214538883
586020318 214538883 588528801 214538883
586020318 214538883 586020318 243888541
586020318 243888541 593675012 263260435
547230497 206737966 547343851 235999206
547343851 235999206 553237947 268653649
553237947 268653649 553370549 268653649
553370549 268653649 560673913 280882806
560673913 280882806 560685164 289205756
560685164 289205756 565675626 289205756
560685164 289205756 560685164 295233165
560685164 295233165 560685164 295771911
560685164 295233165 563303016 295233165
563303016 295233165 566401280 300987102
566401280 300987102 566401280 312493615
566401280 312493615 569497459 312850386
566401280 300987102 597955584 300987102
597955584 300987102 597955584 311660533
597955584 300987102 611225820 300987102
597955584 311660533 610357541 318104652
610357541 318104652 621503532 318104652
610357541 318104652 610357541 339678946
610357541 339678946 629704492 344605682
629704492 344605682 636733562 344605682
629704492 344605682 629704492 357019245
629704492 357019245 632198071 360171415
632198071 360171415 637419844 372402317
637419844 372402317 637419844 376690170
637419844 376690170 646474321 381728058
646474321 381728058 646474321 395337393
646474321 395337393 665246630 398377492
665246630 398377492 668313137 404825546
668313137 404825546 682691792 404825546
668313137 404825546 668313137 419839077
668313137 419839077 682032853 423049755
682032853 423049755 682363656 429446504
553237947 268653649 553237947 304613419
611225820 300987102 652166391 304463464
652166391 304463464 652166391 311544612
652166391 304463464 678261621 304463464
569497459 312850386 579703451 347712192
579703451 347712192 589784810 363318232
589784810 363318232 590518404 364396317
590518404 364396317 592544377 364396317
553237947 304613419 557918950 349327440
938346025 212747701 973497872 237317296
973497872 237317296 989585744 272724291
423631726 564571356 440721633 607820560
440721633 607820560 451276529 657081891
451276529 657081891 452599493 674449709
452599493 674449709 452599493 682095676
452599493 674449709 480878866 674449709
452599493 682095676 476298114 699430105
476298114 699430105 496864677 705337323
496864677 705337323 500204165 726175834
500204165 726175834 500762344 740795337
500762344 740795337 500762344 748887031
500762344 748887031 502287321 748887031
500762344 748887031 500762344 755615622
500762344 740795337 512634520 740795337
512634520 740795337 521710215 747497462
521710215 747497462 521710215 752916097
521710215 752916097 525925583 795789295
525925583 795789295 529782713 830451786
529782713 830451786 529782713 860494288
500762344 755615622 512153111 795084392
512153111 795084392 518799710 795084392
512153111 795084392 512153111 803604141
480878866 674449709 517111601 697410042
606347479 196851805 636900172 226660114
411856547 614808681 414166764 673007320
414166764 673007320 418358007 699504069
418358007 699504069 425058906 705665062
425058906 705665062 447062476 705665062
425058906 705665062 425058906 743404985
425058906 743404985 436608552 767520374
436608552 767520374 441075195 791511521
441075195 791511521 464728817 791511521
441075195 791511521 441075195 827770927
464728817 791511521 490300134 805796867
441075195 827770927 442358483 870004199
442358483 870004199 442719724 870207214
442719724 870207214 465494220 870207214
465494220 870207214 471878583 870207214
465494220 870207214 465494220 877101602
465494220 877101602 486180446 906137531
486180446 906137531 497775669 920722294
497775669 920722294 514625699 920722294
497775669 920722294 497775669 946025833
514625699 920722294 537081338 937378862
537081338 937378862 538406668 946491898
538406668 946491898 538406668 956152743
538406668 956152743 555741219 956152743
538406668 946491898 556131453 946491898
538406668 956152743 538406668 975212133
497775669 946025833 505419655 985054891
471878583 870207214 515978748 876708136
442719724 870207214 442719724 928401024
442719724 928401024 442719724 937896879
442719724 928401024 460438617 928401024
442719724 937896879 445362340 973424229
445362340 973424229 454334915 974661537
454334915 974661537 462502185 974661537
462502185 974661537 467225907 984729657
454334915 974661537 454334915 995485137
592544377 364396317 614323336 403345611
614323336 403345611 639317998 434573984
377408670 293798126 392448450 339836507
392448450 339836507 394449292 369374206
394449292 369374206 422375608 379204020
422375608 379204020 422375608 395603129
422375608 379204020 453213426 379204020
453213426 379204020 453213426 381621970
453213426 379204020 460686622 379204020
453213426 381621970 459435318 387767615
265928484 354645320 289519735 392534851
336835501 64934283 346618808 116771179
346618808 116771179 380070827 142496166
557488825 880932991 619435093 880932991
60127787 261683939 98945830 284932498
98945830 284932498 130993182 304926453
130993182 304926453 145750588 309650715
145750588 309650715 148788653 311461424
148788653 311461424 151698966 311461424
148788653 311461424 148788653 325190934
148788653 325190934 169396074 339556677
169396074 339556677 169888882 339556677
169396074 339556677 169396074 372582159
169396074 372582159 169400540 379956994
169400540 379956994 182732537 379956994
169400540 379956994 169400540 408618003
169400540 408618003 177082791 439732172
177082791 439732172 207736784 460531965
207736784 460531965 210727395 460531965
207736784 460531965 207736784 475287686
207736784 475287686 221299885 498646915
221299885 498646915 221299885 500680095
221299885 498646915 251996861 498646915
251996861 498646915 266233550 520800177
266233550 520800177 266233550 521833479
266233550 521833479 280963983 529397987
280963983 529397987 287288058 546401684
287288058 546401684 302471471 560860725
302471471 560860725 315168097 560860725
302471471 560860725 302471471 592188262
302471471 592188262 303386207 602129694
303386207 602129694 303386207 604679929
303386207 604679929 306132420 606488961
306132420 606488961 306132420 610930264
306132420 606488961 311185007 606488961
221299885 500680095 241097920 521833479
241097920 521833479 241097920 545875379
241097920 545875379 257573032 546401684
311185007 606488961 346577700 613058080
346577700 613058080 372297181 613234740
257573032 546401684 257573032 590396810
303386207 602129694 348457063 602129694
348457063 602129694 371094763 612587370
266233550 520800177 319270560 520800177
319270560 520800177 348538163 545132966
348538163 545132966 366038919 547872775
366038919 547872775 366709440 547872775
366038919 547872775 366038919 567817710
366709440 547872775 375012472 565502694
324639369 37245628 328859226 95112814
404689286 493351398 434775515 525409645
257573032 590396810 283155859 627146786
283155859 627146786 289325605 627146786
283155859 627146786 283155859 641268517
283155859 641268517 297886105 669237318
297886105 669237318 297886105 673357530
297886105 673357530 303425802 673357530
297886105 673357530 297886105 701629964
297886105 669237318 331073524 669237318
331073524 669237318 343337263 670362556
297886105 701629964 299974767 743374087
299974767 743374087 312977181 756069921
312977181 756069921 324483846 756069921
312977181 756069921 312977181 786467960
312977181 786467960 313155877 806541229
313155877 806541229 325835184 806847311
325835184 806847311 325835184 821681609
325835184 821681609 325941768 828882045
325941768 828882045 325941768 830907253
325941768 828882045 342200773 828882045
325835184 806847311 344313338 806847311
342200773 828882045 357078809 834497733
357078809 834497733 368011857 834497733
368011857 834497733 370144744 849559736
370144744 849559736 370144744 854214210
370144744 849559736 380896464 849559736
357078809 834497733 357078809 858325743
357078809 858325743 357078809 858383411
357078809 858325743 365316996 858325743
365316996 858325743 365327844 876823827
365327844 876823827 374088767 879175770
374088767 879175770 374088767 883049617
374088767 879175770 386895146 879175770
357078809 858383411 359872353 876823827
386895146 879175770 392745653 896134158
392745653 896134158 392745653 901617812
392745653 901617812 398070349 912183002
359872353 876823827 359872353 901617630
380896464 849559736 403338776 852831502
392745653 896134158 418634377 896134158
418634377 896134158 418634377 898916500
418634377 896134158 432886811 896134158
344313338 806847311 359440773 819182905
359440773 819182905 364653692 823597692
324483846 756069921 354307274 763567579
354307274 763567579 368483347 774856764
368483347 774856764 368483347 777954618
368483347 777954618 370058519 781307852
370058519 781307852 370058519 797969399
370058519 781307852 392860948 781307852
392860948 781307852 392860948 782800778
392860948 781307852 417633872 781307852
417633872 781307852 424090594 782543404
370058519 797969399 389134163 814169492
389134163 814169492 408478475 821192003
408478475 821192003 408478475 825407240
408478475 821192003 415209226 821192003
325941768 830907253 333778373 861011078
415209226 821192003 437036098 839754314
368483347 774856764 413406740 774856764
343337263 670362556 386865695 673763237
386865695 673763237 405197928 689011788
405197928 689011788 409226607 730995065
333778373 861011078 338947878 907581910
418634377 898916500 432308432 938285363
359872353 901617630 381717513 936210354
338947878 907581910 349499709 955750483
349499709 955750483 364758863 958927252
364758863 958927252 364865869 958927252
364865869 958927252 376356071 960121007
376356071 960121007 376356071 976304958
364758863 958927252 364758863 994935041
376356071 976304958 413567927 978879253
376356071 960121007 417595267 960121007
417595267 960121007 420475762 960121007
417595267 960121007 417595267 974950143
980546106 497612066 981161093 559751513
981161093 559751513 997462670 576160085
997462670 576160085 997575982 588929024
569408765 586296154 632007849 586666622
856687703 673259995 856687703 736261522
458967277 111081301 467150279 166438228
467150279 166438228 467150279 176934825
467150279 176934825 470567010 203935759
470567010 203935759 474162477 203935759
470567010 203935759 470567010 211543069
474162477 203935759 482958428 207201464
482958428 207201464 482958428 211543069
482958428 207201464 493388308 207201464
493388308 207201464 493388308 207947176
493388308 207201464 494807086 207201464
470567010 211543069 470567010 225828478
467150279 166438228 500738169 166438228
500738169 166438228 500738169 171186372
500738169 166438228 507364652 166438228
507364652 166438228 518483522 182101561
494807086 207201464 531885662 221896677
531885662 221896677 535836826 221896677
531885662 221896677 531885662 237375345
531885662 237375345 535512685 239705675
747066242 502839701 753043353 561518180
753043353 561518180 781381240 567146054
781381240 567146054 810996714 580519397
810996714 580519397 830744169 583318415
830744169 583318415 830815507 583318415
830744169 583318415 830744169 584468176
721401303 0 786178329 0
786178329 0 799192679 0
799192679 0 799192679 10791280
786178329 0 786178329 29584428
799192679 0 843972594 0
843972594 0 868436290 0
868436290 0 869834706 0
869834706 0 885547693 0
885547693 0 885547693 1483232
885547693 0 888703730 0
888703730 0 895401066 0
895401066 0 911489886 0
911489886 0 911489886 9935092
911489886 0 923233700 0
923233700 0 928817015 0
923233700 0 923233700 21226061
868436290 0 868436290 22100543
868436290 22100543 869834706 31030740
923233700 21226061 928817015 39124139
928817015 39124139 928817015 39631260
928817015 39631260 936176373 44252860
936176373 44252860 936176373 75781035
869834706 31030740 893935182 40089043
893935182 40089043 895401066 40089043
893935182 40089043 893935182 50458662
936176373 44252860 971273516 44252860
928817015 39124139 966860110 39124139
843972594 0 843972594 41454301
893935182 50458662 909422563 94266093
909422563 94266093 919437851 98230712
919437851 98230712 931354526 98230712
931354526 98230712 933083241 100710915
933083241 100710915 933083241 116126925
933083241 116126925 934674169 116126925
933083241 116126925 933083241 129588564
933083241 100710915 977506127 100710915
919437851 98230712 919437851 149844501
977506127 100710915 989253272 144112976
989253272 144112976 996374420 144112976
989253272 144112976 989253272 154534140
919437851 149844501 970772865 161718443
970772865 161718443 980484316 170556816
980484316 170556816 986492688 170556816
449820662 559236730 474848076 599303422
328859226 95112814 390353942 98759695
772399092 500189846 789053576 549169043
789053576 549169043 806353719 558581080
806353719 558581080 837349669 558629190
837349669 558629190 876690249 575904960
876690249 575904960 895230031 575904960
876690249 575904960 876690249 605304822
876690249 605304822 892590268 614628038
895230031 575904960 911436303 598469490
911436303 598469490 929064462 613639965
929064462 613639965 929894647 614095039
929894647 614095039 936672767 614095039
936672767 614095039 942481929 626213731
942481929 626213731 942481929 633535131
942481929 626213731 965680198 626213731
929894647 614095039 929894647 658563082
929894647 658563082 938861052 668887612
938861052 668887612 958193228 672898400
958193228 672898400 958193228 679324196
958193228 672898400 991471721 672898400
783726734 226596270 849482457 226596270
849482457 226596270 852999784 279281428
662253975 714750964 712678015 730290666
4667948 350761218 61061603 360826343
61061603 360826343 67082757 360826343
67082757 360826343 69032216 365724236
69032216 365724236 72631877 371269815
61061603 360826343 61061603 405395112
61061603 405395112 67485224 420306301
67485224 420306301 67485224 444969239
67485224 444969239 67485224 458125614
67485224 458125614 73434481 471948273
73434481 471948273 87476374 482777652
87476374 482777652 92674980 482777652
92674980 482777652 94163569 482777652
92674980 482777652 92674980 493802792
87476374 482777652 87476374 509617467
87476374 509617467 105252633 514922801
105252633 514922801 109308745 514922801
105252633 514922801 105252633 540171310
105252633 540171310 114296962 551524405
114296962 551524405 132134112 551524405
67485224 444969239 94542672 444969239
94542672 444969239 110562692 456648756
132134112 551524405 149803938 566447707
149803938 566447707 159833581 572080274
159833581 572080274 182632337 572080274
182632337 572080274 185425423 572080274
182632337 572080274 182632337 583764757
185425423 572080274 197038273 583663471
197038273 583663471 202349085 592944896
202349085 592944896 220584616 600381615
220584616 600381615 222715290 600381615
222715290 600381615 223727711 607384624
223727711 607384624 231109211 625165521
231109211 625165521 247939149 625165521
231109211 625165521 231109211 659593892
231109211 659593892 237046831 672753291
237046831 672753291 241439026 686294307
241439026 686294307 252065484 686294307
241439026 686294307 241439026 723877261
241439026 723877261 248581044 725721718
248581044 725721718 252823675 737762217
252823675 737762217 258872697 737762217
252823675 737762217 252823675 744106029
252823675 744106029 256867199 756287744
256867199 756287744 256867199 783459639
256867199 783459639 273473486 787878565
273473486 787878565 276321134 795903300
276321134 795903300 276321134 799388382
276321134 795903300 289460800 795903300
256867199 756287744 286130445 756287744
258872697 737762217 297288205 738022169
159833581 572080274 159833581 612416766
159833581 612416766 170279910 612416766
170279910 612416766 175489267 619193602
159833581 612416766 159833581 629418613
159833581 629418613 167248184 661919643
167248184 661919643 176767760 669005330
176767760 669005330 193186300 669005330
193186300 669005330 205043165 671343511
289460800 795903300 297165462 828824520
176767760 669005330 176767760 710605451
247939149 625165521 268584860 647345880
268584860 647345880 271375213 670570875
220584616 600381615 220584616 644216119
297165462 828824520 300831042 869259051
300831042 869259051 309634008 883738816
309634008 883738816 318484406 883738816
318484406 883738816 324536449 883871543
309634008 883738816 309634008 894259642
324536449 883871543 324839539 905374398
324839539 905374398 327768633 935405902
327768633 935405902 333793848 935405902
327768633 935405902 327768633 947066609
327768633 947066609 336442198 949674686
336442198 949674686 336442198 967775707
336442198 967775707 346179947 967775707
336442198 967775707 336442198 985803138
176767760 710605451 180877152 751305406
336442198 949674686 381591652 949674686
94163569 482777652 138894290 486390159
138894290 486390159 147612569 491630920
147612569 491630920 171523067 495872195
171523067 495872195 173605372 495872195
171523067 495872195 171523067 525382226
110562692 456648756 153158339 463843383
180877152 751305406 188050634 800042797
188050634 800042797 192601824 827128324
192601824 827128324 197844069 827128324
197844069 827128324 197844069 828276429
197844069 827128324 210133754 827128324
197844069 828276429 201851491 848309759
201851491 848309759 201851491 856787471
201851491 848309759 223399805 848309759
192601824 827128324 192601824 853456723
223399805 848309759 237766303 866353819
237766303 866353819 237766303 879542248
237766303 866353819 261426626 866353819
261426626 866353819 265137866 866353819
261426626 866353819 261426626 879079805
261426626 879079805 263497786 886546841
263497786 886546841 271224497 886546841
263497786 886546841 263497786 920840921
263497786 920840921 279714435 954370940
279714435 954370940 290349544 954370940
279714435 954370940 279714435 975369975
279714435 975369975 309960659 998077415
175489267 619193602 193186300 659131446
193186300 659131446 200153106 659131446
200153106 659131446 205043165 661983834
205043165 661983834 211965136 661983834
211965136 661983834 213562288 667757731
213562288 667757731 220037031 668221809
67485224 420306301 127547717 420306301
127547717 420306301 162728833 433612979
114296962 551524405 114296962 613568057
114296962 613568057 125528176 633775104
726621401 263258694 728256111 329590794
728256111 329590794 729087286 331970860
729087286 331970860 741469020 331970860
741469020 331970860 747138668 337640896
747138668 337640896 747138668 340117889
747138668 337640896 754304351 337640896
754304351 337640896 756533086 337795130
747138668 340117889 752840459 348084048
752840459 348084048 754182871 348084048
729087286 331970860 729087286 347762102
752840459 348084048 752840459 364486615
752840459 364486615 756003767 372579799
729087286 347762102 732844216 361359004
732844216 361359004 746978651 361359004
732844216 361359004 732844216 387944772
756003767 372579799 756003767 403275090
756003767 403275090 768423449 408900629
756003767 372579799 788873783 372579799
788873783 372579799 804541139 374807725
804541139 374807725 804541139 390807259
804541139 374807725 824940684 374807725
804541139 390807259 822397779 417145172
822397779 417145172 827969224 434211088
827969224 434211088 829812697 434211088
827969224 434211088 827969224 456833318
827969224 456833318 841704598 457407879
841704598 457407879 859736357 457407879
859736357 457407879 894971946 465967468
894971946 465967468 916726585 465967468
916726585 465967468 934144952 465967468
894971946 465967468 894971946 505548800
894971946 505548800 895243284 506885665
895243284 506885665 895243284 519990025
895243284 519990025 902840417 519990025
895243284 519990025 895243284 528262290
895243284 528262290 898411817 538071850
895243284 506885665 916726585 506885665
916726585 506885665 939876042 512933465
939876042 512933465 940699944 517090325
940699944 517090325 963975173 517090325
940699944 517090325 940699944 550017700
940699944 550017700 940699944 555439097
940699944 550017700 964207607 550017700
964207607 550017700 995298587 551222755
898411817 538071850 928456209 547543255
995298587 551222755 997016081 592139735
841704598 457407879 841704598 510946731
841704598 510946731 864783223 519990025
864783223 519990025 864783223 544914575
864783223 544914575 865772677 544914575
864783223 544914575 864783223 546538048
824940684 374807725 850650961 403151893
625080590 757903488 679203272 771879577
0 350761218 0 418918059
0 418918059 0 426136013
0 426136013 0 432718791
0 426136013 8574016 426136013
8574016 426136013 39801068 432718791
0 432718791 0 473008482
0 473008482 12585745 473008482
0 473008482 0 502811364
0 502811364 781787 502811364
0 502811364 0 505206533
0 505206533 0 508680832
0 508680832 0 516752722
0 516752722 6071365 516752722
0 516752722 0 525437968
0 525437968 0 544328631
0 544328631 11302620 544328631
0 525437968 33972724 525437968
0 505206533 34476249 505206533
34476249 505206533 40672817 508680832
0 544328631 0 584566804
0 584566804 33464754 584566804
33464754 584566804 51516269 588313721
51516269 588313721 53883915 623027659
53883915 623027659 53883915 623907196
53883915 623027659 74330118 623027659
74330118 623027659 86047166 630161408
86047166 630161408 95827673 633775104
95827673 633775104 95827673 667072975
95827673 667072975 100572259 679165729
100572259 679165729 111176769 679165729
100572259 679165729 100572259 693471246
100572259 693471246 108069290 694636634
108069290 694636634 124619583 694888798
0 418918059 40859754 418918059
0 584566804 0 641651282
0 641651282 27801825 641651282
0 641651282 0 677657331
0 677657331 0 679284450
0 679284450 0 695456305
0 695456305 0 713230760
0 713230760 2389837 713230760
0 677657331 33468842 677657331
33468842 677657331 33493159 679284450
33493159 679284450 47501546 679284450
33493159 679284450 33493159 695456305
33493159 695456305 65016945 699315032
65016945 699315032 70075744 699315032
65016945 699315032 65016945 712050851
65016945 712050851 72305382 720894365
72305382 720894365 82632485 759381759
82632485 759381759 114261401 763236095
114261401 763236095 114261401 781056228
114261401 763236095 132196580 763236095
132196580 763236095 146164103 769947356
146164103 769947356 166208318 769947356
146164103 769947356 146164103 798781698
114261401 781056228 115609752 835140109
115609752 835140109 115609752 846539474
115609752 846539474 121924040 846539474
115609752 835140109 127102377 835140109
121924040 846539474 137805875 847023510
137805875 847023510 145488379 847023510
137805875 847023510 137805875 875991629
137805875 875991629 138208483 880909629
138208483 880909629 143950052 880909629
138208483 880909629 138208483 895647982
138208483 895647982 145079776 916013718
115609752 846539474 115609752 897014007
115609752 897014007 132881802 905570134
132881802 905570134 137182043 905570134
145488379 847023510 178331648 864768746
178331648 864768746 183549716 869369330
183549716 869369330 189733523 886259736
189733523 886259736 190435489 896357527
190435489 896357527 205376136 938247148
205376136 938247148 220220239 974090158
220220239 974090158 220220239 983060004
220220239 974090158 253912706 974090158
0 713230760 0 771681200
0 771681200 0 790839966
0 790839966 0 796815846
0 796815846 0 800531038
0 800531038 0 807382933
0 771681200 24106798 771681200
0 796815846 25724101 796815846
25724101 796815846 26032874 800531038
26032874 800531038 48413386 807382933
48413386 807382933 72335853 813705257
72335853 813705257 72335853 816940213
72335853 816940213 80982476 827944942
80982476 827944942 80982476 837767527
80982476 827944942 112642347 827944942
72335853 813705257 109013603 813705257
24106798 771681200 42742079 790839966
0 807382933 0 865792114
0 865792114 0 885449106
0 885449106 0 894616970
0 894616970 11650695 894616970
0 865792114 20838531 865792114
0 894616970 0 932038449
0 932038449 6576628 932038449
20838531 865792114 48631209 885449106
48631209 885449106 60404822 899436238
60404822 899436238 67379013 907744679
67379013 907744679 67379013 924106593
67379013 907744679 102433276 907744679
405347666 420816324 446450820 447927334
692151915 590605704 692151915 658991364
815639047 293548423 825694848 352004049
825694848 352004049 825694848 352532643
825694848 352004049 851511659 352004049
851511659 352004049 877929838 352347438
877929838 352347438 883995919 352347438
883995919 352347438 893091718 352347438
883995919 352347438 883995919 365824653
877929838 352347438 877929838 366568811
883995919 365824653 890137094 392577740
890137094 392577740 909768028 433735185
909768028 433735185 950873078 439291250
646994318 608496507 665079435 659065757
665079435 659065757 669651399 659065757
665079435 659065757 665079435 683650611
665079435 683650611 667777119 700284955
667777119 700284955 724185026 712554834
965680198 626213731 994673530 665988268
235027861 135383036 302999368 136823801
474848076 599303422 487587964 656236794
593105681 468613855 593105681 538390686
132881802 905570134 132881802 975869636
132881802 975869636 187017136 988577628
33972724 525437968 74201117 555962774
768423449 408900629 791553111 457016750
380070827 142496166 414755245 179141250
414755245 179141250 425564575 179262334
425564575 179262334 444794159 179262334
425564575 179262334 425564575 201002724
425564575 201002724 428463379 201002724
428463379 201002724 439455108 203935759
439455108 203935759 446993938 205568532
446993938 205568532 457352311 207662044
457352311 207662044 465900346 207662044
457352311 207662044 457352311 222424621
425564575 201002724 425564575 261314669
390353942 98759695 435969293 125033530
435969293 125033530 442095904 131943950
442095904 131943950 456684200 150471393
636900172 226660114 662210790 273454964
662210790 273454964 662452133 273454964
662210790 273454964 662210790 276887334
646474321 381728058 720745038 381728058
637419844 372402317 712216775 372402317
768532410 616595268 771620545 689001317
13992103 188532848 77691119 200915033
587113942 738516699 616049077 786084075
287116202 28921433 293921988 99068902
789851080 673802192 802606487 741139178
793399538 895137819 851373196 918323937
851373196 918323937 867174128 924722012
867174128 924722012 869473757 940767722
752882357 73239715 791766727 115562932
682163865 183276277 685928356 264120885
685928356 264120885 685928356 270773997
685928356 264120885 711521401 264120885
166208318 769947356 234253509 788640744
604133262 915202052 620331059 990267651
828535771 117718989 903466004 142082004
852999784 279281428 892663001 350411561
