1445
0 0 25229790 0
25229790 0 25865300 0
0 0 0 26968461
0 26968461 0 46958847
0 46958847 25229790 46958847
0 26968461 25865300 26968461
25865300 0 56371208 0
56371208 0 56371208 36305
56371208 0 56935404 0
56935404 0 83623591 0
56935404 0 56935404 27673989
56935404 27673989 76880752 28784566
76880752 28784566 83623591 28784566
76880752 28784566 76880752 53337359
83623591 0 119200992 0
119200992 0 119768026 0
119768026 0 139580316 0
139580316 0 148115591 0
148115591 0 162728417 0
119768026 0 119768026 21696094
0 46958847 0 83280549
0 83280549 0 91591277
0 91591277 0 96681109
0 96681109 7441818 96681109
0 91591277 14877455 91591277
0 96681109 0 116045993
0 116045993 0 118692054
0 118692054 0 123419558
0 123419558 1448245 123419558
0 118692054 10279244 118692054
0 123419558 0 136250707
0 83280549 21568459 83280549
0 116045993 35474457 116045993
35474457 116045993 36172466 136250707
148115591 0 148115591 39670359
148115591 39670359 158722193 46798925
158722193 46798925 162728417 46798925
162728417 46798925 173769412 51236932
173769412 51236932 182684146 51236932
182684146 51236932 184784716 51236932
182684146 51236932 182684146 58658499
173769412 51236932 173769412 71560865
173769412 71560865 174348760 73342060
174348760 73342060 174348760 78484353
174348760 73342060 179978252 73342060
162728417 0 203233394 0
203233394 0 216353315 0
216353315 0 217698886 0
217698886 0 217698886 1001807
217698886 0 225209965 0
225209965 0 233027759 0
233027759 0 242556521 0
242556521 0 249970845 0
249970845 0 249970845 9308566
203233394 0 203233394 19101248
233027759 0 233027759 26553963
233027759 26553963 242556521 35026972
249970845 0 284799558 0
284799558 0 286605155 0
284799558 0 284799558 10752784
284799558 10752784 286605155 47149522
286605155 47149522 298097679 51011327
298097679 51011327 298097679 63285039
298097679 63285039 299166848 63285039
298097679 63285039 298097679 75500454
299166848 63285039 323714938 68049134
298097679 51011327 339075102 51011327
339075102 51011327 372463708 51855645
158722193 46798925 158722193 88731773
225209965 0 225209965 41936860
119768026 21696094 139580316 44070807
14877455 91591277 55219957 94631301
55219957 94631301 61147158 95809668
61147158 95809668 61147158 109253274
203233394 19101248 216353315 49633163
216353315 49633163 221108398 72702429
221108398 72702429 239857100 74474033
239857100 74474033 273386296 74474033
273386296 74474033 277391848 76748271
239857100 74474033 239857100 118136716
239857100 118136716 239857100 123996089
239857100 118136716 253708328 118136716
253708328 118136716 269446003 126225360
269446003 126225360 269446003 136816508
269446003 136816508 272800754 138858398
269446003 126225360 282099899 126225360
282099899 126225360 284997144 129055290
284997144 129055290 290656946 129055290
290656946 129055290 290656946 129799099
290656946 129799099 291254069 130245180
291254069 130245180 291254069 132535789
291254069 130245180 316211069 130245180
284997144 129055290 284997144 160249056
284997144 160249056 287183526 169044861
287183526 169044861 289273330 169044861
289273330 169044861 304906106 169044861
287183526 169044861 287183526 195165635
287183526 195165635 289273330 195165635
289273330 195165635 295580691 205659779
295580691 205659779 305750732 205715157
305750732 205715157 325120043 205715157
305750732 205715157 305750732 228628583
305750732 228628583 317233421 228628583
305750732 228628583 305750732 246186540
305750732 246186540 309971770 262571170
309971770 262571170 330183229 262571170
330183229 262571170 337891181 275410746
287183526 195165635 287183526 230089882
287183526 230089882 295206405 244571512
325120043 205715157 348912075 221740525
348912075 221740525 363811564 241400251
363811564 241400251 372053985 246014782
372053985 246014782 376147242 250280168
376147242 250280168 378055041 250280168
323714938 68049134 355812274 79788850
355812274 79788850 369553319 79788850
355812274 79788850 355812274 114079858
369553319 79788850 394987884 91800188
394987884 91800188 394987884 94182628
394987884 91800188 406568403 91800188
158722193 88731773 161186379 131071462
161186379 131071462 161186379 164357003
161186379 164357003 175504094 174049202
175504094 174049202 175504094 179888206
175504094 174049202 190665417 174049202
190665417 174049202 198735090 175628715
198735090 175628715 200798373 175628715
200798373 175628715 203949520 181796888
203949520 181796888 203949520 194380831
203949520 181796888 218513695 181796888
203949520 194380831 208108045 206262925
218513695 181796888 239899665 182200000
239899665 182200000 239899665 205352206
239899665 182200000 267698031 182200000
208108045 206262925 223206196 231542162
223206196 231542162 233691105 246965199
233691105 246965199 241825906 260779197
161186379 131071462 204885228 131071462
119200992 0 119200992 46025888
290656946 129055290 337176786 129055290
309971770 262571170 309971770 309313435
309971770 309313435 320215313 316266598
320215313 316266598 324561869 318903528
324561869 318903528 324561869 320526110
324561869 320526110 329080479 322741441
329080479 322741441 329080479 339648012
329080479 339648012 334148467 339648012
329080479 339648012 329080479 358483820
329080479 358483820 330573301 358483820
330573301 358483820 336379452 360198325
329080479 358483820 329080479 370940692
329080479 370940692 333212402 374563230
333212402 374563230 354238031 374563230
329080479 322741441 362766938 322741441
362766938 322741441 362766938 330871732
362766938 330871732 385333600 339812491
324561869 318903528 362642258 318903528
333212402 374563230 333212402 416272849
333212402 416272849 333212402 425089277
333212402 416272849 348118386 416272849
348118386 416272849 366739917 438048732
366739917 438048732 366739917 448419959
366739917 438048732 391373531 438048732
385333600 339812491 409353572 358831102
409353572 358831102 409353572 364620550
409353572 364620550 413868732 365921001
409353572 358831102 421530579 358831102
421530579 358831102 421530579 364059229
421530579 358831102 428820162 358831102
428820162 358831102 437259329 370420790
437259329 370420790 437259329 380850884
437259329 370420790 461604351 370420790
437259329 380850884 440269048 404718725
440269048 404718725 453754197 428309088
453754197 428309088 457164881 433580820
457164881 433580820 457164881 448700966
457164881 448700966 461160822 464161299
461160822 464161299 464695109 464161299
464695109 464161299 467814005 473631137
467814005 473631137 467814005 475028781
467814005 475028781 472248319 479825404
467814005 473631137 496748255 473631137
496748255 473631137 514878702 475352201
514878702 475352201 518197925 475352201
518197925 475352201 518197925 477212893
518197925 477212893 526620282 478091073
526620282 478091073 526620282 486982315
526620282 478091073 540921505 478091073
514878702 475352201 514878702 500820324
518197925 475352201 546587126 475352201
546587126 475352201 566019736 476592790
566019736 476592790 573503454 476592790
573503454 476592790 598383391 479701991
598383391 479701991 598383391 490808570
566019736 476592790 566019736 506303830
598383391 479701991 629967400 479701991
629967400 479701991 633149380 481002784
633149380 481002784 638678586 481002784
457164881 433580820 493153230 433580820
514878702 500820324 537577753 520297287
537577753 520297287 539078197 536848457
539078197 536848457 539078197 538809517
539078197 538809517 540139164 538809517
539078197 538809517 539078197 542192916
539078197 536848457 552413327 536848457
552413327 536848457 562722039 546495821
366739917 448419959 368258900 490715544
562722039 546495821 585155988 567953833
391373531 438048732 433374565 441974399
638678586 481002784 649213778 519945595
649213778 519945595 649588795 523767598
406568403 91800188 449636440 99283843
449636440 99283843 454428352 99283843
449636440 99283843 449636440 109927799
449636440 109927799 449636440 110085918
449636440 109927799 453485192 109927799
453485192 109927799 472690337 126509697
472690337 126509697 472690337 133699404
472690337 133699404 472690337 143643043
472690337 133699404 487582578 133699404
487582578 133699404 496398041 150766996
496398041 150766996 496398041 172961471
496398041 172961471 496398041 179564108
496398041 172961471 511784057 172961471
511784057 172961471 534992864 177181775
472690337 126509697 507008246 126509697
507008246 126509697 519090902 127495816
496398041 150766996 534349292 150766996
534349292 150766996 537324095 150766996
534349292 150766996 534349292 161751714
519090902 127495816 552080634 133794744
534992864 177181775 534992864 220207710
534992864 220207710 535097215 264058787
535097215 264058787 539677585 275124303
539677585 275124303 555950010 284335993
555950010 284335993 564362785 289758698
564362785 289758698 577478299 289758698
577478299 289758698 577478299 290702269
564362785 289758698 564362785 314286188
577478299 289758698 617974806 289758698
617974806 289758698 620207902 292580685
620207902 292580685 645511305 292580685
645511305 292580685 648421291 292580685
645511305 292580685 645511305 306379492
648421291 292580685 663755780 295268752
620207902 292580685 620207902 326494351
620207902 326494351 634910766 326494351
620207902 326494351 620207902 358668121
620207902 358668121 625566085 358668121
620207902 358668121 620207902 369399207
620207902 369399207 621404010 384012457
621404010 384012457 623753491 384012457
623753491 384012457 630023569 389992185
630023569 389992185 651220809 391620512
651220809 391620512 651220809 400312263
651220809 391620512 670832266 391620512
621404010 384012457 621404010 410583317
634910766 326494351 659106905 336011814
659106905 336011814 661030859 339435122
661030859 339435122 670832266 342341364
670832266 342341364 677909045 342341364
677909045 342341364 701169563 346523393
663755780 295268752 694543030 308220952
534992864 177181775 580991530 177181775
580991530 177181775 605852025 178463698
605852025 178463698 605852025 218433889
605852025 218433889 615080549 226116479
615080549 226116479 624421613 226116479
615080549 226116479 615080549 237191847
615080549 237191847 626161467 244798646
626161467 244798646 642157265 244798646
642157265 244798646 649930957 245083643
626161467 244798646 626161467 268919479
626161467 268919479 638607111 269221643
624421613 226116479 660875296 226505125
660875296 226505125 670353434 234207294
605852025 178463698 651012122 178463698
651012122 178463698 678271506 198267787
678271506 198267787 688335696 202210738
688335696 202210738 688335696 203098145
688335696 203098145 712402464 204152516
688335696 202210738 717391480 202210738
717391480 202210738 727308056 233180837
727308056 233180837 733028522 233180837
727308056 233180837 727308056 244888101
733028522 233180837 740527402 241974989
740527402 241974989 740527402 269023123
740527402 269023123 755690187 282782544
755690187 282782544 757154678 282782544
757154678 282782544 763140282 286042955
763140282 286042955 763140282 321157193
763140282 286042955 804271093 286042955
804271093 286042955 822297902 293219090
822297902 293219090 822297902 298318012
822297902 293219090 827683052 293219090
827683052 293219090 836297646 301846336
836297646 301846336 849941554 301846336
849941554 301846336 854759959 301846336
849941554 301846336 849941554 312941258
836297646 301846336 836297646 323970394
836297646 323970394 837988638 323970394
837988638 323970394 837988638 324255038
837988638 323970394 839825502 323970394
836297646 323970394 836297646 344159508
854759959 301846336 876653117 302825188
876653117 302825188 882832471 315440544
882832471 315440544 882832471 320286881
882832471 320286881 890095565 320286881
890095565 320286881 893131782 344434803
893131782 344434803 915608679 346171787
915608679 346171787 928751229 347850518
928751229 347850518 935439310 347850518
935439310 347850518 935439310 349966014
882832471 320286881 882832471 347776209
882832471 315440544 915161075 315440544
915161075 315440544 915161075 315716994
915161075 315716994 915211622 317671884
915161075 315440544 930641931 315440544
935439310 347850518 968592285 347850518
968592285 347850518 982164435 379276415
651220809 400312263 665214049 434077967
665214049 434077967 672294403 440755399
672294403 440755399 710216477 440755399
710216477 440755399 719271707 455130617
719271707 455130617 724027476 455130617
724027476 455130617 736571074 457987352
736571074 457987352 742006487 457987352
742006487 457987352 742006487 475764053
742006487 475764053 752525939 482055021
752525939 482055021 754566310 495436891
754566310 495436891 754566310 513514524
754566310 513514524 754566310 516026866
754566310 513514524 766965817 513514524
754566310 495436891 773526471 495436891
719271707 455130617 719271707 480458735
719271707 480458735 736571074 487376975
736571074 487376975 736571074 487573759
736571074 487376975 739106392 487376975
672294403 440755399 672294403 480440212
672294403 480440212 701427204 480458735
701427204 480458735 701427204 492955342
701427204 492955342 701427204 499507996
701427204 492955342 711456357 492955342
701427204 499507996 702084386 515213789
702084386 515213789 715524419 526946873
715524419 526946873 723304108 526946873
711456357 492955342 733444101 507107334
715524419 526946873 715524419 568731997
723304108 526946873 740715038 553807692
740715038 553807692 762448961 563567957
762448961 563567957 773848412 563567957
773848412 563567957 773848412 578153799
773848412 578153799 787464516 590286728
787464516 590286728 787464516 592989876
787464516 590286728 795667059 590286728
762448961 563567957 762448961 591652289
795667059 590286728 806243941 608331123
806243941 608331123 806243941 620046988
806243941 608331123 836611822 608331123
836611822 608331123 840132144 613442028
773848412 563567957 805394689 563567957
840132144 613442028 864559309 621059407
864559309 621059407 864559309 642107161
864559309 621059407 899695004 621059407
899695004 621059407 904267313 630099628
904267313 630099628 904267313 636889798
904267313 630099628 925774387 630099628
925774387 630099628 950636339 639532929
805394689 563567957 838802027 567944216
838802027 567944216 838802027 572071124
838802027 572071124 853010689 582493283
838802027 567944216 874301134 567944216
864559309 642107161 881206833 666474001
881206833 666474001 881206833 678489053
881206833 666474001 897675572 666474001
881206833 678489053 883592237 698834435
883592237 698834435 883655793 698834435
883655793 698834435 885231957 698834435
883655793 698834435 883655793 709419122
883655793 709419122 886976870 728270719
886976870 728270719 886976870 736648081
886976870 728270719 895766142 728270719
895766142 728270719 912690905 745633436
912690905 745633436 912690905 756949336
912690905 756949336 915663970 764518538
915663970 764518538 940961947 771261679
940961947 771261679 952259195 779725050
952259195 779725050 952259195 796721287
952259195 796721287 956498701 796721287
952259195 796721287 952259195 821833551
952259195 821833551 966478034 836464151
966478034 836464151 966478034 841877271
966478034 841877271 972077926 841877271
966478034 836464151 979868648 836464151
979868648 836464151 981635853 855298487
981635853 855298487 982412659 855298487
981635853 855298487 981635853 862226650
966478034 841877271 966478034 862667423
952259195 779725050 981408819 779725050
912690905 745633436 948148912 745633436
948148912 745633436 957827824 746944405
897675572 666474001 931657341 669023804
966478034 862667423 970496800 897823442
970496800 897823442 985066757 926096907
985066757 926096907 986888858 945372179
986888858 945372179 993936482 966048787
806243941 620046988 809119979 661529703
809119979 661529703 820224282 683489486
820224282 683489486 826034473 688419358
826034473 688419358 826034473 703120611
826034473 703120611 826034473 706528420
826034473 703120611 836843659 703120611
826034473 688419358 862104034 688419358
862104034 688419358 862104034 690903906
862104034 688419358 869289102 688419358
766965817 513514524 810515675 514626101
810515675 514626101 826853622 517583562
956498701 796721287 978400165 821830869
295206405 244571512 296530017 294720872
198735090 175628715 198735090 227290793
198735090 227290793 205124270 241528064
376147242 250280168 376147242 302052786
755690187 282782544 755690187 335039408
715524419 568731997 730074768 606480977
730074768 606480977 740353472 637446642
740353472 637446642 754837530 638571916
754837530 638571916 767988844 675752982
767988844 675752982 781159651 675752982
767988844 675752982 767988844 694583248
767988844 694583248 770809361 694583248
767988844 694583248 767988844 733824802
770809361 694583248 801461235 714500299
742006487 457987352 794320398 457987352
773526471 495436891 818176922 503927504
368258900 490715544 387456381 525396782
387456381 525396782 387502460 526999984
387502460 526999984 387502460 533030315
387502460 533030315 394670004 534129174
394670004 534129174 421539707 534129174
394670004 534129174 394670004 566108316
394670004 566108316 406703422 585865565
421539707 534129174 446830432 541671313
446830432 541671313 447396240 543391813
447396240 543391813 447396240 551101034
447396240 551101034 460078040 565085321
460078040 565085321 465376352 574890440
465376352 574890440 477287133 574890440
465376352 574890440 465376352 598062432
465376352 598062432 466118205 598062432
465376352 598062432 465376352 621846391
477287133 574890440 495978185 584608155
495978185 584608155 503598326 597328020
503598326 597328020 503598326 608147568
503598326 597328020 537617701 597328020
537617701 597328020 545345004 607593145
545345004 607593145 547142919 607593145
547142919 607593145 565930894 610371652
565930894 610371652 565930894 625195209
565930894 625195209 572722251 631166067
572722251 631166067 579784483 631166067
572722251 631166067 572722251 655828375
572722251 655828375 573615887 656750334
573615887 656750334 598825612 656750334
598825612 656750334 602615765 660441654
579784483 631166067 605509285 635753068
605509285 635753068 615525617 635753068
605509285 635753068 605509285 651443167
573615887 656750334 573615887 694661102
573615887 694661102 574500386 696225570
602615765 660441654 636510582 665052298
636510582 665052298 650589391 685909453
545345004 607593145 545345004 646244735
545345004 646244735 551249622 669662554
551249622 669662554 552715323 669662554
551249622 669662554 551249622 677619649
552715323 669662554 568537599 673916380
650589391 685909453 688452042 687405215
406703422 585865565 442752391 589947660
442752391 589947660 443723059 589947660
442752391 589947660 442752391 614400217
574500386 696225570 614926181 696225570
614926181 696225570 614926181 703559792
614926181 696225570 622401627 696225570
447396240 543391813 488830083 543391813
488830083 543391813 488830083 555773286
488830083 543391813 507519574 543391813
574500386 696225570 574500386 740488425
574500386 740488425 574500386 748454775
574500386 740488425 611748997 740488425
611748997 740488425 622549222 741891675
622549222 741891675 622549222 746128165
622549222 741891675 630409095 741891675
630409095 741891675 638654986 765825045
638654986 765825045 638654986 797488718
638654986 765825045 679757420 765825045
615525617 635753068 649726059 649199611
649726059 649199611 694157276 653560291
694157276 653560291 694157276 663538647
694157276 653560291 712782520 653560291
442752391 614400217 449850579 656229616
449850579 656229616 479430124 669700426
479430124 669700426 489959546 669700426
489959546 669700426 511311177 669700426
511311177 669700426 517909208 678948022
517909208 678948022 520577501 686298089
520577501 686298089 527329293 686298089
489959546 669700426 489959546 691780952
479430124 669700426 479430124 695089459
387502460 526999984 436689963 526999984
436689963 526999984 477714051 528978221
520577501 686298089 520577501 738602397
520577501 738602397 526205033 738602397
520577501 738602397 520577501 768133011
520577501 768133011 568948084 772691545
465376352 621846391 488263253 654286740
337891181 275410746 362434598 306250503
362434598 306250503 362642258 315976767
362642258 315976767 365407971 315976767
61147158 95809668 116596207 95809668
116596207 95809668 127007699 117130187
127007699 117130187 147891952 120182562
950636339 639532929 986415697 659504124
986415697 659504124 986813893 704905776
986813893 704905776 998082636 724971427
679757420 765825045 728739204 772608936
728739204 772608936 744110650 772608936
744110650 772608936 751514757 774183834
751514757 774183834 751514757 785280156
751514757 785280156 752840680 785280156
728739204 772608936 728739204 796583467
751514757 785280156 751514757 809952049
752840680 785280156 777980966 802268821
777980966 802268821 779651544 806961288
779651544 806961288 817017077 806961288
779651544 806961288 779651544 849511135
751514757 774183834 794089299 774183834
794089299 774183834 794089299 776214870
794089299 774183834 799020182 774183834
799020182 774183834 816472049 780815830
816472049 780815830 816472049 796857366
816472049 796857366 818089415 796857366
816472049 796857366 816472049 800185404
818089415 796857366 839889527 799107819
839889527 799107819 839889527 806526295
839889527 799107819 850845060 799107819
816472049 780815830 841013474 780815830
850845060 799107819 869426527 812325065
869426527 812325065 882325830 812325065
869426527 812325065 869426527 833785459
869426527 833785459 876940181 833785459
869426527 833785459 869426527 866189466
751514757 809952049 755189630 851326420
755189630 851326420 755189630 857976733
755189630 851326420 772387623 851326420
755189630 857976733 755255342 889716355
755255342 889716355 755255342 894516578
755255342 894516578 759878655 897541329
759878655 897541329 763206482 897541329
759878655 897541329 759878655 927859496
759878655 927859496 780668080 944429891
780668080 944429891 780668080 948541562
780668080 948541562 780668080 949772391
780668080 948541562 830654991 948541562
830654991 948541562 843686459 964902323
843686459 964902323 843686459 966842965
843686459 964902323 846630436 964902323
846630436 964902323 854011379 965295489
854011379 965295489 854011379 976237143
854011379 965295489 871225251 965295489
871225251 965295489 871225251 966369872
854011379 976237143 854011379 999844837
871225251 966369872 902744003 976237143
902744003 976237143 930654195 981919416
930654195 981919416 930654195 986732042
930654195 981919416 950492905 981919416
871225251 965295489 913457600 965295489
780668080 944429891 831153083 944429891
841013474 780815830 877931600 796696511
883592237 698834435 883592237 755086650
883592237 755086650 905992307 786826550
905992307 786826550 911230576 788746339
876940181 833785459 911822187 855554455
911822187 855554455 944828094 866670652
944828094 866670652 950493009 895380256
461160822 464161299 461160822 521176685
957827824 746944405 994798997 767175546
534349292 161751714 588925510 164594148
588925510 164594148 599579543 176559905
928751229 347850518 928751229 407216569
928751229 407216569 947450215 436946720
947450215 436946720 947450215 441198730
947450215 441198730 948409804 445504264
947450215 436946720 962344460 436946720
962344460 436946720 965767291 447770541
965767291 447770541 997917152 447770541
965767291 447770541 965767291 486179277
965767291 486179277 972298100 487606458
972298100 487606458 972298100 490110034
972298100 490110034 972363434 502411676
972298100 487606458 989855461 487606458
989855461 487606458 992757840 498135336
972363434 502411676 984279838 518596231
984279838 518596231 986267442 520321787
0 136250707 0 196019854
0 196019854 0 200344377
0 196019854 7433501 196019854
0 200344377 0 208008278
0 208008278 0 222588028
0 222588028 0 225498639
0 208008278 17378936 208008278
7433501 196019854 26111685 200344377
26111685 200344377 34709454 222588028
34709454 222588028 34709454 225498639
34709454 222588028 49091616 222588028
49091616 222588028 58788186 238143487
58788186 238143487 83650095 238143487
83650095 238143487 83650095 251553045
83650095 251553045 83650095 251793319
83650095 251553045 93364935 251553045
83650095 238143487 103797685 238143487
103797685 238143487 112048051 249996656
83650095 251793319 88251298 268364696
88251298 268364696 93189225 268364696
93189225 268364696 93887240 285674624
93887240 285674624 93887240 301350104
93887240 301350104 95635869 302921944
95635869 302921944 96648292 302921944
88251298 268364696 88251298 295370973
58788186 238143487 58788186 277172392
93887240 285674624 135971584 285674624
96648292 302921944 133303801 308394842
133303801 308394842 157093677 310253820
157093677 310253820 157093677 337695569
157093677 337695569 159209085 348813005
159209085 348813005 160031632 353138873
160031632 353138873 161113909 357347559
161113909 357347559 161113909 369955808
161113909 369955808 161162987 387132524
161162987 387132524 161162987 390405480
161162987 390405480 161162987 398967684
161162987 390405480 179250837 390405480
161162987 398967684 172505907 406566475
172505907 406566475 182567179 411540096
182567179 411540096 182892603 411540096
182892603 411540096 202508134 413292303
202508134 413292303 203688254 413292303
203688254 413292303 203688254 420660176
203688254 413292303 213033058 413292303
213033058 413292303 227755031 414361924
227755031 414361924 227755031 417698263
227755031 414361924 245994384 414361924
245994384 414361924 248714220 435961105
248714220 435961105 249190575 435961105
248714220 435961105 248714220 444558558
248714220 444558558 258726898 445910603
258726898 445910603 265836268 445910603
249190575 435961105 266403507 442653722
202508134 413292303 202508134 439801089
161162987 387132524 191193538 387132524
258726898 445910603 258726898 478962124
258726898 478962124 261089250 496681666
157093677 310253820 196008800 310253820
196008800 310253820 208704853 313634735
208704853 313634735 208704853 318765749
208704853 313634735 238904191 313634735
208704853 318765749 236663142 324978746
236663142 324978746 248141803 340818553
238904191 313634735 274537379 319042051
202508134 439801089 212991468 472642254
212991468 472642254 224289224 492774206
224289224 492774206 224289224 495892570
224289224 492774206 237105313 492774206
224289224 495892570 230677737 518628448
230677737 518628448 236507459 522432888
236507459 522432888 239782755 526006986
239782755 526006986 260116108 526692376
260116108 526692376 260116108 536353892
260116108 536353892 264370646 539232984
264370646 539232984 264370646 541545363
260116108 526692376 275102613 526692376
264370646 539232984 280956017 539232984
280956017 539232984 280956017 541660518
280956017 541660518 280974400 541925499
280974400 541925499 294150943 541925499
280974400 541925499 280974400 560925850
280974400 560925850 293246102 560925850
293246102 560925850 295535430 571728636
280974400 560925850 280974400 578638826
295535430 571728636 309008696 581967259
309008696 581967259 309008696 584840013
280956017 539232984 308175589 539232984
309008696 581967259 338541853 581967259
308175589 539232984 342534326 541267758
342534326 541267758 343857766 569789790
343857766 569789790 343857766 572093357
343857766 569789790 349322171 569789790
349322171 569789790 369676995 571418415
369676995 571418415 371581691 571418415
369676995 571418415 369676995 575604126
369676995 575604126 375329468 585865565
375329468 585865565 375329468 601456740
375329468 601456740 377663362 601456740
375329468 601456740 375329468 613393731
375329468 613393731 376404746 613393731
375329468 613393731 375329468 631408395
375329468 631408395 375406988 631408395
375329468 631408395 375329468 651686878
309008696 584840013 329924352 606979612
161113909 357347559 205886001 357347559
280974400 578638826 295341954 611872736
295341954 611872736 303743004 628038820
227755031 417698263 243923916 450425523
248141803 340818553 265256257 375248834
191193538 387132524 237216333 395086535
237216333 395086535 237216333 395188597
237216333 395086535 240675198 395086535
303743004 628038820 315705348 672064757
315705348 672064757 340510394 673491201
340510394 673491201 358271395 673491201
358271395 673491201 361393330 703782059
361393330 703782059 361393330 715284059
361393330 715284059 361393330 730391127
361393330 715284059 377073261 715284059
361393330 730391127 368863321 747322869
368863321 747322869 368863321 754511316
368863321 747322869 400579955 747322869
400579955 747322869 407420095 757879789
361393330 703782059 403450021 703782059
403450021 703782059 412785198 711491756
340510394 673491201 340510394 720906944
340510394 720906944 354218579 732997057
95635869 302921944 95635869 359526520
95635869 359526520 116782637 381955530
116782637 381955530 119183672 386310808
119183672 386310808 119183672 399286502
119183672 399286502 124146093 399286502
119183672 386310808 139523364 386310808
124146093 399286502 126810864 418373157
119183672 399286502 119183672 422484272
119183672 422484272 120362523 422484272
119183672 422484272 119183672 427849618
265836268 445910603 298901864 472190007
298901864 472190007 313952503 475171797
313952503 475171797 321767690 475171797
321767690 475171797 345953399 479748871
345953399 479748871 360597864 482253806
313952503 475171797 313952503 505552066
313952503 505552066 321142666 508442546
321142666 508442546 331661275 521224493
412785198 711491756 456179132 727667158
58788186 277172392 70665951 325635849
70665951 325635849 87913793 330987825
621404010 410583317 634253328 459154184
634253328 459154184 652941422 463127921
119183672 427849618 123661553 484837620
123661553 484837620 125204150 496541466
125204150 496541466 127583639 517618596
127583639 517618596 132738683 517618596
132738683 517618596 132738683 521674430
127583639 517618596 127583639 529144228
127583639 529144228 127773402 530103543
127773402 530103543 148275769 530103543
148275769 530103543 148275769 548082751
148275769 548082751 167478015 555780763
167478015 555780763 172616958 555780763
167478015 555780763 167478015 565465573
167478015 565465573 170699121 571746871
170699121 571746871 175423116 571746871
170699121 571746871 170699121 606743465
148275769 530103543 184695862 530103543
175423116 571746871 197934087 592156099
197934087 592156099 215185947 606815780
215185947 606815780 215185947 614548672
215185947 606815780 231850291 606815780
231850291 606815780 232032013 613512438
232032013 613512438 232032013 621735711
215185947 614548672 229694998 621735711
229694998 621735711 229694998 625339276
232032013 613512438 269475474 613512438
269475474 613512438 270396038 640740487
270396038 640740487 273236492 640740487
270396038 640740487 270396038 655060206
270396038 655060206 283029736 656954231
283029736 656954231 300476669 668231237
127773402 530103543 127773402 578461739
127773402 578461739 136422922 578461739
136422922 578461739 136422922 584812604
136422922 578461739 142964131 578461739
127773402 578461739 127773402 593722868
127773402 593722868 147234695 619803045
132738683 517618596 188607611 517618596
188607611 517618596 209727249 525170966
229694998 625339276 232707464 679990124
232707464 679990124 232707464 693706524
232707464 679990124 248872962 679990124
248872962 679990124 259910910 682619259
232707464 693706524 236621521 709417908
236621521 709417908 255379383 712517854
255379383 712517854 263233423 723026357
263233423 723026357 270830434 736690367
270830434 736690367 293513366 736690367
270830434 736690367 270830434 788374143
270830434 788374143 270830434 798834519
270830434 788374143 290242912 788374143
270830434 798834519 272196425 823035329
272196425 823035329 280137409 823035329
290242912 788374143 303374051 802075640
303374051 802075640 307970872 811266819
307970872 811266819 315363778 813236472
315363778 813236472 329096971 816119892
329096971 816119892 337068546 816119892
329096971 816119892 329096971 833436400
329096971 833436400 330761465 838942072
330761465 838942072 334473011 839885206
334473011 839885206 347108513 839885206
347108513 839885206 351806239 839885206
351806239 839885206 351806239 841074967
351806239 839885206 359915893 839885206
347108513 839885206 347108513 853774450
347108513 853774450 355390148 856843028
355390148 856843028 357296306 856843028
355390148 856843028 355390148 865816993
334473011 839885206 334473011 858119185
334473011 858119185 342480345 858119185
342480345 858119185 344334958 865816993
344334958 865816993 344334958 909463938
344334958 909463938 370577924 909697711
370577924 909697711 372391556 909697711
370577924 909697711 370577924 911812290
272196425 823035329 272196425 868903294
272196425 868903294 280026704 879870558
280026704 879870558 291937701 895571522
291937701 895571522 297150723 895571522
291937701 895571522 291937701 904939901
291937701 904939901 293340165 904939901
293340165 904939901 294251580 918404358
294251580 918404358 294251580 928180621
294251580 928180621 296498380 928180621
294251580 928180621 294251580 939060030
291937701 904939901 291937701 940824873
296498380 928180621 334828412 928301080
334828412 928301080 336287766 946864877
294251580 918404358 334473011 918404358
293513366 736690367 313936461 772465694
313936461 772465694 313936461 779152881
313936461 779152881 315363778 779288312
315363778 779288312 316284621 779288312
313936461 772465694 340073379 772465694
316284621 779288312 335862296 801105016
694543030 308220952 728176644 336239733
728176644 336239733 744859516 341068948
744859516 341068948 754965794 341068948
744859516 341068948 744859516 375036809
182567179 411540096 182567179 473221114
182567179 473221114 202130783 477239401
565930894 610371652 627682487 610371652
627682487 610371652 630493799 612651726
496398041 179564108 509196344 228966899
509196344 228966899 510282837 233516132
510282837 233516132 518428574 244881080
518428574 244881080 518563558 257748640
518563558 257748640 528761583 264058787
528761583 264058787 528761583 274496282
622549222 746128165 623691002 807405793
623691002 807405793 624206809 824694091
624206809 824694091 629223942 824694091
629223942 824694091 634652812 833142495
634652812 833142495 634652812 856298151
634652812 856298151 647865999 863586970
647865999 863586970 647865999 871330026
624206809 824694091 624206809 868450895
647865999 863586970 698258789 863586970
698258789 863586970 700666508 870403308
700666508 870403308 743099635 884865402
743099635 884865402 755097712 884865402
743099635 884865402 743099635 909666850
743099635 909666850 750735781 945344007
740527402 241974989 803037592 241974989
803037592 241974989 810315100 249230573
810315100 249230573 810315100 264678947
810315100 249230573 845194645 249230573
845194645 249230573 851943129 268390991
112048051 249996656 156885184 268265489
156885184 268265489 176225096 277015599
176225096 277015599 207183865 303639151
836297646 344159508 855214348 388554254
855214348 388554254 855214348 393754758
855214348 388554254 870707469 388554254
870707469 388554254 883553364 412848104
883553364 412848104 893802327 437274622
893802327 437274622 893802327 456963012
893802327 456963012 896948625 456963012
893802327 456963012 893802327 461429067
896948625 456963012 901885596 459419492
901885596 459419492 901885596 459583636
901885596 459419492 913968711 459419492
913968711 459419492 915326993 461519892
915326993 461519892 915326993 462432131
915326993 462432131 923713378 464484381
893802327 437274622 924733723 437274622
915326993 461519892 946457573 461519892
923713378 464484381 934227055 493238635
934227055 493238635 939975594 493238635
939975594 493238635 943580457 502411676
943580457 502411676 943580457 508202307
943580457 508202307 961597487 508202307
934227055 493238635 934227055 513133149
943580457 508202307 943580457 533806213
943580457 533806213 966667434 552361665
966667434 552361665 966758446 578253761
966758446 578253761 975936375 578253761
975936375 578253761 976465535 584906684
976465535 584906684 982554943 587358633
982554943 587358633 982554943 588617476
982554943 587358633 984823048 587358633
966758446 578253761 966758446 590923551
893802327 461429067 900339439 513133149
900339439 513133149 900339439 518581614
900339439 518581614 915141370 527991582
585155988 567953833 632726960 583897660
818176922 503927504 881027501 504597698
881027501 504597698 883052705 512551411
883052705 512551411 892218331 554048768
634652812 833142495 698515160 833142495
698515160 833142495 706815755 838122903
706815755 838122903 741034605 861225679
633149380 481002784 633149380 545018783
633149380 545018783 636427087 545018783
633149380 545018783 633149380 551356352
636427087 545018783 643070300 551181174
36172466 136250707 81232786 155454704
81232786 155454704 83523277 156505574
83523277 156505574 96818633 165685515
96818633 165685515 96818633 173405220
96818633 165685515 113334274 165685515
286605155 0 350976995 0
350976995 0 381343057 0
350976995 0 350976995 35165432
381343057 0 420998823 0
420998823 0 422517745 0
420998823 0 420998823 4337976
422517745 0 451167741 0
451167741 0 469114411 0
469114411 0 469114411 16222041
451167741 0 451167741 30259442
451167741 30259442 453485192 55253812
453485192 55253812 485335455 55253812
485335455 55253812 486358690 55253812
486358690 55253812 492916143 64658862
485335455 55253812 485335455 77377655
453485192 55253812 453485192 88921445
453485192 88921445 470948594 88921445
492916143 64658862 523015698 74375578
523015698 74375578 540129656 85905111
540129656 85905111 540129656 104513248
540129656 104513248 545648659 104513248
540129656 104513248 540129656 120240082
540129656 85905111 564099529 85905111
564099529 85905111 564397356 88304489
564397356 88304489 573783916 103385178
573783916 103385178 576939988 103385178
573783916 103385178 573783916 110100548
350976995 35165432 381343057 45499516
381343057 45499516 422517745 46841463
422517745 46841463 448310967 50389903
573783916 110100548 625541972 111897169
625541972 111897169 627068526 150665568
627068526 150665568 644198760 159232893
644198760 159232893 651012122 162788309
651012122 162788309 676763776 162788309
469114411 0 529001655 0
529001655 0 538605607 0
538605607 0 548302026 0
538605607 0 538605607 24749041
538605607 24749041 548302026 26268658
529001655 0 529001655 25167338
548302026 0 579110730 0
579110730 0 594435482 0
579110730 0 579110730 22047070
579110730 22047070 594435482 24126278
594435482 0 622465583 0
622465583 0 624613788 0
624613788 0 626845286 0
626845286 0 626845286 2808768
626845286 0 630129310 0
622465583 0 622465583 5981267
630129310 0 645684979 0
645684979 0 647224237 0
630129310 0 630129310 27069452
630129310 27069452 631039177 33338707
631039177 33338707 631039177 41556883
631039177 41556883 645684979 41556883
631039177 33338707 647224237 33338707
631039177 41556883 631039177 63258139
631039177 63258139 646797918 63455254
646797918 63455254 663230794 63455254
663230794 63455254 664689377 63455254
664689377 63455254 691477405 64276527
663230794 63455254 663230794 93836443
691477405 64276527 721438857 64995362
721438857 64995362 738015137 64995362
646797918 63455254 646797918 94136663
646797918 94136663 658370807 105737298
658370807 105737298 682363260 106853035
682363260 106853035 686328875 116194384
686328875 116194384 686328875 124824212
686328875 124824212 692821134 124824212
686328875 116194384 695095510 116194384
692821134 124824212 711908354 134029947
711908354 134029947 718924038 146847776
718924038 146847776 718924038 154999283
721438857 64995362 721438857 96286442
686328875 124824212 686328875 157568485
622465583 5981267 624613788 37888871
718924038 146847776 758148785 146847776
758148785 146847776 777262925 164564535
777262925 164564535 787358320 164564535
777262925 164564535 777262925 185959220
647224237 0 693924578 0
693924578 0 693924578 7927361
693924578 0 704195793 0
704195793 0 748843059 0
748843059 0 752293126 0
752293126 0 752654376 0
752293126 0 752293126 25437259
752293126 25437259 752654376 35219649
748843059 0 748843059 36999983
752654376 0 793608220 0
793608220 0 793608220 3561600
793608220 0 823043336 0
823043336 0 835053004 0
835053004 0 862581737 0
862581737 0 862581737 12645473
823043336 0 823043336 32383152
704195793 0 704195793 46396459
704195793 46396459 741491363 54646151
862581737 0 911351410 0
911351410 0 913216147 0
913216147 0 924587869 0
924587869 0 937589523 0
937589523 0 937589523 4540786
937589523 4540786 937589523 5483445
937589523 4540786 950453953 4540786
950453953 4540786 954206486 16678192
924587869 0 924587869 16509673
954206486 16678192 962781977 32147205
962781977 32147205 962781977 52754990
962781977 52754990 976984861 62285207
976984861 62285207 987652013 76084584
962781977 32147205 989262396 32147205
989262396 32147205 999773410 39106016
911351410 0 911351410 27938991
911351410 27938991 913164359 40644721
913164359 40644721 913216147 40644721
913164359 40644721 913164359 88060429
913216147 40644721 933470317 69301758
594435482 24126278 617794983 57502776
738015137 64995362 782216408 77825678
782216408 77825678 782216408 82248299
782216408 82248299 783519122 89049778
783519122 89049778 786205615 89049778
786205615 89049778 797100345 90699352
797100345 90699352 797100345 98060708
797100345 90699352 804768456 90699352
804768456 90699352 821163594 95639224
821163594 95639224 823457206 99244701
823457206 99244701 847559116 99244701
782216408 77825678 811778131 77825678
823457206 99244701 823457206 131285572
823457206 131285572 825445715 162048563
783519122 89049778 783519122 127057608
847559116 99244701 880891498 105281403
880891498 105281403 883149847 111077569
883149847 111077569 883149847 111316580
883149847 111316580 885914727 126083116
883149847 111077569 912235252 111077569
825445715 162048563 827416765 202325756
827416765 202325756 827416765 210788074
827416765 202325756 840358324 202325756
840358324 202325756 868366804 214567906
783519122 127057608 812779447 143649747
868366804 214567906 901850431 236515218
901850431 236515218 905851269 236515218
905851269 236515218 905851269 239891770
905851269 236515218 910412947 236515218
901850431 236515218 901850431 243543895
910412947 236515218 920887343 237417004
920887343 237417004 922873645 242219136
922873645 242219136 922873645 270156603
922873645 270156603 937918733 270156603
937918733 270156603 944400696 271365860
944400696 271365860 945085248 271365860
922873645 270156603 922873645 302095639
922873645 302095639 944400696 310052100
922873645 242219136 973599670 242219136
973599670 242219136 995814874 243642246
548302026 26268658 573531647 59229655
573531647 59229655 577415447 69119762
577415447 69119762 614504490 72207766
912235252 111077569 947893251 138053346
944400696 310052100 975795261 342781396
975795261 342781396 981946609 398268227
355812274 114079858 367584852 166858088
367584852 166858088 382286095 180984436
382286095 180984436 396444655 189224610
396444655 189224610 396444655 202518015
396444655 189224610 414646136 189224610
414646136 189224610 420093761 201392061
420093761 201392061 420093761 204119469
420093761 204119469 427338579 204119469
420093761 201392061 428061138 201392061
420093761 204119469 420093761 216542448
420093761 216542448 431515447 236322030
431515447 236322030 431515447 244915156
431515447 236322030 450646751 236322030
450646751 236322030 450646751 243976153
450646751 236322030 464419685 236322030
431515447 244915156 438484932 268037077
438484932 268037077 441839043 299188668
441839043 299188668 441839043 305614693
441839043 305614693 468789907 315391376
468789907 315391376 469956878 316203631
469956878 316203631 469956878 328398417
469956878 316203631 507140342 316203631
441839043 299188668 487097362 299188668
396444655 202518015 407486371 237958467
407486371 237958467 416235479 243976153
416235479 243976153 416235479 246047827
469956878 328398417 498517469 347447740
507140342 316203631 534950159 346443784
534950159 346443784 540871482 400405078
540871482 400405078 540871482 400705150
540871482 400405078 542339123 400405078
542339123 400405078 543378854 407436659
543378854 407436659 543378854 407747242
543378854 407747242 570909300 420273696
570909300 420273696 583959577 426404416
583959577 426404416 587289513 426404416
583959577 426404416 583959577 458980166
583959577 458980166 586432592 458980166
583959577 458980166 583959577 461591079
587289513 426404416 609023374 448703528
543378854 407436659 588910296 407436659
588910296 407436659 611715516 410583317
611715516 410583317 611715516 416827040
670832266 391620512 712639885 414925286
712639885 414925286 719145344 414925286
712639885 414925286 712639885 424660355
719145344 414925286 729497481 415393352
931657341 669023804 986413663 679681632
947893251 138053346 963869789 187494824
963869789 187494824 987936436 187494824
963869789 187494824 963869789 213923483
963869789 213923483 963869789 220091572
963869789 213923483 986884946 213923483
963869789 220091572 986858597 235435871
647865999 871330026 664426761 921250649
664426761 921250649 665199638 923417827
665199638 923417827 665199638 932510217
665199638 932510217 666495348 955674498
666495348 955674498 666495348 971120063
666495348 955674498 699217377 955674498
699217377 955674498 699217377 961755834
699217377 955674498 711645814 955674498
699217377 961755834 709633674 968979251
666495348 971120063 697908742 988890883
665199638 923417827 722842868 923417827
722842868 923417827 727962920 927859496
727962920 927859496 727962920 932781496
727962920 932781496 736007869 945344007
736007869 945344007 736007869 946348964
736007869 946348964 738604514 953656059
638607111 269221643 688214372 286205087
688214372 286205087 721748804 287103568
945085248 271365860 982085167 301453315
982085167 301453315 982085167 301794825
982085167 301453315 986506212 301453315
986506212 301453315 987083117 308765974
950493009 895380256 955899688 957428682
955899688 957428682 976698009 969335155
744859516 375036809 794895406 393372125
794895406 393372125 794895406 395045395
794895406 393372125 814295238 393372125
814295238 393372125 828518972 422422855
828518972 422422855 832584503 441638633
375406988 631408395 429456376 646353873
429456376 646353873 438158520 675725946
438158520 675725946 439909053 675725946
438158520 675725946 438158520 687502212
439909053 675725946 447436416 681871629
777262925 185959220 811665604 220587592
503598326 608147568 534355708 646979771
87913793 330987825 94053058 395162070
94053058 395162070 99156927 430518798
99156927 430518798 99410096 474304777
99410096 474304777 104480369 496578134
104480369 496578134 112363891 510818442
112363891 510818442 120918530 510818442
112363891 510818442 112363891 526119476
112363891 526119476 119233082 526119476
112363891 526119476 112363891 538715731
76880752 53337359 114700091 90305177
643070300 551181174 692423326 577155128
692423326 577155128 705085356 593012698
705085356 593012698 708298820 593856031
708298820 593856031 721074512 618394248
362766938 322741441 438230328 322741441
712402464 204152516 712821906 281271629
113334274 165685515 129105303 229440411
869289102 688419358 874427656 762955949
874427656 762955949 882040520 771165106
370577924 911812290 428554874 934977919
428554874 934977919 428554874 939273634
428554874 939273634 428554874 940458017
428554874 939273634 432742884 939273634
428554874 934977919 436294203 934977919
432742884 939273634 434297473 946814693
434297473 946814693 461517083 963239914
461517083 963239914 499476526 963466970
499476526 963466970 499476526 976288757
499476526 963466970 542594809 963466970
542594809 963466970 543203675 963466970
542594809 963466970 542594809 969821317
542594809 969821317 544135859 975317377
544135859 975317377 544135859 985218045
544135859 985218045 553807587 992808821
544135859 975317377 562988519 975317377
562988519 975317377 599882695 987535871
428554874 940458017 430672262 990084803
430672262 990084803 446965713 992406676
446965713 992406676 491635971 998518726
599882695 987535871 649188809 990408722
456179132 727667158 486707816 780201064
486707816 780201064 486788646 782624874
486788646 782624874 516375731 782624874
486788646 782624874 486788646 824081927
486788646 824081927 486788646 831856113
486788646 824081927 501850423 824081927
755255342 889716355 838363806 889716355
838363806 889716355 860491658 895328381
860491658 895328381 862079090 913202295
862079090 913202295 864691906 913202295
864691906 913202295 865982395 916574215
862079090 913202295 862079090 923968646
763206482 897541329 832840379 911028563
336287766 946864877 400029690 969225869
400029690 969225869 421974510 989869111
407420095 757879789 442112203 811232297
442112203 811232297 442771902 836681631
442771902 836681631 451760071 836681631
451760071 836681631 474868789 855675803
474868789 855675803 475678695 855675803
475678695 855675803 486308058 867439783
474868789 855675803 474868789 889391187
474868789 889391187 486308058 917030220
486308058 917030220 486308058 917515004
486308058 917030220 494524801 917030220
494524801 917030220 523760181 918738248
523760181 918738248 550489295 942329000
550489295 942329000 601450770 948296635
601450770 948296635 609278399 948296635
609278399 948296635 609278399 950677318
609278399 948296635 619534367 948296635
601450770 948296635 601450770 961038314
619534367 948296635 629321516 966222867
629321516 966222867 629321516 968964741
629321516 968964741 652324626 973826355
652324626 973826355 666428859 984967525
629321516 966222867 659668315 966222867
442771902 836681631 442771902 898507541
486308058 867439783 556822682 867439783
556822682 867439783 616677707 881784524
616677707 881784524 617170032 881784524
616677707 881784524 616677707 884962333
616677707 884962333 618653129 911195004
355390148 865816993 419211789 892935680
832584503 441638633 867828721 498552178
568948084 772691545 595512078 842627473
0 225498639 0 324153613
0 324153613 0 334745319
0 334745319 0 351772426
0 351772426 0 355934185
0 351772426 4818286 351772426
0 355934185 0 368454906
0 368454906 0 369924460
0 369924460 0 387262893
4818286 351772426 20129468 355934185
0 387262893 22019505 387262893
0 324153613 28569393 324153613
28569393 324153613 41566680 334745319
0 387262893 0 417808747
0 417808747 26338526 417808747
41566680 334745319 44135351 369924460
44135351 369924460 55777448 373599402
0 417808747 0 481287339
0 481287339 0 481289604
0 481289604 2433372 481289604
0 481287339 12763696 481287339
0 481289604 0 505597760
0 505597760 0 523199654
0 523199654 0 528882475
0 528882475 17295936 528882475
0 505597760 23252155 505597760
0 528882475 0 563317279
0 563317279 15101947 563317279
12763696 481287339 50585479 483192897
50585479 483192897 50585479 498103506
50585479 498103506 64884517 503868567
50585479 483192897 89470124 483192897
64884517 503868567 70423329 539435417
70423329 539435417 88285890 550909768
23252155 505597760 46916046 523199654
88285890 550909768 95330807 585512548
95330807 585512548 112922110 610286936
112922110 610286936 125607629 626278005
15101947 563317279 53920576 596011908
53920576 596011908 60270003 605631809
60270003 605631809 67562901 621283366
67562901 621283366 67625568 621283366
67562901 621283366 67562901 647882680
67562901 647882680 76934452 653517956
76934452 653517956 80991844 653517956
76934452 653517956 76934452 680869706
76934452 680869706 79208625 680869706
80991844 653517956 103775568 670107079
103775568 670107079 108385570 704678641
108385570 704678641 111462997 704678641
108385570 704678641 108385570 713468488
76934452 680869706 76934452 721386785
76934452 721386785 81361628 747165531
81361628 747165531 85060429 748942546
85060429 748942546 101812880 764194671
101812880 764194671 109797978 764194671
109797978 764194671 109797978 767903801
101812880 764194671 101812880 772202330
109797978 764194671 125145407 764194671
125145407 764194671 133103693 781160437
133103693 781160437 133103693 782226414
108385570 713468488 143618281 722223136
143618281 722223136 145473566 722223136
143618281 722223136 143618281 734975562
133103693 781160437 185721791 781160437
185721791 781160437 190014761 804992626
190014761 804992626 190014761 815086371
190014761 804992626 217258100 804992626
217258100 804992626 223725848 804992626
217258100 804992626 217258100 818077058
217258100 818077058 219053242 833029777
223725848 804992626 243641258 807801457
219053242 833029777 233585901 852372672
233585901 852372672 238636844 881439595
238636844 881439595 243828698 888785888
243828698 888785888 257171267 907627487
257171267 907627487 264468227 938478916
133103693 782226414 150159373 819231257
150159373 819231257 165901729 819347653
165901729 819347653 171560479 819347653
171560479 819347653 177594657 819347653
171560479 819347653 171560479 830593431
171560479 830593431 182654257 833029777
182654257 833029777 182654257 843348052
165901729 819347653 165901729 865740379
165901729 865740379 171519053 888385729
171519053 888385729 178814197 888385729
171519053 888385729 171519053 912374943
171519053 912374943 174204294 920473727
174204294 920473727 188652891 936757038
188652891 936757038 189388345 938824961
189388345 938824961 209712662 938824961
209712662 938824961 212418987 938824961
209712662 938824961 209712662 941592387
189388345 938824961 189388345 972822197
79208625 680869706 98803694 716842711
143618281 734975562 211570086 736605765
211570086 736605765 222413915 736605765
211570086 736605765 211570086 762832181
0 563317279 0 648486834
0 648486834 0 659437773
0 659437773 0 669338620
0 669338620 1799760 669338620
0 669338620 0 679698981
0 648486834 13669142 648486834
0 679698981 27727963 679698981
0 679698981 0 711416022
0 711416022 0 722768993
0 722768993 0 727554936
0 727554936 22121907 727554936
0 711416022 23002228 711416022
0 727554936 0 758188370
23002228 711416022 48199080 717758531
48199080 717758531 48199080 722768993
48199080 717758531 61136459 717758531
0 758188370 37144446 758188370
37144446 758188370 51950807 771345332
51950807 771345332 58299110 771345332
51950807 771345332 51950807 787317057
13669142 648486834 43296670 659437773
51950807 787317057 68216588 822146267
68216588 822146267 68667239 845293703
68667239 845293703 77456172 845293703
68667239 845293703 68667239 867772973
68667239 867772973 70440311 873625785
70440311 873625785 77139663 891455993
77139663 891455993 77139663 917806981
77139663 917806981 82857778 927212121
82857778 927212121 84086610 932025370
84086610 932025370 89579631 932025370
77139663 891455993 109487650 891455993
109487650 891455993 134256594 898709130
84086610 932025370 84086610 976333040
84086610 976333040 88841575 976333040
84086610 976333040 84086610 989362191
84086610 989362191 123524443 995421880
134256594 898709130 154300648 924440155
154300648 924440155 167492976 952300145
167492976 952300145 168074641 986135272
0 758188370 0 827453428
0 827453428 0 839754872
0 839754872 0 846518728
0 846518728 0 850825310
0 850825310 6865106 850825310
0 827453428 28542989 827453428
28542989 827453428 32898870 839754872
32898870 839754872 44515166 846518728
0 850825310 0 881959158
0 881959158 0 897771763
0 897771763 0 902137774
0 897771763 15108936 897771763
0 902137774 0 918940925
0 918940925 0 927599525
0 927599525 6741327 927599525
0 927599525 0 943592214
0 943592214 21813543 943592214
21813543 943592214 22687118 964524589
22687118 964524589 22687118 967889828
22687118 964524589 32609343 964524589
32609343 964524589 42316565 979458126
0 881959158 25025794 881959158
15108936 897771763 42113825 902137774
42113825 902137774 63070065 909508841
63070065 909508841 65406815 920896460
0 918940925 33534392 918940925
170699121 606743465 196526551 687378688
688452042 687405215 738131316 752355371
26338526 417808747 86472331 473143318
