1465
0 0 0 0
0 0 0 396367
0 0 3198853 0
3198853 0 10370793 0
0 396367 0 13425296
0 13425296 0 17876225
0 17876225 3198853 17876225
0 17876225 0 37715763
0 37715763 10370793 37715763
0 37715763 0 67367202
0 67367202 0 91497792
0 91497792 6405464 91497792
0 67367202 35855672 67367202
35855672 67367202 62693824 76558137
62693824 76558137 72101834 100843031
72101834 100843031 80479193 100843031
72101834 100843031 72101834 109235665
72101834 109235665 73337962 116134767
73337962 116134767 73337962 123729915
73337962 123729915 77954318 133281316
77954318 133281316 77954318 140975400
77954318 140975400 85138870 153521706
10370793 0 49388963 0
49388963 0 49388963 13425296
49388963 0 70538843 0
70538843 0 70538843 958008
70538843 0 94782961 0
94782961 0 102081996 0
102081996 0 102081996 5725227
94782961 0 94782961 8667400
102081996 0 121451010 0
121451010 0 123299637 0
123299637 0 136324899 0
136324899 0 138320492 0
123299637 0 123299637 15670003
121451010 0 121451010 21879816
138320492 0 164528066 0
164528066 0 179532678 0
179532678 0 201189035 0
201189035 0 218295003 0
164528066 0 164528066 22194629
164528066 22194629 170173301 40542378
170173301 40542378 179532678 40542378
170173301 40542378 170173301 59945454
179532678 40542378 201189035 40592715
201189035 40592715 212477951 57718883
212477951 57718883 225908495 60557484
218295003 0 247530661 0
247530661 0 265156671 0
265156671 0 270544952 0
270544952 0 295201217 0
295201217 0 297182658 0
297182658 0 319702610 0
319702610 0 319702610 10257298
319702610 0 336508543 0
336508543 0 346193994 0
346193994 0 346193994 5124089
346193994 0 352060974 0
352060974 0 366962285 0
352060974 0 352060974 22881865
270544952 0 270544952 31240317
336508543 0 336508543 31298144
121451010 21879816 136324899 38858518
136324899 38858518 138320492 38858518
136324899 38858518 136324899 43543999
270544952 31240317 295201217 39288668
295201217 39288668 297182658 43339262
247530661 0 247530661 34086789
247530661 34086789 265156671 41510549
136324899 43543999 147215436 68956418
147215436 68956418 152108460 68956418
147215436 68956418 147215436 81674724
147215436 81674724 149184167 97270081
297182658 43339262 322458476 55434631
322458476 55434631 327686784 72748058
327686784 72748058 327686784 77507515
327686784 77507515 328237012 101884561
328237012 101884561 348510230 101884561
328237012 101884561 328237012 132051966
328237012 132051966 342953595 139654809
348510230 101884561 363331903 122457645
363331903 122457645 363331903 124651847
363331903 124651847 376927422 135464226
376927422 135464226 404900497 135464226
363331903 122457645 398756266 122457645
404900497 135464226 439779277 137491647
439779277 137491647 442026989 141931613
442026989 141931613 442026989 143858064
442026989 141931613 467071057 141931613
467071057 141931613 471043519 144474865
471043519 144474865 474659290 144474865
474659290 144474865 474659290 147277647
474659290 144474865 481836908 144474865
481836908 144474865 497068466 148737231
497068466 148737231 497068466 171712869
497068466 171712869 510204674 176431367
510204674 176431367 513856246 201929238
513856246 201929238 519276132 201929238
513856246 201929238 513856246 220228037
519276132 201929238 548294290 208804082
548294290 208804082 548294290 210676018
548294290 210676018 548493693 213240363
548294290 208804082 551203126 208804082
548493693 213240363 557494058 213240363
557494058 213240363 563370242 214915481
563370242 214915481 578716922 224911536
578716922 224911536 578716922 236744398
578716922 224911536 606630628 224911536
606630628 224911536 614042762 227681439
614042762 227681439 614042762 237598972
614042762 237598972 614787852 237598972
614787852 237598972 638052514 239849874
638052514 239849874 645467938 239849874
645467938 239849874 666852748 242081649
638052514 239849874 638052514 265643668
548493693 213240363 548493693 244169316
548493693 244169316 562635505 259188869
562635505 259188869 565650214 259188869
562635505 259188869 562635505 266779035
614042762 227681439 648096860 227681439
513856246 220228037 546562282 224212103
638052514 265643668 650950217 290319758
650950217 290319758 651053193 290319758
650950217 290319758 650950217 308981630
218295003 0 218295003 37745099
149184167 97270081 180059457 105945561
180059457 105945561 188602022 107991333
188602022 107991333 188602022 135595236
188602022 107991333 219604714 107991333
219604714 107991333 227231353 129987719
227231353 129987719 227231353 146724813
227231353 146724813 227640567 148073898
188602022 135595236 204719983 154968600
204719983 154968600 225076531 164042976
227640567 148073898 260474824 151849780
260474824 151849780 280754730 170551071
280754730 170551071 280754730 171110255
280754730 171110255 283306921 189724981
283306921 189724981 300299652 193734869
280754730 170551071 306262506 170551071
300299652 193734869 329911325 193734869
329911325 193734869 347453235 194573551
347453235 194573551 347453235 235309021
347453235 235309021 374765862 248642701
374765862 248642701 390886180 260432746
390886180 260432746 395244638 260432746
395244638 260432746 395244638 264515068
395244638 260432746 402876276 260432746
390886180 260432746 390886180 275800616
0 91497792 0 132485360
0 132485360 0 146432250
0 146432250 425416 146432250
0 146432250 0 178296956
347453235 194573551 388668163 194573551
388668163 194573551 392510117 205892769
392510117 205892769 406704879 205892769
392510117 205892769 392510117 223256982
392510117 223256982 393215660 223256982
392510117 223256982 392510117 247763449
0 132485360 41934950 132485360
366962285 0 409066753 0
409066753 0 409066753 3769539
409066753 0 430912909 0
430912909 0 430912909 12271467
430912909 0 446004791 0
446004791 0 446004791 28811306
446004791 28811306 446855841 54320290
446855841 54320290 446855841 54890153
446855841 54320290 479237747 54320290
479237747 54320290 507736525 56371285
507736525 56371285 517720178 57724556
446004791 0 481069837 0
481069837 0 481069837 263637
481069837 0 509629933 0
509629933 0 509629933 26463023
509629933 0 538260724 0
538260724 0 538260724 7700957
538260724 0 551640189 0
551640189 0 554644157 0
554644157 0 568390714 0
554644157 0 554644157 22504475
568390714 0 598663481 0
598663481 0 600715020 0
600715020 0 602785471 0
602785471 0 602785471 7886053
600715020 0 600715020 10503542
554644157 22504475 563630803 48754241
563630803 48754241 563630803 53008393
563630803 48754241 568390714 48754241
563630803 53008393 565222710 62717491
565222710 62717491 565715736 73854627
565715736 73854627 583010567 73854627
565715736 73854627 565715736 105530534
565715736 105530534 568002786 107037283
598663481 0 598663481 36292101
551640189 0 551640189 42189542
497068466 148737231 540380762 148737231
540380762 148737231 547575208 148737231
540380762 148737231 540380762 168031024
547575208 148737231 563365486 163957410
376927422 135464226 376927422 178950849
583010567 73854627 609743497 90644908
609743497 90644908 609743497 93046560
609743497 90644908 622685281 90644908
609743497 93046560 610935634 109362644
610935634 109362644 610935634 128955549
610935634 109362644 645307979 109362644
645307979 109362644 659979983 119750598
659979983 119750598 672295696 119750598
659979983 119750598 659979983 140110824
659979983 140110824 663179263 140110824
659979983 140110824 659979983 160107306
659979983 160107306 666026998 162133840
666026998 162133840 666026998 175961373
666026998 162133840 700791683 162133840
700791683 162133840 706213630 163933619
706213630 163933619 707351007 173429737
707351007 173429737 737095169 173429737
737095169 173429737 738434510 180828849
738434510 180828849 738434510 187392594
610935634 128955549 613394113 163275667
613394113 163275667 613394113 179823112
613394113 179823112 613394113 184969320
613394113 184969320 624990399 186448137
613394113 179823112 628365662 179823112
613394113 163275667 644529913 163275667
707351007 173429737 707351007 211290593
707351007 211290593 707351007 211425631
707351007 211425631 710619883 216543141
710619883 216543141 714587730 216543141
707351007 211290593 728344940 211290593
0 178296956 43629489 178296956
663179263 140110824 700791683 146326671
700791683 146326671 723849986 146326671
77954318 133281316 121878540 133281316
602785471 0 647499600 0
647499600 0 662285041 0
662285041 0 681128075 0
681128075 0 682149398 0
682149398 0 685224996 0
685224996 0 685974182 0
685224996 0 685224996 1829967
685974182 0 702209304 0
702209304 0 702341618 0
702341618 0 702341618 10054794
702341618 0 717774757 0
717774757 0 719166270 0
719166270 0 720317558 0
719166270 0 719166270 13754875
719166270 13754875 720317558 28249221
702209304 0 702209304 15660251
682149398 0 682149398 22497447
682149398 22497447 685974182 34634647
685974182 34634647 689835635 59106913
689835635 59106913 706324289 60393757
706324289 60393757 706324289 75875985
706324289 60393757 723320169 60393757
723320169 60393757 731503238 81018094
731503238 81018094 744355138 82111387
744355138 82111387 747231401 83510184
747231401 83510184 752516104 83510184
752516104 83510184 754251072 84141763
754251072 84141763 754251072 93040048
754251072 93040048 760166433 93040048
720317558 0 751102220 0
751102220 0 751102220 2467016
751102220 0 761134671 0
761134671 0 763184531 0
763184531 0 780430232 0
780430232 0 780550119 0
780550119 0 782479708 0
780430232 0 780430232 5442346
782479708 0 794204234 0
780430232 5442346 780550119 20390025
780550119 20390025 782479708 39142104
782479708 39142104 782479708 41317299
782479708 39142104 794204234 39142104
794204234 0 821862585 0
821862585 0 821862585 3890847
821862585 0 833154444 0
833154444 0 833154444 2405726
647499600 0 647499600 32331193
647499600 32331193 662285041 40757674
662285041 40757674 681128075 48281393
754251072 93040048 754251072 126337187
681128075 48281393 717774757 48605446
747231401 83510184 747231401 124131441
763184531 0 763184531 40677021
300299652 193734869 300299652 239154478
300299652 239154478 300455498 244571728
300455498 244571728 300455498 254583435
300455498 254583435 303344481 254583435
300455498 254583435 300455498 287688952
300455498 287688952 301674474 290898009
301674474 290898009 302048819 290898009
302048819 290898009 326766537 295269257
326766537 295269257 326766537 301163935
326766537 301163935 330338515 319387099
326766537 295269257 357374545 295269257
330338515 319387099 334781005 347262091
334781005 347262091 338179083 353465463
338179083 353465463 338179083 382807428
338179083 382807428 352602604 384741721
352602604 384741721 363408346 384741721
301674474 290898009 301674474 324645801
352602604 384741721 352602604 425396929
352602604 425396929 356750630 446589290
356750630 446589290 356750630 448526348
356750630 448526348 357258914 448526348
356750630 446589290 375799542 446589290
375799542 446589290 375919892 446589290
375799542 446589290 375799542 447222568
356750630 448526348 356750630 477322050
356750630 477322050 359884848 478583316
359884848 478583316 365495330 478583316
365495330 478583316 366405268 486573193
366405268 486573193 391869625 486573193
391869625 486573193 415282779 489419843
415282779 489419843 425564030 508020048
425564030 508020048 444588663 508020048
425564030 508020048 425564030 532395715
366405268 486573193 366405268 518528499
359884848 478583316 359884848 515222530
728344940 211290593 743363001 242110432
743363001 242110432 756979987 242110432
756979987 242110432 760894493 249109624
760894493 249109624 760894493 254834216
743363001 242110432 743363001 261854636
743363001 261854636 750331508 265839032
760894493 249109624 796389402 249109624
796389402 249109624 796389402 249696707
796389402 249109624 826188703 249109624
826188703 249109624 835488231 249620022
835488231 249620022 867568903 249620022
867568903 249620022 892428664 249620022
892428664 249620022 899748556 261664818
899748556 261664818 899748556 264773316
899748556 264773316 926078319 269319337
926078319 269319337 926078319 272287042
926078319 272287042 928011449 272287042
926078319 269319337 929408515 269319337
929408515 269319337 929408515 271387817
926078319 272287042 926078319 284891402
929408515 269319337 944565659 269319337
944565659 269319337 973233619 269773098
973233619 269773098 973647713 277827014
973647713 277827014 994527505 277827014
867568903 249620022 867568903 283484223
899748556 261664818 941310094 261664818
738434510 187392594 780920727 190761220
363408346 384741721 397811930 396279370
300455498 244571728 346436469 244571728
761134671 0 761134671 46791722
227231353 129987719 275179168 129987719
835488231 249620022 835488231 297646515
835488231 297646515 845201530 308965900
845201530 308965900 851411777 309731256
851411777 309731256 859328485 309731256
851411777 309731256 851411777 324061431
851411777 324061431 852294466 340366377
852294466 340366377 852294466 348563262
852294466 348563262 852294466 351015124
852294466 348563262 863923933 348563262
852294466 340366377 869914287 340366377
869914287 340366377 879812415 344419996
859328485 309731256 892386549 312429088
892386549 312429088 907127348 331704408
907127348 331704408 935188589 348221807
935188589 348221807 940486124 348221807
940486124 348221807 948202217 373919536
948202217 373919536 948202217 378536536
948202217 373919536 960380212 373919536
948202217 378536536 959772023 382206146
959772023 382206146 971706334 382206146
959772023 382206146 959772023 403785983
959772023 403785983 978251021 412189471
978251021 412189471 987134480 412189471
987134480 412189471 992533172 414440761
978251021 412189471 978251021 430787418
935188589 348221807 935188589 382440113
971706334 382206146 999336437 388925003
935188589 382440113 939095261 424231559
852294466 351015124 862274070 387124218
862274070 387124218 885603382 408695476
885603382 408695476 904063654 408695476
885603382 408695476 885603382 430946818
885603382 430946818 896676474 442086904
896676474 442086904 902670566 443247991
902670566 443247991 907078946 443247991
907078946 443247991 907078946 451107846
907078946 443247991 919384735 443247991
904063654 408695476 927813078 408698938
902670566 443247991 902670566 493209111
902670566 493209111 923750209 495920125
923750209 495920125 934273167 495920125
934273167 495920125 954749566 501047162
954749566 501047162 967740315 501047162
954749566 501047162 954749566 524642949
954749566 524642949 956401065 531374957
956401065 531374957 956401065 545717951
956401065 545717951 966472539 548371902
966472539 548371902 966472539 559869847
966472539 559869847 973474426 559869847
956401065 531374957 974520514 531374957
966472539 548371902 988749916 548371902
923750209 495920125 923750209 524647607
923750209 524647607 931018655 544821184
931018655 544821184 943586334 545717951
943586334 545717951 943586334 546152026
943586334 546152026 943621444 548834439
563365486 163957410 599079752 179275950
599079752 179275950 611685554 179823112
611685554 179823112 611685554 204037494
750331508 265839032 769254735 298105963
769254735 298105963 793693831 319119922
793693831 319119922 794456176 330509668
794456176 330509668 811774852 346139835
811774852 346139835 811774852 353605222
811774852 353605222 814783779 353605222
811774852 346139835 831849703 346139835
814783779 353605222 820562781 374065568
820562781 374065568 837030726 374065568
820562781 374065568 820562781 411240189
820562781 411240189 829051109 442626179
829051109 442626179 845488382 452651251
41934950 132485360 53836995 172156934
366405268 518528499 385452565 551302185
385452565 551302185 408997248 553639952
408997248 553639952 418282522 553639952
408997248 553639952 408997248 576984586
408997248 576984586 416461337 582966129
416461337 582966129 416461337 589851554
416461337 589851554 426099887 594231593
416461337 582966129 447200845 582966129
426099887 594231593 441430437 623363957
441430437 623363957 441730214 627702965
441730214 627702965 456029821 654669830
456029821 654669830 456029821 657830024
456029821 657830024 462828752 673038402
462828752 673038402 462828752 673423613
456029821 654669830 479812099 654669830
462828752 673038402 491760412 673038402
462828752 673423613 472424254 707448964
472424254 707448964 502463791 710173443
502463791 710173443 525020024 710173443
502463791 710173443 502463791 736564668
502463791 736564668 510169281 754991098
510169281 754991098 514726681 754991098
510169281 754991098 510169281 769028185
510169281 769028185 524919601 791019715
524919601 791019715 537694866 791019715
524919601 791019715 524919601 807331847
525020024 710173443 564259038 713581890
564259038 713581890 565701927 713581890
565701927 713581890 587331898 717023325
587331898 717023325 592176566 717363747
592176566 717363747 595961036 717363747
592176566 717363747 592176566 722511500
564259038 713581890 564259038 741649818
592176566 722511500 621661117 726227644
621661117 726227644 621661117 743606064
621661117 726227644 640307433 726227644
564259038 741649818 575875380 767228730
575875380 767228730 590386643 769377847
590386643 769377847 605113832 789584717
605113832 789584717 605113832 799368670
605113832 799368670 614084928 799368670
605113832 789584717 620311955 789584717
614084928 799368670 618035357 815122534
618035357 815122534 618035357 815890707
618035357 815122534 622435058 815122534
620311955 789584717 644057100 796499269
644057100 796499269 644057100 801175573
644057100 796499269 688025370 796499269
688025370 796499269 712962823 811089568
712962823 811089568 731307665 811089568
731307665 811089568 735777156 811786931
735777156 811786931 735777156 814973509
735777156 814973509 740020664 819593602
740020664 819593602 740020664 826810298
740020664 826810298 742632571 826810298
742632571 826810298 743030706 834346698
712962823 811089568 712962823 836578455
740020664 826810298 740020664 854953877
605113832 799368670 605113832 844174971
491760412 673038402 531907630 678302474
531907630 678302474 533541204 705067581
533541204 705067581 556463911 706513941
444588663 508020048 475233062 529391948
475233062 529391948 481822247 539338499
481822247 539338499 493192306 539338499
481822247 539338499 481822247 574394621
481822247 574394621 489234976 574503312
489234976 574503312 489234976 606723534
489234976 606723534 489234976 618691417
489234976 606723534 503325402 606723534
503325402 606723534 515600679 609140714
515600679 609140714 515600679 611774029
515600679 611774029 518224370 611774029
515600679 611774029 515600679 616766640
515600679 609140714 524546246 609140714
489234976 618691417 495397301 653345492
515600679 616766640 521291597 652712340
489234976 574503312 531383083 574503312
531383083 574503312 531383083 581273661
531383083 581273661 531523292 581273661
531383083 581273661 531383083 593282783
531383083 574503312 544835285 574503312
845488382 452651251 868115147 482153841
868115147 482153841 881039927 482153841
868115147 482153841 868115147 518076345
868115147 518076345 873387952 533759161
873387952 533759161 895780191 533759161
873387952 533759161 873387952 560183970
873387952 560183970 897441459 560183970
897441459 560183970 905813278 560183970
897441459 560183970 897441459 594340665
897441459 594340665 903391788 594340665
897441459 594340665 897441459 611958605
873387952 560183970 873387952 608376120
873387952 608376120 877817654 625671815
877817654 625671815 881473683 625671815
877817654 625671815 877817654 652346842
877817654 652346842 894897946 680333298
740020664 819593602 792314707 819593602
792314707 819593602 796495672 848363564
796495672 848363564 799734618 853281802
799734618 853281802 799734618 857072680
799734618 857072680 805607512 863175004
805607512 863175004 805607512 890238469
805607512 863175004 833086570 863175004
799734618 853281802 834340655 853281802
833086570 863175004 854861137 893364590
854861137 893364590 863985369 893364590
854861137 893364590 854861137 905563227
863985369 893364590 899252818 898021167
899252818 898021167 899252818 930508037
899252818 898021167 936441268 898021167
899252818 930508037 917807802 949455405
917807802 949455405 917807802 953108533
917807802 949455405 923585571 949455405
917807802 953108533 919363612 961047580
712962823 836578455 730593423 871350282
730593423 871350282 739949189 871350282
730593423 871350282 730593423 889078295
730593423 889078295 733215910 904832029
733215910 904832029 733215910 931856299
733215910 931856299 747727360 951389159
747727360 951389159 767161638 951389159
747727360 951389159 747727360 975709101
747727360 975709101 749202785 975709101
747727360 975709101 747727360 986837315
749202785 975709101 769203913 983076823
769203913 983076823 769203913 984159276
769203913 983076823 778360417 983076823
733215910 904832029 776137194 904832029
776137194 904832029 789828653 923769739
789828653 923769739 792278279 923769739
789828653 923769739 789828653 944858078
792278279 923769739 810411741 940057446
73337962 116134767 125826332 116134767
966472539 559869847 966472539 612748701
966472539 612748701 967575215 631537577
967575215 631537577 988131568 631537577
967575215 631537577 967575215 652612351
967575215 652612351 976822035 652612351
967575215 652612351 967575215 682577177
967575215 682577177 974566849 682577177
967575215 682577177 967575215 691475778
967575215 691475778 969389736 722315521
275179168 129987719 318311506 140072887
760166433 93040048 806681923 100170169
806681923 100170169 806681923 117775459
806681923 100170169 840639321 100170169
840639321 100170169 850122843 123421483
850122843 123421483 850122843 123593295
850122843 123421483 887996784 123421483
887996784 123421483 895753849 149429256
895753849 149429256 900341557 151249085
900341557 151249085 921367700 151249085
921367700 151249085 926573243 151249085
921367700 151249085 921367700 191441529
921367700 191441529 949653095 203793391
949653095 203793391 972416517 208218356
972416517 208218356 972416517 224307594
972416517 224307594 981857327 240298498
981857327 240298498 988715398 240298498
981857327 240298498 981857327 249537072
981857327 249537072 997756825 251696561
972416517 208218356 999494613 208218356
999494613 208218356 999494613 208461947
999494613 208218356 999957892 208218356
926573243 151249085 962685320 158073369
962685320 158073369 962685320 166746680
962685320 158073369 975168936 158073369
962685320 166746680 972609267 170572234
900341557 151249085 900341557 198437031
900341557 198437031 904878835 229561045
969389736 722315521 999341835 746035518
327686784 72748058 381748584 72748058
381748584 72748058 384013684 79027615
384013684 79027615 402834421 79027615
384013684 79027615 384013684 101626327
402834421 79027615 415025947 93458437
384013684 101626327 404753311 121428431
404753311 121428431 448995143 128918244
448995143 128918244 490960346 132903784
490960346 132903784 490960346 141814144
490960346 141814144 496137098 144118843
490960346 132903784 507745031 132903784
496137098 144118843 496137098 185810642
496137098 185810642 507621750 226497384
507745031 132903784 549262431 144118843
265156671 41510549 294529420 66219751
854861137 905563227 872166870 942485113
872166870 942485113 872166870 954163320
872166870 942485113 891142692 942485113
973647713 277827014 973647713 332736704
973647713 332736704 976723044 332736704
973647713 332736704 973647713 343071216
973647713 343071216 973647713 344607258
973647713 343071216 976661256 343071216
976661256 343071216 995261848 343638693
939095261 424231559 950394795 468716020
950394795 468716020 966462550 482344625
966462550 482344625 967740315 494803969
967740315 494803969 972592492 494803969
390886180 275800616 417082073 305690131
417082073 305690131 420244488 305690131
417082073 305690131 417082073 339495426
420244488 305690131 447473626 314111866
447473626 314111866 457422624 318992368
457422624 318992368 476120178 318992368
476120178 318992368 494010432 318992368
494010432 318992368 494010432 333024813
494010432 318992368 508187979 318992368
476120178 318992368 476120178 337921235
476120178 337921235 482959039 343792842
482959039 343792842 483930216 343792842
483930216 343792842 492668732 350929425
457422624 318992368 457422624 344557596
492668732 350929425 492668732 377699732
492668732 377699732 493325536 395649169
493325536 395649169 503822256 398862603
503822256 398862603 527315551 398862603
527315551 398862603 527315551 410152716
527315551 410152716 529698484 414959920
529698484 414959920 538068587 414959920
538068587 414959920 543412962 419959754
527315551 398862603 544974578 398862603
544974578 398862603 544974578 409577502
492668732 350929425 520291315 350929425
544974578 398862603 573067051 398862603
503822256 398862603 503822256 430377120
503822256 430377120 504914408 430377120
504914408 430377120 517260370 435130343
517260370 435130343 517754221 451023144
517754221 451023144 529698484 451023144
517754221 451023144 517754221 463740896
517754221 463740896 525086364 469307309
525086364 469307309 540811520 469307309
503822256 430377120 503822256 453318960
540811520 469307309 561363683 473614260
561363683 473614260 577356539 473614260
577356539 473614260 577356539 481032543
577356539 473614260 588746402 473614260
577356539 481032543 579063590 491759976
579063590 491759976 579063590 496445935
561363683 473614260 561363683 501657807
561363683 501657807 561363683 503402724
561363683 501657807 564851085 501657807
564851085 501657807 565366966 507795658
579063590 491759976 610830935 491759976
610830935 491759976 628344923 501089029
628344923 501089029 633221907 508943369
633221907 508943369 633221907 524782877
633221907 524782877 649056580 526568922
649056580 526568922 655008681 526568922
649056580 526568922 649056580 533168828
543412962 419959754 564912846 431360497
564912846 431360497 570089589 435470586
482959039 343792842 482959039 377699732
482959039 377699732 483644911 377699732
483644911 377699732 483644911 378488485
633221907 508943369 668588934 508943369
668588934 508943369 670112432 514516885
670112432 514516885 670112432 523828530
670112432 514516885 699006720 514516885
699006720 514516885 701660352 517892441
701660352 517892441 714982200 526389528
714982200 526389528 717335487 528984547
717335487 528984547 721892560 528984547
721892560 528984547 724918578 539429549
724918578 539429549 724918578 546354777
724918578 539429549 748043025 539429549
748043025 539429549 749038043 539429549
748043025 539429549 748043025 544048647
748043025 544048647 768859209 545821564
768859209 545821564 800023652 545821564
800023652 545821564 813853137 545821564
813853137 545821564 813853137 560677881
800023652 545821564 800023652 564578352
813853137 545821564 837898519 545821564
837898519 545821564 837898519 557593943
837898519 545821564 854648833 545821564
768859209 545821564 768859209 581824701
525086364 469307309 525086364 506084314
525086364 506084314 548376602 507795658
548376602 507795658 548376602 522522202
579063590 496445935 584712799 530959886
584712799 530959886 594705526 530959886
594705526 530959886 597370265 545925552
584712799 530959886 584712799 549959907
584712799 549959907 588217113 565612602
588217113 565612602 595945860 565612602
595945860 565612602 601243657 585574534
601243657 585574534 601243657 603521967
601243657 603521967 613565892 603521967
601243657 603521967 601243657 631382841
601243657 631382841 605089905 632923003
605089905 632923003 605089905 641914155
605089905 632923003 637051843 632923003
637051843 632923003 663226583 632923003
663226583 632923003 663226583 634837586
663226583 632923003 667138650 632923003
663226583 634837586 666769409 647094048
666769409 647094048 670032567 647094048
666769409 647094048 666769409 668886984
601243657 585574534 635339424 585574534
666769409 668886984 691987332 679104259
691987332 679104259 693661346 679104259
693661346 679104259 693897467 688200536
693897467 688200536 721850392 688200536
691987332 679104259 691987332 711293648
691987332 711293648 693897467 745617978
721850392 688200536 725120516 721480517
725120516 721480517 737026995 726124920
737026995 726124920 737026995 739842727
737026995 739842727 737231819 739842727
737026995 726124920 751873734 726124920
751873734 726124920 751873734 737866755
751873734 726124920 771310147 726124920
771310147 726124920 773339898 726124920
771310147 726124920 771310147 730962349
737026995 739842727 737026995 760206899
737026995 760206899 740348516 762296686
771310147 730962349 774967222 752545941
774967222 752545941 774967222 762219585
774967222 752545941 786475630 752545941
740348516 762296686 748339950 784775960
670112432 523828530 681083516 553486367
483644911 378488485 491545506 413919084
482959039 377699732 482959039 421250612
482959039 421250612 488514938 448957691
488514938 448957691 490979364 455283437
490979364 455283437 496551142 481157262
496551142 481157262 514309859 502096291
613565892 603521967 632739724 628655632
508187979 318992368 545426596 326649085
457422624 344557596 471960345 376862230
573067051 398862603 613344507 407142177
613344507 407142177 614065069 410816715
614065069 410816715 614065069 421459268
614065069 410816715 644033793 410816715
614065069 421459268 617063092 452702226
617063092 452702226 625520408 490829786
670032567 647094048 711171508 658266664
588217113 565612602 588217113 621592543
121878540 133281316 161207725 150128741
161207725 150128741 177359825 150128741
161207725 150128741 161207725 173111200
161207725 173111200 170696327 188277724
170696327 188277724 176924670 194081955
176924670 194081955 176924670 213731824
176924670 213731824 187220452 223248986
187220452 223248986 197360459 223248986
187220452 223248986 187220452 234410075
187220452 234410075 198498595 238717079
198498595 238717079 201676147 238717079
201676147 238717079 201676147 244200208
201676147 238717079 216409850 238717079
216409850 238717079 216409850 242370667
176924670 194081955 200667868 194081955
200667868 194081955 202737187 198527733
216409850 238717079 264084315 238717079
891142692 942485113 913119051 976925873
264084315 238717079 265633228 293681463
265633228 293681463 267429016 300882663
267429016 300882663 274442285 300882663
267429016 300882663 267429016 332457074
267429016 332457074 267429016 336674387
267429016 336674387 274283768 336674387
274283768 336674387 284125388 342500574
267429016 332457074 292032863 332457074
284125388 342500574 294431949 379640667
294431949 379640667 294431949 388288360
294431949 388288360 294431949 390231758
294431949 388288360 301116686 388288360
294431949 379640667 311874347 379640667
294431949 390231758 298538005 438820990
298538005 438820990 309019438 439339483
309019438 439339483 309769951 439339483
309019438 439339483 309019438 445046304
309769951 439339483 324164361 440997354
324164361 440997354 333323297 455743066
309019438 445046304 323679689 467848447
323679689 467848447 325313245 509610328
325313245 509610328 330949621 509610328
330949621 509610328 342696965 513305450
342696965 513305450 346926048 530008201
346926048 530008201 346926048 535851576
346926048 535851576 351150586 535851576
346926048 530008201 355847987 530008201
346926048 535851576 346926048 551131487
346926048 551131487 350704502 572162365
350704502 572162365 350704502 577829708
350704502 577829708 353362803 577829708
350704502 577829708 350704502 596826494
325313245 509610328 325313245 535057829
325313245 535057829 332514381 542181406
350704502 596826494 369343550 605824713
369343550 605824713 390445276 606843670
350704502 572162365 381706267 572162365
381706267 572162365 397364436 592475154
390445276 606843670 394744939 647121211
394744939 647121211 398696676 657776215
398696676 657776215 401801302 669275541
401801302 669275541 411492270 680184431
411492270 680184431 411492270 686246107
411492270 686246107 411492270 689531712
411492270 686246107 417987741 686246107
411492270 680184431 424332332 680184431
780920727 190761220 789230773 239045637
644033793 410816715 675596897 435884846
675596897 435884846 676257443 440466431
676257443 440466431 676257443 458402687
676257443 458402687 686385158 458402687
676257443 458402687 676257443 477379079
676257443 440466431 701901898 440466431
701901898 440466431 702064989 440466431
701901898 440466431 701901898 448084111
702064989 440466431 728259539 442217694
701901898 448084111 709009390 469979169
676257443 477379079 706847699 484819049
706847699 484819049 736195710 502966382
728259539 442217694 760169104 464279744
760169104 464279744 771614556 465130489
771614556 465130489 776676204 465130489
776676204 465130489 777709118 473661408
777709118 473661408 786046463 473661408
777709118 473661408 777709118 489186393
771614556 465130489 771614556 489154231
777709118 489186393 782764466 538385198
471043519 144474865 471043519 201215171
471043519 201215171 473811911 210637517
936441268 898021167 958766198 932590726
958766198 932590726 977599425 933935534
977599425 933935534 987086005 934722971
987086005 934722971 990982582 945176071
990982582 945176071 995797845 945176071
990982582 945176071 990982582 960946326
545426596 326649085 586224831 342839293
586224831 342839293 589979969 342839293
586224831 342839293 586224831 358377347
589979969 342839293 608326988 344472792
608326988 344472792 608326988 363827106
608326988 363827106 611290875 376278018
611290875 376278018 613809315 376278018
608326988 344472792 637725861 344472792
637725861 344472792 648215431 354360140
648215431 354360140 648215431 357505443
648215431 357505443 665066470 364837352
665066470 364837352 665066470 373459765
665066470 364837352 685647543 364837352
685647543 364837352 699264430 372093804
699264430 372093804 699264430 385984798
699264430 372093804 714357947 372093804
714357947 372093804 714357947 381666388
714357947 372093804 729451560 372093804
729451560 372093804 729451560 374364191
729451560 372093804 732105432 372093804
732105432 372093804 733631687 372111225
648215431 354360140 685647543 354360140
685647543 354360140 687912538 354360140
687912538 354360140 698366242 362848360
714357947 381666388 725627071 419501690
725627071 419501690 728259539 422558953
728259539 422558953 753643548 422558953
611290875 376278018 611290875 426959022
904878835 229561045 945276968 246537154
198498595 238717079 198498595 296183955
198498595 296183955 198880260 296183955
198498595 296183955 198498595 300430503
198498595 300430503 214124555 310210897
214124555 310210897 214124555 316130652
214124555 310210897 260076366 310210897
881039927 482153841 931444087 489241018
738434510 180828849 796623996 180828849
796623996 180828849 851639514 181319645
851639514 181319645 855349250 198437031
855349250 198437031 855349250 218713354
855349250 218713354 891951812 220975068
568002786 107037283 604268289 129174241
598663481 36292101 641020408 52382309
641020408 52382309 644120241 58289772
810411741 940057446 841779368 967150261
841779368 967150261 861775862 969387250
988749916 548371902 998234303 597762805
800023652 564578352 811462213 612436738
811462213 612436738 825517983 634613529
825517983 634613529 833521635 634613529
833521635 634613529 833784060 639830801
833784060 639830801 833784060 652403248
833784060 652403248 835800299 661192054
825517983 634613529 825517983 651034119
833784060 639830801 851435758 639830801
835800299 661192054 841233602 680359471
521291597 652712340 569160071 664144039
637051843 632923003 637051843 692997694
637051843 692997694 645231513 703203420
894897946 680333298 922736267 712944384
922736267 712944384 923940927 722315521
923940927 722315521 923940927 744122430
923940927 744122430 935854263 745082969
935854263 745082969 956542714 745082969
956542714 745082969 959494846 746035518
923940927 722315521 959713431 722315521
959713431 722315521 959713431 737858802
935854263 745082969 935854263 788843618
935854263 788843618 957068883 795010386
957068883 795010386 959494846 795010386
959494846 795010386 963565159 795596044
957068883 795010386 957068883 825402633
963565159 795596044 993735075 797448436
993735075 797448436 997684271 851683080
415025947 93458437 470745230 98338342
267429016 336674387 267429016 397509759
267429016 397509759 274356024 416990885
274356024 416990885 283214540 448105265
973474426 559869847 988292114 606150780
614042762 237598972 614042762 299166831
397811930 396279370 431300738 424984014
431300738 424984014 449279159 451979443
449279159 451979443 462266722 451979443
449279159 451979443 449279159 475633469
449279159 475633469 453844489 481343846
453844489 481343846 464629058 486462858
841233602 680359471 859266894 724581603
605089905 641914155 609016560 700432629
430912909 12271467 441015367 64682750
524919601 807331847 545722877 849171290
545722877 849171290 545722877 864626886
545722877 849171290 575011191 849171290
545722877 864626886 560255079 883578343
575011191 849171290 600465384 864002326
560255079 883578343 584475925 903076308
584475925 903076308 590624462 903076308
584475925 903076308 584475925 940714895
584475925 940714895 606629225 955154250
606629225 955154250 606656585 972320142
606656585 972320142 606656585 974877004
606656585 974877004 617196391 992366133
606656585 972320142 649303762 972320142
811774852 353605222 811774852 417582028
754251072 126337187 795732681 148879048
795732681 148879048 795732681 155601456
795732681 148879048 805567883 148879048
805567883 148879048 829076234 163867245
650950217 308981630 683707717 341003386
683707717 341003386 714040471 348257023
644057100 801175573 667519814 842963524
667519814 842963524 669873546 850614696
669873546 850614696 669873546 861797406
669873546 850614696 684914348 850614696
684914348 850614696 686805948 858213761
686805948 858213761 686805948 865651007
686805948 865651007 690368911 865651007
686805948 858213761 695787109 858213761
695787109 858213761 695787109 859829852
695787109 858213761 712533208 858213761
690368911 865651007 709875996 868840576
686805948 865651007 686805948 918731314
686805948 918731314 701415472 953725131
701415472 953725131 702322774 999703469
710619883 216543141 710619883 281968690
710619883 281968690 739179932 318182934
796389402 249696707 817541994 294777255
600465384 864002326 641195644 889577518
641195644 889577518 663391158 930324909
393215660 223256982 440180403 242735911
440180403 242735911 440180403 244046631
440180403 242735911 459935181 242735911
507621750 226497384 525424547 277859416
525424547 277859416 525424547 287826717
525424547 277859416 536698820 277859416
536698820 277859416 543626245 309676256
711171508 658266664 767885431 670944951
767885431 670944951 769356574 673675438
769356574 673675438 769356574 677940257
769356574 673675438 777240706 673675438
777240706 673675438 777240706 673747286
777240706 673675438 800102511 673675438
800102511 673675438 803902255 701513641
803902255 701513641 805511419 707057100
805511419 707057100 834983579 739306507
834983579 739306507 837646627 752446851
837646627 752446851 843447954 778074394
843447954 778074394 873316985 794198693
873316985 794198693 889097723 795897743
889097723 795897743 895352213 795897743
889097723 795897743 889097723 840661657
895352213 795897743 933014134 804897358
889097723 840661657 898323049 883720906
898323049 883720906 898323049 886339762
898323049 883720906 906767528 883720906
283214540 448105265 292951613 508389185
292951613 508389185 293755071 532571436
293755071 532571436 304351816 532571436
304351816 532571436 305016827 535799626
305016827 535799626 314575789 535799626
305016827 535799626 305016827 554981661
305016827 554981661 318511379 568322711
318511379 568322711 319201278 568322711
318511379 568322711 318511379 595681820
293755071 532571436 293755071 590304681
293755071 590304681 295255870 628363104
295255870 628363104 301399070 631859998
301399070 631859998 301399070 634180608
301399070 634180608 301464131 634206206
301464131 634206206 302263101 634206206
301464131 634206206 301464131 677747644
301464131 677747644 307191895 717791868
307191895 717791868 309590182 737942958
309590182 737942958 310156277 775279211
310156277 775279211 332890276 780123064
332890276 780123064 357921944 780123064
357921944 780123064 372460758 780227298
372460758 780227298 400616727 780227298
400616727 780227298 404153686 781717781
404153686 781717781 408692562 781717781
404153686 781717781 404153686 796176878
404153686 796176878 414154666 809570241
414154666 809570241 432214278 809570241
414154666 809570241 414154666 829324493
414154666 829324493 414154666 830025297
414154666 830025297 419137784 831320754
414154666 829324493 422072586 829324493
432214278 809570241 442500537 820029318
442500537 820029318 442500537 824600213
442500537 820029318 467861136 820029318
372460758 780227298 372460758 813650646
372460758 813650646 372816396 839570416
372816396 839570416 388277977 859159907
388277977 859159907 408334892 868736292
408334892 868736292 410733961 868736292
408334892 868736292 408334892 874464251
332890276 780123064 332890276 818641523
332890276 818641523 341688695 818641523
332890276 818641523 332890276 828316223
332890276 828316223 339726432 828316223
332890276 828316223 332890276 835615149
442500537 824600213 443485375 864491528
443485375 864491528 458873663 892807740
458873663 892807740 478866078 896426599
478866078 896426599 482474240 896426599
478866078 896426599 478866078 915296929
332890276 835615149 335283057 879787693
335283057 879787693 346939755 897327649
301399070 631859998 349130788 631859998
478866078 915296929 504504735 942187414
504504735 942187414 513561678 971275371
513561678 971275371 516226087 979770650
516226087 979770650 516226087 982154383
516226087 982154383 539388777 987918633
516226087 979770650 568994106 979770650
568994106 979770650 568994106 981632494
568994106 979770650 575998531 979770650
349130788 631859998 364304283 676060785
364304283 676060785 364389174 677135788
364389174 677135788 387042958 677135788
364389174 677135788 364389174 706994156
364389174 706994156 364389174 711335644
364389174 706994156 378886502 706994156
364389174 711335644 368387664 729815451
368387664 729815451 379826303 729815451
379826303 729815451 382387846 732757231
382387846 732757231 385068251 732757231
382387846 732757231 382387846 757211809
368387664 729815451 368387664 760618405
382387846 757211809 416155600 759239543
416155600 759239543 432214278 769632750
432214278 769632750 450280133 769632750
346939755 897327649 359158417 946344267
359158417 946344267 359158417 952198920
359158417 946344267 385921443 946344267
385921443 946344267 396215271 966625590
396215271 966625590 396215271 977642828
396215271 966625590 428567873 966625590
428567873 966625590 429154511 974943757
429154511 974943757 429154511 981281344
429154511 981281344 434966556 982026657
434966556 982026657 434966556 992690830
429154511 974943757 446235715 974943757
446235715 974943757 477093530 982026657
493192306 539338499 540386171 562554783
338179083 353465463 409469951 353465463
409469951 353465463 409675683 354970261
735777156 811786931 807443829 811786931
302263101 634206206 339087575 669694348
339087575 669694348 355824541 708325997
957068883 825402633 974183166 881055866
974183166 881055866 996748633 889953525
768859209 581824701 792544968 634675451
792544968 634675451 801571292 656136358
859266894 724581603 916919719 743826612
916919719 743826612 922629967 792753044
53836995 172156934 73476978 232511478
73476978 232511478 109462212 233180345
109462212 233180345 131130554 233180345
131130554 233180345 134730462 250644901
134730462 250644901 134730462 264647051
134730462 250644901 151492367 250644901
151492367 250644901 159056566 264232752
134730462 264647051 136876607 285264724
136876607 285264724 143182823 285264724
143182823 285264724 146949638 285264724
143182823 285264724 143182823 290568056
143182823 290568056 146157005 295095045
136876607 285264724 136876607 293890125
146157005 295095045 158623092 303077220
158623092 303077220 159589807 303077220
158623092 303077220 158623092 316172407
109462212 233180345 109462212 262250402
159589807 303077220 184504981 312109285
184504981 312109285 184841324 331643902
109462212 262250402 115056158 304773394
184841324 331643902 190954821 374143925
190954821 374143925 203013334 405268889
203013334 405268889 203583948 405268889
203583948 405268889 214601751 408518707
214601751 408518707 226877747 408518707
226877747 408518707 233916850 408518707
226877747 408518707 226877747 416503772
214601751 408518707 214601751 431454883
203013334 405268889 203013334 455954281
203013334 455954281 210324420 469063618
210324420 469063618 235379733 507125137
235379733 507125137 235379733 524304020
235379733 524304020 235379733 525025427
235379733 524304020 242316605 524304020
242316605 524304020 243657793 527776432
243657793 527776432 243657793 544898064
243657793 527776432 262993037 527776432
235379733 507125137 255660680 507125137
243657793 544898064 252758341 568734138
252758341 568734138 279838017 587524047
279838017 587524047 283565798 652672517
115056158 304773394 119696606 376033025
119696606 376033025 138430335 384552395
138430335 384552395 138430335 387061450
138430335 384552395 144281833 384552395
829076234 163867245 842954426 231085612
524546246 609140714 583465447 631668046
583465447 631668046 599943261 660065157
717335487 528984547 717335487 610465291
717335487 610465291 737156372 630604360
681083516 553486367 698160191 619891456
698160191 619891456 698160191 626142643
698160191 619891456 706866902 619891456
517720178 57724556 550665151 111918181
85138870 153521706 109317950 216953941
109317950 216953941 136036995 225864943
136036995 225864943 144209646 232992052
144281833 384552395 151011615 465576716
151011615 465576716 151386548 469063618
151386548 469063618 151386548 484964071
151386548 484964071 175130402 493034702
175130402 493034702 195606247 493034702
195606247 493034702 195614623 498071812
195614623 498071812 195737191 503028924
175130402 493034702 175130402 533096521
175130402 533096521 184594060 562846264
184594060 562846264 219714678 562846264
219714678 562846264 226571605 580472389
226571605 580472389 234691209 580472389
226571605 580472389 226571605 594921616
184594060 562846264 184594060 598105651
184594060 598105651 207012876 615954097
640307433 726227644 679193212 776343108
0 178296956 0 268372492
0 268372492 20621194 268372492
0 268372492 0 295169156
0 295169156 0 295728909
0 295728909 0 303896483
0 303896483 23272539 303896483
0 295169156 25409185 295169156
25409185 295169156 31002239 295728909
23272539 303896483 52150009 309334771
52150009 309334771 60001742 309334771
60001742 309334771 60001742 316693445
60001742 309334771 68400541 309334771
68400541 309334771 74320702 321898921
74320702 321898921 90069201 321898921
31002239 295728909 68792246 302014937
90069201 321898921 110994192 346287993
52150009 309334771 52150009 356080390
52150009 356080390 58459802 356080390
52150009 356080390 52150009 367536670
52150009 367536670 57859713 370867271
57859713 370867271 74320702 370867271
57859713 370867271 57859713 388450715
57859713 388450715 66203079 411311587
66203079 411311587 66203079 416552201
66203079 411311587 81129807 411311587
81129807 411311587 82434581 445642465
82434581 445642465 85844217 461207874
66203079 416552201 77749615 445642465
77749615 445642465 77749615 473489977
77749615 473489977 85844217 505688119
85844217 505688119 85844217 513824422
85844217 513824422 87907798 522602659
87907798 522602659 87907798 546336844
87907798 522602659 113378658 522602659
113378658 522602659 115235648 525091322
115235648 525091322 115864430 553708786
115864430 553708786 124258570 553708786
124258570 553708786 128826556 566310477
85844217 505688119 124694804 505688119
124694804 505688119 147687007 511752330
85844217 461207874 136490765 461207874
147687007 511752330 170590032 543828305
128826556 566310477 163221842 587931388
163221842 587931388 169007159 636841074
169007159 636841074 180296440 637128135
180296440 637128135 183816297 691681712
183816297 691681712 183816297 693547940
183816297 691681712 194875159 691681712
194875159 691681712 220684552 713897576
220684552 713897576 220933142 723982531
220933142 723982531 220933142 724707295
220933142 724707295 230853874 724707295
220933142 723982531 275528284 723982531
115864430 553708786 115864430 615549962
115864430 615549962 115864430 621735069
115864430 615549962 122359070 615549962
115864430 621735069 121865963 641044533
121865963 641044533 133414669 658939334
133414669 658939334 151294929 658939334
133414669 658939334 133414669 732910135
133414669 732910135 149114846 745617729
149114846 745617729 149114846 751039952
149114846 751039952 155844570 769109305
155844570 769109305 171996609 769109305
171996609 769109305 173744170 792382862
173744170 792382862 173744170 808464258
173744170 808464258 187094970 808561366
173744170 792382862 192444023 792382862
149114846 745617729 179488966 745617729
155844570 769109305 155844570 805462885
155844570 805462885 157054127 816391106
157054127 816391106 170809719 827360497
170809719 827360497 172106628 827360497
172106628 827360497 184563431 844307323
184563431 844307323 184563431 870492802
184563431 870492802 185776695 881615263
185776695 881615263 190285152 881615263
190285152 881615263 195430273 905564415
195430273 905564415 199597097 921673466
199597097 921673466 211672184 930255571
211672184 930255571 242528286 930255571
242528286 930255571 242528286 934755686
242528286 930255571 257761522 930255571
257761522 930255571 267038189 932141407
184563431 844307323 215963192 844307323
215963192 844307323 223593919 859584094
223593919 859584094 223593919 864808822
223593919 864808822 223593919 876599028
187094970 808561366 220933142 812646331
223593919 864808822 263599981 864808822
263599981 864808822 275083341 888268552
275083341 888268552 299273617 888268552
299273617 888268552 299273617 888620024
299273617 888268552 302898935 888268552
275083341 888268552 275083341 926391738
275083341 926391738 282689117 965640916
282689117 965640916 282689117 978611729
282689117 965640916 299672343 965640916
299672343 965640916 311517284 966154444
311517284 966154444 329776794 966154444
311517284 966154444 311517284 991755810
185776695 881615263 185776695 931420726
211672184 930255571 211672184 980440135
211672184 980440135 226713567 988777916
226713567 988777916 234490518 991103174
170809719 827360497 170809719 879363640
223593919 859584094 280614148 859584094
230853874 724707295 274530003 761960112
274530003 761960112 284959568 797869111
284959568 797869111 291346557 797869111
284959568 797869111 284959568 809393957
754251072 84141763 855024219 84141763
855024219 84141763 855024219 88478478
855024219 88478478 872408981 93232432
872408981 93232432 872408981 98630440
872408981 93232432 889079582 93232432
889079582 93232432 901227996 114153047
901227996 114153047 933192134 115164609
933192134 115164609 933192134 120325894
855024219 84141763 903737584 84141763
933192134 115164609 999359788 115164609
207012876 615954097 241120439 683919986
241120439 683919986 241120439 687204347
241120439 683919986 254724033 683919986
254724033 683919986 260580191 690316573
833154444 0 937298158 0
937298158 0 937298158 9464613
937298158 9464613 955746781 33313732
955746781 33313732 958394502 40237776
958394502 40237776 958394502 50522797
958394502 50522797 960025991 50522797
960025991 50522797 960025991 50787254
960025991 50522797 969432632 50522797
958394502 50522797 958394502 71815020
958394502 71815020 974504075 80203798
974504075 80203798 974504075 80210975
974504075 80203798 983524223 80203798
958394502 40237776 993985979 40237776
87907798 546336844 107359468 632273012
107359468 632273012 108794710 632273012
108794710 632273012 108794710 633533539
108794710 632273012 112826765 632273012
107359468 632273012 107359468 643256432
107359468 643256432 114830550 666357132
114830550 666357132 119544307 702834239
119544307 702834239 130231132 727435084
130231132 727435084 143648726 727435084
130231132 727435084 130231132 753952907
130231132 753952907 135164100 795064357
135164100 795064357 140501310 851015121
140501310 851015121 141560725 857469742
141560725 857469742 158736511 892595710
158736511 892595710 169221640 934202971
169221640 934202971 169221640 940640746
169221640 934202971 184554311 934202971
0 303896483 0 432998453
0 432998453 0 456318333
0 456318333 3092422 456318333
0 456318333 0 478105793
0 478105793 0 485254981
0 478105793 15833673 478105793
15833673 478105793 32935788 485254981
32935788 485254981 56793401 493419009
56793401 493419009 64958727 493419009
56793401 493419009 56793401 517870293
56793401 517870293 58115996 517870293
56793401 517870293 56793401 525132921
56793401 525132921 72567078 540428955
0 432998453 47316549 432998453
0 485254981 0 537833157
0 537833157 0 544779889
0 544779889 0 545188278
0 545188278 0 547205875
0 544779889 2508084 544779889
0 547205875 0 558325077
0 537833157 18571551 537833157
18571551 537833157 21536175 540016097
21536175 540016097 21536175 545188278
21536175 545188278 37076641 547205875
37076641 547205875 41199081 547205875
37076641 547205875 37076641 558325077
21536175 540016097 52547230 540016097
0 558325077 0 602900141
0 602900141 9714410 602900141
0 602900141 0 624787590
0 624787590 12224082 624787590
0 624787590 0 657530670
0 657530670 0 660512776
0 660512776 0 667154001
0 657530670 14306122 657530670
14306122 657530670 18849913 660512776
18849913 660512776 18849913 667154001
18849913 660512776 27710248 660512776
0 667154001 0 687951616
0 687951616 0 706085019
0 706085019 0 714006318
0 714006318 6916071 714006318
0 714006318 0 729202552
0 729202552 0 739719132
0 739719132 6889254 739719132
0 706085019 22440016 706085019
27710248 660512776 42075827 680020078
42075827 680020078 42075827 687951616
42075827 680020078 55367844 680020078
55367844 680020078 64332799 681085897
64332799 681085897 69084017 681085897
69084017 681085897 69084017 685757555
69084017 685757555 88938794 688416571
69084017 681085897 93496875 681085897
93496875 681085897 104374737 686531949
88938794 688416571 101742538 704304700
64332799 681085897 64332799 714474156
42075827 687951616 45284797 721061414
45284797 721061414 45284797 729202552
45284797 721061414 55267484 721061414
64332799 714474156 82850486 735363777
82850486 735363777 98246728 735363777
82850486 735363777 82850486 753508371
82850486 753508371 87018716 753508371
87018716 753508371 106221165 777900004
106221165 777900004 113136325 777900004
106221165 777900004 106221165 798048685
106221165 798048685 114415511 808005881
114415511 808005881 129499421 808005881
114415511 808005881 114415511 826910223
82850486 753508371 82850486 815025032
82850486 815025032 90257514 826910223
90257514 826910223 90257514 835384197
90257514 835384197 95715782 863146707
95715782 863146707 109388502 882242880
9714410 602900141 50538232 623979122
50538232 623979122 86456537 658886790
86456537 658886790 95587174 668341249
0 739719132 0 843839543
0 843839543 39934193 843839543
39934193 843839543 64108028 863146707
64108028 863146707 64108028 879446365
64108028 879446365 72962126 882242880
72962126 882242880 85836973 882242880
85836973 882242880 85836973 888614580
85836973 888614580 91062812 905857054
91062812 905857054 91062812 916533501
91062812 905857054 109349292 905857054
0 843839543 0 889997937
0 889997937 0 900738284
0 900738284 9429480 900738284
9429480 900738284 29132828 900738284
0 889997937 36275638 889997937
72962126 882242880 72962126 928927269
72962126 928927269 78178470 946395855
78178470 946395855 78828453 953967813
78828453 953967813 102006055 953967813
102006055 953967813 102006055 968623093
78828453 953967813 78828453 985313401
78828453 985313401 78828453 992733992
78828453 985313401 88957923 985313401
102006055 968623093 144494487 972250940
144494487 972250940 152512337 992838454
152512337 992838454 152512337 994771219
152512337 992838454 157366612 992838454
102006055 953967813 151643463 953967813
29132828 900738284 30488097 954985028
30488097 954985028 30488097 979893269
30488097 979893269 33666548 980737371
30488097 954985028 58475923 954985028
9429480 900738284 9429480 983845535
9429480 983845535 15360702 988724445
15360702 988724445 18065283 988724445
18065283 988724445 18065283 989337996
18065283 989337996 18507516 991705238
18065283 988724445 26328888 988724445
15360702 988724445 15360702 999769716
55267484 721061414 59402249 843698931
833154444 2405726 932424155 60751890
932424155 60751890 933648515 60751890
932424155 60751890 932424155 64859057
