1447
0 0 0 32648837
0 0 35347480 0
35347480 0 35347480 32648837
35347480 0 71147398 0
71147398 0 71147398 13175487
0 32648837 0 76062011
0 76062011 13435211 76062011
0 76062011 0 112709504
0 112709504 16968402 112709504
0 112709504 0 134870124
0 134870124 0 137960972
0 137960972 0 143786663
0 143786663 0 155670836
0 155670836 0 166353248
0 166353248 0 167645557
0 167645557 0 168818788
0 137960972 12566783 137960972
0 134870124 20210062 134870124
20210062 134870124 29299274 143786663
0 166353248 21908097 166353248
21908097 166353248 48343383 167645557
48343383 167645557 49392287 168818788
49392287 168818788 52207357 168945948
52207357 168945948 69812961 168945948
69812961 168945948 72476721 168945948
69812961 168945948 69812961 184444489
69812961 184444489 70466289 201901556
70466289 201901556 76704634 232758890
76704634 232758890 89026504 255942593
52207357 168945948 52207357 207188666
89026504 255942593 101689081 283887482
101689081 283887482 108103322 293285175
108103322 293285175 128826424 293285175
128826424 293285175 128826424 295002959
108103322 293285175 108103322 315737468
128826424 293285175 151814666 293285175
151814666 293285175 151814666 294502848
151814666 293285175 155366582 293285175
155366582 293285175 159932687 313315062
159932687 313315062 159932687 342468576
159932687 342468576 165394692 343207909
165394692 343207909 171926746 343207909
171926746 343207909 176635359 351486766
176635359 351486766 187106660 351486766
165394692 343207909 165394692 363098200
165394692 363098200 175764518 371514731
175764518 371514731 176635359 371514731
175764518 371514731 175764518 390427988
176635359 371514731 204487806 373983458
108103322 315737468 114667324 343097847
114667324 343097847 114667324 346672825
114667324 343097847 125533739 343097847
204487806 373983458 227112997 393720293
227112997 393720293 252881718 398210739
252881718 398210739 256552776 406324186
256552776 406324186 256552776 421572381
256552776 406324186 275074111 406324186
275074111 406324186 280978209 414400938
280978209 414400938 298939814 414400938
298939814 414400938 298939814 427024927
298939814 427024927 300575008 427024927
298939814 427024927 298939814 429940905
298939814 414400938 319666307 414400938
319666307 414400938 356323747 421400724
356323747 421400724 358499989 442083751
358499989 442083751 363180665 455266879
363180665 455266879 375199649 456151939
375199649 456151939 401427074 456151939
401427074 456151939 405926753 456151939
405926753 456151939 417575162 460207207
417575162 460207207 427082962 460207207
417575162 460207207 417575162 476033802
417575162 476033802 424393747 476033802
417575162 476033802 417575162 488543897
401427074 456151939 401427074 490917852
375199649 456151939 375199649 498646516
159932687 313315062 206558879 313315062
417575162 488543897 463469414 490786856
463469414 490786856 493584347 490786856
493584347 490786856 531903514 498726779
531903514 498726779 539250759 498726779
531903514 498726779 531903514 526253912
539250759 498726779 549209879 526226073
549209879 526226073 577295484 526226073
577295484 526226073 578577294 532358966
578577294 532358966 579133050 532547165
579133050 532547165 579133050 547091256
579133050 547091256 593027664 547091256
579133050 547091256 579133050 562515154
579133050 562515154 586886804 580122041
586886804 580122041 597314439 587104532
597314439 587104532 608122403 596927695
608122403 596927695 608122403 607918035
608122403 607918035 616971638 607918035
616971638 607918035 619213445 615508225
608122403 607918035 608122403 626919229
608122403 596927695 634379944 596927695
608122403 626919229 628836494 638258763
628836494 638258763 628836494 655515597
628836494 638258763 660652604 638258763
549209879 526226073 549209879 558810360
549209879 558810360 550321841 569039960
550321841 569039960 564755996 582254029
660652604 638258763 689751666 643694019
689751666 643694019 692463144 643694019
689751666 643694019 689751666 659915704
689751666 659915704 700038765 673847343
700038765 673847343 700038765 681984151
700038765 681984151 703408341 682304933
700038765 673847343 712351487 673847343
712351487 673847343 727352192 682304933
703408341 682304933 703408341 706289599
628836494 655515597 660292555 671124953
660292555 671124953 669685030 681984151
669685030 681984151 669685030 722193981
669685030 722193981 675338542 737613906
675338542 737613906 695921644 737613906
675338542 737613906 675338542 769687435
675338542 769687435 681795601 790106713
681795601 790106713 682253029 818938538
682253029 818938538 706145147 822762212
706145147 822762212 733011852 822762212
706145147 822762212 706145147 852907697
706145147 852907697 718869749 852907697
706145147 852907697 706145147 873208339
706145147 873208339 713330042 879341278
713330042 879341278 728840999 879932192
728840999 879932192 741969657 879932192
728840999 879932192 728840999 910636240
728840999 910636240 735453501 912932134
735453501 912932134 735453501 933545020
735453501 933545020 750018628 938419463
750018628 938419463 766476144 938419463
766476144 938419463 766536347 938419463
766536347 938419463 773897614 942388895
766476144 938419463 766476144 954051074
750018628 938419463 750018628 961342407
773897614 942388895 801641583 943180808
801641583 943180808 801641583 959421256
766476144 954051074 779282873 971027805
779282873 971027805 790227123 975507211
790227123 975507211 790227123 980578608
790227123 975507211 799719205 975507211
790227123 980578608 793601307 988889744
793601307 988889744 802590688 993513682
802590688 993513682 803335658 997994153
801641583 959421256 819337575 972960614
819337575 972960614 823066386 983960399
823066386 983960399 843730729 988144667
843730729 988144667 843730729 991374191
843730729 988144667 870889139 988144667
735453501 912932134 768611951 912932134
768611951 912932134 768611951 926472688
768611951 912932134 783289937 912932134
783289937 912932134 792222753 923477521
870889139 988144667 903354160 989260288
903354160 989260288 917273691 999055589
801641583 943180808 843820212 943180808
843820212 943180808 843820212 946352719
843820212 943180808 847431753 943180808
843820212 946352719 845465752 954994443
579133050 532547165 628712191 532547165
628712191 532547165 632354279 532547165
628712191 532547165 628712191 545650887
632354279 532547165 643668620 538396999
643668620 538396999 643668620 566316141
643668620 566316141 643668620 572297228
643668620 566316141 661390176 566316141
643668620 538396999 684347806 538396999
13435211 76062011 51506288 87702456
51506288 87702456 51506288 99531667
51506288 99531667 78962620 121356205
78962620 121356205 78962620 131739976
78962620 131739976 88956440 133698470
78962620 121356205 102787888 121356205
102787888 121356205 111605811 121499169
111605811 121499169 118938218 133503095
118938218 133503095 120962269 134555411
120962269 134555411 120962269 152926247
120962269 134555411 157093117 134555411
157093117 134555411 160173099 134555411
157093117 134555411 157093117 142025877
157093117 142025877 164664712 158619520
164664712 158619520 187405656 158619520
164664712 158619520 164664712 181535023
164664712 181535023 173050966 187696894
173050966 187696894 173050966 203462489
173050966 187696894 189010016 187696894
189010016 187696894 194512192 187696894
189010016 187696894 189010016 199922252
194512192 187696894 219162888 195359424
219162888 195359424 233242117 205573388
233242117 205573388 245078733 211843939
245078733 211843939 245078733 233447828
187405656 158619520 207412129 177373403
207412129 177373403 221922370 182716865
120962269 152926247 123678730 196233796
123678730 196233796 144354981 218019982
144354981 218019982 145496193 233969146
145496193 233969146 159212858 244385527
159212858 244385527 188783562 245215044
188783562 245215044 196121985 245215044
188783562 245215044 188783562 291353270
196121985 245215044 221120189 269150540
221120189 269150540 232014914 275361284
232014914 275361284 260481416 279688002
260481416 279688002 261384662 279688002
260481416 279688002 260481416 285485459
261384662 279688002 272623740 282730530
272623740 282730530 272623740 291416298
260481416 285485459 264360489 320523369
264360489 320523369 280104881 346765272
280104881 346765272 280104881 364657529
280104881 364657529 286930652 368344582
286930652 368344582 286930652 382491538
280104881 346765272 300644241 346765272
300644241 346765272 316267128 351791460
316267128 351791460 337694511 359599932
337694511 359599932 337694511 368344582
337694511 368344582 338355330 375476884
338355330 375476884 339010570 375476884
339010570 375476884 358513515 379080555
358513515 379080555 358513515 380637977
358513515 379080555 366770860 379080555
338355330 375476884 338355330 411688481
272623740 282730530 315711222 282730530
337694511 359599932 383186050 359599932
383186050 359599932 383510458 359599932
383186050 359599932 383186050 365407715
383186050 365407715 393820814 369697691
393820814 369697691 400713839 372385675
400713839 372385675 401277190 372385675
400713839 372385675 400713839 392403730
400713839 392403730 415851601 423316735
415851601 423316735 433545267 424538855
433545267 424538855 438339088 424538855
438339088 424538855 438339088 432107136
438339088 432107136 442916824 434375922
433545267 424538855 433545267 441567202
438339088 424538855 456794042 424538855
456794042 424538855 456794042 425119345
456794042 424538855 465436207 424538855
456794042 425119345 457257109 457159871
442916824 434375922 455979219 456613010
245078733 233447828 273990015 253711244
531903514 526253912 536489872 572056457
536489872 572056457 536738075 596989034
536738075 596989034 537848751 601390248
537848751 601390248 540135745 616120851
463469414 490786856 463469414 543597188
463469414 543597188 482305724 558958137
482305724 558958137 482726884 565353669
482726884 565353669 521492649 565353669
482726884 565353669 482726884 610219623
482726884 610219623 485213967 616120851
485213967 616120851 485213967 631182697
485213967 631182697 487279229 631182697
485213967 631182697 485213967 645376899
485213967 645376899 487754192 653552891
485213967 616120851 503699011 616120851
503699011 616120851 503699011 625644870
503699011 625644870 509810101 635492128
509810101 635492128 509810101 640409200
509810101 635492128 527689762 635492128
487754192 653552891 494512407 666183580
494512407 666183580 503838385 697166438
503838385 697166438 529206000 697166438
529206000 697166438 529206000 710422585
529206000 710422585 529726255 710422585
529206000 710422585 529206000 715146342
503838385 697166438 503838385 726588547
529206000 697166438 566202977 697166438
566202977 697166438 584573005 714068024
584573005 714068024 596937800 714068024
596937800 714068024 597756216 714068024
596937800 714068024 596937800 719590495
596937800 719590495 597756216 719590495
597756216 719590495 597756216 720318823
597756216 719590495 598488993 719590495
596937800 719590495 596937800 722590548
584573005 714068024 584573005 727050283
597756216 714068024 618638979 714068024
618638979 714068024 621360047 735319059
621360047 735319059 621360047 735856589
621360047 735319059 635019661 735319059
529206000 715146342 531032042 761328934
531032042 761328934 553185857 762612105
553185857 762612105 566442483 776476966
566442483 776476966 580932533 776476966
566442483 776476966 566442483 800230023
566442483 800230023 566442483 800401223
566442483 800230023 577382296 800230023
577382296 800230023 588475890 804841973
580932533 776476966 588475890 797267877
588475890 797267877 604860828 797267877
604860828 797267877 636985833 801277940
636985833 801277940 644867565 807086098
644867565 807086098 645162738 807086098
645162738 807086098 645162738 807437285
645162738 807086098 666634905 807086098
645162738 807437285 651014802 825347804
651014802 825347804 657110010 851577744
657110010 851577744 657110010 857282698
657110010 851577744 668271369 851577744
668271369 851577744 668423348 875500231
668423348 875500231 676695903 877517615
676695903 877517615 678889455 877517615
676695903 877517615 676695903 916549201
676695903 916549201 685773922 928916616
685773922 928916616 687155441 934687503
687155441 934687503 699571213 934687503
699571213 934687503 702813465 943863062
702813465 943863062 708325621 953365145
708325621 953365145 708325621 965813773
708325621 965813773 719292007 965813773
708325621 953365145 727640254 953365145
708325621 965813773 708325621 994521817
719292007 965813773 727583836 991414078
503838385 726588547 522260862 757295540
522260862 757295540 525660238 757295540
522260862 757295540 522260862 805325224
644867565 807086098 644867565 857493168
51506288 87702456 105544441 87702456
105544441 87702456 105544441 90147228
105544441 87702456 115776853 87702456
115776853 87702456 147178532 101725859
733011852 822762212 761913275 848825893
761913275 848825893 780504804 852839206
780504804 852839206 794546694 861999098
245078733 211843939 303740519 211843939
303740519 211843939 323297736 214570064
323297736 214570064 325803329 214570064
325803329 214570064 327730748 214570064
325803329 214570064 325803329 218833678
325803329 218833678 329244051 221317295
329244051 221317295 336123268 224317671
336123268 224317671 336123268 252601890
323297736 214570064 323297736 245229282
323297736 245229282 324319962 245229282
323297736 245229282 323297736 247772342
336123268 224317671 381413277 224317671
323297736 247772342 367146612 250058824
367146612 250058824 418895454 255712116
418895454 255712116 442155378 285191170
442155378 285191170 457095506 285191170
457095506 285191170 462959361 308188987
442155378 285191170 442155378 341867950
71147398 0 129844278 0
129844278 0 129844278 1650057
129844278 0 140769728 0
140769728 0 141515416 0
141515416 0 141515416 13399723
141515416 0 176466796 0
176466796 0 176466796 9058994
176466796 0 196354265 0
196354265 0 221590722 0
221590722 0 221590722 8482802
196354265 0 196354265 32936543
140769728 0 140769728 49178244
140769728 49178244 145372393 61976800
145372393 61976800 147178532 76495256
147178532 76495256 181036195 76495256
181036195 76495256 183067716 76495256
183067716 76495256 184697745 83667444
181036195 76495256 181036195 96366567
221590722 0 272257118 0
272257118 0 290454496 0
290454496 0 290454496 6082708
290454496 0 297417442 0
297417442 0 297417442 15633654
297417442 0 332321318 0
332321318 0 343437477 0
343437477 0 353603117 0
353603117 0 361002875 0
353603117 0 353603117 14390155
353603117 14390155 361002875 23049204
272257118 0 272257118 38524039
332321318 0 332321318 42155438
332321318 42155438 340269504 46226982
340269504 46226982 343437477 46226982
343437477 46226982 371233490 63352737
371233490 63352737 380536666 64731177
380536666 64731177 419223247 64731177
380536666 64731177 380536666 104505335
380536666 104505335 380536666 114299254
380536666 114299254 384453851 120994791
384453851 120994791 399190801 120994791
380536666 104505335 399747109 104505335
399747109 104505335 399747109 107500973
399747109 104505335 403003133 104505335
403003133 104505335 415296060 105598503
384453851 120994791 384453851 144466024
419223247 64731177 461694524 71743993
415296060 105598503 436428895 135226766
436428895 135226766 443195192 144657929
443195192 144657929 444079928 144657929
444079928 144657929 464090345 158828137
464090345 158828137 464090345 167780268
464090345 158828137 483939145 158828137
483939145 158828137 485732495 161406007
485732495 161406007 487245407 161406007
487245407 161406007 490174541 163383527
490174541 163383527 490174541 188495530
485732495 161406007 485732495 188495530
485732495 188495530 485732495 199816449
490174541 163383527 519239018 163383527
519239018 163383527 522249023 163383527
519239018 163383527 519239018 183831099
522249023 163383527 541055908 165643846
541055908 165643846 551540670 165643846
551540670 165643846 552788685 165643846
551540670 165643846 551540670 175115980
551540670 175115980 553929163 185508866
553929163 185508866 553929163 201744671
553929163 201744671 553929163 206792289
553929163 201744671 570296348 201744671
541055908 165643846 541055908 182116629
553929163 206792289 566569580 217928702
553929163 185508866 581513547 185508866
581513547 185508866 581513547 190739132
581513547 185508866 613757300 185508866
613757300 185508866 620724489 189079725
620724489 189079725 624427722 192056004
624427722 192056004 624427722 198187804
624427722 192056004 631205470 192056004
631205470 192056004 631205470 194992886
519239018 183831099 533000834 202363668
533000834 202363668 537286229 202363668
533000834 202363668 533000834 224986308
443195192 144657929 443195192 179140821
631205470 194992886 668746801 196394423
668746801 196394423 672463897 196394423
668746801 196394423 668746801 207367839
631205470 192056004 672463897 192056004
672463897 192056004 680789700 192056004
566569580 217928702 605980530 221629285
605980530 221629285 606913379 221629285
605980530 221629285 605980530 236815467
606913379 221629285 615342246 232440679
605980530 236815467 610024574 262847799
610024574 262847799 620955256 267010120
620955256 267010120 624103020 267010120
624103020 267010120 624532401 270981627
620955256 267010120 620955256 286416269
620955256 286416269 624532401 309573792
624532401 309573792 624532401 309685953
624532401 309573792 631610089 309573792
631610089 309573792 637438353 320695445
637438353 320695445 637438353 322608223
637438353 320695445 658277830 320695445
658277830 320695445 676522484 325593070
676522484 325593070 680286805 325593070
676522484 325593070 676522484 343565724
676522484 343565724 676548857 343565724
676522484 343565724 676522484 349674614
676522484 349674614 679550960 356293857
679550960 356293857 687739368 365339463
687739368 365339463 691683436 370863800
691683436 370863800 693760150 370863800
691683436 370863800 691683436 385791731
691683436 385791731 693362949 388572748
693362949 388572748 693362949 399209053
624532401 270981627 652434762 270981627
693362949 388572748 727349762 388572748
727349762 388572748 742411686 400877775
652434762 270981627 687814395 275789949
687814395 275789949 690145325 275789949
687814395 275789949 687814395 299449377
690145325 275789949 701351703 292148251
742411686 400877775 763567218 423623940
763567218 423623940 771003094 437583475
771003094 437583475 783611698 444055137
783611698 444055137 808349510 444055137
808349510 444055137 836615642 446867419
836615642 446867419 838401358 448944138
838401358 448944138 852297865 448944138
852297865 448944138 852297865 457888624
852297865 448944138 864658480 448944138
864658480 448944138 874550167 461434622
874550167 461434622 874550167 478019364
783611698 444055137 783611698 479665514
852297865 457888624 862897978 484018380
783611698 479665514 787876382 512992106
787876382 512992106 804961224 528937986
874550167 461434622 915363345 461434622
915363345 461434622 917704564 467471671
917704564 467471671 917704564 468715993
917704564 467471671 941512810 467471671
917704564 468715993 928276135 495999117
838401358 448944138 838401358 489875935
838401358 489875935 847925041 506562717
847925041 506562717 858323705 519134779
858323705 519134779 859568079 519134779
859568079 519134779 865206857 532318204
865206857 532318204 865206857 536012135
865206857 532318204 880163110 532318204
858323705 519134779 858323705 562730252
533000834 224986308 539254771 266438369
443195192 179140821 458792883 212433047
458792883 212433047 458831313 228094399
458831313 228094399 467702932 228094399
458831313 228094399 458831313 243562702
467702932 228094399 469902123 242643193
469902123 242643193 489862288 254139370
458831313 243562702 462695382 272380637
462695382 272380637 462959361 279822303
462959361 279822303 471001500 279822303
489862288 254139370 512615056 277751543
512615056 277751543 535954915 302236984
535954915 302236984 553669251 304622167
553669251 304622167 553669251 309597168
553669251 304622167 573921404 304622167
573921404 304622167 583217135 328494167
583217135 328494167 583217135 347739280
583217135 347739280 592980282 367636446
592980282 367636446 611847166 367636446
592980282 367636446 592980282 391288975
592980282 391288975 593133933 394392160
583217135 328494167 620348986 328494167
620348986 328494167 623258216 335251756
623258216 335251756 630505758 340284410
553669251 309597168 554613700 351397149
554613700 351397149 557422378 369669137
557422378 369669137 557867999 369669137
593133933 394392160 627868746 404883691
627868746 404883691 627868746 406094277
627868746 406094277 658776343 417299234
658776343 417299234 676995762 417299234
658776343 417299234 658776343 442549607
658776343 442549607 659794228 449811558
659794228 449811558 659794228 462982251
659794228 462982251 676063932 463761375
676063932 463761375 684700557 463761375
684700557 463761375 684700557 472432073
676063932 463761375 676063932 482651331
684700557 463761375 709706722 463761375
676063932 482651331 688784247 497704558
688784247 497704558 688784247 501090125
688784247 497704558 701605645 497704558
688784247 501090125 692780151 510653430
692780151 510653430 711734297 512893472
711734297 512893472 714387272 514210084
714387272 514210084 714387272 526597982
714387272 526597982 720158190 526597982
714387272 526597982 714387272 536175766
714387272 536175766 731387647 537121100
731387647 537121100 749653412 537121100
714387272 514210084 758345142 514210084
758345142 514210084 766915487 517819683
627868746 404883691 672575438 404883691
659794228 449811558 705059031 449811558
557422378 369669137 557422378 415788520
557422378 415788520 567461269 418360399
567461269 418360399 569074536 420091244
941512810 467471671 986244948 473527959
384453851 144466024 406958619 177250163
361002875 0 416869073 0
416869073 0 424710444 0
424710444 0 453358188 0
453358188 0 478628993 0
478628993 0 500234784 0
500234784 0 500234784 8217677
500234784 0 513705873 0
513705873 0 513705873 12393741
478628993 0 478628993 27719712
416869073 0 416869073 30175870
416869073 30175870 424710444 46275206
424710444 46275206 448220593 55645836
453358188 0 453358188 43447281
448220593 55645836 453220322 101854020
513705873 12393741 522532368 57577817
522532368 57577817 522532368 65677345
522532368 65677345 526289426 70328552
526289426 70328552 528489171 73899375
528489171 73899375 533400373 73899375
533400373 73899375 533400373 74872345
528489171 73899375 528489171 82563649
533400373 73899375 563699384 73899375
563699384 73899375 568523152 73899375
568523152 73899375 584027717 79074199
584027717 79074199 584027717 97279538
584027717 79074199 608496457 79074199
608496457 79074199 617621831 89972798
584027717 97279538 596760842 111439987
596760842 111439987 609008078 111439987
596760842 111439987 596760842 126502494
563699384 73899375 563699384 102617575
522532368 57577817 554708481 57577817
554708481 57577817 571331281 60631517
571331281 60631517 624149555 61570682
569074536 420091244 593133743 454912681
593133743 454912681 594451188 467532068
594451188 467532068 611211581 467532068
594451188 467532068 594451188 506993053
611211581 467532068 655132983 477845908
928276135 495999117 950033749 534650970
950033749 534650970 961646044 534650970
961646044 534650970 967994406 541739939
967994406 541739939 971108587 570574560
971108587 570574560 976362936 570574560
976362936 570574560 985020075 571314318
971108587 570574560 971108587 589941078
971108587 589941078 988140517 591101247
950033749 534650970 950033749 580208881
950033749 580208881 950186982 606118439
950186982 606118439 959796150 631136147
959796150 631136147 969712187 631136147
959796150 631136147 959796150 641054372
959796150 641054372 969256739 642712206
969256739 642712206 970761554 642712206
970761554 642712206 973199533 655988130
969256739 642712206 969256739 696446404
969256739 696446404 979025867 728737375
792222753 923477521 848730351 927753042
221590722 8482802 234362011 56823762
234362011 56823762 246212137 80034432
246212137 80034432 256819276 80034432
246212137 80034432 246212137 90925451
246212137 90925451 253868613 93017115
253868613 93017115 257371897 93017115
253868613 93017115 253868613 124886101
253868613 124886101 257539436 137699060
257539436 137699060 257539436 148900351
257539436 137699060 290960396 137699060
290960396 137699060 309259282 145622031
309259282 145622031 319383097 145622031
319383097 145622031 334610091 151259155
334610091 151259155 361251544 160058834
361251544 160058834 374868518 160058834
361251544 160058834 361251544 175389686
361251544 175389686 382062741 191350021
382062741 191350021 391017057 204625473
309259282 145622031 309259282 186453304
309259282 186453304 313672911 209952975
257371897 93017115 293927032 111211030
293927032 111211030 293927032 112458678
293927032 112458678 308414530 114725951
308414530 114725951 314997485 123733566
314997485 123733566 314997485 135472051
293927032 111211030 316031875 111211030
314997485 123733566 345634485 123733566
345634485 123733566 347118897 126645491
347118897 126645491 347118897 139048923
347118897 126645491 370701857 126645491
596760842 126502494 649193306 135489453
649193306 135489453 666728556 139625458
666728556 139625458 666728556 166718432
666728556 139625458 702785570 139625458
666728556 166718432 702642275 174265833
702642275 174265833 702642275 179141994
702642275 174265833 713130767 174265833
702642275 179141994 711169688 181800261
711169688 181800261 730316784 181800261
730316784 181800261 738595044 191245661
738595044 191245661 738595044 205132482
738595044 205132482 750285239 205132482
738595044 191245661 754686866 191245661
750285239 205132482 756272309 217235595
756272309 217235595 769205861 222305677
769205861 222305677 769205861 225139888
769205861 222305677 782505873 222305677
782505873 222305677 783399665 236459144
783399665 236459144 783399665 269035093
783399665 269035093 800001436 276232660
800001436 276232660 827085443 276232660
800001436 276232660 800001436 303608577
800001436 303608577 802503453 309008681
802503453 309008681 802503453 333668123
802503453 333668123 818205265 333668123
818205265 333668123 820599014 333668123
818205265 333668123 818205265 345944048
818205265 345944048 825987183 352535143
825987183 352535143 836191659 354166349
836191659 354166349 836191659 370162042
836191659 370162042 838360335 370162042
836191659 370162042 836191659 374519986
838360335 370162042 850743702 372089531
850743702 372089531 850743702 376195113
802503453 333668123 802503453 353653217
850743702 372089531 879102904 372089531
879102904 372089531 882567298 383187837
882567298 383187837 882567298 410533122
882567298 410533122 882567298 415167701
827085443 276232660 852294996 281233837
852294996 281233837 852601395 282935264
852601395 282935264 852601395 283078847
852601395 282935264 881318970 282935264
881318970 282935264 898290120 294807055
898290120 294807055 900921438 302880315
900921438 302880315 908838568 302880315
900921438 302880315 900921438 319569908
908838568 302880315 939946328 305004955
939946328 305004955 939946328 309475679
939946328 305004955 967167561 305004955
967167561 305004955 979826110 319028728
852601395 283078847 862893797 306348802
882567298 410533122 916225424 410533122
916225424 410533122 942004556 413696507
942004556 413696507 944196000 413696507
942004556 413696507 942004556 423828210
882567298 383187837 916267749 383187837
738595044 205132482 738595044 243209547
900921438 319569908 923665529 339400658
923665529 339400658 931525382 355813320
931525382 355813320 941581917 355813320
931525382 355813320 931525382 380798907
783399665 236459144 828078315 236459144
802503453 309008681 847359805 309008681
847359805 309008681 848729976 309008681
847359805 309008681 847359805 317263324
836191659 354166349 882091334 354166349
769205861 225139888 771407065 273526096
771407065 273526096 778381159 273526096
771407065 273526096 771407065 282119935
771407065 282119935 772801612 282119935
771407065 282119935 771407065 300804219
845465752 954994443 906612612 955595999
906612612 955595999 931340688 968338102
931340688 968338102 944488578 968338102
931340688 968338102 931340688 986790237
931340688 986790237 935979403 987643749
340269504 46226982 340269504 108003475
731387647 537121100 731387647 599022673
731387647 599022673 735952226 599022673
735952226 599022673 736567641 599022673
735952226 599022673 735952226 602905100
731387647 599022673 731387647 605305941
731387647 605305941 735299580 628313848
735299580 628313848 748265687 639549427
748265687 639549427 755182458 639549427
755182458 639549427 758659000 642095123
758659000 642095123 769638617 643802632
769638617 643802632 783209435 643802632
783209435 643802632 787336675 655091587
787336675 655091587 787336675 666596468
748265687 639549427 748265687 663596968
769638617 643802632 769638617 675988379
787336675 666596468 787764304 699736439
787764304 699736439 787764304 700761389
787764304 699736439 813594630 699736439
813594630 699736439 842069780 703530648
842069780 703530648 850036858 709277447
850036858 709277447 850036858 737914836
850036858 737914836 850036858 741099695
850036858 737914836 856434613 737914836
856434613 737914836 884098343 738745808
850036858 709277447 879487043 709277447
879487043 709277447 893369796 709277447
879487043 709277447 879487043 735309165
769638617 675988379 779938992 703625783
779938992 703625783 782228787 703625783
782228787 703625783 787299486 709830871
779938992 703625783 779938992 739194263
779938992 739194263 795946137 752982863
795946137 752982863 815234666 756772772
815234666 756772772 815234666 757298225
815234666 756772772 844911692 756772772
844911692 756772772 873407720 774872927
873407720 774872927 876471995 779474920
876471995 779474920 895299419 779474920
895299419 779474920 897013221 795215715
897013221 795215715 897013221 797360978
897013221 795215715 915560441 795215715
897013221 797360978 910362028 803132793
876471995 779474920 876471995 803713980
876471995 803713980 877527353 818907287
787336675 655091587 835383112 655091587
835383112 655091587 844206964 657570250
736567641 599022673 782933019 600841627
877527353 818907287 908405782 842576053
908405782 842576053 934877715 847572965
934877715 847572965 937309578 853906732
937309578 853906732 937309578 871737219
937309578 871737219 937309578 882556081
937309578 871737219 958508688 871737219
958508688 871737219 961284303 877803236
961284303 877803236 961284303 897697476
961284303 897697476 964062209 905998786
964062209 905998786 964062209 926905539
961284303 877803236 986052930 877803236
964062209 905998786 988907428 905998786
937309578 853906732 967370735 853906732
967370735 853906732 969134861 853906732
967370735 853906732 967370735 858912127
967370735 858912127 969018055 859140886
969134861 853906732 986052930 854971650
986052930 854971650 997346380 854971650
964062209 926905539 988378424 956052533
988378424 956052533 990795418 994918531
844206964 657570250 884679754 675347937
893369796 709277447 939851126 722190616
939851126 722190616 939851126 728907619
939851126 728907619 941951196 728907619
939851126 728907619 939851126 734251732
939851126 722190616 947903021 722190616
947903021 722190616 965608666 726064599
939851126 734251732 957212786 758625100
957212786 758625100 964765770 777631063
964765770 777631063 974811037 777631063
964765770 777631063 964765770 792043073
974811037 777631063 982093915 788042569
964765770 792043073 966439606 808162597
815234666 757298225 832891031 799256998
832891031 799256998 846784442 825369047
846784442 825369047 847465749 876396680
847465749 876396680 863990944 877539000
884098343 738745808 935124464 749062406
453220322 101854020 483598427 133441213
0 168818788 0 231066836
0 231066836 0 259470013
0 259470013 0 263412358
0 263412358 0 289059394
0 289059394 0 294276960
0 294276960 24106635 294276960
0 294276960 0 322965147
0 322965147 0 326242678
0 326242678 0 349116009
0 349116009 22109719 349116009
0 349116009 0 374764831
0 374764831 0 392809207
0 392809207 1282630 392809207
0 374764831 29833838 374764831
0 259470013 32478983 259470013
32478983 259470013 32530336 263412358
32530336 263412358 46118408 263412358
32530336 263412358 32530336 289059394
0 326242678 34310746 326242678
34310746 326242678 53922923 344672587
0 322965147 42047146 322965147
0 231066836 47041400 231066836
29833838 374764831 60230618 394848323
0 392809207 0 445109075
0 445109075 0 450596996
0 450596996 0 451800662
0 450596996 7166395 450596996
0 451800662 0 462253361
0 462253361 0 470497020
0 470497020 0 475565185
0 470497020 8424888 470497020
8424888 470497020 9409129 475565185
7166395 450596996 27599925 451800662
0 462253361 26580376 462253361
0 475565185 0 508668792
0 508668792 40741594 508668792
0 445109075 45323472 445109075
45323472 445109075 69897546 449567373
69897546 449567373 74641697 493896308
74641697 493896308 74641697 495334686
74641697 493896308 112870959 493896308
112870959 493896308 118940287 523362047
118940287 523362047 132290053 523362047
132290053 523362047 132290053 544130332
132290053 523362047 156488896 523362047
156488896 523362047 156488896 525062570
156488896 523362047 166383562 523362047
156488896 525062570 161258219 543540402
161258219 543540402 185585398 546211069
185585398 546211069 185585398 565722211
185585398 565722211 193888559 565969458
193888559 565969458 195472821 585550884
195472821 585550884 195472821 586598585
195472821 585550884 224897366 585550884
224897366 585550884 229124768 593315696
229124768 593315696 246187704 593315696
246187704 593315696 246187704 604504886
229124768 593315696 229124768 613003046
229124768 613003046 231276517 613003046
231276517 613003046 231847562 626568202
231847562 626568202 231847562 637856373
229124768 613003046 229124768 636726828
246187704 604504886 265464909 609956031
265464909 609956031 265464909 622862497
231847562 626568202 260973389 626568202
265464909 609956031 294813621 609956031
294813621 609956031 296843374 613067101
296843374 613067101 316539733 613067101
316539733 613067101 323237940 615555277
323237940 615555277 324755240 630243329
296843374 613067101 296843374 645719079
118940287 523362047 118940287 559593574
118940287 559593574 134894246 583413613
134894246 583413613 139362199 590688326
139362199 590688326 160115200 600042501
160115200 600042501 160115200 609200885
160115200 600042501 173299830 600042501
173299830 600042501 182418141 609673919
185585398 546211069 226683441 546211069
226683441 546211069 239706169 550150987
239706169 550150987 244544538 551607970
244544538 551607970 250156277 551607970
244544538 551607970 244544538 572770212
231847562 637856373 246050661 665064409
246050661 665064409 256547565 665064409
256547565 665064409 276696107 668049947
276696107 668049947 276696107 681709786
276696107 668049947 291859806 668049947
291859806 668049947 296536442 683673514
276696107 681709786 284019908 699155935
284019908 699155935 285218448 699155935
284019908 699155935 284019908 730456965
284019908 730456965 290979894 735988919
290979894 735988919 302055208 735988919
302055208 735988919 302055208 742801129
302055208 742801129 307508005 753941968
307508005 753941968 316210067 753941968
307508005 753941968 307508005 770316622
307508005 770316622 317569108 770727922
317569108 770727922 330441319 770727922
330441319 770727922 330441319 782387048
330441319 782387048 330485700 793590104
330441319 770727922 342585170 770727922
302055208 735988919 321315784 735988919
317569108 770727922 317569108 794393481
330485700 793590104 341980900 815186736
341980900 815186736 341980900 824239629
341980900 824239629 360882930 824547101
360882930 824547101 363401909 834864815
363401909 834864815 367031787 834864815
367031787 834864815 371063755 838666054
363401909 834864815 363401909 852083095
341980900 815186736 365772324 815186736
321315784 735988919 355822579 743568763
355822579 743568763 384755652 745294407
384755652 745294407 384755652 759624773
384755652 759624773 393850243 763959382
384755652 745294407 400161002 745294407
400161002 745294407 401800804 751422909
393850243 763959382 393850243 789104836
393850243 789104836 400421108 804273896
401800804 751422909 421810700 757451075
421810700 757451075 425117031 763959382
425117031 763959382 454744167 772636413
324755240 630243329 346898283 651531613
346898283 651531613 357920766 651531613
357920766 651531613 358245611 652195704
358245611 652195704 358245611 664199834
346898283 651531613 346898283 663656097
358245611 652195704 387669522 652195704
387669522 652195704 390643263 668096391
390643263 668096391 390643263 673035377
390643263 668096391 403871877 668096391
403871877 668096391 406561408 672780374
406561408 672780374 423008374 672780374
423008374 672780374 423008374 679844255
423008374 679844255 428188681 692737603
428188681 692737603 437871994 692737603
437871994 692737603 446868643 692890429
446868643 692890429 454841488 698849918
454841488 698849918 459700434 698849918
423008374 672780374 448779884 672780374
428188681 692737603 428188681 727823781
448779884 672780374 477116963 683880466
477116963 683880466 479267306 683880466
477116963 683880466 477116963 686532641
477116963 686532641 478184815 686532641
477116963 686532641 477116963 689428272
459700434 698849918 470513310 728641972
317569108 794393481 324339189 831717607
160115200 609200885 163966792 649526032
246187704 593315696 291552267 593315696
291552267 593315696 316539733 602628556
316539733 602628556 347532139 602628556
347532139 602628556 375283964 602878858
375283964 602878858 418568425 603986407
418568425 603986407 456728303 610219623
456728303 610219623 456728303 633100893
456728303 633100893 461471306 635871857
461471306 635871857 471078833 635871857
471078833 635871857 473562435 635871857
471078833 635871857 471078833 643042094
461471306 635871857 461471306 645984290
250156277 551607970 293930766 555451469
293930766 555451469 303002783 558996067
303002783 558996067 325116310 558996067
303002783 558996067 303002783 586685917
325116310 558996067 349363110 575889803
349363110 575889803 349363110 583238215
349363110 575889803 367819571 575889803
74641697 495334686 96917102 521405916
454744167 772636413 468473474 808178790
468473474 808178790 468473474 834241525
468473474 834241525 470722145 834241525
468473474 808178790 501779077 808178790
501779077 808178790 514209242 813765899
514209242 813765899 519249905 813765899
514209242 813765899 514209242 838717482
514209242 838717482 518546734 854462829
518546734 854462829 518546734 872059512
518546734 872059512 518546734 887939852
518546734 887939852 532387523 887939852
518546734 887939852 518546734 901901780
518546734 872059512 536047853 872059512
536047853 872059512 540187077 876785801
540187077 876785801 540187077 880176291
540187077 880176291 558771554 885863376
558771554 885863376 558771554 889135258
558771554 885863376 565443047 885863376
565443047 885863376 585454585 893656808
585454585 893656808 597593697 896834555
597593697 896834555 599277728 899568932
599277728 899568932 622799311 899568932
518546734 901901780 530863658 921746118
530863658 921746118 532608503 921746118
530863658 921746118 530863658 932592829
532608503 921746118 546340680 929944900
546340680 929944900 548926638 930142991
540187077 876785801 573004303 876785801
599277728 899568932 599277728 935804589
599277728 935804589 609176643 935804589
609176643 935804589 609176643 938498403
609176643 935804589 614769431 935804589
599277728 935804589 599277728 957649885
599277728 957649885 617475516 968976717
617475516 968976717 617475516 991309277
468473474 834241525 468473474 871909319
518546734 854462829 560440122 854462829
454841488 698849918 454841488 748271305
324339189 831717607 331815350 874582456
331815350 874582456 337588826 889282067
337588826 889282067 346608367 889282067
337588826 889282067 337588826 899397678
617475516 968976717 669692712 968976717
669692712 968976717 681865778 981214172
681865778 981214172 687155441 997756622
53922923 344672587 92840399 360901638
92840399 360901638 106960650 376007877
106960650 376007877 113898210 384599424
113898210 384599424 123538574 403334305
123538574 403334305 123538574 414498455
123538574 414498455 126128628 431540931
126128628 431540931 150221219 439742844
150221219 439742844 165719325 448952289
165719325 448952289 197760993 448952289
123538574 403334305 156572104 403334305
165719325 448952289 165719325 503118992
0 508668792 0 564714863
0 564714863 8579972 564714863
0 564714863 0 590066643
0 590066643 0 602956563
0 602956563 0 605024747
0 605024747 0 618255835
0 618255835 17537545 618255835
0 590066643 24248441 590066643
24248441 590066643 26403908 602956563
26403908 602956563 26403908 605024747
26403908 602956563 49580191 602956563
49580191 602956563 53107113 606460030
53107113 606460030 74299231 606460030
74299231 606460030 82743615 606460030
74299231 606460030 74299231 615785372
82743615 606460030 102539630 606906304
102539630 606906304 103187346 628656029
103187346 628656029 107444254 642408119
107444254 642408119 118756034 643984927
118756034 643984927 121522165 643984927
121522165 643984927 121522165 650897520
121522165 643984927 134735387 643984927
121522165 650897520 123374350 665879092
123374350 665879092 124053495 669914253
124053495 669914253 133376263 670221127
118756034 643984927 118756034 676252107
346898283 663656097 353377328 714350124
40741594 508668792 56245320 550475213
56245320 550475213 80716856 560048311
80716856 560048311 96919477 583915515
96919477 583915515 96919477 585353107
96919477 583915515 115522017 583915515
337588826 899397678 377108090 917201178
377108090 917201178 377108090 936090733
377108090 917201178 399670405 917201178
399670405 917201178 418220909 928248883
418220909 928248883 441204272 939901646
441204272 939901646 441204272 952399646
441204272 939901646 455307675 939901646
455307675 939901646 466279008 947352224
466279008 947352224 479256368 947352224
479256368 947352224 491737899 947352224
491737899 947352224 500058966 947352224
491737899 947352224 491737899 958604823
479256368 947352224 479256368 962729736
479256368 962729736 486367896 969184636
486367896 969184636 492937945 974714000
492937945 974714000 508160641 974714000
508160641 974714000 510184633 974714000
508160641 974714000 508160641 985284192
466279008 947352224 466279008 963753718
492937945 974714000 492937945 997065101
491737899 958604823 518212718 966397029
377108090 936090733 384941848 963789303
384941848 963789303 408224595 963789303
408224595 963789303 414158347 963789303
414158347 963789303 420129853 963831618
420129853 963831618 421441817 969912861
408224595 963789303 408224595 974976541
408224595 974976541 410609780 974976541
408224595 974976541 408224595 982494409
421441817 969912861 439910287 969912861
421441817 969912861 421441817 989668374
439910287 969912861 453716752 977327309
384941848 963789303 384941848 988046189
508160641 985284192 544264864 998033993
165719325 503118992 209051884 519125682
209051884 519125682 246859278 519939054
246859278 519939054 273360566 542396359
573004303 876785801 629653531 880182359
246050661 665064409 246050661 726008062
197760993 448952289 219360974 489209051
219360974 489209051 233648180 502247358
233648180 502247358 233648180 511606256
233648180 502247358 247017123 502247358
233648180 511606256 246859278 518799871
246859278 518799871 252029862 518799871
247017123 502247358 280420515 504169973
280420515 504169973 299490957 513605922
299490957 513605922 313905732 513605922
313905732 513605922 313905732 517560624
313905732 513605922 328182651 513605922
328182651 513605922 332803147 525983841
299490957 513605922 299490957 530696777
332803147 525983841 353137982 525983841
332803147 525983841 332803147 549987860
332803147 549987860 367862949 550551795
367862949 550551795 406496899 565028451
406496899 565028451 406496899 573662740
406496899 565028451 420061440 565028451
420061440 565028451 450518260 590542386
450518260 590542386 451588803 603124960
634379944 596927695 686004891 607810708
686004891 607810708 689751666 614395577
689751666 614395577 704302818 614395577
704302818 614395577 711262243 614395577
704302818 614395577 704302818 631853276
802503453 353653217 816152562 402887789
181036195 96366567 213636547 126664299
695921644 737613906 755368454 741145952
755368454 741145952 762400311 778961045
762400311 778961045 769379747 792237513
769379747 792237513 771453980 792237513
769379747 792237513 769379747 810441181
769379747 810441181 797483975 831676694
797483975 831676694 831845056 837375283
831845056 837375283 843270353 851511094
771453980 792237513 811687975 801479805
811687975 801479805 812991615 804194029
812991615 804194029 813967402 804194029
812991615 804194029 812991615 808268326
290979894 735988919 290979894 799112789
290979894 799112789 303485959 845225564
303485959 845225564 306166035 870225263
306166035 870225263 306166035 878156353
306166035 870225263 318478591 870225263
306166035 878156353 308970025 904633228
711169688 181800261 711169688 245402097
711169688 245402097 725415138 245402097
711169688 245402097 711169688 263089331
74299231 615785372 90028792 664447085
406561408 672780374 406561408 738167179
406561408 738167179 406561408 739888378
406561408 739888378 408013658 739888378
406561408 739888378 406561408 741532498
406561408 738167179 422432544 738167179
8579972 564714863 55734193 584186653
527689762 635492128 576589540 653313331
576589540 653313331 579615211 653313331
576589540 653313331 576589540 657459760
579615211 653313331 594000907 655515597
594000907 655515597 594000907 677848485
576589540 657459760 590186596 686268031
617621831 89972798 677313603 97681078
619213445 615508225 677310987 624876175
863990944 877539000 898632364 911058366
898632364 911058366 901672598 919412429
53107113 606460030 53107113 675083569
53107113 675083569 83662093 695643901
83662093 695643901 87306929 745236305
87306929 745236305 90716561 746345098
90716561 746345098 116511318 746345098
116511318 746345098 123147883 750025225
123147883 750025225 123147883 769575742
123147883 750025225 148931441 750025225
148931441 750025225 148931441 751353173
148931441 750025225 166521140 750025225
166521140 750025225 180513746 760462381
148931441 751353173 164285998 760462381
180513746 760462381 211810588 762004508
164285998 760462381 164285998 793795844
164285998 793795844 167655903 823087395
167655903 823087395 167655903 827555366
167655903 827555366 167655903 830249961
167655903 827555366 192036041 827555366
167655903 823087395 196917478 823087395
167655903 830249961 170156323 857033717
211810588 762004508 235698941 772654204
235698941 772654204 238264856 774092486
238264856 774092486 239357880 774092486
170156323 857033717 188593249 879728987
188593249 879728987 190971986 879832463
190971986 879832463 205687019 879832463
190971986 879832463 190971986 897601083
196917478 823087395 229561200 837570050
229561200 837570050 231794723 841331594
231794723 841331594 231794723 855703174
231794723 855703174 238466992 856922140
238466992 856922140 239158058 858057600
231794723 841331594 248471874 841331594
239158058 858057600 264703643 858057600
264703643 858057600 264703643 872280230
264703643 858057600 283640966 858057600
283640966 858057600 289086697 861111604
264703643 872280230 280859188 892283829
239158058 858057600 239158058 900946375
239158058 900946375 258814796 900946375
239158058 900946375 239158058 939705891
239158058 939705891 266059798 948221145
266059798 948221145 271843686 948221145
266059798 948221145 266059798 959297601
266059798 959297601 272175891 961615771
272175891 961615771 272362337 966079319
272362337 966079319 293608713 966079319
293608713 966079319 294399469 972827781
272362337 966079319 272362337 992813187
272362337 992813187 272362337 996463992
272362337 992813187 289866094 992813187
289866094 992813187 307019210 995279525
238264856 774092486 238264856 821904358
190971986 897601083 202717539 940869996
202717539 940869996 202717539 941042170
202717539 940869996 209153537 940869996
209153537 940869996 215421795 961792814
90716561 746345098 90716561 802256407
90716561 802256407 97010990 814995583
97010990 814995583 102158267 824646037
102158267 824646037 106955093 824646037
102158267 824646037 102158267 851305925
106955093 824646037 139869901 834684467
139869901 834684467 139985033 844083948
139985033 844083948 157845727 881947980
280859188 892283829 303722540 932303603
280978209 414400938 280978209 483885240
280978209 483885240 280978209 484807730
280978209 483885240 298752848 483885240
468473474 871909319 499863341 910155325
499863341 910155325 501893210 910155325
499863341 910155325 499863341 914655258
539254771 266438369 605540432 271845634
605540432 271845634 612272826 304289778
513705873 0 585778248 0
585778248 0 593603624 0
593603624 0 601122334 0
601122334 0 613501445 0
613501445 0 615777943 0
601122334 0 601122334 18062961
601122334 18062961 613501445 23136524
613501445 23136524 615777943 23136524
613501445 23136524 613501445 43406719
593603624 0 593603624 47369537
615777943 0 675954462 0
675954462 0 681501683 0
681501683 0 687811180 0
687811180 0 687811180 865096
675954462 0 675954462 7255176
687811180 0 709561078 0
675954462 7255176 681501683 25359146
709561078 0 739952530 0
739952530 0 739952530 14499897
739952530 0 762938051 0
762938051 0 762938051 9378432
762938051 0 787910508 0
787910508 0 791315337 0
787910508 0 787910508 16957834
787910508 16957834 791315337 25136061
791315337 0 823952156 0
823952156 0 830834925 0
830834925 0 836473567 0
830834925 0 830834925 13903327
823952156 0 823952156 25955730
836473567 0 862552553 0
862552553 0 862552553 13999053
862552553 0 886952088 0
886952088 0 887984937 0
887984937 0 900438733 0
900438733 0 900438733 6992820
900438733 0 909524923 0
909524923 0 917353897 0
886952088 0 886952088 16055165
886952088 16055165 887984937 32923001
917353897 0 944877877 0
944877877 0 944877877 14766711
944877877 14766711 954485882 14766711
944877877 14766711 944877877 32780387
823952156 25955730 836473567 43263791
836473567 43263791 842493663 53812147
842493663 53812147 842493663 72500887
842493663 72500887 842493663 84516022
842493663 84516022 846298354 91511763
842493663 72500887 855622272 72500887
846298354 91511763 867228950 94835014
842493663 53812147 874853126 53812147
874853126 53812147 874853126 64872493
874853126 53812147 885920359 53812147
887984937 32923001 909524923 44676562
909524923 44676562 909524923 46565708
909524923 44676562 917353897 44676562
681501683 25359146 686054850 57397473
686054850 57397473 695380507 57397473
686054850 57397473 686054850 79682934
885920359 53812147 894597076 82559213
894597076 82559213 897184304 92806439
897184304 92806439 906600812 94832867
906600812 94832867 906600812 112308783
906600812 94832867 943563888 94832867
943563888 94832867 946675253 122179763
946675253 122179763 964673450 123471327
964673450 123471327 978001869 137890036
978001869 137890036 978001869 141630736
978001869 137890036 991847111 137890036
991847111 137890036 993077530 144930373
709561078 0 709561078 38288026
906600812 112308783 911975373 145985168
911975373 145985168 925396678 145985168
911975373 145985168 911975373 164833613
911975373 164833613 917090661 170112423
791315337 25136061 797505741 58560554
797505741 58560554 797505741 63934000
797505741 58560554 805367778 58560554
993077530 144930373 993107457 193877197
917353897 44676562 944434279 71931561
695380507 57397473 734384871 77660419
734384871 77660419 738464644 78465319
738464644 78465319 738464644 115226991
738464644 115226991 738464644 123712617
738464644 115226991 756411585 115226991
756411585 115226991 768504936 135688077
768504936 135688077 777002824 135688077
777002824 135688077 780845846 149037129
768504936 135688077 768504936 162561379
738464644 78465319 779898099 78465319
779898099 78465319 787261578 91545457
787261578 91545457 791305123 91545457
787261578 91545457 787261578 98447205
787261578 98447205 797347298 124577838
797347298 124577838 835953297 125498269
835953297 125498269 837840310 166204453
837840310 166204453 853235968 166204453
853235968 166204453 853235968 171256601
853235968 166204453 880901302 166204453
880901302 166204453 892047289 174087978
837840310 166204453 837840310 218197060
768504936 162561379 822534622 164596273
917090661 170112423 917297756 236882128
917297756 236882128 917297756 244002252
917297756 236882128 927105982 236882128
927105982 236882128 929986011 248259564
929986011 248259564 929986011 260403416
929986011 260403416 929986011 263305825
929986011 260403416 934524368 260403416
929986011 248259564 960585818 248259564
960585818 248259564 980822462 288398422
862893797 306348802 892468537 348962288
442155378 341867950 479354176 378251700
479354176 378251700 506214600 412093215
506214600 412093215 522972200 417963451
522972200 417963451 530622000 417963451
522972200 417963451 522972200 441997055
522972200 441997055 529331356 441997055
522972200 441997055 522972200 454629104
522972200 454629104 526431035 454629104
522972200 454629104 522972200 484007579
526431035 454629104 548150719 464264339
530622000 417963451 554651967 436218579
782933019 600841627 834850399 623076012
834850399 623076012 894614193 639440463
894614193 639440463 896634221 641054372
896634221 641054372 896634221 651774863
102158267 851305925 127003137 904268935
127003137 904268935 135755188 904268935
127003137 904268935 127003137 917161711
127003137 917161711 145333411 933036935
145333411 933036935 148146059 965648312
148146059 965648312 148146059 974788155
148146059 965648312 167083538 965648312
771407065 300804219 783028307 372606159
850743702 376195113 876513702 434320903
876513702 434320903 877639243 434320903
876513702 434320903 876513702 443067780
867228950 94835014 884841509 162145413
129844278 1650057 136709826 80913675
363401909 852083095 427909504 874393327
427909504 874393327 431801312 895818799
828078315 236459144 884182758 268471841
884182758 268471841 892324733 274151348
762938051 9378432 787444745 77130153
0 618255835 0 711859164
0 711859164 0 721341681
0 721341681 3811992 721341681
0 721341681 0 728678533
0 728678533 12976909 728678533
0 728678533 0 750105407
0 750105407 25470377 750105407
0 750105407 0 781922516
0 781922516 0 795852303
0 795852303 4820882 795852303
0 781922516 15092893 781922516
0 795852303 0 812075957
0 812075957 0 849232228
0 849232228 0 861215283
0 861215283 35822168 861215283
0 849232228 37133908 849232228
0 812075957 37368769 812075957
37133908 849232228 75232473 854616406
25470377 750105407 64366115 760486343
64366115 760486343 75461755 767727862
75461755 767727862 77982260 777607638
77982260 777607638 78065401 777607638
78065401 777607638 78972218 781890971
77982260 777607638 77982260 796438058
77982260 796438058 85661018 822822790
0 711859164 49929792 711859164
37368769 812075957 71545938 833042111
75232473 854616406 82870000 903736441
82870000 903736441 82870000 905788350
82870000 903736441 89886060 903736441
0 861215283 0 921462110
0 921462110 79624 921462110
0 921462110 0 929318476
0 929318476 0 949342741
0 949342741 2751890 949342741
2751890 949342741 2751890 954108141
2751890 954108141 3050110 954676619
3050110 954676619 9198010 954676619
2751890 949342741 9710258 949342741
3050110 954676619 3050110 963653229
3050110 963653229 8255212 963653229
9198010 954676619 20082336 957558115
20082336 957558115 20082336 959834237
20082336 957558115 29445847 957558115
0 929318476 22870338 929318476
3050110 963653229 3050110 989352152
20082336 959834237 24719777 981216577
24719777 981216577 49926022 993943608
22870338 929318476 57124854 933093866
49926022 993943608 91092956 996966449
57124854 933093866 79208224 973467027
79208224 973467027 115975802 975103707
35822168 861215283 70195329 913584643
229124768 636726828 231834831 731096917
884679754 675347937 956387715 702406454
