1458
0 0 1528355 0
0 0 0 8521583
0 8521583 1528355 8521583
1528355 0 12222918 0
0 8521583 0 27308990
0 27308990 12222918 27308990
0 27308990 0 43772276
0 43772276 0 47040217
12222918 0 35551381 0
35551381 0 35903447 0
35903447 0 53118634 0
53118634 0 62288404 0
0 47040217 35551381 47040217
0 43772276 35903447 43772276
62288404 0 62288404 38420096
62288404 0 115875381 0
115875381 0 115875381 13209668
115875381 0 142382393 0
142382393 0 157206361 0
157206361 0 163678509 0
163678509 0 174530151 0
174530151 0 189869889 0
189869889 0 189869889 18058599
189869889 0 212133543 0
212133543 0 212133543 4112214
212133543 0 218137198 0
218137198 0 228973320 0
228973320 0 237673732 0
237673732 0 243661854 0
243661854 0 243661854 2894900
243661854 0 256361403 0
256361403 0 269981371 0
269981371 0 286413251 0
286413251 0 286413251 4723253
286413251 0 298816084 0
298816084 0 298816084 6333018
298816084 0 313299721 0
313299721 0 313299721 3924959
313299721 0 333140921 0
333140921 0 333140921 2413117
333140921 0 360275403 0
360275403 0 374527799 0
374527799 0 384559882 0
384559882 0 401313577 0
401313577 0 403254822 0
401313577 0 401313577 6034610
403254822 0 412473965 0
412473965 0 412473965 7550140
401313577 6034610 403254822 15221101
412473965 0 429365201 0
256361403 0 256361403 27670793
256361403 27670793 269981371 36838514
429365201 0 457132560 0
457132560 0 457132560 7482413
142382393 0 142382393 29576074
142382393 29576074 157206361 30767883
157206361 30767883 162078705 35436677
162078705 35436677 163678509 35436677
163678509 35436677 174530151 48121697
237673732 0 237673732 34320678
360275403 0 360275403 34841733
360275403 34841733 365503166 37723033
365503166 37723033 374527799 37723033
374527799 37723033 384559882 47216856
457132560 0 494264237 0
494264237 0 494264237 12741392
494264237 0 525603077 0
525603077 0 552923445 0
552923445 0 553285456 0
553285456 0 553285456 20348420
553285456 20348420 556733315 36649261
556733315 36649261 577310989 36649261
556733315 36649261 556733315 59006067
553285456 0 577310989 0
577310989 0 592063378 0
592063378 0 605170516 0
605170516 0 605398574 0
605398574 0 605398574 6072291
605398574 0 615777092 0
615777092 0 615777092 4864851
605170516 0 605170516 27822067
592063378 0 592063378 28888144
615777092 0 651455235 0
651455235 0 654280151 0
654280151 0 654280151 12260612
654280151 0 667153379 0
667153379 0 675284027 0
675284027 0 687465744 0
651455235 0 651455235 28537104
651455235 28537104 659742639 38109037
659742639 38109037 667153379 38109037
667153379 38109037 675284027 39238550
659742639 38109037 659742639 56261077
687465744 0 687465744 33311731
552923445 0 552923445 35767924
162078705 35436677 162078705 74026792
687465744 0 727644727 0
727644727 0 727644727 4947654
727644727 0 738985808 0
738985808 0 748030899 0
738985808 0 738985808 28375340
738985808 28375340 748030899 41535445
556733315 59006067 563522792 92898702
563522792 92898702 569255342 102649400
569255342 102649400 580459255 102649400
569255342 102649400 569255342 119031663
569255342 119031663 575584796 119609823
575584796 119609823 575584796 138316590
575584796 138316590 586877567 138316590
586877567 138316590 587745281 138316590
586877567 138316590 586877567 142687682
575584796 138316590 575584796 154647707
575584796 154647707 575584796 159767066
575584796 154647707 581295555 154647707
575584796 119609823 598483833 119609823
581295555 154647707 600610214 173362234
600610214 173362234 606332370 190540446
606332370 190540446 608663824 193026373
608663824 193026373 623895846 193026373
623895846 193026373 623895846 202848632
623895846 193026373 643514144 193026373
608663824 193026373 608663824 220861575
608663824 220861575 608754447 227074538
608754447 227074538 618698186 236193962
618698186 236193962 618698186 245769576
618698186 236193962 632691231 236193962
632691231 236193962 642955003 262760045
642955003 262760045 650323863 296414552
429365201 0 429365201 41229568
525603077 0 525603077 42791377
384559882 47216856 401052242 73681566
401052242 73681566 401052242 92736910
401052242 92736910 401052242 93807304
401052242 92736910 417220136 92736910
417220136 92736910 422850811 102213306
401052242 93807304 410136833 102213306
422850811 102213306 435895917 112073124
435895917 112073124 455493884 112073124
435895917 112073124 435895917 132046877
401052242 73681566 427621226 73681566
410136833 102213306 410136833 135124628
410136833 135124628 410136833 145537452
410136833 135124628 422269233 135124628
643514144 193026373 681149317 198677226
681149317 198677226 681149317 214742383
681149317 198677226 702577207 198677226
681149317 214742383 689489764 228031721
702577207 198677226 736097246 207653757
174530151 48121697 218137198 49689241
218137198 49689241 233195118 60599629
689489764 228031721 705437359 259692537
705437359 259692537 717635028 280823444
717635028 280823444 717635028 296001012
717635028 296001012 739800698 296001012
717635028 296001012 717635028 318427645
717635028 318427645 722341109 325786099
717635028 280823444 748194015 280823444
748194015 280823444 778947825 284713250
778947825 284713250 790956061 288456482
790956061 288456482 797087320 288456482
797087320 288456482 797351499 309747100
797351499 309747100 799415557 309747100
722341109 325786099 729820912 355215099
797351499 309747100 797351499 347928497
797351499 347928497 799980031 366967559
799980031 366967559 837896157 366967559
837896157 366967559 847702811 369285348
799980031 366967559 799980031 405075941
799980031 405075941 806581583 418708044
806581583 418708044 811994678 425163690
811994678 425163690 811994678 426524646
811994678 425163690 860593911 425163690
860593911 425163690 862105909 443265926
862105909 443265926 864410606 443265926
864410606 443265926 881340994 443728441
862105909 443265926 862105909 468059351
862105909 468059351 880114246 472240899
880114246 472240899 901044242 472240899
880114246 472240899 880114246 494407084
880114246 494407084 880114246 495207677
880114246 494407084 890988855 494407084
890988855 494407084 894374913 503466547
894374913 503466547 894374913 538927612
894374913 538927612 894374913 545986893
894374913 538927612 909681189 538927612
909681189 538927612 918294622 544253388
918294622 544253388 918294622 561463682
918294622 561463682 943301481 567647279
943301481 567647279 958314917 567647279
958314917 567647279 958556346 567647279
958314917 567647279 958314917 595372547
943301481 567647279 943301481 601853385
943301481 601853385 949150397 623109846
949150397 623109846 968770560 630280920
958556346 567647279 986186677 576116471
918294622 544253388 966363848 544253388
966363848 544253388 966363848 545237663
966363848 544253388 975639028 544253388
975639028 544253388 997041330 547738270
115875381 13209668 120969639 57021881
120969639 57021881 123932597 65464150
123932597 65464150 136008167 75194318
136008167 75194318 136008167 77245311
136008167 75194318 151811399 75194318
136008167 77245311 136659787 102933907
228973320 0 228973320 49234084
650323863 296414552 660375855 337290041
660375855 337290041 660375855 350415400
660375855 337290041 684698181 337290041
660375855 350415400 668606796 368592811
668606796 368592811 668606796 376595509
668606796 376595509 674473680 383728596
674473680 383728596 689799857 383728596
689799857 383728596 695864796 394729294
674473680 383728596 674473680 401724447
668606796 368592811 710932492 368592811
710932492 368592811 715556845 369395459
715556845 369395459 727992115 372972083
727992115 372972083 761560882 386798221
761560882 386798221 765829970 388370274
765829970 388370274 789553018 388370274
765829970 388370274 765829970 420425640
765829970 420425640 782710007 434480488
782710007 434480488 796617316 442881820
796617316 442881820 805596002 456928912
805596002 456928912 805596002 472073132
805596002 472073132 805596002 479066492
805596002 479066492 810856576 495972404
810856576 495972404 810856576 512926385
810856576 512926385 816232453 512926385
810856576 512926385 810856576 527892675
810856576 495972404 834552998 495972404
834552998 495972404 834552998 505643809
834552998 495972404 849841825 495972404
834552998 505643809 836783886 529496279
836783886 529496279 837240853 529496279
837240853 529496279 837240853 545928881
837240853 529496279 853678009 529496279
805596002 472073132 835385717 472073132
835385717 472073132 849841825 483364605
849841825 483364605 860193112 483364605
805596002 456928912 839221305 456928912
839221305 456928912 860193112 468059351
836783886 529496279 836783886 563218157
580459255 102649400 616352053 118756735
435895917 132046877 462389487 157667851
462389487 157667851 469765017 190859190
469765017 190859190 477557673 199422603
477557673 199422603 477557673 211063060
477557673 211063060 478478540 226085052
477557673 199422603 507350869 199422603
62288404 38420096 67574706 87950576
67574706 87950576 76473935 87950576
76473935 87950576 91274976 88292658
91274976 88292658 99861635 89302139
99861635 89302139 115724637 89302139
67574706 87950576 67574706 111983488
99861635 89302139 99861635 119439373
99861635 119439373 107537745 132770213
107537745 132770213 113043672 139919538
113043672 139919538 113043672 144761230
113043672 144761230 118282957 152043425
118282957 152043425 132004202 152043425
132004202 152043425 133769791 160959910
133769791 160959910 167068334 160959910
133769791 160959910 133769791 207048051
133769791 207048051 133769791 210807253
133769791 210807253 143112784 213001805
133769791 207048051 165152958 207048051
143112784 213001805 149259415 240991928
149259415 240991928 170294785 240991928
149259415 240991928 149259415 263328964
149259415 263328964 149259415 264702392
149259415 263328964 158922286 263328964
149259415 264702392 152014282 272547073
152014282 272547073 161094520 272547073
161094520 272547073 161957894 279771884
152014282 272547073 152014282 287937767
161957894 279771884 165416421 306760598
165416421 306760598 165416421 331080430
165416421 331080430 165416421 339184860
165416421 331080430 174868645 331080430
165416421 306760598 191869296 306760598
191869296 306760598 191987079 306760598
191869296 306760598 191869296 318994385
170294785 240991928 213633143 243759537
213633143 243759537 213633143 250464081
213633143 243759537 231213366 243759537
118282957 152043425 118282957 201732840
118282957 201732840 126375578 207048051
126375578 207048051 126375578 215813890
158922286 263328964 202405026 272009976
165152958 207048051 213372535 211807028
365503166 37723033 365503166 92736910
365503166 92736910 365503166 111133148
365503166 111133148 379155308 118037970
379155308 118037970 380854004 131610250
380854004 131610250 380854004 136074952
380854004 136074952 381207533 146291116
380854004 131610250 391728303 131610250
381207533 146291116 385236217 157239261
385236217 157239261 386403206 157239261
385236217 157239261 385236217 177928874
386403206 157239261 405595515 173930773
385236217 177928874 387792793 217203842
387792793 217203842 397798724 218781690
397798724 218781690 418447209 218781690
397798724 218781690 397798724 245445723
397798724 245445723 403185240 245445723
397798724 245445723 397798724 253361219
397798724 253361219 399239953 265515112
418447209 218781690 435515874 238746281
191869296 318994385 241164383 325416827
241164383 325416827 253865448 332225778
253865448 332225778 260398868 340783558
260398868 340783558 275567200 340783558
275567200 340783558 275567200 351859096
275567200 340783558 291857659 340783558
260398868 340783558 260398868 381007066
260398868 381007066 262914504 381007066
262914504 381007066 266154000 386461085
260398868 381007066 260398868 392628077
291857659 340783558 326069971 354315417
326069971 354315417 342904936 363375525
342904936 363375525 345185716 363375525
345185716 363375525 352013771 381363343
352013771 381363343 367640237 386802736
367640237 386802736 367640237 390001944
367640237 386802736 371778506 386802736
371778506 386802736 371778506 386900976
371778506 386900976 381004851 392495800
381004851 392495800 381004851 395340157
381004851 392495800 393600779 392495800
371778506 386802736 417008968 386802736
417008968 386802736 431746255 403921444
431746255 403921444 431746255 404976246
431746255 404976246 434164515 448358290
434164515 448358290 434164515 469130670
434164515 448358290 461569324 448358290
393600779 392495800 414244194 421193294
342904936 363375525 342904936 414763484
414244194 421193294 420035592 467701663
420035592 467701663 422839867 500560920
431746255 403921444 487045354 403921444
399239953 265515112 407672071 313901885
407672071 313901885 407672071 314084215
407672071 314084215 415163644 317047925
415163644 317047925 424135479 317176223
407672071 313901885 422481563 313901885
424135479 317176223 424135479 348749383
424135479 317176223 460378655 317176223
460378655 317176223 462357432 317176223
462357432 317176223 463955123 327757825
463955123 327757825 463955123 330291962
463955123 330291962 463955123 334240799
463955123 330291962 472181099 330291962
460378655 317176223 460378655 345772503
472181099 330291962 503231380 330389257
463955123 327757825 499587581 327757825
499587581 327757825 506622696 329903162
424135479 348749383 430891231 383027439
729820912 355215099 770179189 371739419
770179189 371739419 791494170 385506835
67574706 111983488 83964786 152787239
83964786 152787239 94917571 165106602
94917571 165106602 95617713 186937668
95617713 186937668 96362734 186937668
95617713 186937668 95617713 205997371
429365201 41229568 462369019 65615833
462369019 65615833 482341500 71635431
167068334 160959910 213075317 172568881
213075317 172568881 213372535 201209119
213372535 201209119 255009185 201209119
255009185 201209119 272082643 206932802
272082643 206932802 272082643 212254575
272082643 212254575 291217482 219167585
291217482 219167585 291756689 219167585
291217482 219167585 291217482 222393873
291217482 222393873 295779003 240570914
295779003 240570914 324566111 240570914
324566111 240570914 325612322 241963742
272082643 206932802 303106008 206932802
295779003 240570914 295779003 277159873
295779003 277159873 296068244 277159873
295779003 277159873 295779003 317530874
325612322 241963742 372504757 242753878
372504757 242753878 372504757 256772164
372504757 242753878 386920372 242753878
455493884 112073124 495911732 129912682
495911732 129912682 506994836 146581262
506994836 146581262 506994836 183183047
506994836 146581262 545268616 146581262
191987079 306760598 241164383 318108489
241164383 318108489 262352480 318108489
262352480 318108489 262352480 323901799
262352480 318108489 273455546 318108489
605170516 27822067 619300115 74905662
674473680 401724447 687680017 449735528
687680017 449735528 705071484 480796075
705071484 480796075 723804676 496030252
723804676 496030252 725000877 496030252
725000877 496030252 725000877 500221607
725000877 500221607 725427648 504687845
723804676 496030252 723804676 508889805
723804676 508889805 725427648 523233279
725000877 496030252 754502121 496030252
754502121 496030252 769287935 504687845
769287935 504687845 771144976 504687845
769287935 504687845 769287935 563988109
769287935 563988109 773701756 588101349
773701756 588101349 773701756 600857804
773701756 588101349 805055222 588101349
773701756 600857804 781755268 632016376
781755268 632016376 781755268 642684556
781755268 642684556 806159631 642684556
806159631 642684556 825699834 648729785
825699834 648729785 825699834 648897328
825699834 648729785 838026794 648729785
838026794 648729785 839384556 673091152
781755268 632016376 812211004 632016376
781755268 642684556 781755268 679548139
781755268 679548139 783216062 679867950
783216062 679867950 790707380 679867950
790707380 679867950 803338220 692497176
783216062 679867950 783216062 714031475
783216062 714031475 795125408 737651067
795125408 737651067 809670782 739579981
809670782 739579981 809934408 739898865
809934408 739898865 836303851 739898865
836303851 739898865 836303851 751539948
836303851 739898865 855020793 739898865
809934408 739898865 809934408 769481603
809934408 769481603 822737042 779329860
822737042 779329860 830120034 788523954
830120034 788523954 841790445 788523954
830120034 788523954 830120034 806663922
830120034 806663922 866008668 808563063
866008668 808563063 866008668 819678220
866008668 819678220 866008668 823761418
866008668 819678220 874008384 819678220
866008668 808563063 885328771 808563063
874008384 819678220 884947524 829777455
884947524 829777455 897486862 829777455
884947524 829777455 884947524 842470426
884947524 842470426 894171969 846773858
894171969 846773858 895732559 846773858
895732559 846773858 909978560 851699342
894171969 846773858 894171969 866105386
897486862 829777455 909978560 841276465
909978560 841276465 935587951 841276465
935587951 841276465 944857432 841619001
894171969 866105386 909107814 876793583
909107814 876793583 923164084 879160286
923164084 879160286 941329768 879160286
941329768 879160286 943320885 900812520
909978560 851699342 921354007 873152672
839384556 673091152 839384556 713156902
839384556 713156902 853432688 724350119
923164084 879160286 923164084 919651063
853432688 724350119 885594992 733119245
885594992 733119245 885594992 736655824
885594992 733119245 904831527 733119245
904831527 733119245 904831527 733428259
904831527 733119245 906052615 733119245
906052615 733119245 920791573 744619620
920791573 744619620 920791573 748968202
920791573 744619620 930972598 744619620
930972598 744619620 931865008 745904389
931865008 745904389 931865008 777794123
931865008 777794123 933370444 802323222
933370444 802323222 934584518 802323222
933370444 802323222 933370444 807550725
931865008 745904389 974910166 745904389
974910166 745904389 984489455 752260094
984489455 752260094 986032235 752260094
984489455 752260094 984489455 765027842
984489455 765027842 988114248 784608353
923164084 919651063 942091432 949296554
942091432 949296554 957038428 972802614
957038428 972802614 965475734 972802614
965475734 972802614 978225531 977252361
957038428 972802614 957038428 996984459
988114248 784608353 996257530 834412214
943320885 900812520 981858290 922778082
981858290 922778082 982684359 936966588
982684359 936966588 992831584 944276388
616352053 118756735 669392934 128639680
695864796 394729294 715737267 438017086
715737267 438017086 763863586 448839336
763863586 448839336 781344142 485966003
687465744 33311731 705698253 79005819
705698253 79005819 706549236 91547755
706549236 91547755 706549236 93501974
706549236 91547755 709177770 91547755
706549236 93501974 708007823 99477844
708007823 99477844 713374920 99477844
713374920 99477844 721606711 99821525
721606711 99821525 734178209 99821525
734178209 99821525 745608928 99821525
734178209 99821525 734178209 111296831
734178209 111296831 734178209 112102996
734178209 111296831 740173498 111296831
740173498 111296831 754945271 115516910
754945271 115516910 766404961 115516910
766404961 115516910 775505585 115516910
766404961 115516910 766404961 126969385
775505585 115516910 785537493 121933413
785537493 121933413 785537493 127296166
721606711 99821525 721606711 119824261
785537493 127296166 801258984 133398221
801258984 133398221 801258984 155834566
754945271 115516910 754945271 138139741
708007823 99477844 708007823 122729077
721606711 119824261 728688342 153772868
728688342 153772868 736097246 169251540
736097246 169251540 736097246 174277106
736097246 174277106 737032143 174277106
736097246 169251540 747798765 169251540
747798765 169251540 750884564 172495914
750884564 172495914 783749328 174079641
783749328 174079641 789494660 174079641
783749328 174079641 783749328 186061215
783749328 186061215 784411650 189530408
784411650 189530408 817567130 189530408
817567130 189530408 833068473 201692043
833068473 201692043 847520430 204084228
847520430 204084228 847520430 212645233
847520430 212645233 856229031 214390245
847520430 204084228 872674404 204084228
856229031 214390245 862661293 241312353
862661293 241312353 880618237 256596864
872674404 204084228 918310897 204823845
918310897 204823845 941208449 227710505
941208449 227710505 945286575 227710505
941208449 227710505 941208449 232101534
941208449 232101534 949957749 233182634
949957749 233182634 949957749 246427437
949957749 233182634 970184122 233182634
970184122 233182634 977765187 241744110
977765187 241744110 977765187 251378627
977765187 251378627 981991015 251378627
977765187 241744110 998073240 241744110
977765187 251378627 977765187 277196270
784411650 189530408 784411650 240384651
784411650 240384651 812024286 254920829
812024286 254920829 815167538 254920829
812024286 254920829 812024286 267583383
977765187 277196270 988068713 329452253
988068713 329452253 993911783 376977130
801258984 155834566 853985043 166009304
853985043 166009304 853985043 169678220
853985043 166009304 888707827 166009304
888707827 166009304 900931597 178133048
900931597 178133048 929183630 192336814
929183630 192336814 931294970 198219345
931294970 198219345 938036078 203967161
938036078 203967161 946109363 203967161
938036078 203967161 938036078 249682698
461569324 448358290 504190774 469873060
504190774 469873060 508892807 469873060
508892807 469873060 508892807 471186505
504190774 469873060 504190774 482561539
504190774 482561539 509729022 486207804
509729022 486207804 511494649 486207804
511494649 486207804 511494649 488118574
511494649 488118574 512808064 489625643
512808064 489625643 512808064 491298353
512808064 489625643 524000069 489625643
508892807 469873060 527872872 469873060
512808064 491298353 523754943 510836017
523754943 510836017 525948332 524382824
525948332 524382824 525948332 528501793
525948332 528501793 526058095 528501793
525948332 524382824 545581026 524382824
545581026 524382824 551166090 528283209
551166090 528283209 553712661 540674297
553712661 540674297 582472546 540674297
553712661 540674297 553712661 574026446
553712661 574026446 557662761 589239715
557662761 589239715 557662761 616811874
509729022 486207804 509729022 523210341
527872872 469873060 556879513 486207804
556879513 486207804 594546621 493224738
594546621 493224738 594546621 497579878
594546621 497579878 597351047 497579878
594546621 497579878 594546621 505377800
597351047 497579878 602804463 504593891
594546621 493224738 617461217 493224738
525948332 528501793 525948332 574026446
525948332 574026446 525948332 600694060
557662761 616811874 586603702 635162906
586603702 635162906 586603702 643033224
586603702 635162906 605602073 635162906
605602073 635162906 610697782 636349362
610697782 636349362 613023233 636349362
610697782 636349362 610697782 660892833
610697782 660892833 637623115 665919186
637623115 665919186 640815920 681570718
640815920 681570718 640815920 682437492
640815920 682437492 641567978 682437492
640815920 682437492 640815920 693187391
640815920 681570718 659497685 681570718
659497685 681570718 667649008 705687998
667649008 705687998 667649008 705954826
667649008 705954826 673420453 705954826
667649008 705954826 667649008 713684394
673420453 705954826 693051755 710850904
693051755 710850904 693051755 718245118
693051755 710850904 724776281 710850904
724776281 710850904 736498904 714031475
736498904 714031475 736498904 737547064
736498904 737547064 753560064 751709269
753560064 751709269 758076933 751709269
758076933 751709269 766792711 753862495
766792711 753862495 766792711 759306709
766792711 753862495 782947181 753862495
753560064 751709269 753560064 774985567
693051755 718245118 700168050 743945537
700168050 743945537 700168050 762034281
700168050 762034281 701670950 773212928
700168050 743945537 722156981 743945537
722156981 743945537 722542641 745509263
722542641 745509263 722542641 746796151
722542641 745509263 729474495 745509263
557662761 589239715 605634733 589239715
605634733 589239715 608656224 608870457
608656224 608870457 639827637 618886761
639827637 618886761 639827637 626673350
639827637 618886761 674076163 618886761
639827637 626673350 669316514 649490225
669316514 649490225 670526467 649490225
669316514 649490225 669316514 655189995
753560064 774985567 771581913 809327733
771581913 809327733 775379255 809327733
771581913 809327733 771581913 816473419
771581913 816473419 777750703 835181141
777750703 835181141 777750703 850498752
777750703 835181141 803669356 835181141
586603702 643033224 603533198 682437492
603533198 682437492 603533198 715538637
803669356 835181141 815896628 886463626
815896628 886463626 815896628 889713613
815896628 889713613 815896628 894210431
815896628 894210431 823238694 899130760
815896628 889713613 849712455 889713613
849712455 889713613 861774470 911626437
861774470 911626437 867300099 926587161
867300099 926587161 878464024 926587161
878464024 926587161 898838015 932262388
898838015 932262388 905111539 946281945
867300099 926587161 867300099 972538880
867300099 972538880 867300099 973302279
867300099 972538880 875639098 972538880
815896628 886463626 864058877 886463626
823238694 899130760 833142252 953478752
799415557 309747100 848157141 325269520
848157141 325269520 880740350 325737784
880740350 325737784 889971357 325737784
880740350 325737784 880740350 343158636
880740350 343158636 881102618 345281430
881102618 345281430 888499376 345281430
888499376 345281430 888499376 350342666
888499376 350342666 888499376 350614663
888499376 350342666 903835254 350342666
903835254 350342666 907526308 362750428
907526308 362750428 909453563 362750428
889971357 325737784 903835254 342729792
903835254 342729792 940611628 342729792
940611628 342729792 940611628 345281430
940611628 342729792 945384457 342729792
945384457 342729792 951534809 352559788
951534809 352559788 964007562 354680310
909453563 362750428 932605022 376553696
932605022 376553696 935913399 376946650
935913399 376946650 948371479 387324913
948371479 387324913 948371479 392097128
948371479 392097128 948856576 392097128
948371479 392097128 948371479 394015088
948371479 387324913 960618758 387324913
960618758 387324913 978822259 403047970
978822259 403047970 988726768 403047970
988726768 403047970 993638140 403047970
988726768 403047970 988726768 411884400
978822259 403047970 978822259 447888386
978822259 447888386 978822259 451674373
978822259 447888386 984109755 447888386
907526308 362750428 907526308 413442206
984109755 447888386 989630571 500805454
989630571 500805454 996561773 525901624
881102618 345281430 881102618 410669829
333140921 2413117 343087891 58014640
343087891 58014640 348752856 87645271
348752856 87645271 354472507 87645271
348752856 87645271 348752856 125687974
342904936 414763484 368916247 455090400
368916247 455090400 380302174 455090400
380302174 455090400 388344237 467169009
388344237 467169009 394840658 467169009
394840658 467169009 396365579 476338143
388344237 467169009 388344237 488934789
396365579 476338143 406993562 488506532
368916247 455090400 368916247 487034868
388344237 488934789 393037380 537257256
393037380 537257256 398600303 537257256
393037380 537257256 393037380 547335257
393037380 547335257 396089051 548145081
396089051 548145081 407190653 548900932
407190653 548900932 407190653 565160720
407190653 565160720 409064851 582111466
409064851 582111466 409064851 596648483
409064851 596648483 412840378 596648483
409064851 596648483 409064851 602378439
409064851 602378439 417204174 603162360
409064851 582111466 439039723 582111466
790956061 288456482 790956061 355040000
439039723 582111466 457940380 629984776
457940380 629984776 473448855 649123495
473448855 649123495 484499248 649123495
484499248 649123495 484499248 649804965
484499248 649123495 487183813 649123495
473448855 649123495 473448855 672315674
473448855 672315674 474126996 709114019
474126996 709114019 474126996 726684704
474126996 726684704 474126996 731156027
474126996 726684704 478912166 726684704
478912166 726684704 479528125 740960064
474126996 709114019 494063087 709114019
494063087 709114019 501346630 714652743
501346630 714652743 501346630 714787159
501346630 714652743 512474607 714652743
512474607 714652743 532515303 716482146
532515303 716482146 532515303 729256894
479528125 740960064 494064264 758021499
494064264 758021499 495201240 758021499
494064264 758021499 494064264 769942454
532515303 729256894 538556541 757723606
538556541 757723606 561249755 763465346
561249755 763465346 577072710 776102703
532515303 716482146 569350243 716482146
577072710 776102703 601642679 792726066
601642679 792726066 604438063 792726066
604438063 792726066 604438063 798538411
604438063 792726066 621435172 792726066
601642679 792726066 601642679 810681182
621435172 792726066 639040690 796110198
639040690 796110198 640326293 810303006
640326293 810303006 640326293 827180604
640326293 810303006 672990338 810303006
640326293 827180604 645860360 856270477
645860360 856270477 645860360 871537575
645860360 871537575 647090967 871537575
645860360 871537575 645860360 882283366
647090967 871537575 658557669 874265330
658557669 874265330 658557669 879503261
645860360 882283366 655286135 891353850
655286135 891353850 663635890 900058384
663635890 900058384 670700409 910443178
670700409 910443178 688944900 910443178
688944900 910443178 688944900 912955198
688944900 910443178 699882291 910443178
699882291 910443178 703275825 916846741
703275825 916846741 705231743 922669412
670700409 910443178 670700409 931716184
645860360 856270477 668416936 856270477
705231743 922669412 711158442 944168396
711158442 944168396 717918796 946875216
717918796 946875216 733309973 946875216
733309973 946875216 741584992 949911728
741584992 949911728 758548383 955951215
758548383 955951215 758548383 959234924
717918796 946875216 717918796 974344211
717918796 974344211 723892678 983385320
723892678 983385320 725494790 983385320
723892678 983385320 723892678 995039627
658557669 874265330 686297685 874265330
686297685 874265330 714233299 879448246
714233299 879448246 742409959 885763071
742409959 885763071 761924063 902318790
761924063 902318790 771802648 902797436
771802648 902797436 771802648 903349223
771802648 902797436 804193511 902797436
758548383 955951215 802273761 955951215
802273761 955951215 823673378 979822404
668416936 856270477 702852926 867347523
702852926 867347523 724902092 878076564
758548383 959234924 775556082 989683051
487183813 649123495 524302035 664481025
524302035 664481025 524302035 671954165
524302035 664481025 532957391 664481025
532957391 664481025 543480530 671306992
543480530 671306992 543480530 681150032
543480530 681150032 550896746 682319862
550896746 682319862 550896746 683164808
550896746 682319862 577274744 682319862
543480530 671306992 572122177 671306992
572122177 671306992 572122177 674605653
572122177 671306992 578023542 671306992
672990338 810303006 736126440 813714219
736126440 813714219 761636578 852546949
761636578 852546949 765468992 856235591
933370444 807550725 983936337 823811751
435515874 238746281 469089697 272029928
469089697 272029928 470839869 284944168
470839869 284944168 526744019 294554211
526744019 294554211 584282082 300555319
584282082 300555319 592513291 309788140
592513291 309788140 612522004 309788140
612522004 309788140 612581226 316948414
612581226 316948414 612581226 325003186
612581226 316948414 628796307 316948414
592513291 309788140 592513291 350589527
592513291 350589527 599468136 350589527
599468136 350589527 603117521 357123693
603117521 357123693 615024684 366190042
615024684 366190042 616181021 375526163
616181021 375526163 616181021 390126277
616181021 390126277 623140556 396564518
623140556 396564518 626291204 396564518
623140556 396564518 623140556 413185056
616181021 375526163 636734676 375526163
623140556 413185056 625502745 431846491
625502745 431846491 635678550 431846491
625502745 431846491 625502745 444854266
592513291 350589527 592513291 372540776
592513291 372540776 613482600 399983268
613482600 399983268 616709622 442632527
616709622 442632527 619411085 466443432
619411085 466443432 666450485 472942479
666450485 472942479 675487871 473173089
675487871 473173089 676049495 509742719
676049495 509742719 680584398 529463066
680584398 529463066 703270721 539135883
407190653 548900932 474090183 548900932
474090183 548900932 485400041 571725050
485400041 571725050 492045393 571725050
485400041 571725050 485400041 618719868
485400041 618719868 517765618 625392226
517765618 625392226 519326319 625392226
517765618 625392226 517765618 628817145
492045393 571725050 518742671 604971063
518742671 604971063 519326319 616811874
667649008 705687998 735262478 705687998
295779003 317530874 354710328 326250832
0 47040217 0 115422896
0 115422896 0 122748422
0 122748422 0 135798931
0 135798931 0 137500099
0 137500099 0 148687706
0 148687706 13144690 148687706
0 122748422 33329394 122748422
33329394 122748422 33508557 135798931
33508557 135798931 43379349 137500099
43379349 137500099 54380245 152787239
54380245 152787239 54380245 176731655
54380245 176731655 64509804 193142795
64509804 193142795 65944112 205997371
65944112 205997371 65944112 217057218
65944112 217057218 89368558 217082909
0 115422896 41132819 115422896
0 148687706 0 192100980
0 192100980 0 202312897
0 202312897 1731428 202312897
0 202312897 0 204242661
0 204242661 0 214952335
0 214952335 0 227151938
0 227151938 3660472 227151938
0 227151938 0 233163928
0 233163928 0 243111433
0 243111433 20458587 243111433
0 204242661 24588860 204242661
24588860 204242661 26631269 214952335
26631269 214952335 28369934 231581386
28369934 231581386 28369934 233163928
0 243111433 0 268156304
0 268156304 0 268633701
28369934 231581386 57897754 231581386
57897754 231581386 61736833 256894900
61736833 256894900 76955456 272501606
0 268633701 0 303770808
0 303770808 0 304921019
0 303770808 36570485 303770808
36570485 303770808 37247015 304921019
76955456 272501606 96384781 290478655
96384781 290478655 100572682 290478655
96384781 290478655 96384781 297348807
96384781 297348807 108474342 300707814
108474342 300707814 125066083 300707814
125066083 300707814 134251360 306156491
134251360 306156491 146507359 306156491
134251360 306156491 134251360 324668824
134251360 324668824 135630634 327091794
108474342 300707814 108474342 324396804
0 268633701 38169861 268633701
0 304921019 0 343511782
0 343511782 20754135 343511782
0 268156304 38821474 268156304
0 192100980 39021878 192100980
37247015 304921019 58806513 322421533
58806513 322421533 58806513 332272866
58806513 322421533 75933366 322421533
75933366 322421533 85774402 325713104
85774402 325713104 88822117 349086794
88822117 349086794 101589005 351755122
101589005 351755122 101589005 356872988
101589005 351755122 130410488 351755122
101589005 356872988 116790334 374231522
116790334 374231522 141644682 378367564
141644682 378367564 141996853 378367564
141644682 378367564 141644682 406561608
141644682 406561608 157465296 408323389
157465296 408323389 168679336 408323389
168679336 408323389 168858005 417126023
168858005 417126023 210547023 417126023
210547023 417126023 213304741 426339151
213304741 426339151 230015212 426339151
213304741 426339151 213304741 443821239
230015212 426339151 260370337 427344943
0 343511782 0 386796870
0 386796870 0 387703793
0 387703793 0 406124616
0 406124616 0 407262807
0 407262807 0 416148898
0 416148898 0 420717902
0 420717902 20267823 420717902
0 406124616 32277490 406124616
32277490 406124616 38955545 407262807
38955545 407262807 45445619 407262807
38955545 407262807 38955545 416148898
0 386796870 34432385 386796870
34432385 386796870 41968824 387703793
41968824 387703793 60661289 396053865
60661289 396053865 66273478 398781467
66273478 398781467 72502791 398781467
72502791 398781467 72502791 399444637
66273478 398781467 66273478 405960599
72502791 398781467 82538739 398781467
82538739 398781467 82772190 398975758
82772190 398975758 91950568 398975758
82772190 398975758 82772190 421687803
82772190 421687803 87481913 421687803
82772190 421687803 82772190 432160763
82772190 432160763 92070654 449721000
38955545 416148898 54218231 436858019
54218231 436858019 54218231 437042357
54218231 437042357 54218231 437885789
54218231 437042357 59593391 437042357
54218231 436858019 59890969 436858019
59890969 436858019 66005629 454571494
66005629 454571494 74368424 454571494
66005629 454571494 66005629 473020503
66005629 473020503 69462363 479659325
69462363 479659325 69462363 481746392
69462363 479659325 77471200 479659325
77471200 479659325 83603467 486871216
0 420717902 0 458299893
0 458299893 0 483073051
0 483073051 0 510580674
0 510580674 0 514233617
0 514233617 3331165 514233617
0 514233617 0 524932347
0 524932347 0 537555393
0 510580674 13030770 510580674
0 524932347 21903467 524932347
21903467 524932347 43000953 537555393
0 458299893 34088905 458299893
34088905 458299893 38859117 483073051
0 537555393 0 574016614
0 574016614 0 576032632
0 574016614 23617146 574016614
0 576032632 0 600511748
0 600511748 0 628970218
0 628970218 6052103 628970218
0 628970218 0 651295435
0 651295435 0 657861711
0 651295435 16745672 651295435
16745672 651295435 37408522 657861711
38859117 483073051 64454440 494205879
43000953 537555393 54133404 563157278
54133404 563157278 57358418 563157278
54133404 563157278 54133404 566813947
57358418 563157278 64895342 563723197
64895342 563723197 71165306 573861660
71165306 573861660 71165306 585694906
71165306 585694906 77200988 585694906
77200988 585694906 79999910 585742167
79999910 585742167 79999910 589827772
71165306 585694906 71165306 597470374
79999910 589827772 83756996 609986869
83756996 609986869 92526185 626301602
92526185 626301602 110576539 634561745
110576539 634561745 123347851 634561745
123347851 634561745 126727543 634561745
123347851 634561745 123347851 654294072
123347851 654294072 129863386 656080657
129863386 656080657 152815820 656080657
71165306 573861660 108478241 573861660
108478241 573861660 122783924 583199873
122783924 583199873 122783924 585742167
122783924 583199873 135700661 583199873
135700661 583199873 156631051 597120526
156631051 597120526 159854730 597582348
159854730 597582348 159854730 601047412
0 600511748 38624080 600511748
126727543 634561745 152815820 649486917
64454440 494205879 67252483 535949378
13030770 510580674 55329647 514490477
159854730 597582348 207121676 597582348
207121676 597582348 207317377 601076085
207317377 601076085 208886104 601076085
207317377 601076085 207317377 611444843
207317377 611444843 210116437 614031533
210116437 614031533 210116437 616199790
210116437 616199790 210116437 619133621
210116437 616199790 218834376 616199790
218834376 616199790 228745551 628153346
228745551 628153346 229830516 638338755
229830516 638338755 230704772 638338755
229830516 638338755 229830516 673987379
229830516 673987379 239958274 685495754
239958274 685495754 239958274 698683475
239958274 698683475 240123509 698683475
239958274 698683475 239958274 704594515
240123509 698683475 252203217 703295019
252203217 703295019 257631302 718880743
257631302 718880743 266745247 718880743
257631302 718880743 257631302 731472092
257631302 731472092 257878415 731472092
266745247 718880743 282994429 721277912
282994429 721277912 291089681 721530658
257631302 731472092 257631302 751667378
291089681 721530658 314157430 721530658
314157430 721530658 327768569 724899694
327768569 724899694 330177105 724899694
327768569 724899694 327768569 735004885
327768569 735004885 332967745 736247933
291089681 721530658 291089681 745052343
332967745 736247933 332967745 761028978
332967745 761028978 334644976 783048370
239958274 685495754 270364807 685495754
270364807 685495754 270364807 696111808
270364807 685495754 285389732 685495754
285389732 685495754 303392104 687520338
303392104 687520338 313224727 687520338
313224727 687520338 316529110 687520338
313224727 687520338 313224727 700974225
303392104 687520338 303392104 705234914
316529110 687520338 334312150 696748251
334312150 696748251 336989748 718441205
313224727 700974225 327631468 717383868
332967745 736247933 366561277 736247933
366561277 736247933 368769895 748809242
368769895 748809242 368769895 753022419
368769895 753022419 375984576 753022419
368769895 753022419 368769895 766008618
368769895 766008618 378748177 766618892
378748177 766618892 389657146 766618892
389657146 766618892 410487706 778956409
410487706 778956409 431626116 778956409
431626116 778956409 453539523 782688628
410487706 778956409 410487706 805001366
410487706 805001366 411103843 824620151
411103843 824620151 413207226 836535620
413207226 836535620 413207226 850465873
413207226 850465873 433212457 850465873
413207226 836535620 444850924 836535620
444850924 836535620 444850924 839300064
444850924 836535620 451335339 836535620
451335339 836535620 465282090 839915765
465282090 839915765 478262570 842035210
478262570 842035210 478262570 848632520
478262570 848632520 478726476 848841465
478726476 848841465 478726476 867280077
478726476 867280077 479561552 869368224
478262570 842035210 510807667 842035210
510807667 842035210 516467084 847157587
516467084 847157587 516467084 848841465
516467084 848841465 517239496 848841465
413207226 850465873 413207226 883527036
516467084 848841465 516467084 884650760
516467084 884650760 517511585 913348909
517511585 913348909 517511585 931623958
517511585 931623958 517511585 953741445
517511585 953741445 536893252 953741445
536893252 953741445 536893252 957931402
536893252 953741445 542300752 953741445
517511585 953741445 517511585 973444051
517511585 973444051 517511585 984015455
517511585 973444051 528712211 973444051
542300752 953741445 564687814 957685978
564687814 957685978 580668892 962127386
580668892 962127386 584976742 984626229
584976742 984626229 588451723 987403064
588451723 987403064 597359880 992173588
597359880 992173588 597359880 998863272
597359880 992173588 616940836 992173588
517511585 913348909 548786832 913348909
548786832 913348909 550865240 931623958
550865240 931623958 564687814 934110919
564687814 934110919 588773289 934110919
516467084 847157587 552525495 847157587
552525495 847157587 561740496 854236862
561740496 854236862 568122737 875483083
568122737 875483083 568122737 894150083
210116437 614031533 248022318 614031533
67252483 535949378 112486001 538583801
0 657861711 0 706214416
0 706214416 4902921 706214416
0 706214416 0 722375243
0 722375243 41010881 722375243
41010881 722375243 50467422 745381126
50467422 745381126 57826210 782335308
57826210 782335308 85060843 784448093
0 722375243 0 768114084
0 768114084 28252760 768114084
85060843 784448093 120725082 796495877
120725082 796495877 127516954 797560042
127516954 797560042 128269361 797560042
128269361 797560042 131640363 797560042
128269361 797560042 128269361 801729934
128269361 801729934 154127636 805232713
154127636 805232713 154670654 814937862
154670654 814937862 159029637 814937862
159029637 814937862 168814004 831404772
168814004 831404772 177319878 831404772
168814004 831404772 168814004 840775502
154670654 814937862 154670654 843989759
127516954 797560042 127516954 829209500
127516954 829209500 132211240 854554110
132211240 854554110 146298705 854554110
132211240 854554110 132211240 887232408
132211240 887232408 132211240 889988029
132211240 887232408 139536081 887232408
139536081 887232408 141290364 891246317
141290364 891246317 151573971 891246317
151573971 891246317 153367429 892005833
153367429 892005833 163998315 892005833
141290364 891246317 141290364 926293077
141290364 926293077 153367429 928397405
153367429 928397405 153367429 936055978
146298705 854554110 151573971 886867199
151573971 886867199 159261846 886867199
159261846 886867199 165033097 890644007
153367429 928397405 200884598 928397405
200884598 928397405 203713871 945600391
203713871 945600391 203713871 950172917
203713871 950172917 214099458 956867575
214099458 956867575 236740441 956867575
203713871 945600391 233357336 945600391
214099458 956867575 214099458 994993144
214099458 994993144 236070965 995953775
479561552 869368224 496116549 901918290
496116549 901918290 515657768 926780558
168858005 417126023 168858005 466311955
368769895 748809242 418736497 748809242
418736497 748809242 443690647 752525459
443690647 752525459 443690647 752682026
443690647 752525459 449912595 752525459
449912595 752525459 456557228 758341136
456557228 758341136 456980149 769942454
456980149 769942454 456980149 778851931
456980149 778851931 477810898 780499354
477810898 780499354 491851238 803827144
141996853 378367564 168679336 404998581
168679336 404998581 183861492 404998581
129863386 656080657 129863386 709536203
129863386 709536203 160775133 713249313
160775133 713249313 170828963 744993924
170828963 744993924 177748112 744993924
177748112 744993924 177748112 745146016
177748112 745146016 182787346 746051890
177748112 744993924 188033011 744993924
188033011 744993924 202562523 751867959
202562523 751867959 207254071 752436163
207254071 752436163 220293439 752436163
170828963 744993924 170828963 774861310
207254071 752436163 207254071 784370483
207254071 784370483 217130046 784713706
152815820 649486917 206604641 649486917
28252760 768114084 78093334 773165995
83603467 486871216 111366799 514481033
111366799 514481033 153800221 522200454
153800221 522200454 153800221 533055301
153800221 522200454 168628626 522200454
168628626 522200454 176489896 554563341
110576539 634561745 110576539 690113673
152815820 656080657 168983221 695602830
168983221 695602830 168983221 710564560
168983221 695602830 191835567 695602830
191835567 695602830 204313352 697373948
204313352 697373948 218683732 725427741
218683732 725427741 221044375 725427741
218683732 725427741 218683732 735455247
616940836 992173588 670330245 994829573
670330245 994829573 683175882 995458726
153367429 936055978 199895744 945600391
199895744 945600391 199895744 966712385
157465296 408323389 157465296 464481906
257631302 751667378 288862381 777299046
334644976 783048370 341738031 833615058
341738031 833615058 341738031 837998550
341738031 837998550 342827149 845786048
342827149 845786048 342827149 849302613
342827149 849302613 352636142 860560901
352636142 860560901 359652818 860560901
352636142 860560901 352636142 869359284
341738031 833615058 367080680 833615058
367080680 833615058 371366911 845786048
352636142 869359284 369917653 884680077
369917653 884680077 372894584 891043267
372894584 891043267 382955212 905271192
168858005 466311955 189285232 504289376
189285232 504289376 211671287 510849934
110576539 690113673 151838753 707783928
413207226 883527036 423800806 931909569
423800806 931909569 426664705 931909569
426664705 931909569 429639135 932819616
429639135 932819616 429639135 948182275
423800806 931909569 423800806 962610554
429639135 932819616 477548093 932819616
477548093 932819616 481257224 966660742
481257224 966660742 499942486 985774045
423800806 962610554 475793205 967301479
176489896 554563341 215468890 574870088
568122737 875483083 627574673 875483083
627574673 875483083 631988970 912565629
631988970 912565629 631988970 923858243
631988970 923858243 632754611 923858243
632754611 923858243 632813008 929428287
631988970 923858243 631988970 933833851
631988970 912565629 643749490 912565629
631988970 933833851 656942434 957081233
656942434 957081233 658520897 970807120
658520897 970807120 688237225 993070747
236070965 995953775 297484395 996300617
491851238 803827144 530855652 827181560
0 768114084 0 830623179
0 830623179 0 847492700
0 847492700 0 851443474
0 847492700 7073850 847492700
0 851443474 0 861536304
0 861536304 38919547 861536304
38919547 861536304 59596752 864099280
59596752 864099280 59596752 874013461
59596752 864099280 74138846 864099280
74138846 864099280 79327806 897252693
79327806 897252693 79327806 903264393
79327806 897252693 88070491 897252693
7073850 847492700 44456455 851443474
88070491 897252693 111769282 916449168
111769282 916449168 120665381 916449168
111769282 916449168 111769282 935778192
111769282 935778192 115058546 935778192
0 830623179 45018911 830623179
0 861536304 0 912108167
0 912108167 21267567 912108167
21267567 912108167 24676789 912108167
21267567 912108167 21267567 952554556
45018911 830623179 98823708 840824220
111769282 935778192 111769282 999984068
378748177 766618892 378748177 832189358
20754135 343511782 51234140 378985688
98823708 840824220 122512731 883113069
4902921 706214416 67910534 709302188
67910534 709302188 72211840 709626240
217130046 784713706 247851854 820433467
247851854 820433467 265907087 831624242
265907087 831624242 265907087 864279810
265907087 864279810 273738673 865432353
273738673 865432353 273738673 907278703
273738673 907278703 276267888 919910767
276267888 919910767 286843945 920845967
286843945 920845967 318621697 920845967
286843945 920845967 286843945 975004167
286843945 975004167 304386304 976226962
304386304 976226962 314827510 977986277
314827510 977986277 314827510 989468133
314827510 977986277 341893598 977986277
265907087 831624242 320955613 831624242
320955613 831624242 322262996 831624242
320955613 831624242 320955613 838597344
320955613 838597344 329834271 865432353
329834271 865432353 331869767 865432353
329834271 865432353 329834271 894708598
329834271 894708598 349421553 915234601
341893598 977986277 393377617 987913176
318621697 920845967 337805710 968306482
337805710 968306482 375683163 973052130
37408522 657861711 69386597 693543343
211671287 510849934 253689118 537115023
253689118 537115023 259952375 537115023
253689118 537115023 253689118 550359223
259952375 537115023 284529541 538284732
253689118 550359223 265491857 569507496
265491857 569507496 282075512 579249961
282075512 579249961 293588270 580806076
293588270 580806076 294400663 588622231
294400663 588622231 299223551 588622231
299223551 588622231 303134778 595973548
303134778 595973548 303134778 597681124
303134778 595973548 342341729 595973548
342341729 595973548 373745296 619717796
373745296 619717796 384714635 638591643
384714635 638591643 388863634 639123364
388863634 639123364 400440470 639123364
388863634 639123364 388863634 676160042
388863634 676160042 418520076 676870233
418520076 676870233 428362543 676870233
418520076 676870233 418520076 702172585
418520076 702172585 427762987 718149336
427762987 718149336 427762987 719675772
427762987 719675772 443872869 726742682
443872869 726742682 447330764 726742682
443872869 726742682 443872869 735574778
427762987 718149336 457993895 718149336
303134778 597681124 321369890 646211756
321369890 646211756 360776751 673127115
360776751 673127115 361893477 673127115
361893477 673127115 362457856 679660770
360776751 673127115 360776751 681216826
362457856 679660770 374407140 687829802
163998315 892005833 230400498 894761424
230400498 894761424 235468909 918700078
235468909 918700078 235468909 921464025
235468909 921464025 237352092 921464025
235468909 921464025 235468909 928155847
235468909 918700078 262050283 918700078
422839867 500560920 474101458 519406933
474101458 519406933 474101458 519474305
474101458 519474305 487459138 525404068
487459138 525404068 493616906 525404068
487459138 525404068 487459138 541011903
474101458 519406933 497163595 519406933
260370337 427344943 312088531 445769948
312088531 445769948 318314498 451058667
318314498 451058667 318314498 452830644
318314498 451058667 333817817 451058667
213304741 443821239 245921381 482140309
245921381 482140309 282904107 488524688
282904107 488524688 291298480 488524688
282904107 488524688 282904107 513628037
291298480 488524688 310018730 498186237
310018730 498186237 314796997 511241109
314796997 511241109 331787024 511241109
314796997 511241109 314796997 529093817
314796997 529093817 351402899 556493587
351402899 556493587 351402899 566709714
351402899 556493587 368293865 556493587
368293865 556493587 372604778 571790682
372604778 571790682 381324118 571790682
372604778 571790682 372604778 583177814
372604778 583177814 372604778 584357283
372604778 583177814 379856069 583177814
839384556 673091152 910855843 673091152
910855843 673091152 917333983 684621212
917333983 684621212 931613369 684621212
931613369 684621212 933715360 707964744
933715360 707964744 933715360 715843659
933715360 707964744 943417947 707964744
943417947 707964744 952187566 708142730
952187566 708142730 970093191 708142730
952187566 708142730 952187566 726694531
917333983 684621212 917333983 712431944
952187566 726694531 971921386 735747300
233195118 60599629 257333735 108600684
257333735 108600684 270034952 125108584
270034952 125108584 270034952 137631529
270034952 137631529 279444899 137631529
270034952 137631529 270034952 147852442
270034952 125108584 319045675 125108584
319045675 125108584 333574369 141051326
333574369 141051326 342490301 141051326
342490301 141051326 343233909 161324527
333574369 141051326 333574369 168725009
343233909 161324527 354564196 197177671
354564196 197177671 370873903 206161972
260398868 392628077 300070965 425114833
703270721 539135883 706306312 608312613
183861492 404998581 200719397 460437901
200719397 460437901 254439668 476699753
254439668 476699753 254439668 477778519
254439668 476699753 256843062 476699753
725427648 523233279 725823935 595354289
725823935 595354289 767862092 600857804
767862092 600857804 767862092 602497386
568122737 894150083 622803159 912429596
836783886 563218157 856091934 617389853
294400663 588622231 294400663 663396798
659742639 56261077 678610070 112471886
801258984 133398221 877181563 133398221
877181563 133398221 912773458 133551608
912773458 133551608 915059133 143909224
915059133 143909224 917321191 143909224
915059133 143909224 915059133 150588369
917321191 143909224 929220158 149653014
929220158 149653014 993304524 162681283
736097246 207653757 764654350 256594482
880618237 256596864 922523400 292392328
922523400 292392328 934362740 294452675
934362740 294452675 976632871 322128415
115058546 935778192 139613459 990146648
139613459 990146648 179745160 995476501
894374913 503466547 973620831 503466547
400440470 639123364 447078696 672617846
269981371 36838514 282078506 107100733
282078506 107100733 290464430 107208927
290464430 107208927 341341602 122512538
506622696 329903162 551077489 369770580
551077489 369770580 551077489 391045403
551077489 391045403 558036804 402996034
558036804 402996034 574227667 402996034
574227667 402996034 574227667 409244769
574227667 402996034 588285652 402996034
574227667 409244769 583771672 418376038
551077489 369770580 578390003 369770580
558036804 402996034 558036804 440997149
168814004 840775502 226543054 868148142
507350869 199422603 529406511 263955852
529406511 263955852 531228277 263955852
529406511 263955852 529406511 266708506
35551381 47040217 57506934 111874491
525603077 42791377 532701956 122944386
532701956 122944386 534374260 124981678
534374260 124981678 535742667 124981678
535742667 124981678 553796993 124996043
534374260 124981678 534374260 176693200
534374260 176693200 573173855 223311129
669316514 655189995 755366335 662245429
755366335 662245429 759450510 703529484
296068244 277159873 365574493 302483381
365574493 302483381 368576452 307170337
748030899 41535445 823211420 61582015
823211420 61582015 844346084 61582015
844346084 61582015 856594364 61800795
856594364 61800795 866280495 68389888
866280495 68389888 885193202 68389888
866280495 68389888 866280495 94246011
866280495 94246011 866287815 99198795
866287815 99198795 869553727 121933413
823211420 61582015 823211420 88289772
885193202 68389888 938300845 92685389
938300845 92685389 942833652 96909806
942833652 96909806 954815803 96909806
942833652 96909806 942833652 117059162
942833652 117059162 972008799 125191579
972008799 125191579 973057394 142210741
954815803 96909806 986188511 106157405
573173855 223311129 599314666 293317968
113043672 139919538 211844693 139919538
748030899 0 889176293 0
889176293 0 904763197 0
904763197 0 904763197 1833681
904763197 0 919347719 0
919347719 0 943260434 0
943260434 0 943260434 25498881
889176293 0 889176293 36175059
889176293 36175059 919347719 44996329
919347719 44996329 940468633 51607027
940468633 51607027 994352110 61417514
