1447
0 0 57756143 0
57756143 0 82547662 0
57756143 0 57756143 30749178
57756143 30749178 74831853 43063594
74831853 43063594 82547662 43063594
74831853 43063594 74831853 83236255
74831853 83236255 92360891 103182311
92360891 103182311 95736042 125039348
95736042 125039348 114229495 125039348
95736042 125039348 95736042 152077421
95736042 152077421 99952411 161157812
99952411 161157812 109244654 162952750
109244654 162952750 109244654 173165886
109244654 173165886 109823259 173165886
109244654 173165886 109244654 181972777
109244654 162952750 141759717 162952750
82547662 0 126875927 0
126875927 0 131837859 0
131837859 0 131837859 4150194
131837859 0 169903984 0
169903984 0 176465187 0
169903984 0 169903984 19616605
169903984 19616605 176465187 35092491
176465187 35092491 188884524 50024621
188884524 50024621 188884524 56388899
188884524 50024621 198469250 50024621
198469250 50024621 212711137 57968479
212711137 57968479 215780063 59941128
215780063 59941128 215780063 68696360
215780063 68696360 222608273 68696360
215780063 59941128 238428553 59941128
238428553 59941128 250537198 65278256
222608273 68696360 222847374 93143830
215780063 68696360 215780063 97014711
176465187 0 206571162 0
206571162 0 206571162 2077181
222847374 93143830 252273462 98216107
252273462 98216107 266103337 108492160
266103337 108492160 274656091 111124519
250537198 65278256 283746255 72212950
283746255 72212950 290397829 75621599
290397829 75621599 290397829 91348334
290397829 75621599 320075724 75621599
320075724 75621599 339128704 86757544
339128704 86757544 364994055 86757544
364994055 86757544 367270321 91657957
339128704 86757544 339128704 127145215
126875927 0 126875927 41384813
274656091 111124519 294269976 137396788
294269976 137396788 294269976 155242487
294269976 137396788 318013736 137396788
318013736 137396788 325570572 144068432
294269976 155242487 299199412 181368589
299199412 181368589 300622033 192532012
300622033 192532012 300622033 198655864
300622033 192532012 307066940 192532012
307066940 192532012 326213330 208116861
215780063 97014711 216185458 145667083
82547662 43063594 118856149 56812811
300622033 198655864 304171959 245380738
304171959 245380738 319985983 257577670
319985983 257577670 321862391 257577670
319985983 257577670 319985983 279959415
319985983 279959415 325827547 287870761
325827547 287870761 348700803 287870761
325827547 287870761 325827547 311128488
325827547 311128488 329580463 324775020
329580463 324775020 329580463 341630602
329580463 341630602 330638039 341630602
329580463 324775020 371436629 324775020
329580463 341630602 329580463 387589062
321862391 257577670 353983534 276760357
353983534 276760357 373259940 285471130
118856149 56812811 151548049 75697825
151548049 75697825 152516190 75697825
151548049 75697825 151548049 76670180
367270321 91657957 397834843 115079138
397834843 115079138 397834843 116869722
397834843 115079138 406261592 115079138
325570572 144068432 374051053 150097373
374051053 150097373 383017153 183835513
109244654 181972777 124544269 222962474
124544269 222962474 131818248 224212083
131818248 224212083 135568133 224212083
135568133 224212083 135568133 228970723
131818248 224212083 131818248 239035858
131818248 239035858 133066239 239035858
133066239 239035858 148424024 239238643
148424024 239238643 153063078 239238643
153063078 239238643 160235261 241888746
160235261 241888746 163804451 250815176
135568133 224212083 168297868 224212083
168297868 224212083 185295337 230247671
185295337 230247671 185295337 231881694
185295337 230247671 196186562 230247671
196186562 230247671 222031467 235581628
222031467 235581628 222031467 243708550
222031467 235581628 241963715 235581628
241963715 235581628 246777156 236437695
163804451 250815176 175872656 271554393
131818248 239035858 131818248 279017820
131818248 279017820 148424024 279627229
148424024 279627229 150638235 304312512
150638235 304312512 158511861 333912267
158511861 333912267 166804216 337347910
166804216 337347910 188990606 337347910
175872656 271554393 192909355 297706940
192909355 297706940 192909355 301509454
192909355 297706940 200587958 297706940
200587958 297706940 201805008 298671461
201805008 298671461 201805008 310523061
201805008 298671461 242782693 298671461
242782693 298671461 245101795 298671461
242782693 298671461 242782693 327482351
188990606 337347910 194545020 378206747
194545020 378206747 194545020 393729743
194545020 378206747 218870598 378206747
194545020 393729743 201142527 418787544
201142527 418787544 210171149 418787544
210171149 418787544 223085837 423309432
223085837 423309432 223085837 442921535
223085837 423309432 246628124 423309432
201142527 418787544 201142527 445100143
246628124 423309432 262340106 442888378
262340106 442888378 282854305 442888378
262340106 442888378 262340106 473277719
262340106 473277719 266004215 479241522
266004215 479241522 270718270 479241522
266004215 479241522 266004215 484701375
266004215 484701375 286329603 497582544
286329603 497582544 299513551 516124428
299513551 516124428 326142071 516124428
326142071 516124428 343291666 521678276
343291666 521678276 343291666 532858696
343291666 521678276 359899566 521678276
359899566 521678276 361771025 524884043
361771025 524884043 389020298 535205814
389020298 535205814 414734843 535205814
414734843 535205814 422899709 546931070
422899709 546931070 433013217 546931070
422899709 546931070 422899709 559038668
422899709 559038668 424271768 559038668
424271768 559038668 426144355 580184436
426144355 580184436 435290024 588213438
433013217 546931070 449683582 556948057
422899709 559038668 422899709 586733211
389020298 535205814 389020298 564074780
435290024 588213438 435290024 617759780
435290024 617759780 446279212 617759780
435290024 617759780 435290024 630737285
435290024 630737285 435290024 638066332
435290024 630737285 444351282 630737285
446279212 617759780 459760535 625377020
459760535 625377020 462198028 650487648
462198028 650487648 464804193 670230542
464804193 670230542 474148127 672480192
474148127 672480192 477799049 672480192
474148127 672480192 474148127 705333295
474148127 705333295 502249574 705497994
502249574 705497994 502249574 709748164
502249574 705497994 536296632 705497994
536296632 705497994 555287896 705552577
555287896 705552577 574610164 708070660
574610164 708070660 582294905 708070660
389020298 564074780 406307159 582965119
406307159 582965119 407600830 599483082
299513551 516124428 299513551 555339511
299513551 555339511 305300450 564262677
305300450 564262677 305300450 578586726
305300450 578586726 305300450 588309163
305300450 588309163 311205459 588309163
305300450 578586726 319637801 578586726
311205459 588309163 327974965 591355193
305300450 588309163 305300450 620294890
305300450 620294890 307498327 622393139
307498327 622393139 309568503 636674971
309568503 636674971 309568503 643200820
309568503 636674971 323450780 636674971
323450780 636674971 347477093 639144704
347477093 639144704 347477093 643996181
347477093 643996181 362207550 643996181
362207550 643996181 365024687 650030799
365024687 650030799 365024687 650151923
365024687 650030799 377271202 650030799
347477093 639144704 365605470 639144704
347477093 643996181 347477093 663371549
377271202 650030799 409520835 650030799
409520835 650030799 431838268 650487648
431838268 650487648 431838268 681428450
431838268 681428450 433679494 695104215
433679494 695104215 433679494 705544910
433679494 695104215 451572670 695104215
309568503 643200820 312853558 674540795
312853558 674540795 316079471 689004509
305300450 564262677 342924656 564262677
377271202 650030799 377271202 687914615
574610164 708070660 574610164 750048989
574610164 750048989 577889258 754668915
577889258 754668915 598222053 754668915
577889258 754668915 577889258 778658418
577889258 778658418 577889258 786790677
577889258 778658418 592262716 778658418
592262716 778658418 602197677 793011681
602197677 793011681 602197677 795848615
602197677 795848615 615607772 795848615
602197677 795848615 602197677 813253546
327974965 591355193 365189828 599645106
435290024 588213438 481871045 588213438
481871045 588213438 483844543 596987138
483844543 596987138 490700101 603399443
490700101 603399443 505246048 603428572
505246048 603428572 520265901 610448550
520265901 610448550 540884439 611311332
540884439 611311332 540884439 624381959
540884439 624381959 548701169 642111711
548701169 642111711 555965263 642111711
548701169 642111711 548701169 656416804
548701169 656416804 548984698 667655370
548984698 667655370 555287896 673450458
555287896 673450458 567503514 673450458
567503514 673450458 570845047 673497408
222031467 243708550 222190662 292128836
540884439 611311332 592490880 611311332
592490880 611311332 613237339 617010851
613237339 617010851 631653866 617010851
613237339 617010851 613237339 650173358
613237339 650173358 613658508 683639933
613658508 683639933 613658508 685888006
613658508 683639933 621497134 683639933
621497134 683639933 622070795 685494978
622070795 685494978 622070795 707667492
622070795 685494978 647154848 685494978
613658508 685888006 620068908 707667492
620068908 707667492 620068908 727336264
620068908 727336264 628508528 735968217
631653866 617010851 646305187 637488308
646305187 637488308 654292014 637488308
646305187 637488308 646305187 648087111
647154848 685494978 689801201 686420081
654292014 637488308 704020690 638202129
704020690 638202129 704020690 657212142
704020690 657212142 718931310 660057849
718931310 660057849 725505328 660057849
718931310 660057849 718931310 674150115
704020690 638202129 724988252 638202129
724988252 638202129 731901998 638202129
724988252 638202129 724988252 645470205
718931310 674150115 729311489 684767365
729311489 684767365 747062272 684767365
747062272 684767365 752053227 687050605
752053227 687050605 752053227 693991516
752053227 687050605 769708166 687050605
729311489 684767365 729311489 723292928
729311489 723292928 736454723 747691745
736454723 747691745 736454723 752998152
736454723 752998152 750341397 754368485
750341397 754368485 750341397 758228073
750341397 754368485 759403897 754368485
736454723 747691745 763978620 747691745
731901998 638202129 776241438 645259131
776241438 645259131 793542506 646976885
793542506 646976885 802460863 648771311
802460863 648771311 813684034 648771311
802460863 648771311 802460863 667469393
166804216 337347910 166804216 389103647
166804216 389103647 172799255 389103647
172799255 389103647 172799255 392020808
172799255 389103647 177968127 389103647
166804216 389103647 166804216 398299006
166804216 398299006 167776435 407890677
377271202 687914615 387329333 730107647
387329333 730107647 390325329 735595783
390325329 735595783 406641457 735595783
406641457 735595783 406641457 737411896
406641457 735595783 409577222 735595783
390325329 735595783 390325329 753917554
390325329 753917554 399007436 795058864
399007436 795058864 410364298 802563139
410364298 802563139 420206983 802563139
420206983 802563139 461383890 803638207
461383890 803638207 461383890 819502088
461383890 819502088 466323647 829585014
466323647 829585014 466323647 833018280
466323647 833018280 474594474 834806966
466323647 829585014 482316471 829585014
482316471 829585014 490458676 830671190
461383890 803638207 484006752 803638207
484006752 803638207 511574468 822054329
502249574 709748164 508410075 756091778
508410075 756091778 510686646 779068953
510686646 779068953 524213239 779068953
510686646 779068953 510686646 801866401
490458676 830671190 494699552 882115590
494699552 882115590 498091831 882115590
494699552 882115590 494699552 894107712
494699552 894107712 504451392 901015942
504451392 901015942 525005797 901015942
525005797 901015942 527597379 901371394
527597379 901371394 536086131 916481222
536086131 916481222 536086131 922983328
536086131 916481222 555545860 916481222
555545860 916481222 562193390 919203413
562193390 919203413 571016431 919203413
571016431 919203413 571016431 923944218
571016431 923944218 572078405 928005499
572078405 928005499 590204433 928005499
571016431 919203413 595182607 919203413
572078405 928005499 572078405 952985708
572078405 952985708 578446980 952985708
572078405 952985708 572078405 962657986
504451392 901015942 504451392 933196725
504451392 933196725 517178435 945167621
517178435 945167621 521222910 945167621
595182607 919203413 624389637 924444141
562193390 919203413 562193390 954266212
572078405 962657986 596813985 974513486
596813985 974513486 632826918 977430090
632826918 977430090 632826918 983237612
632826918 977430090 643206608 977430090
517178435 945167621 517178435 993265470
517178435 993265470 544412895 996912292
602197677 813253546 628232488 844057398
628232488 844057398 634812905 850361049
634812905 850361049 634812905 858650893
634812905 858650893 656036413 858816845
656036413 858816845 657370031 858816845
657370031 858816845 669508355 863538588
669508355 863538588 671213908 880511859
671213908 880511859 671213908 892689892
656036413 858816845 656036413 884783357
671213908 880511859 704930518 880511859
704930518 880511859 708324772 904597108
708324772 904597108 708324772 907878783
708324772 907878783 714879827 909782886
708324772 904597108 718991417 904597108
714879827 909782886 730744962 909782886
714879827 909782886 714879827 936347807
714879827 936347807 720708730 966968993
720708730 966968993 720708730 973103910
671213908 892689892 695215143 907878783
695215143 907878783 695215143 923527350
634812905 850361049 684522938 850361049
684522938 850361049 729506772 862065265
729506772 862065265 730744962 871647030
730744962 871647030 730744962 879672286
730744962 879672286 742570167 879672286
730744962 871647030 775435326 871647030
326213330 208116861 350716065 241854989
350716065 241854989 350716065 242191796
350716065 242191796 370800722 244732004
350716065 241854989 379350854 241854989
602197677 793011681 661453917 793011681
661453917 793011681 661453917 794715760
661453917 793011681 663379917 793011681
663379917 793011681 681646182 813331181
681646182 813331181 681646182 819697624
681646182 813331181 696860015 813331181
696860015 813331181 723836577 820596246
723836577 820596246 758583690 833169109
758583690 833169109 758583690 841872875
758583690 833169109 788618603 833169109
788618603 833169109 820882264 841288074
820882264 841288074 820882264 844428746
820882264 844428746 822193908 844428746
820882264 844428746 820882264 845968607
820882264 841288074 846331304 841288074
846331304 841288074 872892546 852018780
872892546 852018780 898912644 852018780
898912644 852018780 902711879 852018780
898912644 852018780 898912644 866385184
898912644 866385184 902131209 866711361
902131209 866711361 906659449 866711361
906659449 866711361 906659449 877033167
906659449 866711361 923832361 866711361
902131209 866711361 902131209 887937319
872892546 852018780 872892546 885739563
872892546 885739563 875605040 887937319
875605040 887937319 875605040 894453321
923832361 866711361 949081743 881969241
949081743 881969241 958881949 881969241
949081743 881969241 949081743 895272467
949081743 895272467 950141851 895272467
949081743 895272467 949081743 925083900
949081743 925083900 951679506 946554243
951679506 946554243 980403437 946554243
875605040 894453321 883689963 930864706
883689963 930864706 890636689 930864706
883689963 930864706 883689963 968885620
951679506 946554243 951679506 994837711
951679506 994837711 975348317 994944697
902131209 887937319 916528398 928462859
242782693 327482351 281807469 347966336
281807469 347966336 285060739 396298918
689801201 686420081 692150436 743762681
692150436 743762681 696860015 776525714
696860015 776525714 698623382 776525714
151548049 76670180 184804925 103807140
184804925 103807140 186244294 110860641
521222910 945167621 543234894 984119785
543234894 984119785 544412895 992988948
544412895 992988948 547519909 992988948
141759717 162952750 184572718 181379646
184572718 181379646 184572718 186263866
184572718 181379646 212658302 181379646
409577222 735595783 441919812 764579344
441919812 764579344 442734354 764579344
441919812 764579344 441919812 766023948
511574468 822054329 553929249 842628920
553929249 842628920 553929249 846016617
553929249 842628920 573528729 842628920
573528729 842628920 600581276 846747585
114229495 125039348 157932830 144420071
206571162 0 270013528 0
270013528 0 278571960 0
278571960 0 303953792 0
303953792 0 315333960 0
315333960 0 317516275 0
317516275 0 329455319 0
329455319 0 336752595 0
336752595 0 345431513 0
336752595 0 336752595 10028508
315333960 0 315333960 12036956
329455319 0 329455319 12434339
315333960 12036956 317516275 34439371
278571960 0 278571960 32526219
270013528 0 270013528 33048424
278571960 32526219 303953792 41547950
317516275 34439371 345431513 44733921
371436629 324775020 431739267 328729717
431739267 328729717 431739267 329677586
431739267 328729717 436359236 328729717
431739267 329677586 435750773 330593509
435750773 330593509 435750773 333735697
435750773 330593509 488599214 330593509
435750773 333735697 446487351 378018956
446487351 378018956 446487351 387101051
446487351 387101051 449398147 391395714
449398147 391395714 454309729 415292185
454309729 415292185 483375313 415292185
483375313 415292185 483375313 427215912
483375313 427215912 483375313 436758759
483375313 427215912 495394035 427215912
495394035 427215912 495394035 429718968
495394035 427215912 504287035 427215912
483375313 436758759 488255097 449625565
488255097 449625565 488255097 449940717
488255097 449625565 495119733 449625565
495119733 449625565 496615228 452786032
496615228 452786032 496615228 474989330
496615228 474989330 514126834 474989330
514126834 474989330 532399470 478364293
496615228 474989330 496615228 498014037
483375313 415292185 506672112 415292185
496615228 452786032 522159151 452786032
522159151 452786032 542921346 466022035
542921346 466022035 565982319 466616757
565982319 466616757 565982319 471333993
565982319 466616757 576330869 466616757
576330869 466616757 576330869 470893692
576330869 466616757 584581705 466616757
576330869 470893692 578075644 489989332
578075644 489989332 578748999 489989332
578748999 489989332 578748999 495251600
578075644 489989332 578075644 497454697
578075644 497454697 578884637 510553167
578748999 489989332 593949528 489989332
578884637 510553167 578884637 529588096
578884637 510553167 605653073 510553167
605653073 510553167 632980832 513664353
632980832 513664353 665962664 513664353
665962664 513664353 677772555 513664353
665962664 513664353 665962664 532872795
665962664 532872795 677162489 540554149
446487351 378018956 482349821 378018956
506672112 415292185 534296163 426281233
534296163 426281233 542921346 443210759
542921346 443210759 546293710 443210759
593949528 489989332 617375733 505967032
532399470 478364293 543486206 508750487
543486206 508750487 545505778 537482108
545505778 537482108 550685226 569231338
584581705 466616757 614336863 480160184
482349821 378018956 510896614 393967527
510896614 393967527 534296163 415073626
534296163 415073626 556780902 415073626
556780902 415073626 591781545 422271643
591781545 422271643 591781545 435422605
591781545 435422605 604947556 439461837
604947556 439461837 604947556 439868322
604947556 439868322 611898084 450283452
611898084 450283452 622286761 453046303
622286761 453046303 626010020 453046303
626010020 453046303 631775399 453046303
626010020 453046303 626010020 462304377
622286761 453046303 622286761 463015734
626010020 462304377 637416496 472754448
604947556 439461837 627588961 439461837
631775399 453046303 651097592 459403891
651097592 459403891 651097592 466775478
651097592 459403891 663487673 459403891
627588961 439461837 641357782 452914405
591781545 422271643 619947792 422271643
663487673 459403891 694709412 468316826
619947792 422271643 656955162 430166179
656955162 430166179 663254802 430166179
656955162 430166179 656955162 439155521
632980832 513664353 632980832 558842119
632980832 558842119 642142204 558842119
642142204 558842119 642142204 562774418
642142204 558842119 654291988 558842119
632980832 558842119 632980832 577691633
632980832 577691633 650139324 594392540
650139324 594392540 654292014 612521684
654292014 612521684 655709602 612521684
655709602 612521684 681518728 612914940
681518728 612914940 695041502 612914940
681518728 612914940 681518728 636252962
454309729 415292185 454309729 461614311
454309729 461614311 463747299 502114059
463747299 502114059 478116539 507194772
478116539 507194772 478277038 517890207
478277038 517890207 480271933 530780776
480271933 530780776 527884275 533541581
527884275 533541581 528502034 533541581
528502034 533541581 537016637 558164534
537016637 558164534 537132563 558164534
537016637 558164534 537016637 588158185
527884275 533541581 527884275 579099477
488599214 330593509 509083573 371269536
509083573 371269536 510896614 376519176
510896614 376519176 510964248 376519176
550685226 569231338 595863029 586559539
595863029 586559539 602694947 594083237
602694947 594083237 613237339 594392540
677162489 540554149 716736708 563536711
716736708 563536711 725932771 563536711
716736708 563536711 716736708 581660375
725932771 563536711 764938448 567438182
764938448 567438182 780782664 574411310
780782664 574411310 782604763 574411310
780782664 574411310 780782664 595561873
780782664 595561873 794627476 609313079
794627476 609313079 822218370 617004617
822218370 617004617 855423185 622512559
782604763 574411310 839264017 577095039
839264017 577095039 841767632 579040896
841767632 579040896 846452358 582256997
846452358 582256997 846452358 582841532
846452358 582841532 851256912 582841532
846452358 582256997 853813477 582256997
853813477 582256997 860115375 582372008
860115375 582372008 860115375 597168619
860115375 582372008 877923423 582372008
846452358 582841532 846452358 601144581
877923423 582372008 894292898 591372272
894292898 591372272 894292898 599132140
894292898 599132140 902518425 600464071
902518425 600464071 912067466 600464071
912067466 600464071 929989820 608385673
929989820 608385673 944536814 608385673
894292898 591372272 924310082 591372272
929989820 608385673 929989820 644381915
929989820 644381915 952964060 653225493
952964060 653225493 967957728 653225493
952964060 653225493 952964060 688429924
952964060 688429924 952964060 692092433
952964060 688429924 960706013 688429924
960706013 688429924 973029994 688843282
973029994 688843282 973029994 691647543
973029994 688843282 987102250 688843282
973029994 691647543 984724217 715947128
316079471 689004509 328050008 742353550
328050008 742353550 335591322 760111667
335591322 760111667 340072867 761234683
340072867 761234683 367173813 761234683
367173813 761234683 373626081 761234683
373626081 761234683 380087737 769003195
367173813 761234683 367173813 816425368
643206608 977430090 688774898 997188701
367173813 816425368 367929209 882542011
367929209 882542011 368230948 887123330
368230948 887123330 374378752 887123330
374378752 887123330 382640486 919532796
382640486 919532796 382640486 926666530
382640486 926666530 382772289 926666530
382772289 926666530 388155414 928692325
388155414 928692325 388155414 942179556
382640486 919532796 399069858 919532796
388155414 942179556 402178755 948869430
402178755 948869430 417298429 948869430
382640486 926666530 382640486 953484592
402178755 948869430 402178755 981994851
402178755 981994851 432319749 984527042
432319749 984527042 432319749 999027534
432319749 984527042 449135506 984527042
449135506 984527042 455037225 998570928
399069858 919532796 435545654 928692325
435545654 928692325 437045152 928692325
435545654 928692325 435545654 937156141
435545654 937156141 466598232 946482453
466598232 946482453 473125013 964783060
473125013 964783060 473125013 971598964
473125013 971598964 473125013 977138146
473125013 971598964 484617433 971598964
473125013 964783060 498871415 964783060
373259940 285471130 426478586 299381655
426478586 299381655 428198732 299381655
426478586 299381655 426478586 302974583
428198732 299381655 462011775 301101340
246777156 236437695 286867182 265446012
286867182 265446012 287926596 276489888
287926596 276489888 302734574 294451949
624389637 924444141 661663745 957252149
410364298 802563139 410364298 872863211
410364298 872863211 440013616 899564176
440013616 899564176 442940373 899564176
440013616 899564176 440013616 913119884
442940373 899564176 447729816 912615814
447729816 912615814 465823616 913095260
465823616 913095260 465823616 916868785
465823616 916868785 467420106 917925359
467420106 917925359 467420106 919325490
465823616 913095260 477576838 913095260
477576838 913095260 480912064 917925359
383017153 183835513 438010142 199579687
438010142 199579687 465962300 199579687
438010142 199579687 438010142 229955669
438010142 229955669 445674883 234056886
445674883 234056886 445674883 250529499
445674883 250529499 447372189 260849362
447372189 260849362 447372189 273888998
447372189 273888998 451078653 273888998
447372189 273888998 447372189 283842079
447372189 283842079 447469105 284019801
447469105 284019801 447469105 295458490
447469105 284019801 465595647 284019801
451078653 273888998 465595647 279629612
465595647 279629612 486515171 279629612
486515171 279629612 508065805 289240167
447372189 260849362 486449776 260849362
486449776 260849362 491718080 265775465
491718080 265775465 491718080 270546853
491718080 270546853 491718080 273462068
491718080 270546853 496396450 270546853
496396450 270546853 521695477 286102485
521695477 286102485 537813675 306495407
537813675 306495407 542156786 329811548
491718080 265775465 533204098 265775465
533204098 265775465 567585649 268690307
567585649 268690307 583114994 280798270
583114994 280798270 583114994 282576550
583114994 280798270 605324154 280798270
605324154 280798270 608404366 301578225
608404366 301578225 608404366 302846179
608404366 302846179 624356760 322833543
624356760 322833543 625677396 333451163
625677396 333451163 638496841 337238930
638496841 337238930 650106070 337238930
638496841 337238930 638496841 353031926
650106070 337238930 674289245 340891099
674289245 340891099 678965706 345020952
678965706 345020952 680833301 345020952
678965706 345020952 678965706 355962778
542156786 329811548 556703592 361067783
608404366 301578225 660351262 301578225
678965706 355962778 689057969 398036679
689057969 398036679 692132445 398036679
689057969 398036679 689057969 412605605
445674883 234056886 498973359 234056886
498973359 234056886 506963748 237918604
556703592 361067783 588048691 386425344
588048691 386425344 618089815 395614458
618089815 395614458 621309789 396453566
621309789 396453566 621629415 396453566
621309789 396453566 621309789 409833791
680833301 345020952 738291034 348984626
738291034 348984626 745174720 373099694
745174720 373099694 745174720 380754384
745174720 380754384 745174720 383256662
745174720 383256662 748136536 385023310
745174720 380754384 752519272 380754384
748136536 385023310 748136536 395051427
752519272 380754384 766440449 385023310
766440449 385023310 775136990 389495175
775136990 389495175 775136990 400233753
745174720 373099694 763520543 373099694
775136990 400233753 789759864 412407210
775136990 389495175 834530516 389495175
834530516 389495175 839566619 394711068
839566619 394711068 850275523 394711068
839566619 394711068 839566619 439857846
839566619 439857846 842686200 439857846
842686200 439857846 847275383 441978415
839566619 439857846 839566619 447871731
847275383 441978415 872568115 442366307
872568115 442366307 883621804 446759655
883621804 446759655 918661496 446759655
918661496 446759655 921602872 480244832
921602872 480244832 930862725 499113494
930862725 499113494 934257091 530120401
934257091 530120401 934257091 548955490
934257091 548955490 934257091 555701401
934257091 548955490 947687089 548955490
934257091 555701401 944536814 575594378
944536814 575594378 945805185 575594378
945805185 575594378 961357029 581779712
883621804 446759655 883621804 489145582
883621804 489145582 899724878 490530211
899724878 490530211 899724878 492571007
899724878 490530211 912977880 490530211
934257091 530120401 978206853 530120401
961357029 581779712 995479094 593460804
839566619 447871731 845025455 501512412
845025455 501512412 850138652 548028221
850138652 548028221 852332077 549000990
852332077 549000990 852332077 560336795
852332077 549000990 898686214 549000990
789759864 412407210 810483992 459404270
810483992 459404270 817487095 482798691
817487095 482798691 817487095 494930503
817487095 482798691 836925999 482798691
817487095 494930503 834227153 501512412
834227153 501512412 834227153 535877611
834227153 535877611 834554550 542209587
834554550 542209587 843440093 542209587
834554550 542209587 834554550 551752490
843440093 542209587 847318202 550887370
759403897 754368485 804509757 780476265
804509757 780476265 818145300 780476265
818145300 780476265 818145300 793773610
804509757 780476265 804509757 794258274
818145300 780476265 841857039 780476265
345431513 0 416725506 0
416725506 0 437298616 0
437298616 0 437298616 4510319
437298616 0 466217561 0
466217561 0 466217561 4530328
416725506 0 416725506 44642130
466217561 0 514254128 0
514254128 0 525320424 0
525320424 0 529603398 0
529603398 0 529603398 2127149
529603398 0 534608870 0
534608870 0 541210237 0
534608870 0 534608870 12248515
534608870 12248515 541210237 14687525
525320424 0 525320424 20267869
541210237 0 564968534 0
564968534 0 565789852 0
565789852 0 567542089 0
567542089 0 572307333 0
572307333 0 572307333 12664936
572307333 0 586539239 0
586539239 0 593160678 0
586539239 0 586539239 10866459
567542089 0 567542089 19069357
586539239 10866459 593160678 36275247
514254128 0 514254128 34114549
593160678 36275247 594608001 69047450
594608001 69047450 599426187 78029327
599426187 78029327 599426187 89527344
599426187 89527344 606516828 89527344
599426187 89527344 599426187 107076506
599426187 107076506 610866980 111191492
610866980 111191492 610866980 111426516
610866980 111191492 626823602 111191492
599426187 78029327 617288743 78029327
626823602 111191492 651123876 112009811
651123876 112009811 667491229 112009811
651123876 112009811 651123876 131709241
667491229 112009811 694978302 121536855
593160678 0 631888568 0
631888568 0 631888568 6465345
631888568 0 647460776 0
647460776 0 662480291 0
662480291 0 671494102 0
671494102 0 682066481 0
682066481 0 682066481 21796758
671494102 0 671494102 25725245
682066481 0 707810806 0
707810806 0 712413993 0
712413993 0 712413993 1038938
712413993 0 730742409 0
730742409 0 738541852 0
738541852 0 738541852 9995924
738541852 0 772251314 0
772251314 0 772251314 11817224
772251314 0 800735303 0
800735303 0 800735303 34303498
662480291 0 662480291 36288744
662480291 36288744 666671699 53437873
666671699 53437873 668038474 63543890
668038474 63543890 668477921 63543890
668038474 63543890 668038474 96921025
668038474 96921025 685144945 110748158
730742409 0 730742409 38190857
730742409 38190857 737709390 57515287
737709390 57515287 737709390 60522866
737709390 60522866 743756586 68080444
737709390 57515287 755716755 57515287
755716755 57515287 771450425 72461608
771450425 72461608 771450425 74213728
771450425 72461608 791582997 72461608
771450425 74213728 782458154 86416366
782458154 86416366 790666095 94813179
790666095 94813179 796221933 94813179
796221933 94813179 802205151 95808472
802205151 95808472 804705636 95808472
804705636 95808472 808785164 96077405
808785164 96077405 815482744 104334025
815482744 104334025 815482744 112985596
815482744 112985596 824099497 120761534
824099497 120761534 824099497 127869394
824099497 127869394 829097949 133153231
829097949 133153231 838095588 133153231
838095588 133153231 838095588 134501219
838095588 133153231 853422792 133153231
838095588 134501219 839510635 148868773
829097949 133153231 829097949 153103259
790666095 94813179 790666095 116127808
790666095 116127808 792199791 121642746
792199791 121642746 802205151 121642746
824099497 120761534 849794190 120761534
849794190 120761534 864526907 124840831
839510635 148868773 857127224 157199502
857127224 157199502 881044402 162787683
881044402 162787683 891009041 178200214
891009041 178200214 891009041 186239611
891009041 178200214 902691536 178200214
792199791 121642746 792199791 156524233
792199791 156524233 811748409 170842364
811748409 170842364 820990427 170842364
820990427 170842364 823439054 170842364
820990427 170842364 820990427 178579479
820990427 178579479 837145885 186852370
837145885 186852370 838706392 194837476
838706392 194837476 838706392 212415827
838706392 212415827 849944282 226477192
838706392 194837476 871679783 194837476
871679783 194837476 871679783 195252402
871679783 194837476 879668570 194837476
811748409 170842364 811748409 207575523
811748409 207575523 831151869 215416613
815482744 104334025 852369255 104334025
852369255 104334025 874904397 106882141
874904397 106882141 888947937 109495350
888947937 109495350 888947937 113085317
888947937 113085317 892544055 137299182
892544055 137299182 919413022 139767930
919413022 139767930 919413022 141273448
919413022 141273448 935425154 149527507
935425154 149527507 946537842 156636390
946537842 156636390 958434954 156636390
958434954 156636390 983151877 159228473
983151877 159228473 999338442 159228473
983151877 159228473 983151877 182442501
983151877 182442501 995627240 188185081
919413022 139767930 955782594 139767930
707810806 0 707810806 41660514
707810806 41660514 710461178 51610441
710461178 51610441 716623576 71256116
685144945 110748158 725433396 113017040
955782594 139767930 984040723 154207486
984040723 154207486 997438674 156509617
849944282 226477192 881066637 238921891
881066637 238921891 883319894 242425079
883319894 242425079 898867631 242425079
898867631 242425079 898867631 252272457
898867631 242425079 935761192 242425079
935761192 242425079 954664424 261436937
954664424 261436937 954664424 266638538
954664424 266638538 958788394 287577202
954664424 261436937 995262747 261436937
514254128 34114549 536573714 59054739
564968534 0 564968534 48586990
564968534 48586990 567293767 94947410
567293767 94947410 568048588 107351915
568048588 107351915 568048588 113306164
568048588 107351915 585568058 107351915
568048588 113306164 580201495 118977409
580201495 118977409 586727374 137583903
586727374 137583903 601576539 159011778
601576539 159011778 603393675 165303214
603393675 165303214 625644691 165303214
625644691 165303214 625644691 173303328
625644691 173303328 628007612 178562400
628007612 178562400 628007612 180184501
628007612 180184501 628446028 200438816
628446028 200438816 628446028 206105763
628446028 200438816 652074867 200438816
625644691 165303214 649763971 165303214
649763971 165303214 664527015 178349475
664527015 178349475 664527015 178562400
664527015 178349475 690272491 178349475
603393675 165303214 603393675 196353673
603393675 196353673 603393675 203771901
603393675 196353673 617702235 196353673
603393675 203771901 609427250 223721931
690272491 178349475 718606920 183649210
664527015 178562400 685074600 195741796
685074600 195741796 697162694 225860347
697162694 225860347 716859064 227094585
716859064 227094585 720642755 230381119
720642755 230381119 720642755 235134080
720642755 230381119 730676806 230381119
730676806 230381119 754336210 242963223
754336210 242963223 754707954 244580515
754707954 244580515 755496915 244580515
754707954 244580515 754707954 264552900
754707954 264552900 755901275 290097380
755901275 290097380 759496525 315487938
652074867 200438816 665641446 231765117
665641446 231765117 665641446 235841282
665641446 231765117 676791781 231765117
676791781 231765117 679969957 237859527
665641446 235841282 676314462 237859527
679969957 237859527 692401914 259454827
692401914 259454827 693320840 259454827
692401914 259454827 692401914 284288038
692401914 284288038 705990165 290172136
705990165 290172136 729449426 299713391
729449426 299713391 733824279 299713391
729449426 299713391 729449426 320061478
733824279 299713391 745935552 312818347
647460776 0 647460776 49139793
668477921 63543890 705268719 79922979
705268719 79922979 716222004 93011295
883319894 242425079 883319894 296376458
883319894 296376458 886178204 314721016
886178204 314721016 886178204 320480226
886178204 320480226 904956894 320480226
886178204 314721016 906391862 314721016
886178204 320480226 886178204 346774555
886178204 346774555 890175932 368421189
890175932 368421189 890246523 369169233
890246523 369169233 904663182 369169233
904663182 369169233 904663182 374381981
904663182 369169233 913930202 369169233
913930202 369169233 916145459 380070799
916145459 380070799 916145459 389884621
890246523 369169233 890246523 383734101
916145459 389884621 918661496 407673671
918661496 407673671 918661496 419213366
918661496 419213366 927091683 419213366
927091683 419213366 936900021 419977446
918661496 407673671 938973634 407673671
916145459 380070799 949156748 380070799
958788394 287577202 960415011 340861659
960415011 340861659 960415011 347099646
960415011 340861659 969460327 340861659
969460327 340861659 972120797 347087514
972120797 347087514 972529025 347087514
972120797 347087514 972120797 362100934
972120797 362100934 972120797 373286511
972120797 362100934 984997536 362100934
631888568 6465345 638193782 56132392
416725506 44642130 449756387 68662700
449756387 68662700 458175026 68662700
449756387 68662700 449756387 82166718
449756387 82166718 450071637 82166718
449756387 82166718 449756387 90546357
458175026 68662700 470016498 71242191
470016498 71242191 505768143 71242191
470016498 71242191 470016498 125079735
470016498 125079735 492705121 125079735
470016498 125079735 470016498 148606447
470016498 148606447 477831461 152143898
477831461 152143898 499044337 161134893
499044337 161134893 500722244 161134893
500722244 161134893 505568264 161134893
500722244 161134893 500722244 173191283
500722244 173191283 530186151 174633708
499044337 161134893 499044337 193264444
505568264 161134893 530186151 170495833
530186151 170495833 549945154 170495833
549945154 170495833 552779812 195928557
552779812 195928557 552779812 205916479
552779812 195928557 566468381 195928557
566468381 195928557 567585649 199688045
567585649 199688045 591021434 199688045
567585649 199688045 567585649 231725105
567585649 231725105 570636740 231725105
591021434 199688045 600161901 226729946
492705121 125079735 530186151 140358829
530186151 140358829 556821076 140358829
505768143 71242191 521819081 110125631
888947937 109495350 946818894 109495350
946818894 109495350 956100003 113091988
956100003 113091988 956100003 129522730
956100003 113091988 994234548 113091988
994234548 113091988 998485684 118076093
791582997 72461608 837574364 84510763
831151869 215416613 838277764 267097487
838277764 267097487 856001538 297088716
856001538 297088716 856001538 304144015
856001538 297088716 865849547 297088716
800735303 34303498 840364717 55070346
840364717 55070346 848703510 79444394
676314462 237859527 676314462 298272605
755496915 244580515 800485600 260852230
651123876 131709241 683004991 162320369
683004991 162320369 718074604 166063916
718074604 166063916 764251459 167841312
764251459 167841312 775439577 210245152
775439577 210245152 802055587 237430918
904663182 374381981 904700632 438034820
499044337 193264444 526604627 231234783
946537842 156636390 946537842 224755480
946537842 224755480 950470452 234186992
379350854 241854989 420859726 272834862
695041502 612914940 747220147 633809520
747220147 633809520 778749844 637263779
995262747 261436937 999231211 332679031
800735303 0 876381850 0
876381850 0 882890764 0
882890764 0 884259535 0
884259535 0 884259535 12914871
876381850 0 876381850 18713102
876381850 18713102 882890764 19726190
884259535 0 904833434 0
904833434 0 918912774 0
918912774 0 918912774 3634911
918912774 3634911 918912774 28016010
918912774 28016010 925044254 43950258
925044254 43950258 925044254 48674634
925044254 48674634 925044254 75260835
925044254 48674634 952347406 48674634
952347406 48674634 965924673 48959821
925044254 43950258 952726849 43950258
918912774 3634911 957624933 3634911
957624933 3634911 977108204 13224078
952726849 43950258 990279989 47063145
904833434 0 904833434 46626288
925044254 75260835 947691649 99473373
201142527 445100143 218015631 505026416
218015631 505026416 229739506 518019932
229739506 518019932 240147784 532783272
340072867 761234683 340072867 838634830
340072867 838634830 363935520 838634830
363935520 838634830 365550036 838634830
363935520 838634830 363935520 846709983
340072867 838634830 340072867 872648257
340072867 872648257 352810132 880877304
363935520 846709983 392889946 868588611
392889946 868588611 459235516 872092204
841857039 780476265 897835705 802062699
897835705 802062699 921845627 815293001
921845627 815293001 921845627 827418773
921845627 815293001 960417203 815293001
960417203 815293001 963662683 815293001
960417203 815293001 960417203 820369440
963662683 815293001 975201694 819722027
975201694 819722027 992182068 850583611
992182068 850583611 992261391 856761812
720708730 966968993 799538340 966968993
800485600 260852230 831446475 309638400
831446475 309638400 835107692 354582996
835107692 354582996 839999081 358366175
748136536 395051427 755266935 468055191
755266935 468055191 757548343 516168587
757548343 516168587 757646982 547662610
757646982 547662610 812423979 562541893
368230948 887123330 368230948 973126412
799538340 966968993 854419402 998143049
282854305 442888378 360867082 451486211
360867082 451486211 360867082 473231419
360867082 451486211 390076524 451486211
390076524 451486211 391760065 460525355
391760065 460525355 391760065 478632436
391760065 478632436 392072497 487579158
391760065 460525355 410543813 460525355
392072497 487579158 405329117 500407362
405329117 500407362 407427514 507082171
407427514 507082171 431232886 513975401
431232886 513975401 432825781 532304557
820882264 845968607 832013062 922111793
802460863 667469393 841863236 715899675
841863236 715899675 853387147 723490551
853387147 723490551 853387147 741728923
853387147 723490551 873513184 723490551
873513184 723490551 874317074 723490551
873513184 723490551 873513184 725629543
853387147 741728923 853969545 770039325
874317074 723490551 930825047 725507264
930825047 725507264 936650861 769542078
936650861 769542078 948190985 787254665
948190985 787254665 950269063 787254665
948190985 787254665 948190985 789368871
441919812 766023948 501674461 795856438
365024687 650151923 368452385 737380925
368452385 737380925 368452385 740175205
368452385 737380925 374641713 737380925
240147784 532783272 259384214 604296268
259384214 604296268 262072552 643514284
262072552 643514284 266721450 643514284
262072552 643514284 262072552 652068771
262072552 652068771 272783166 717422935
272783166 717422935 293186802 735027310
293186802 735027310 296410514 737380925
296410514 737380925 309821791 737380925
309821791 737380925 309821791 746010658
296410514 737380925 296410514 759223268
296410514 759223268 308200888 759223268
296410514 759223268 296410514 803553514
296410514 803553514 308344415 803814856
308344415 803814856 310427706 803814856
308344415 803814856 308344415 833541319
308344415 833541319 315312413 837042819
315312413 837042819 323604317 837042819
315312413 837042819 315312413 865375483
310427706 803814856 322841666 822012595
322841666 822012595 325203352 822012595
322841666 822012595 322841666 827478737
322841666 827478737 323604317 831141783
323604317 831141783 363240794 831141783
315312413 865375483 332539956 895841887
332539956 895841887 335212723 896440493
902518425 600464071 902518425 691469836
902518425 691469836 922541494 710795865
922541494 710795865 929438882 723083895
929438882 723083895 930366994 723083895
929438882 723083895 929438882 801855602
426478586 302974583 429547193 391809052
429547193 391809052 438565999 422547869
345431513 44733921 415020318 67425508
853969545 770039325 876844044 839571817
876844044 839571817 876844044 841108302
876844044 839571817 896111085 839571817
883689963 968885620 947172173 998032627
0 0 0 94691428
0 94691428 34733011 94691428
34733011 94691428 51395736 112950344
51395736 112950344 54350788 112950344
51395736 112950344 51395736 140776250
51395736 140776250 70157628 149316252
70157628 149316252 85885253 155475210
85885253 155475210 89416586 155475210
85885253 155475210 85885253 178805134
85885253 178805134 99828881 213499479
0 94691428 0 156771922
0 156771922 7343230 156771922
0 156771922 0 179453966
0 179453966 0 195620650
0 195620650 0 200333178
0 200333178 0 211447657
0 211447657 19400485 211447657
0 179453966 22681530 179453966
22681530 179453966 36697180 195620650
36697180 195620650 36697180 200333178
36697180 195620650 48378448 195620650
0 211447657 0 247396995
0 247396995 0 249203654
0 249203654 2552138 249203654
0 249203654 0 285665346
0 285665346 0 304533775
0 304533775 0 307250484
0 307250484 0 309110712
0 307250484 3160929 307250484
0 309110712 0 313710916
0 313710916 0 320043296
0 320043296 0 330093594
0 330093594 0 337818055
0 337818055 3236775 337818055
3160929 307250484 19227516 309110712
19227516 309110712 32109088 313710916
32109088 313710916 38692604 320043296
38692604 320043296 52342081 320817237
52342081 320817237 72803163 320817237
0 247396995 39776236 247396995
0 304533775 40820293 304533775
40820293 304533775 81462419 305327826
81462419 305327826 81462419 307628286
81462419 305327826 107081771 305327826
107081771 305327826 110883348 329393780
110883348 329393780 120218197 356699178
0 337818055 0 380503065
0 380503065 5476532 380503065
0 380503065 0 390380217
0 390380217 0 394295007
0 390380217 12405107 390380217
12405107 390380217 21777390 394295007
21777390 394295007 58000166 398394478
58000166 398394478 60203431 423264157
60203431 423264157 60203431 446425039
60203431 423264157 100109860 423264157
39776236 247396995 46408990 285665346
100109860 423264157 119424238 456790328
119424238 456790328 135865651 456790328
135865651 456790328 138620422 468366321
138620422 468366321 138620422 472256572
138620422 472256572 138620422 476295203
138620422 472256572 144172443 472256572
119424238 456790328 119424238 474234170
138620422 468366321 166375257 468366321
138620422 476295203 140187743 514655343
140187743 514655343 157896126 522920526
157896126 522920526 161739047 522920526
161739047 522920526 162459519 526065562
157896126 522920526 157896126 527080724
162459519 526065562 167076782 526065562
162459519 526065562 162459519 547681801
162459519 547681801 181940597 560887047
181940597 560887047 190059895 560887047
181940597 560887047 181940597 587460029
181940597 587460029 182233657 587460029
181940597 587460029 181940597 588859776
181940597 588859776 187925765 589106274
187925765 589106274 204649609 589106274
187925765 589106274 187925765 633923486
187925765 633923486 195933725 635856115
195933725 635856115 202197942 660696899
202197942 660696899 202197942 668272776
202197942 660696899 219708434 660696899
219708434 660696899 225467667 666896447
225467667 666896447 253050866 666896447
225467667 666896447 225467667 694908000
225467667 694908000 227945528 724857957
227945528 724857957 237870814 724857957
227945528 724857957 227945528 752668572
227945528 752668572 245716094 776484792
245716094 776484792 255981385 776484792
245716094 776484792 245716094 790993330
237870814 724857957 267510964 741306178
48378448 195620650 53652466 243483171
53652466 243483171 64181129 278327368
166375257 468366321 188020144 503691364
52342081 320817237 52342081 378623332
52342081 378623332 63490915 381505154
63490915 381505154 63490915 382676052
63490915 382676052 70313134 391326170
63490915 381505154 110582985 381505154
60203431 446425039 76688647 491742221
76688647 491742221 76781259 494503727
76781259 494503727 84682799 494503727
84682799 494503727 84682799 496425415
84682799 494503727 101114267 494503727
76781259 494503727 76781259 528300760
76781259 528300760 83249540 536712605
83249540 536712605 90132743 536712605
90132743 536712605 90132743 541114670
90132743 536712605 96069880 536712605
90132743 541114670 96057863 559519515
96057863 559519515 101896060 569531470
101896060 569531470 123734965 569531470
101896060 569531470 101896060 591635279
101896060 591635279 114995220 633278114
114995220 633278114 114995220 648317045
114995220 648317045 121133621 665359777
121133621 665359777 121133621 672452655
121133621 665359777 131035505 665359777
131035505 665359777 136652200 672664311
136652200 672664311 136652200 677756713
136652200 677756713 140928801 677756713
140928801 677756713 144348452 682014129
136652200 672664311 158123265 672664311
158123265 672664311 163653459 700402532
163653459 700402532 164883121 700402532
164883121 700402532 172529072 706692168
172529072 706692168 180327515 720299426
180327515 720299426 181952322 727477950
181952322 727477950 181952322 730672601
181952322 727477950 192988667 727477950
114995220 633278114 156461632 633278114
181952322 730672601 192883816 761913411
192883816 761913411 195882008 810802408
195882008 810802408 211046264 822356932
211046264 822356932 211046264 836449934
211046264 836449934 212444632 836449934
211046264 822356932 227152574 822356932
211046264 836449934 211046264 854727092
211046264 854727092 225833209 877019414
225833209 877019414 225833209 883660137
225833209 883660137 228303303 888588746
228303303 888588746 231761793 894624974
225833209 877019414 246158962 877019414
231761793 894624974 231761793 917752403
231761793 894624974 269502394 894624974
227152574 822356932 277929921 823802459
277929921 823802459 284482046 843135690
284482046 843135690 287686165 865806866
287686165 865806866 291238995 865806866
287686165 865806866 287686165 889785815
287686165 889785815 301958981 920640375
301958981 920640375 310468422 930830512
310468422 930830512 316605142 951801233
163653459 700402532 163653459 753799619
163653459 753799619 180518311 789736044
83249540 536712605 83249540 595050032
83249540 595050032 87673554 605587202
87673554 605587202 87936888 605587202
87673554 605587202 87673554 627309470
269502394 894624974 270667922 956137923
270667922 956137923 285820995 971023959
285820995 971023959 293293678 971023959
285820995 971023959 285820995 982300663
285820995 982300663 309885745 989137687
309885745 989137687 345088240 992632966
136652200 677756713 136652200 748462881
136652200 748462881 158777572 783747204
158777572 783747204 160055863 839776029
160055863 839776029 160825852 864787292
160825852 864787292 160825852 867866154
160825852 867866154 169792876 868776521
169792876 868776521 179955420 868776521
169792876 868776521 169792876 882836215
169792876 882836215 174582962 882836215
169792876 882836215 169792876 888413592
179955420 868776521 195056450 874772812
169792876 888413592 177510939 907525460
160825852 864787292 188116330 864787292
177510939 907525460 192884566 931579517
192884566 931579517 210238486 939286628
210238486 939286628 212037254 939286628
210238486 939286628 210238486 980884402
210238486 980884402 250388615 988558382
99828881 213499479 118602269 269944130
110582985 381505154 151413954 421934672
466217561 4530328 503641093 62388506
0 394295007 0 491230580
0 491230580 0 503674619
0 491230580 36678657 491230580
36678657 491230580 41320600 495720828
41320600 495720828 41320600 503674619
41320600 495720828 54823658 495720828
41320600 503674619 50509518 519677686
50509518 519677686 56756868 540487732
0 503674619 0 543264548
0 543264548 30424086 543264548
0 543264548 0 600712645
0 600712645 11602712 600712645
0 600712645 0 635112598
0 635112598 13064907 635112598
0 635112598 0 662541213
0 662541213 1308733 662541213
0 662541213 0 679288252
0 679288252 0 681214981
0 681214981 0 694428494
0 694428494 0 694938147
0 681214981 13499358 681214981
0 694938147 0 710576031
0 710576031 0 723679597
0 710576031 18488185 710576031
18488185 710576031 20285812 723679597
0 694938147 18752647 694938147
0 723679597 0 746491886
0 746491886 0 747476724
0 747476724 0 747713484
0 747713484 0 756596086
0 756596086 7636970 756596086
0 747713484 26120408 747713484
0 746491886 32461399 746491886
32461399 746491886 47744194 747476724
0 679288252 33683337 679288252
33683337 679288252 41613970 694428494
41613970 694428494 68320271 700899856
68320271 700899856 76096093 719501340
76096093 719501340 98280508 733073402
98280508 733073402 103938775 733073402
103938775 733073402 112591442 749990155
112591442 749990155 130699517 765002356
130699517 765002356 131192246 765002356
0 756596086 0 797882029
0 797882029 0 802391508
0 802391508 0 803272061
0 803272061 0 808002322
0 808002322 0 808160900
0 808002322 9359856 808002322
0 797882029 17564278 797882029
17564278 797882029 23671888 800207096
23671888 800207096 23671888 802391508
23671888 802391508 38400278 803272061
38400278 803272061 38400278 808160900
38400278 803272061 44859228 803272061
44859228 803272061 52602704 806514872
0 808160900 0 830386392
0 830386392 0 837087495
0 837087495 0 838676481
0 838676481 0 850497089
0 850497089 0 858475558
0 850497089 17948272 850497089
17948272 850497089 19155438 858475558
0 858475558 0 885826801
0 885826801 0 902025963
0 902025963 0 911902754
0 911902754 10728156 911902754
0 885826801 19859476 885826801
19859476 885826801 30612025 893388280
30612025 893388280 30612025 902025963
30612025 893388280 50835535 893388280
50835535 893388280 58448532 896372593
58448532 896372593 86098261 896372593
86098261 896372593 86098261 905796318
86098261 896372593 95829353 896372593
95829353 896372593 104733874 910764573
104733874 910764573 107062696 910764573
104733874 910764573 104733874 929827606
104733874 929827606 105009111 941264668
105009111 941264668 108054596 941264668
105009111 941264668 105009111 949222878
105009111 949222878 107491694 949222878
105009111 949222878 105009111 965538078
105009111 965538078 128076383 967574594
128076383 967574594 138012626 976765999
138012626 976765999 138012626 981711998
58448532 896372593 58448532 929294851
58448532 929294851 77044372 929294851
58448532 929294851 58448532 949186135
0 830386392 33939098 830386392
33939098 830386392 48467098 837087495
48467098 837087495 49392865 837087495
48467098 837087495 48467098 838676481
49392865 837087495 70565807 837835397
70565807 837835397 73853855 849075561
73853855 849075561 93717734 849075561
93717734 849075561 108875627 853501362
108875627 853501362 109643202 870883681
109643202 870883681 109643202 880767086
73853855 849075561 73853855 869940156
109643202 880767086 129846694 883149300
129846694 883149300 139818146 883149300
129846694 883149300 129846694 903050877
138012626 976765999 175513260 976765999
109643202 870883681 147390840 870883681
147390840 870883681 147390840 873777117
147390840 870883681 155971542 870883681
130699517 765002356 130699517 810338915
58448532 949186135 93403052 960723747
93403052 960723747 93403052 963042547
93403052 960723747 98902114 960723747
93403052 963042547 98879901 978654109
11602712 600712645 59865088 604157618
52602704 806514872 98643595 812608884
98280508 733073402 98280508 789249740
98280508 789249740 99156399 797389967
23671888 800207096 87138824 800207096
87138824 800207096 87138824 801635407
87138824 800207096 96016585 800207096
13064907 635112598 53377133 661149593
108054596 941264668 169742598 948916090
855423185 622512559 865060316 709830617
865060316 709830617 887480177 714499262
887480177 714499262 887480177 718596541
887480177 714499262 894798377 714499262
775435326 871647030 811145536 935219612
212658302 181379646 281811419 213883076
329580463 387589062 392761781 431869882
392761781 431869882 410107214 451038774
