1468
0 0 6805804 0
6805804 0 14415593 0
14415593 0 19325416 0
19325416 0 33137099 0
33137099 0 42778626 0
0 0 0 21102045
0 21102045 0 25010005
0 25010005 0 25180757
0 25010005 6805804 25010005
6805804 25010005 19325416 25180757
0 25180757 0 42399033
0 42399033 0 47472152
0 42399033 14415593 42399033
0 47472152 0 65084305
0 65084305 0 66530902
0 66530902 0 71032207
0 65084305 6191441 65084305
6191441 65084305 14856659 66530902
0 71032207 0 84947887
0 84947887 0 90869717
0 90869717 0 96747505
0 96747505 0 97955471
0 97955471 9979276 97955471
0 97955471 0 108578555
0 108578555 8544649 108578555
0 108578555 0 118623681
0 118623681 0 124283060
0 124283060 0 141754375
0 141754375 20357202 141754375
42778626 0 42778626 21102045
0 118623681 21454418 118623681
14856659 66530902 31887427 71032207
31887427 71032207 36294641 84947887
36294641 84947887 43210650 85948292
43210650 85948292 43210650 90869717
43210650 90869717 47473357 96747505
14415593 42399033 33137099 47472152
43210650 85948292 67523044 85948292
67523044 85948292 75441418 95324005
21454418 118623681 42555951 124283060
75441418 95324005 75441418 122833931
75441418 122833931 77821049 148067331
77821049 148067331 83427409 153849361
83427409 153849361 88621246 153849361
88621246 153849361 96870926 159883579
96870926 159883579 99556749 174886040
99556749 174886040 100797402 174886040
100797402 174886040 104866782 184459582
104866782 184459582 104866782 203524392
104866782 203524392 119510395 208140716
119510395 208140716 125508107 208140716
119510395 208140716 119510395 220813462
99556749 174886040 99556749 198754513
0 141754375 0 170821558
0 170821558 0 181623436
0 181623436 12799827 181623436
0 181623436 0 197578093
0 197578093 0 211972481
0 211972481 1578625 211972481
0 170821558 27565644 170821558
0 211972481 0 240659929
0 240659929 8985439 240659929
0 240659929 0 251498419
0 251498419 110945 251498419
0 251498419 0 275902500
0 275902500 8390163 275902500
104866782 184459582 137232560 184459582
137232560 184459582 141721634 187925714
141721634 187925714 141721634 202956122
141721634 202956122 147572702 229632232
147572702 229632232 148190295 229632232
148190295 229632232 151568700 229632232
148190295 229632232 148190295 235564360
147572702 229632232 147572702 252386162
42778626 0 78675717 0
78675717 0 93446310 0
93446310 0 95540559 0
95540559 0 95540559 14433353
93446310 0 93446310 24561474
141721634 187925714 179707323 187925714
179707323 187925714 179707323 192250528
179707323 187925714 187916566 187925714
187916566 187925714 195920844 193974767
195920844 193974767 207971412 202934272
207971412 202934272 207971412 231309407
75441418 95324005 115610637 95324005
115610637 95324005 121359759 97852227
121359759 97852227 124806093 97852227
121359759 97852227 121359759 105164554
121359759 105164554 122476000 105164554
121359759 105164554 121359759 122477980
121359759 122477980 138202138 136180344
138202138 136180344 152961087 136180344
152961087 136180344 158600855 140215042
158600855 140215042 158600855 149057330
138202138 136180344 138202138 151081817
78675717 0 78675717 41889321
119510395 220813462 131872478 252536507
0 275902500 0 320368253
0 320368253 43035552 320368253
43035552 320368253 60024466 321694913
60024466 321694913 63366391 321694913
63366391 321694913 66420700 334867031
66420700 334867031 75936840 334867031
66420700 334867031 66420700 355243835
66420700 355243835 66420700 358593579
66420700 358593579 67106486 360191465
66420700 355243835 70886696 355243835
60024466 321694913 60024466 353725217
60024466 353725217 61379766 353725217
60024466 353725217 60024466 368194199
61379766 353725217 65246910 365654574
67106486 360191465 99118322 361618766
99118322 361618766 109485340 383462696
109485340 383462696 115392662 383462696
109485340 383462696 109485340 391749231
109485340 391749231 114742252 399697170
114742252 399697170 114742252 415193430
114742252 415193430 115178505 415193430
114742252 415193430 114742252 422279821
114742252 399697170 134857062 399697170
134857062 399697170 134857062 411926278
134857062 411926278 137853710 423928269
137853710 423928269 146321481 431717517
146321481 431717517 154286698 431717517
134857062 399697170 152029069 399697170
154286698 431717517 169957787 436796291
169957787 436796291 171216581 445721428
65246910 365654574 93186607 381242704
93186607 381242704 94085864 381242704
93186607 381242704 93186607 406887660
93186607 406887660 99011933 416524083
99011933 416524083 108602893 439485043
207971412 202934272 252847570 202934272
252847570 202934272 252892312 226530804
252892312 226530804 252892312 243999476
252892312 243999476 269753832 243999476
252892312 243999476 252892312 261103237
252892312 261103237 256085824 273095844
256085824 273095844 256085824 275672201
252892312 226530804 270700980 226530804
256085824 273095844 278288910 273095844
270700980 226530804 287020068 232793619
287020068 232793619 287020068 253335439
287020068 253335439 297602789 253501401
287020068 232793619 314421156 232793619
314421156 232793619 321895760 242863262
321895760 242863262 326038732 266152273
326038732 266152273 328913550 272680072
328913550 272680072 328913550 301091982
328913550 301091982 347885069 303680414
347885069 303680414 352707209 308180378
328913550 272680072 357669193 272680072
357669193 272680072 358444706 274120672
358444706 274120672 359780393 283925050
359780393 283925050 359780393 292012642
256085824 275672201 264672049 299324468
264672049 299324468 265672785 299324468
265672785 299324468 278286330 312502863
278286330 312502863 284420613 318932058
284420613 318932058 284420613 326478109
284420613 326478109 286600779 328717982
286600779 328717982 286600779 329242681
286600779 328717982 300966954 328717982
286600779 329242681 289385151 340979899
289385151 340979899 296629829 340979899
296629829 340979899 308986828 344944130
308986828 344944130 311168719 344944130
308986828 344944130 308986828 354846292
308986828 354846292 312868093 359822536
312868093 359822536 312868093 371479201
289385151 340979899 289385151 370438514
264672049 299324468 264672049 331330396
289385151 370438514 305185288 388331467
284420613 318932058 323961698 318932058
312868093 359822536 356270231 359822536
359780393 283925050 407008427 283925050
407008427 283925050 422216904 300818913
422216904 300818913 422216904 303958743
422216904 300818913 428644305 300818913
428644305 300818913 436844355 313285902
436844355 313285902 458429011 313285902
458429011 313285902 458429011 317288843
458429011 313285902 488287564 313285902
436844355 313285902 436844355 349222567
436844355 349222567 450518657 349222567
436844355 349222567 436844355 365173885
436844355 365173885 437289860 371084843
146321481 431717517 146321481 479359540
146321481 479359540 162382458 483424730
162382458 483424730 162382458 503458119
162382458 503458119 174442384 503458119
174442384 503458119 197017596 513408352
197017596 513408352 225970713 513408352
225970713 513408352 232999967 539003267
197017596 513408352 197017596 546219588
232999967 539003267 253149382 553853645
253149382 553853645 267074189 553853645
162382458 483424730 197625558 483424730
253149382 553853645 253149382 600918159
253149382 600918159 260268128 600918159
253149382 600918159 253149382 618555284
0 320368253 0 369595307
0 369595307 0 386021667
0 386021667 257770 386021667
0 386021667 0 395356072
0 395356072 0 397895757
0 397895757 0 400030580
0 400030580 0 408659744
0 408659744 11637033 408659744
0 397895757 12526779 397895757
12526779 397895757 18133664 400030580
0 395356072 22175953 395356072
0 369595307 25912436 369595307
0 408659744 0 435335027
0 435335027 58738 435335027
0 435335027 0 474212248
0 474212248 0 474698468
0 474698468 0 478129726
0 474212248 6713413 474212248
6713413 474212248 12699907 474698468
0 478129726 0 499992680
0 499992680 2589873 499992680
0 499992680 0 505699999
0 505699999 0 508706896
0 505699999 18424453 505699999
18424453 505699999 30468000 508706896
12699907 474698468 42984519 478129726
267074189 553853645 300042760 570375887
300042760 570375887 300042760 576062435
300042760 570375887 314241938 570375887
314241938 570375887 315944688 571577331
315944688 571577331 322938883 571577331
305185288 388331467 344048356 400210254
344048356 400210254 349939276 400210254
344048356 400210254 344048356 419579044
344048356 419579044 354550849 454482394
197625558 483424730 237837385 494567092
237837385 494567092 237837385 497158292
237837385 494567092 264952296 494567092
148190295 235564360 186671938 249336821
83427409 153849361 83427409 206273673
162382458 503458119 162382458 559334538
253149382 618555284 292787241 635009800
292787241 635009800 315944688 648927142
315944688 648927142 353931747 651688501
353931747 651688501 357786699 651688501
357786699 651688501 372875938 651688501
357786699 651688501 357786699 682205840
353931747 651688501 353931747 689759670
353931747 689759670 358472285 720423455
358472285 720423455 358472285 727884304
358472285 720423455 407894967 720423455
407894967 720423455 410890248 727834750
410890248 727834750 410890248 727906293
410890248 727834750 433998163 727834750
433998163 727834750 435995086 758343302
435995086 758343302 454650943 758343302
454650943 758343302 466702792 765980939
466702792 765980939 494109321 765980939
494109321 765980939 502054402 765980939
502054402 765980939 502463221 774525365
502463221 774525365 502463221 785591221
502463221 774525365 523300024 774525365
523300024 774525365 523300024 775804597
523300024 774525365 537775884 774525365
537775884 774525365 538132854 782811678
494109321 765980939 494109321 793977694
494109321 793977694 497162994 819974983
538132854 782811678 568203438 782811678
568203438 782811678 568203438 799797134
568203438 799797134 568452221 817761853
568452221 817761853 568452221 827226230
568203438 782811678 598216140 782811678
598216140 782811678 604794198 794175102
604794198 794175102 612025583 817761853
435995086 758343302 435995086 794745988
568452221 827226230 582224690 851632214
538132854 782811678 538132854 823151897
538132854 823151897 548637373 827226230
548637373 827226230 548637373 852917942
466702792 765980939 466702792 807729455
466702792 807729455 468734495 839451045
468734495 839451045 469488484 839451045
469488484 839451045 469488484 851913855
468734495 839451045 468734495 854464136
469488484 839451045 485720895 839451045
485720895 839451045 510283280 849650865
510283280 849650865 520844511 852917942
520844511 852917942 520844511 887517261
520844511 887517261 532261315 887517261
520844511 887517261 520844511 913538195
532261315 887517261 560532258 901447869
560532258 901447869 560532258 907997579
560532258 901447869 571153236 901447869
571153236 901447869 591394587 908764323
591394587 908764323 600715118 908764323
600715118 908764323 600715118 920974604
600715118 920974604 606169336 922507341
606169336 922507341 606169336 942574502
591394587 908764323 591394587 941073375
600715118 908764323 635300689 908764323
635300689 908764323 653995531 922507341
653995531 922507341 674764668 926735718
674764668 926735718 674764668 936148412
674764668 926735718 687987769 926735718
687987769 926735718 687987769 929286861
674764668 936148412 683190591 962063934
683190591 962063934 686017132 962952563
686017132 962952563 707954526 974081329
707954526 974081329 707954526 978621475
707954526 974081329 717029210 974081329
717029210 974081329 720303379 977129046
720303379 977129046 720303379 978202751
720303379 977129046 737245914 977129046
737245914 977129046 739974421 989492675
606169336 942574502 620176408 964366038
620176408 964366038 620176408 976005707
620176408 964366038 635401068 964366038
635401068 964366038 652951724 977456767
687987769 926735718 725028849 926735718
725028849 926735718 740290169 930816232
687987769 929286861 722315832 940935807
357786699 682205840 409027774 686743178
409027774 686743178 410890248 686962039
410890248 686962039 426924972 686962039
426924972 686962039 433998163 716773840
433998163 716773840 465491559 716773840
465491559 716773840 492259169 741092359
349939276 400210254 397814125 408752478
397814125 408752478 400414153 408752478
397814125 408752478 397814125 411482590
397814125 411482590 410915028 427192114
410915028 427192114 410915028 455369704
410915028 455369704 422131022 455369704
422131022 455369704 427404194 455369704
422131022 455369704 422131022 466307588
427404194 455369704 433247142 462197720
433247142 462197720 443727163 462197720
410915028 455369704 410915028 482134393
433247142 462197720 433247142 496086728
433247142 496086728 433247142 504841673
433247142 496086728 442042398 496086728
442042398 496086728 444292934 501936971
444292934 501936971 447502400 520870800
447502400 520870800 448143879 520870800
447502400 520870800 447502400 551520954
447502400 551520954 459945396 562771171
459945396 562771171 463675078 562771171
459945396 562771171 459945396 581892026
459945396 581892026 461622311 585754712
461622311 585754712 492437763 585754712
443727163 462197720 444292934 495790526
461622311 585754712 461622311 621534751
461622311 621534751 461622311 629845000
461622311 621534751 472588460 621534751
472588460 621534751 479120850 642377711
479120850 642377711 493508068 642751236
493508068 642751236 504011600 642751236
504011600 642751236 521573969 651617752
521573969 651617752 521573969 658043339
521573969 658043339 521573969 671141608
521573969 658043339 536534452 658043339
521573969 651617752 539278865 651617752
536534452 658043339 543384020 670242786
521573969 671141608 523195160 691023961
523195160 691023961 526810998 700515467
526810998 700515467 543182460 708485894
410915028 427192114 449542909 427192114
492437763 585754712 499219819 618624693
444292934 495790526 489560760 495790526
489560760 495790526 491678420 503858723
491678420 503858723 491678420 542634349
491678420 503858723 530677265 503858723
530677265 503858723 533255330 511214711
533255330 511214711 534820163 511214711
534820163 511214711 536859356 520975267
536859356 520975267 559193079 520975267
559193079 520975267 562283378 548283710
562283378 548283710 562283378 557864312
562283378 557864312 562283378 559514600
562283378 557864312 577067526 557864312
562283378 548283710 602842933 548283710
543182460 708485894 544283238 754208885
536859356 520975267 536859356 569538769
536859356 569538769 538312781 596325458
538312781 596325458 538680998 596325458
538312781 596325458 538312781 610132584
538312781 610132584 557648539 613103731
557648539 613103731 569051369 613492957
569051369 613492957 569051369 615173839
569051369 613492957 572314870 613492957
572314870 613492957 572314870 614253357
572314870 614253357 578264807 617893329
578264807 617893329 587414628 628276744
587414628 628276744 599876321 631380970
599876321 631380970 621984911 631380970
621984911 631380970 621984911 645202086
621984911 645202086 632129045 645795251
632129045 645795251 641252051 645795251
632129045 645795251 632129045 658824164
572314870 613492957 594729311 613492957
594729311 613492957 594729311 613962132
621984911 631380970 644799412 631380970
594729311 613492957 631309178 613492957
631309178 613492957 650853257 630130044
599876321 631380970 599876321 675555510
599876321 675555510 607954292 717873195
607954292 717873195 607954292 728006355
607954292 717873195 625390663 717873195
607954292 728006355 616857849 745019477
616857849 745019477 617003359 745019477
616857849 745019477 616857849 752301943
625390663 717873195 650658531 727547186
650658531 727547186 660826922 728650724
660826922 728650724 670229566 730093917
670229566 730093917 670229566 752693034
670229566 752693034 670388690 757616913
670388690 757616913 670388690 759749354
670388690 759749354 681585714 771692946
670388690 757616913 701991310 757616913
701991310 757616913 715377815 781378523
715377815 781378523 722993056 781378523
722993056 781378523 731697091 782260828
731697091 782260828 745105445 782260828
731697091 782260828 731697091 807756603
745105445 782260828 754096212 802249329
754096212 802249329 754571957 819350403
754571957 819350403 754571957 821566491
754571957 821566491 766151773 829101527
766151773 829101527 766151773 833397278
766151773 833397278 766316306 842299070
766151773 829101527 780980011 829101527
731697091 807756603 732255314 843168638
732255314 843168638 732547856 844183400
732547856 844183400 733204306 863264830
733204306 863264830 739376149 863264830
733204306 863264830 733204306 870367891
733204306 870367891 739125481 872129635
739125481 872129635 744330745 872129635
744330745 872129635 746230862 893210473
746230862 893210473 746230862 908157336
746230862 893210473 774479294 893210473
774479294 893210473 774479294 896576817
774479294 893210473 781428816 893210473
781428816 893210473 796002763 897161960
796002763 897161960 815883591 906917960
815883591 906917960 828106482 906917960
815883591 906917960 815883591 920264481
815883591 920264481 816057746 928508438
816057746 928508438 839385009 928508438
739125481 872129635 739125481 908256369
754571957 819350403 792905703 819350403
792905703 819350403 807663322 819551474
807663322 819551474 827832022 829571420
827832022 829571420 828501432 833305480
828501432 833305480 828501432 853101474
828501432 853101474 829546832 854046301
829546832 854046301 829546832 861470076
829546832 854046301 849466527 854046301
849466527 854046301 850029757 856189412
850029757 856189412 850247413 868707708
850247413 868707708 880297657 868707708
880297657 868707708 887512901 869003578
887512901 869003578 906732437 869003578
906732437 869003578 908844506 869621880
908844506 869621880 908844506 881363883
908844506 881363883 915062078 901931577
887512901 869003578 887512901 902514833
850247413 868707708 850247413 903542489
828501432 833305480 865966858 833305480
670229566 730093917 710544790 730093917
710544790 730093917 728418938 742884531
908844506 869621880 951905427 869621880
951905427 869621880 967341093 883922533
967341093 883922533 969214800 899984063
816057746 928508438 816057746 972613779
816057746 972613779 819882710 972613779
816057746 972613779 816057746 978149103
819882710 972613779 822538530 975923828
822538530 975923828 846283548 981319595
846283548 981319595 846283548 987064001
915062078 901931577 926521133 937407666
926521133 937407666 932670798 937407666
926521133 937407666 926521133 966152431
932670798 937407666 962116326 944697179
715377815 781378523 715377815 832002187
715377815 832002187 719907951 855799316
719907951 855799316 720554181 855799316
533255330 511214711 533255330 561900220
829546832 861470076 845242819 896790732
493508068 642751236 493508068 695923679
719907951 855799316 719907951 909332234
846283548 981319595 900403832 981319595
900403832 981319595 902192300 981319595
900403832 981319595 900403832 984429892
900403832 984429892 918851055 986684863
616857849 752301943 650482858 773788197
207971412 231309407 228710073 268024324
228710073 268024324 237358872 268024324
228710073 268024324 228710073 300445228
1578625 211972481 53602066 219026036
53602066 219026036 53602066 220619081
53602066 219026036 57166318 219026036
449542909 427192114 499052378 437120223
499052378 437120223 517679418 451764864
517679418 451764864 522455256 451775325
522455256 451775325 522455256 474417636
522455256 451775325 580381556 451775325
580381556 451775325 618903205 464961403
618903205 464961403 636979080 464961403
618903205 464961403 618903205 488238641
618903205 488238641 626548076 500044926
626548076 500044926 631206780 500044926
626548076 500044926 626548076 513364320
626548076 513364320 639295396 527400581
636979080 464961403 651215863 481632700
651215863 481632700 657640643 484449856
657640643 484449856 683450719 492270278
683450719 492270278 683450719 497048469
683450719 492270278 693903878 492270278
693903878 492270278 729132714 497870104
683450719 497048469 693306130 545417057
693306130 545417057 701093293 590103177
701093293 590103177 701506617 594455456
701506617 594455456 751335928 594455456
751335928 594455456 752041604 614193450
752041604 614193450 752041604 639975334
752041604 639975334 760514119 639975334
752041604 639975334 752041604 649983435
760514119 639975334 776714203 643745749
752041604 614193450 782093538 614193450
782093538 614193450 821906637 617769828
821906637 617769828 827044778 637053447
827044778 637053447 827044778 642214318
827044778 642214318 841103918 642214318
841103918 642214318 843785931 643716902
843785931 643716902 843785931 652178718
843785931 652178718 843857813 662060289
843857813 662060289 844319546 670154024
844319546 670154024 858473626 670154024
827044778 642214318 827044778 656472548
827044778 656472548 835292488 656472548
827044778 656472548 827044778 673640165
844319546 670154024 844319546 690597230
844319546 690597230 858895650 690684347
858895650 690684347 858895650 695061915
843785931 643716902 866123908 643716902
858895650 690684347 882922709 690684347
827044778 637053447 852487878 637053447
858473626 670154024 887076991 670801836
887076991 670801836 899233061 670801836
887076991 670801836 887076991 683856503
899233061 670801836 914860230 671362739
914860230 671362739 914860230 688370496
914860230 671362739 968075352 671362739
701506617 594455456 701506617 653003790
776714203 643745749 778775123 701422193
778775123 701422193 811530458 713695753
811530458 713695753 812942738 723265968
812942738 723265968 813959223 723265968
812942738 723265968 812942738 737245055
812942738 737245055 813430742 737245055
813430742 737245055 817615112 742555845
817615112 742555845 830645875 754306659
830645875 754306659 853838881 760001107
853838881 760001107 853838881 777141921
853838881 777141921 854338926 792036025
853838881 760001107 882959815 760001107
882959815 760001107 904633398 763546377
812942738 737245055 812942738 766491781
812942738 766491781 823201979 785663460
823201979 785663460 828744788 785663460
823201979 785663460 823201979 798035333
854338926 792036025 887462543 792190803
904633398 763546377 931155073 778496488
931155073 778496488 931155073 783291350
931155073 778496488 962932303 778496488
962932303 778496488 962932303 778920840
962932303 778496488 975256350 778496488
962932303 778920840 974236641 819529637
974236641 819529637 999354961 843601194
931155073 783291350 954918738 819169541
954918738 819169541 955386472 822845850
955386472 822845850 958440325 822845850
955386472 822845850 955386472 853482916
955386472 853482916 971247043 866239439
971247043 866239439 990931013 882253645
228710073 300445228 238418363 351444311
238418363 351444311 249702122 352002202
249702122 352002202 264310778 396714286
264310778 396714286 272334469 396714286
264310778 396714286 264310778 412505961
264310778 412505961 284977428 422710766
30468000 508706896 67098247 532960809
67098247 532960809 69789765 532960809
67098247 532960809 67098247 550487619
67098247 550487619 73749649 565448653
73749649 565448653 73749649 571984819
73749649 571984819 85795414 580607149
73749649 565448653 109104428 565448653
109104428 565448653 109654700 566135652
109654700 566135652 125314467 566135652
125314467 566135652 125314467 580607149
125314467 566135652 143880450 566135652
125314467 580607149 134856786 605596750
134856786 605596750 134856786 606471800
134856786 605596750 153800464 605596750
153800464 605596750 163648633 625087965
163648633 625087965 163648633 632578279
163648633 632578279 163726619 658469445
134856786 606471800 147070960 624828319
163648633 625087965 195067281 625087965
195067281 625087965 195067281 629215009
195067281 625087965 218664402 625087965
195067281 629215009 209119685 648962329
209119685 648962329 216836720 672781404
216836720 672781404 216836720 673362075
163726619 658469445 176984463 686368539
176984463 686368539 181089913 720448623
181089913 720448623 190087702 723389030
216836720 673362075 237667379 698081276
237667379 698081276 242110842 706909796
242110842 706909796 245851275 706909796
245851275 706909796 258122313 739493631
258122313 739493631 258122313 743056094
258122313 739493631 299009662 739493631
299009662 739493631 321147189 756578686
321147189 756578686 324674300 769297918
324674300 769297918 324674300 781671352
324674300 781671352 351716280 784955450
351716280 784955450 352716646 802785701
352716646 802785701 352855144 802785701
352855144 802785701 373931940 812379335
373931940 812379335 384112728 812379335
373931940 812379335 373931940 852616731
373931940 852616731 373931940 855491669
373931940 855491669 377735254 857294392
373931940 852616731 380000199 852616731
384112728 812379335 418687431 822631182
418687431 822631182 432173624 822631182
418687431 822631182 418687431 848279591
418687431 848279591 434903690 854464136
434903690 854464136 434903690 884065233
434903690 884065233 451229093 890410164
451229093 890410164 451229093 904199244
451229093 890410164 465869084 890410164
352716646 802785701 352716646 848864810
85795414 580607149 85795414 635591455
85795414 635591455 121549193 641082905
121549193 641082905 131869697 658909654
131869697 658909654 131869697 659914997
131869697 658909654 136019550 658909654
136019550 658909654 139049375 676192763
139049375 676192763 147126003 679928117
147126003 679928117 160550758 682018512
160550758 682018512 163724551 715860341
163724551 715860341 163724551 717067684
163724551 717067684 164860183 719568148
164860183 719568148 167412394 719568148
163724551 715860341 171129594 715860341
164860183 719568148 164860183 745728447
164860183 745728447 167787529 776991401
167787529 776991401 207013016 780765651
207013016 780765651 239043718 790250847
239043718 790250847 244050829 792912143
244050829 792912143 265797516 792912143
265797516 792912143 284267933 792912143
284267933 792912143 293136670 792912143
284267933 792912143 284267933 809977792
265797516 792912143 265797516 811776397
265797516 811776397 270077037 826191444
270077037 826191444 288596000 826191444
244050829 792912143 244050829 818727810
270077037 826191444 270077037 875833667
270077037 875833667 311312640 875988452
311312640 875988452 328481105 888523299
328481105 888523299 360881060 898848031
360881060 898848031 393715517 919113928
393715517 919113928 394783481 919113928
394783481 919113928 395907444 919113928
394783481 919113928 394783481 929368770
394783481 929368770 401556942 941132922
401556942 941132922 401556942 964251894
401556942 964251894 401556942 988231372
401556942 988231372 401556942 999417050
401556942 988231372 419750149 988231372
401556942 941132922 427107291 941132922
427107291 941132922 432865405 945610288
432865405 945610288 432865405 964251894
393715517 919113928 393715517 961761880
432865405 964251894 473108564 974660602
473108564 974660602 474205729 975477927
432865405 945610288 483976924 945610288
109654700 566135652 109654700 622380099
324674300 769297918 384095093 769297918
465869084 890410164 486638247 930189016
242110842 706909796 242110842 768693421
216836720 672781404 279616798 672781404
372875938 651688501 409027774 678318050
409027774 678318050 422547264 678318050
244050829 818727810 245033546 880531566
245033546 880531566 251766580 921724775
251766580 921724775 251766580 926187910
251766580 921724775 258571265 921724775
251766580 926187910 253040444 933891129
253040444 933891129 286204300 952168159
286204300 952168159 290973974 952168159
286204300 952168159 286204300 957310235
286204300 957310235 298249903 964562764
298249903 964562764 298249903 993845871
298249903 993845871 313822408 994047055
298249903 964562764 347603370 964562764
347603370 964562764 351810789 964562764
351810789 964562764 351810789 966490705
351810789 964562764 359276876 964562764
347603370 964562764 347603370 973942349
347603370 973942349 352216735 984278999
352216735 984278999 369915650 995178976
369915650 995178976 382050941 995397533
158600855 140215042 221753976 140215042
632129045 658824164 665245331 689052688
665245331 689052688 665245331 693931673
665245331 693931673 665667583 693931673
665667583 693931673 666153888 694427307
666153888 694427307 666153888 708683379
665245331 689052688 686990759 689052688
686990759 689052688 697630375 694427307
665245331 693931673 665245331 717589240
488287564 313285902 518159075 347010499
518159075 347010499 549006720 362886740
549006720 362886740 550753751 362886740
550753751 362886740 550753751 363088951
550753751 362886740 561233141 362886740
549006720 362886740 549006720 375554742
549006720 375554742 559615737 377990018
559615737 377990018 574243605 377990018
574243605 377990018 576130808 393282479
576130808 393282479 580532990 393282479
576130808 393282479 576130808 403053631
559615737 377990018 559615737 413966501
559615737 413966501 572900547 413966501
559615737 413966501 559615737 434318730
572900547 413966501 632396991 416076137
632396991 416076137 656480864 435067048
656480864 435067048 663922569 435067048
656480864 435067048 656480864 447024649
663922569 435067048 673665447 438246580
673665447 438246580 673665447 457320285
673665447 438246580 703367226 438246580
703367226 438246580 715145952 439138336
715145952 439138336 715145952 468536041
715145952 439138336 748203357 439138336
748203357 439138336 749959154 439138336
748203357 439138336 748203357 459910193
749959154 439138336 784322423 455331620
784322423 455331620 787688382 477062442
787688382 477062442 787688382 481885919
787688382 477062442 811291198 477062442
811291198 477062442 814307251 503836927
814307251 503836927 838444549 535107793
838444549 535107793 840158243 535107793
840158243 535107793 855212120 542861704
855212120 542861704 855212120 550546223
855212120 542861704 887054743 542861704
887054743 542861704 887054743 543028715
887054743 542861704 893676863 542861704
855212120 550546223 871311073 572833109
838444549 535107793 838444549 577736432
838444549 577736432 843824342 595009040
748203357 459910193 779639844 485954959
701506617 653003790 738229735 680682762
738229735 680682762 738229735 684493619
738229735 680682762 744122676 680682762
744122676 680682762 773639768 701422193
773639768 701422193 773639768 716399283
773639768 716399283 778283314 719187283
778283314 719187283 801867947 758756526
147572702 252386162 160038248 306523224
160038248 306523224 174136943 306523224
160038248 306523224 160038248 325650325
160038248 325650325 168075505 348326000
168075505 348326000 170241617 348326000
168075505 348326000 168075505 380880544
174136943 306523224 190734207 324821546
190734207 324821546 190734207 339104909
190734207 339104909 209490020 340816106
209490020 340816106 221774953 340816106
190734207 324821546 213128278 324821546
213128278 324821546 224175767 324821546
213128278 324821546 213128278 336029624
209490020 340816106 209490020 399301102
209490020 399301102 212508112 410373798
212508112 410373798 212508112 426884042
212508112 410373798 236343660 410373798
236343660 410373798 252097825 439963697
252097825 439963697 253956282 439963697
252097825 439963697 252097825 466193998
252097825 466193998 267091292 479926883
279616798 672781404 314828161 704956597
314828161 704956597 325954257 710821383
325954257 710821383 338613969 710821383
325954257 710821383 325954257 729376417
0 508706896 0 576253682
0 576253682 0 622803220
0 622803220 5510261 622803220
0 622803220 0 642650330
0 642650330 0 655359632
0 655359632 0 656120411
0 656120411 0 657087679
0 642650330 16689022 642650330
16689022 642650330 19991538 655359632
19991538 655359632 19991538 657087679
19991538 655359632 36658222 655359632
36658222 655359632 36658222 656120411
36658222 655359632 46942426 655359632
46942426 655359632 62178911 659910450
0 657087679 0 683493775
0 683493775 0 690725745
0 690725745 0 695617678
0 695617678 0 696441905
0 695617678 11251551 695617678
11251551 695617678 21731419 696441905
0 696441905 0 710460234
0 683493775 20875509 683493775
20875509 683493775 32642750 690725745
32642750 690725745 44212624 703187943
44212624 703187943 44212624 710460234
0 710460234 0 741526404
0 741526404 23212296 741526404
44212624 703187943 75631926 703187943
75631926 703187943 75631926 704172949
75631926 703187943 87609438 703187943
87609438 703187943 94738447 706284071
94738447 706284071 96629408 706284071
96629408 706284071 107412989 706583050
107412989 706583050 109905573 706583050
109905573 706583050 109905573 712522515
109905573 706583050 121431335 706583050
107412989 706583050 107412989 731416014
107412989 731416014 108384457 753243101
108384457 753243101 116157752 753243101
116157752 753243101 136113556 761486960
136113556 761486960 145718186 761486960
145718186 761486960 151146355 766548380
151146355 766548380 163380883 776991401
163380883 776991401 163380883 793848159
136113556 761486960 136113556 787289973
94738447 706284071 94738447 737161588
0 741526404 0 773275366
0 773275366 0 798059139
0 798059139 1598636 798059139
0 798059139 0 823976089
0 823976089 5841010 823976089
0 823976089 0 850009854
0 850009854 2374077 850009854
0 850009854 0 855806810
0 855806810 0 872278185
0 872278185 0 883328020
0 883328020 141886 883328020
0 883328020 0 898983921
0 898983921 6600768 898983921
6600768 898983921 7393993 898983921
108384457 753243101 108384457 785466335
108384457 785466335 108890826 785466335
108384457 785466335 108384457 786790785
0 855806810 34691527 855806810
34691527 855806810 44892981 867349719
44892981 867349719 44892981 872278185
44892981 867349719 79781872 867349719
79781872 867349719 87647992 872208488
87647992 872208488 87647992 884564637
0 773275366 41258201 773275366
0 576253682 46892342 576253682
87647992 872208488 135922529 872208488
135922529 872208488 170101041 875435476
136113556 787289973 140903375 831369010
140903375 831369010 148149738 831369010
148149738 831369010 151593305 833286994
140903375 831369010 140903375 848728709
140903375 848728709 170101041 858008334
170101041 858008334 200166609 858008334
5841010 823976089 54373032 830812604
87647992 884564637 118028420 910347030
200166609 858008334 234843978 886540986
170101041 875435476 178118177 934442635
178118177 934442635 184465452 934442635
178118177 934442635 178118177 942026927
178118177 942026927 205104170 978753437
205104170 978753437 207317169 980613017
207317169 980613017 225641310 983290326
225641310 983290326 267867779 997945348
44892981 872278185 51910884 932358476
51910884 932358476 51910884 933217737
51910884 933217737 70160009 936339605
70160009 936339605 77794157 936339605
77794157 936339605 79571470 936384365
79571470 936384365 79571470 940439255
51910884 932358476 77718247 932358476
79571470 936384365 105664868 936384365
105664868 936384365 108326671 960283366
108326671 960283366 108326671 960606425
108326671 960283366 116861866 960283366
70160009 936339605 70160009 962909674
70160009 962909674 71919081 994911529
116861866 960283366 125806804 986287949
125806804 986287949 125806804 987593886
125806804 987593886 139008580 989010768
125806804 986287949 162684107 986287949
162684107 986287949 172829919 996223278
172829919 996223278 172829919 998367809
172829919 996223278 196315509 996223278
352707209 308180378 393676363 335159483
393676363 335159483 399659324 335159483
393676363 335159483 393676363 345550370
393676363 345550370 417810317 387082727
417810317 387082727 427718111 396531250
427718111 396531250 430395293 400453950
430395293 400453950 472071613 405927287
472071613 405927287 472071613 410087251
472071613 405927287 498755305 405927287
498755305 405927287 526174088 434362299
526174088 434362299 526174088 436218553
526174088 434362299 532885053 434362299
78675717 41889321 117002428 71793153
117002428 71793153 145547679 93550239
284977428 422710766 338715819 439088454
338715819 439088454 352762990 482467824
352762990 482467824 401863871 492374414
401863871 492374414 402727164 497029951
402727164 497029951 422751217 519047687
422751217 519047687 430653058 536787274
430653058 536787274 444699553 568736825
118028420 910347030 164311610 934196604
164311610 934196604 172480890 947476201
221753976 140215042 270154463 162551285
270154463 162551285 284177761 162551285
284177761 162551285 285145679 163065565
270154463 162551285 270154463 186827554
270154463 186827554 276592660 202731867
285145679 163065565 295099818 179420838
295099818 179420838 307335635 184137463
307335635 184137463 307335635 194476223
307335635 194476223 318507848 212118210
318507848 212118210 322071387 212118210
318507848 212118210 318507848 221167092
307335635 184137463 340866909 184137463
322071387 212118210 374264782 214951969
374264782 214951969 390620760 215749750
390620760 215749750 395220223 215749750
390620760 215749750 390620760 220677009
390620760 220677009 412344291 225880356
412344291 225880356 414522280 247650550
152029069 399697170 206182393 416404912
5510261 622803220 63233291 635973886
109654700 622380099 117280051 685659501
117280051 685659501 124344497 695851301
561233141 362886740 621672485 375534928
887462543 792190803 922261741 831302842
639295396 527400581 663581148 577450821
663581148 577450821 678871790 578625547
678871790 578625547 678871790 597186840
678871790 578625547 738950799 578625547
738950799 578625547 773373487 582533852
773373487 582533852 802575883 595009040
802575883 595009040 802575883 601732467
802575883 601732467 818525423 604572353
163380883 793848159 206095464 826941946
206095464 826941946 230143372 847470248
414522280 247650550 472998324 265628148
472998324 265628148 508978133 276371553
508978133 276371553 536430100 310682580
536430100 310682580 541679702 311711612
541679702 311711612 559743061 311711612
559743061 311711612 567025475 311711612
567025475 311711612 569156693 328030764
559743061 311711612 559743061 332548812
569156693 328030764 589483518 335502747
541679702 311711612 541679702 343282298
541679702 343282298 542987905 344140372
589483518 335502747 632250024 350669533
632250024 350669533 632250024 358813845
632250024 358813845 634922194 368210794
632250024 350669533 645599751 350669533
645599751 350669533 671448206 353527663
671448206 353527663 671448206 355241667
671448206 353527663 717139634 353527663
717139634 353527663 720005461 353892791
720005461 353892791 751739084 353892791
751739084 353892791 783885192 356982651
783885192 356982651 813932249 356982651
813932249 356982651 824459657 359513982
824459657 359513982 824459657 369773212
824459657 359513982 839434921 359513982
839434921 359513982 839434921 359951195
839434921 359513982 867804529 359513982
867804529 359513982 887438715 362000416
887438715 362000416 905103254 370989656
905103254 370989656 927735489 374923428
927735489 374923428 934176643 374923428
927735489 374923428 927735489 403042936
927735489 403042936 928617077 403042936
927735489 403042936 927735489 417435732
928617077 403042936 949839992 403595679
949839992 403595679 955098958 416975772
955098958 416975772 962393680 416975772
962393680 416975772 967347662 430872771
967347662 430872771 967347662 437483911
967347662 430872771 986535720 430872771
986535720 430872771 986535720 434885113
986535720 430872771 992273769 430872771
934176643 374923428 949839992 389334080
949839992 389334080 966631910 389334080
966631910 389334080 966948370 389334080
966631910 389334080 966631910 390362143
966631910 390362143 977167157 390785900
783885192 356982651 783885192 392982456
977167157 390785900 997965268 407025644
720005461 353892791 720005461 397199183
720005461 397199183 732348718 397199183
720005461 397199183 720005461 415602882
955098958 416975772 955098958 460951874
839434921 359951195 862341963 382630019
955098958 460951874 971704133 495751903
971704133 495751903 973819234 503991337
973819234 503991337 975357141 503991337
975357141 503991337 983025808 512061218
983025808 512061218 993655576 512061218
993655576 512061218 998455352 517423364
983025808 512061218 983025808 524146581
983025808 524146581 984099786 558121029
984099786 558121029 986368324 564054180
986368324 564054180 990331661 564054180
986368324 564054180 986368324 589563195
973819234 503991337 973819234 543046215
862341963 382630019 868301164 435942558
868301164 435942558 873234908 437764874
873234908 437764874 873234908 460440155
873234908 460440155 884687455 460809742
884687455 460809742 892014577 460809742
884687455 460809742 884687455 470935463
884687455 470935463 891401670 473563440
891401670 473563440 905769719 473563440
891401670 473563440 891401670 490859833
891401670 490859833 892904325 505021539
892904325 505021539 925285247 505163133
925285247 505163133 936645483 505163133
925285247 505163133 925285247 522067879
925285247 522067879 926419578 524344043
926419578 524344043 941035939 524344043
941035939 524344043 947292150 534060702
947292150 534060702 959613846 534060702
959613846 534060702 967908811 539620463
892014577 460809742 922956357 462497396
922956357 462497396 932165898 482537755
932165898 482537755 937678330 482537755
932165898 482537755 932165898 501285904
947292150 534060702 947292150 569639826
873234908 437764874 914802810 437764874
947292150 569639826 964185210 608305821
83427409 206273673 86747545 280549098
474205729 975477927 536450172 991284768
536450172 991284768 566887207 995207023
95540559 0 173625618 0
173625618 0 187170374 0
187170374 0 188923941 0
188923941 0 188923941 24917597
173625618 0 173625618 31324620
173625618 31324620 187170374 31939017
188923941 0 220715615 0
220715615 0 220715615 8812160
220715615 0 244636381 0
244636381 0 245535871 0
245535871 0 245535871 31602909
187170374 31939017 195348499 70139506
195348499 70139506 197582068 70139506
195348499 70139506 195348499 85225041
195348499 85225041 214763894 102535283
214763894 102535283 242299548 120666148
242299548 120666148 255708151 120666148
255708151 120666148 255708151 129368593
242299548 120666148 242299548 136310956
255708151 120666148 297787997 120666148
244636381 0 244636381 47376893
297787997 120666148 319944134 146342667
319944134 146342667 354542454 163652111
245535871 0 305816513 0
305816513 0 315445390 0
315445390 0 315445390 17496455
315445390 0 335201751 0
305816513 0 305816513 41873730
305816513 41873730 306872671 72046325
306872671 72046325 320731602 76911442
320731602 76911442 320731602 77130138
320731602 77130138 346586911 93796391
346586911 93796391 346586911 111043434
346586911 93796391 367986785 93796391
367986785 93796391 367986785 95981075
367986785 95981075 373569946 95981075
373569946 95981075 378084632 96219434
378084632 96219434 386706187 96219434
367986785 93796391 377806686 93796391
386706187 96219434 395601864 98607494
395601864 98607494 398120491 104606095
398120491 104606095 398120491 107025529
367986785 95981075 367986785 108749784
398120491 107025529 405236352 119227199
405236352 119227199 405236352 149112333
405236352 119227199 438760961 119227199
335201751 0 383403664 0
383403664 0 386071413 0
383403664 0 383403664 13803252
383403664 13803252 386071413 20056124
386071413 0 401823031 0
401823031 0 412340348 0
412340348 0 412340348 16560770
412340348 0 429299580 0
429299580 0 429299580 1289373
429299580 0 437343718 0
437343718 0 439070385 0
437343718 0 437343718 16890175
401823031 0 401823031 19740320
437343718 16890175 439070385 37189620
439070385 37189620 448326241 44278966
448326241 44278966 448326241 65794806
448326241 44278966 470980718 44278966
470980718 44278966 471904613 49966072
448326241 65794806 468690487 71914557
468690487 71914557 468690487 75168363
468690487 71914557 477432981 71914557
477432981 71914557 488178143 74844189
439070385 0 470980718 0
470980718 0 471904613 0
471904613 0 475967183 0
475967183 0 488143365 0
488143365 0 488143365 4918386
488143365 0 497372683 0
497372683 0 498991688 0
497372683 0 497372683 4481995
475967183 0 475967183 22703668
498991688 0 523541452 0
523541452 0 533961789 0
533961789 0 551273528 0
523541452 0 523541452 18870942
551273528 0 572339880 0
572339880 0 579049183 0
572339880 0 572339880 7461225
579049183 0 597440467 0
597440467 0 611546640 0
611546640 0 611546640 4856741
611546640 0 618526706 0
618526706 0 626316790 0
618526706 0 618526706 23015213
618526706 23015213 626316790 36690011
523541452 18870942 533961789 35672572
533961789 35672572 551273528 46318934
497372683 4481995 498991688 33722836
572339880 7461225 579049183 32023771
579049183 32023771 596763047 36615872
596763047 36615872 597440467 36615872
597440467 36615872 603163974 50001836
596763047 36615872 596763047 61634192
488178143 74844189 488178143 107191025
488178143 107191025 488178143 128136289
488178143 107191025 514771017 107191025
514771017 107191025 524121302 121200462
524121302 121200462 544909459 121200462
544909459 121200462 544909459 129760508
544909459 129760508 544909459 131816011
544909459 129760508 550987460 129760508
544909459 121200462 558336113 121200462
558336113 121200462 563492602 127548871
563492602 127548871 563492602 131271909
563492602 131271909 591877030 131561987
591877030 131561987 591877030 132693376
591877030 131561987 606453557 131561987
524121302 121200462 524121302 152721416
524121302 152721416 524835647 167888729
524835647 167888729 528867127 172875595
528867127 172875595 528867127 176713366
528867127 172875595 548553653 172875595
548553653 172875595 568933173 173168660
568933173 173168660 576005998 184155641
576005998 184155641 582073855 184155641
626316790 0 661187114 0
661187114 0 683205494 0
683205494 0 683205494 2058452
683205494 0 688618231 0
688618231 0 688618231 10565541
661187114 0 661187114 33439236
488178143 74844189 525156587 74844189
525156587 74844189 534683063 86834287
661187114 33439236 674286009 60586062
551273528 46318934 576180160 61905275
576180160 61905275 577063469 61905275
576180160 61905275 576180160 72641614
576180160 72641614 582326793 88531306
582326793 88531306 591877030 113655640
591877030 113655640 607136782 113655640
607136782 113655640 607136782 127548871
607136782 113655640 630579212 113655640
576005998 184155641 576005998 224955013
576005998 224955013 581296093 234565816
581296093 234565816 581296093 249779171
581296093 249779171 589277127 256034357
589277127 256034357 591679961 256034357
591679961 256034357 594068400 272857976
594068400 272857976 594068400 287317574
589277127 256034357 589277127 282549103
594068400 272857976 622232771 272857976
622232771 272857976 625463906 278449586
625463906 278449586 635518633 278449586
635518633 278449586 635518633 283987109
635518633 278449586 644836508 278449586
635518633 283987109 641339147 297695874
625463906 278449586 625463906 304273793
625463906 304273793 631827324 326632392
641339147 297695874 670435952 299453417
670435952 299453417 675357291 299453417
670435952 299453417 670435952 310880892
581296093 234565816 620515735 234565816
620515735 234565816 632316778 234565816
620515735 234565816 620515735 247372593
620515735 247372593 643196822 261076926
643196822 261076926 673751947 265325059
488178143 128136289 491076214 170932737
491076214 170932737 491382780 170932737
491382780 170932737 506794769 176713366
506794769 176713366 506794769 183053527
491076214 170932737 491076214 198374763
506794769 183053527 510431656 218707930
510431656 218707930 526531696 218707930
526531696 218707930 535143982 243293247
535143982 243293247 535143982 250056667
535143982 243293247 564768044 243293247
510431656 218707930 510431656 252632419
673751947 265325059 699128732 286924870
699128732 286924870 702434376 293750045
702434376 293750045 702434376 330312752
702434376 330312752 717139634 340118123
717139634 340118123 736292036 340118123
398120491 104606095 446912984 104606095
702434376 293750045 751856067 293750045
751856067 293750045 767575886 298573663
767575886 298573663 767575886 325097404
767575886 325097404 786107459 326711029
786107459 326711029 797706556 340023109
767575886 298573663 797706556 298573663
797706556 298573663 833570161 298573663
833570161 298573663 855040336 309662245
855040336 309662245 871572043 310251092
871572043 310251092 873809004 310251092
873809004 310251092 886545701 311606029
886545701 311606029 886545701 317218228
886545701 311606029 903027212 311606029
871572043 310251092 871572043 335883527
871572043 335883527 874003392 345805147
874003392 345805147 874003392 348895194
874003392 345805147 885155192 345805147
885155192 345805147 902042571 348366432
902042571 348366432 902042571 353706335
902042571 348366432 908436454 348366432
405236352 149112333 416549797 189784234
626316790 36690011 638883855 77212157
638883855 77212157 638883855 84127651
638883855 77212157 659963961 77212157
659963961 77212157 662933360 89028321
662933360 89028321 662933360 96482095
662933360 96482095 662933360 97419901
662933360 96482095 673769850 96482095
662933360 89028321 700147076 89028321
700147076 89028321 713132427 90292974
713132427 90292974 719794659 91275931
719794659 91275931 731356906 91275931
731356906 91275931 734816421 93464033
734816421 93464033 736505753 93464033
736505753 93464033 739498458 94532353
739498458 94532353 755908402 94532353
739498458 94532353 739498458 111228405
734816421 93464033 734816421 112414065
739498458 111228405 743047439 128565209
743047439 128565209 752659420 128565209
752659420 128565209 755599722 139788993
755908402 94532353 766455279 109318027
766455279 109318027 766490432 109854800
766490432 109854800 766490432 114473768
766490432 109854800 781095530 109854800
781095530 109854800 786459924 111144002
786459924 111144002 786459924 114978235
719794659 91275931 719794659 120251675
743047439 128565209 743047439 161969002
743047439 161969002 745424756 170527333
745424756 170527333 745424756 186757435
745424756 186757435 745424756 196800560
745424756 186757435 759433655 186757435
759433655 186757435 773565731 191921748
773565731 191921748 793326191 191921748
773565731 191921748 773565731 227026051
773565731 227026051 778993927 235621901
778993927 235621901 794851911 254123924
794851911 254123924 795048171 254123924
794851911 254123924 794851911 290281326
786459924 114978235 812852528 131414619
786459924 111144002 831587874 111144002
793326191 191921748 833789667 201298804
833789667 201298804 848434184 201298804
848434184 201298804 848434184 203110606
848434184 201298804 871124948 201298804
871124948 201298804 881376094 212434972
833789667 201298804 833789667 225120027
848434184 203110606 870792525 212434972
870792525 212434972 870792525 250524680
881376094 212434972 912062540 222775609
912062540 222775609 915530704 222775609
915530704 222775609 927805972 225130668
927805972 225130668 928683440 254364518
928683440 254364518 935156152 255732249
935156152 255732249 944551707 255732249
912062540 222775609 912062540 260917627
935156152 255732249 935156152 298639021
935156152 298639021 941506282 306069515
941506282 306069515 949488674 306069515
949488674 306069515 966091233 313250651
966091233 313250651 966091233 318957898
966091233 318957898 969152045 322222884
966091233 313250651 989092440 313250651
969152045 322222884 981667927 333233481
981667927 333233481 982591387 333233481
981667927 333233481 981667927 347747725
982591387 333233481 997331246 333244890
981667927 347747725 982337176 363653689
941506282 306069515 941506282 336978920
833789667 225120027 847739317 264266888
847739317 264266888 847739317 267344860
847739317 264266888 865865358 264266888
847739317 267344860 855040336 281056152
855040336 281056152 894085112 281056152
745424756 170527333 800268410 170527333
736292036 340118123 743934725 387640107
320731602 76911442 377003483 76911442
688618231 0 744900222 0
744900222 0 764649689 0
764649689 0 773516366 0
773516366 0 778111196 0
778111196 0 778111196 238553
778111196 0 795779750 0
795779750 0 795779750 16171798
795779750 0 815915296 0
815915296 0 815915296 9184574
815915296 0 836126521 0
773516366 0 773516366 22068239
744900222 0 744900222 28066413
744900222 28066413 746491823 39463142
746491823 39463142 746491823 51505341
746491823 51505341 749295160 51505341
746491823 39463142 764649689 39463142
746491823 51505341 746491823 76986209
749295160 51505341 753931408 72978237
836126521 0 836126521 36251431
836126521 36251431 846673327 58497337
846673327 58497337 861023659 84253046
861023659 84253046 874077691 93999678
874077691 93999678 888571658 114028360
888571658 114028360 888571658 116606074
888571658 114028360 900247198 114028360
900247198 114028360 902162025 118527667
902162025 118527667 902610170 126203345
902610170 126203345 911044670 126203345
902610170 126203345 902610170 136589556
902610170 136589556 906109784 138076151
906109784 138076151 911499046 141416882
888571658 116606074 890083973 137553024
890083973 137553024 894970733 137553024
890083973 137553024 890083973 144051958
911499046 141416882 911499046 187980282
911499046 187980282 911499046 193563939
911499046 187980282 919095060 187980282
753931408 72978237 799777842 74522137
799777842 74522137 805982281 74522137
799777842 74522137 799777842 86601858
805982281 74522137 835536087 81064844
835536087 81064844 846616509 83852856
911499046 141416882 965663126 141416882
965663126 141416882 971474487 144210074
971474487 144210074 979752849 144210074
971474487 144210074 971474487 162460869
971474487 162460869 978932525 162460869
978932525 162460869 983259256 191229966
971474487 162460869 971474487 214217768
815915296 9184574 817798389 63760570
795779750 16171798 807320281 67378245
807320281 67378245 815944216 72935094
836126521 0 899915013 0
899915013 0 899915013 13874109
899915013 0 934210241 0
934210241 0 934749084 0
934749084 0 940315601 0
940315601 0 941686439 0
934749084 0 934749084 9900233
934749084 9900233 940315601 18960172
940315601 18960172 940315601 31652725
940315601 31652725 941686439 40088790
940315601 18960172 967981723 18960172
934210241 0 934210241 37862400
934210241 37862400 936796194 70469605
936796194 70469605 936801995 71017176
936801995 71017176 936801995 83335180
936801995 83335180 946632886 83335180
936801995 83335180 936801995 103872780
936801995 71017176 975012030 71017176
936801995 103872780 972151036 107009560
899915013 13874109 908854662 55381323
908854662 55381323 914855080 56565978
914855080 56565978 914855080 61233342
914855080 61233342 915720703 69136524
915720703 69136524 915720703 70860596
915720703 69136524 923169595 69136524
914855080 56565978 924903763 56565978
924903763 56565978 927131299 59123590
367986785 108749784 378084632 162722167
244636381 47376893 303788888 53264007
719794659 120251675 724862402 190424788
724862402 190424788 741898424 203943711
58738 435335027 56910474 458347433
783885192 392982456 818517569 438399388
882922709 690684347 907556232 748590688
673769850 96482095 680200785 173291891
680200785 173291891 716444673 193386848
716444673 193386848 717538973 208615072
681585714 771692946 684903007 853110550
322938883 571577331 381709372 597584445
381709372 597584445 416079920 599248610
416079920 599248610 427434668 634163055
427434668 634163055 432032558 634163055
427434668 634163055 427434668 650702391
907556232 748590688 981885692 759412299
981885692 759412299 984687479 777945010
264952296 494567092 333563851 511412585
41258201 773275366 80012659 820136332
80012659 820136332 128612779 854633119
602842933 548283710 638936268 598337155
520844511 913538195 556120574 965733896
556120574 965733896 557374728 989093216
288596000 826191444 327795370 875821800
327795370 875821800 338231723 883621595
871311073 572833109 906650086 626639123
906650086 626639123 943096347 639534698
943096347 639534698 994261408 670905280
914860230 688370496 947859874 744727707
947859874 744727707 988004864 746313823
800268410 170527333 872497760 188719044
872497760 188719044 887584601 189780138
582224690 851632214 654761039 876038835
654761039 876038835 654761039 879404860
654761039 876038835 669669822 876038835
333563851 511412585 390308708 552858301
390308708 552858301 390308708 555619898
390308708 552858301 395949582 552858301
395949582 552858301 419228368 591616061
419228368 591616061 430524291 595651054
926419578 524344043 926419578 623023885
6600768 898983921 6600768 997845469
8390163 275902500 73570865 312695779
582073855 184155641 666860909 201414985
666860909 201414985 673594498 218074767
673594498 218074767 677514906 223079205
677514906 223079205 713879897 260383807
7393993 898983921 31238445 996912973
