1452
0 0 13225667 0
0 0 0 14118942
0 14118942 13225667 14118942
0 14118942 0 28428628
13225667 0 32225783 0
32225783 0 54560889 0
54560889 0 68072148 0
32225783 0 32225783 28428628
32225783 28428628 54560889 32603565
54560889 32603565 59615045 36154002
59615045 36154002 68072148 36154002
59615045 36154002 59615045 52466176
59615045 52466176 64738275 70477396
64738275 70477396 80021947 70477396
80021947 70477396 85482093 77497798
85482093 77497798 94428082 78722938
94428082 78722938 94428082 89191369
94428082 78722938 110825725 78722938
64738275 70477396 64738275 97924853
0 28428628 0 65516542
0 65516542 10283354 65516542
68072148 0 105365007 0
105365007 0 105365007 722464
105365007 0 131803152 0
131803152 0 131803152 67692
131803152 0 134874506 0
134874506 0 134874506 10166916
110825725 78722938 134909967 94003693
134909967 94003693 143833638 94003693
143833638 94003693 151506267 99308480
134909967 94003693 134909967 107453543
134909967 107453543 137739918 107453543
134909967 107453543 134909967 117187131
134909967 117187131 151506267 127344735
151506267 99308480 179226869 99308480
134874506 0 179970009 0
179970009 0 179970009 4894854
179970009 0 185774814 0
185774814 0 185962329 0
185774814 0 185774814 920885
185962329 0 201555204 0
201555204 0 211336766 0
211336766 0 214885152 0
214885152 0 223008282 0
223008282 0 231202573 0
201555204 0 201555204 14192981
231202573 0 246688554 0
246688554 0 271742202 0
271742202 0 271742202 5101874
201555204 14192981 214885152 27866626
214885152 27866626 223008282 32829025
223008282 32829025 231202573 41754435
231202573 41754435 245027802 48398518
245027802 48398518 246688554 48398518
245027802 48398518 245027802 60178687
271742202 0 299430754 0
299430754 0 306982617 0
306982617 0 309963957 0
299430754 0 299430754 28804965
299430754 28804965 299717106 31592349
299717106 31592349 306982617 31592349
299717106 31592349 299717106 53570258
299717106 53570258 306822284 63354004
306822284 63354004 312879598 63354004
306822284 63354004 306822284 98744746
185774814 920885 185962329 36283743
185962329 36283743 211336766 45168675
309963957 0 351277814 0
351277814 0 351277814 5286114
351277814 0 360207308 0
360207308 0 361623369 0
360207308 0 360207308 4079272
361623369 0 374311909 0
374311909 0 384226259 0
374311909 0 374311909 34442649
374311909 34442649 384226259 49176333
384226259 49176333 392722423 57107095
360207308 4079272 361623369 41410828
151506267 127344735 192804499 132231473
192804499 132231473 192804499 150598972
192804499 150598972 196282558 153136189
196282558 153136189 201620734 153136189
192804499 132231473 217094622 132231473
217094622 132231473 217232141 134050194
201620734 153136189 239731208 161698004
239731208 161698004 239731208 163646695
239731208 163646695 239848151 163646695
239731208 163646695 239731208 165069074
239731208 161698004 248546384 161698004
239731208 165069074 247507367 167829092
247507367 167829092 270671405 178665416
270671405 178665416 270671405 179349769
270671405 178665416 287639183 178665416
270671405 179349769 280009662 191339834
280009662 191339834 283325670 191339834
287639183 178665416 307866561 180248469
307866561 180248469 310997608 206821139
310997608 206821139 330893506 206821139
330893506 206821139 332976176 206821139
330893506 206821139 330893506 217897537
332976176 206821139 350106191 210049937
350106191 210049937 369483972 211378279
369483972 211378279 372840094 216321713
372840094 216321713 372840094 221830378
372840094 221830378 375969566 229812243
375969566 229812243 375969566 242983453
310997608 206821139 310997608 230783192
310997608 230783192 313926490 231507722
313926490 231507722 321293474 231507722
321293474 231507722 324692683 236808494
313926490 231507722 313926490 254351886
375969566 229812243 405724829 229812243
313926490 254351886 328620518 273883381
328620518 273883381 328620518 288427047
328620518 273883381 361102297 273883381
361102297 273883381 361295778 282699212
361295778 282699212 361295778 298360691
361295778 298360691 365929458 301933739
361295778 282699212 390910851 282699212
405724829 229812243 431769671 240148357
431769671 240148357 435135493 255385918
435135493 255385918 435135493 273125916
435135493 255385918 468504035 255385918
468504035 255385918 489042764 257180685
489042764 257180685 490372083 257180685
490372083 257180685 490372083 259027467
490372083 257180685 496522023 257180685
489042764 257180685 489042764 292103811
489042764 292103811 489799451 297465276
489799451 297465276 510930921 297465276
510930921 297465276 510930921 300349429
510930921 297465276 515562187 297465276
489799451 297465276 489799451 325468706
489799451 325468706 499187840 329406518
499187840 329406518 512400527 329406518
499187840 329406518 499187840 352643447
328620518 288427047 338143270 317230815
338143270 317230815 339572043 337994319
339572043 337994319 352505990 339287070
352505990 339287070 360876140 342079049
360876140 342079049 385590815 342079049
360876140 342079049 360876140 377727522
360876140 377727522 360876140 380679786
360876140 377727522 384067429 377727522
496522023 257180685 510930921 281194380
510930921 281194380 527846895 281194380
280009662 191339834 280009662 230919075
375969566 242983453 389359910 270600525
389359910 270600525 389359910 272341356
389359910 270600525 395247181 270600525
435135493 273125916 445224268 310023716
445224268 310023716 454759661 316392105
454759661 316392105 462102005 325468706
462102005 325468706 462102005 335416229
462102005 325468706 475632482 325468706
475632482 325468706 475632482 330673420
462102005 335416229 472554163 347663618
472554163 347663618 474966639 352643447
474966639 352643447 474966639 372203552
515562187 297465276 559394680 301432513
559394680 301432513 567248212 301432513
559394680 301432513 559394680 309526429
559394680 309526429 559394680 309829645
559394680 309526429 561426596 309526429
561426596 309526429 566216149 314150152
566216149 314150152 591281072 314150152
591281072 314150152 591281072 315139521
591281072 314150152 592605543 314150152
592605543 314150152 598346851 319073248
598346851 319073248 621358375 319073248
598346851 319073248 598346851 347457096
566216149 314150152 566216149 349391790
566216149 349391790 571117917 366075238
571117917 366075238 571117917 377699780
571117917 377699780 583805750 377699780
583805750 377699780 589569378 377699780
583805750 377699780 583805750 389182714
583805750 389182714 595661594 392269463
571117917 366075238 598134298 366075238
595661594 392269463 630945111 392269463
630945111 392269463 643582097 405177673
598134298 366075238 633798250 371505555
633798250 371505555 633798250 387065630
633798250 387065630 643582097 390932157
643582097 390932157 665273161 390932157
633798250 371505555 655971313 371505555
665273161 390932157 685481139 400114078
685481139 400114078 697243956 400114078
685481139 400114078 685481139 432624443
685481139 432624443 693520194 441178540
693520194 441178540 693520194 463702747
693520194 441178540 720745070 441178540
655971313 371505555 689741498 371651942
689741498 371651942 695338028 376206367
695338028 376206367 701060361 383400020
701060361 383400020 707979990 384199159
720745070 441178540 727256613 478402131
727256613 478402131 750397709 494000872
571117917 377699780 571117917 421839994
571117917 421839994 595661594 441681795
595661594 441681795 612956931 446074743
612956931 446074743 645995653 455632464
645995653 455632464 658148842 455632464
658148842 455632464 673351915 457922893
673351915 457922893 683518149 457922893
673351915 457922893 673351915 468500217
645995653 455632464 645995653 487189484
673351915 468500217 677962720 501152293
677962720 501152293 677962720 508067073
677962720 501152293 685064912 501152293
685064912 501152293 691850076 502588313
691850076 502588313 706066245 502838165
706066245 502838165 707978348 502838165
706066245 502838165 706066245 515649505
697243956 400114078 728788373 414569695
728788373 414569695 743858535 421296437
743858535 421296437 745889480 435244307
745889480 435244307 768597354 437539574
768597354 437539574 769240525 437539574
769240525 437539574 769240525 444376201
768597354 437539574 768597354 464459764
769240525 437539574 813333058 437539574
813333058 437539574 818218337 439406533
818218337 439406533 828637430 440839636
828637430 440839636 843206737 440839636
843206737 440839636 853048686 440839636
843206737 440839636 843206737 452542256
828637430 440839636 828637430 472654976
828637430 472654976 828637430 477688204
828637430 472654976 835577232 472654976
835577232 472654976 865726429 487274852
248546384 161698004 296986427 163483593
296986427 163483593 297769373 165762977
297769373 165762977 297769373 166396883
297769373 165762977 323350665 165762977
297769373 166396883 319766244 170160217
853048686 440839636 898558888 446047092
898558888 446047092 898558888 474159931
898558888 474159931 904494226 482853315
904494226 482853315 906696125 482853315
904494226 482853315 904494226 501244682
904494226 501244682 932842029 502792768
932842029 502792768 944561471 509821276
944561471 509821276 946995706 509821276
946995706 509821276 948855743 522855987
948855743 522855987 970379640 525053113
898558888 446047092 943547161 446047092
474966639 372203552 477149151 421175640
477149151 421175640 498127934 437534237
498127934 437534237 536208824 444550696
536208824 444550696 545355169 448342077
545355169 448342077 558100367 448342077
558100367 448342077 568832520 454503508
545355169 448342077 545355169 495685149
545355169 495685149 554890688 495685149
545355169 495685149 545355169 515354922
554890688 495685149 571504232 499796933
571504232 499796933 576112625 503166893
576112625 503166893 576112625 507067424
576112625 507067424 576945396 507543595
576945396 507543595 576945396 517746364
576945396 507543595 588636177 507543595
588636177 507543595 604181110 508067073
604181110 508067073 633120216 508067073
633120216 508067073 633120216 526567423
633120216 526567423 635649746 531364423
604181110 508067073 604181110 541730777
604181110 541730777 609214491 545892818
609214491 545892818 609214491 547666953
609214491 545892818 619672722 545892818
609214491 547666953 613366504 561431793
613366504 561431793 647540279 571344068
647540279 571344068 653490557 571344068
647540279 571344068 647540279 597972975
647540279 597972975 651350911 631468048
651350911 631468048 684429461 631468048
684429461 631468048 691209224 631468048
684429461 631468048 684429461 657250815
651350911 631468048 651350911 668788915
651350911 668788915 667754520 669099690
576112625 503166893 621691333 503166893
769240525 444376201 807106986 459305496
306822284 98744746 344753120 116892445
344753120 116892445 373852767 116892445
373852767 116892445 380534857 129360156
380534857 129360156 380534857 146546570
344753120 116892445 344753120 157544315
196282558 153136189 196282558 209946083
365929458 301933739 389377921 336512923
0 65516542 0 123619486
0 123619486 0 137841252
0 137841252 0 148558299
0 148558299 0 158251929
0 148558299 13813649 148558299
0 123619486 15417905 123619486
15417905 123619486 29672467 137841252
29672467 137841252 47491251 158251929
47491251 158251929 71532446 169402365
71532446 169402365 71532446 171525701
71532446 169402365 77383955 169402365
77383955 169402365 98580872 187931915
98580872 187931915 99767252 190271274
99767252 190271274 111025697 190271274
111025697 190271274 112521735 190271274
111025697 190271274 111025697 193456948
111025697 193456948 121405833 207942913
121405833 207942913 140353060 207942913
140353060 207942913 140353060 208355947
121405833 207942913 121405833 231035791
121405833 231035791 121405833 239526685
121405833 231035791 133592163 231035791
133592163 231035791 146201746 237435272
146201746 237435272 148045769 240321814
148045769 240321814 151333145 240321814
148045769 240321814 148045769 261763668
151333145 240321814 169367217 245013579
169367217 245013579 170154760 256593347
140353060 208355947 146201746 228527974
146201746 228527974 152662807 228527974
152662807 228527974 152662807 232101705
152662807 228527974 159360628 228527974
121405833 239526685 127014086 260014464
127014086 260014464 127014086 263247286
127014086 263247286 127545891 263247286
127014086 260014464 131032419 260014464
127545891 263247286 130527951 268010028
130527951 268010028 145483552 268010028
145483552 268010028 164625599 275705367
130527951 268010028 130527951 297949070
130527951 297949070 130527951 298428270
130527951 297949070 139656837 297949070
130527951 298428270 134296792 310960309
134296792 310960309 137247814 316925701
164625599 275705367 176275868 296291985
176275868 296291985 176275868 302665873
176275868 296291985 201249293 296291985
201249293 296291985 209993249 296376452
209993249 296376452 236625559 296376452
236625559 296376452 246347377 296376452
246347377 296376452 246347377 307781410
236625559 296376452 236625559 314998785
246347377 307781410 268769372 308995213
268769372 308995213 289439769 308995213
289439769 308995213 292276376 316624879
292276376 316624879 292276376 328293049
292276376 328293049 294957215 329436916
292276376 316624879 313373850 316624879
313373850 316624879 315064866 317230815
315064866 317230815 315064866 324467434
268769372 308995213 268769372 334939490
294957215 329436916 308920374 344936751
308920374 344936751 310993693 366790679
310993693 366790679 326390688 366790679
326390688 366790679 331606906 374865234
315064866 324467434 328496232 343104781
140353060 207942913 173726708 207942913
173726708 207942913 191670979 213593655
191670979 213593655 193440569 235860874
127014086 263247286 127014086 298122524
246347377 296376452 282624859 296376452
282624859 296376452 307203720 302071913
310993693 366790679 310993693 407669534
310993693 407669534 310993693 414379194
310993693 414379194 312296621 416146570
312296621 416146570 312978459 416146570
310993693 407669534 325846479 407669534
325846479 407669534 327916434 407709694
327916434 407709694 327916434 413151968
327916434 413151968 329900855 413151968
327916434 413151968 327916434 426521474
327916434 407709694 342463421 407709694
342463421 407709694 342589136 413058905
342589136 413058905 345248092 427051423
345248092 427051423 347449623 427051423
347449623 427051423 348827676 428908680
348827676 428908680 348827676 443751582
348827676 443751582 381974503 444610153
381974503 444610153 385025524 446584183
385025524 446584183 385025524 470372042
385025524 470372042 387817297 470372042
385025524 470372042 385025524 496089075
385025524 496089075 386908913 505744799
386908913 505744799 386908913 506789242
385025524 446584183 419164364 446584183
419164364 446584183 419421066 446584183
419164364 446584183 419164364 451745649
345248092 427051423 345248092 466874438
312296621 416146570 312296621 457355055
312296621 457355055 318492468 488908435
318492468 488908435 333040038 488908435
318492468 488908435 318492468 503461361
318492468 503461361 319144947 507134210
319144947 507134210 319144947 517618145
319144947 507134210 333876827 507134210
333876827 507134210 351485034 525982821
351485034 525982821 351797765 525982821
351485034 525982821 351485034 533681840
351797765 525982821 372322994 531746886
372322994 531746886 382483803 547345066
382483803 547345066 382483803 563401600
382483803 547345066 409004876 547345066
409004876 547345066 424362511 548615535
424362511 548615535 424362511 558308214
424362511 558308214 432699529 569973908
424362511 548615535 455098705 548615535
455098705 548615535 480040264 560018880
319144947 517618145 319436903 555594501
319436903 555594501 322663325 575975273
322663325 575975273 322663325 576953858
322663325 575975273 336310246 575975273
322663325 576953858 326911927 594736182
326911927 594736182 328263033 601604397
328263033 601604397 329653112 607600667
329653112 607600667 329653112 626010684
329653112 626010684 345133220 648740616
345133220 648740616 362250245 648740616
362250245 648740616 366063961 648740616
362250245 648740616 362250245 657317489
345133220 648740616 345133220 680045101
345133220 680045101 357363493 680834619
329653112 607600667 371373403 607600667
371373403 607600667 386228219 613781893
386228219 613781893 415273220 621517823
415273220 621517823 425371805 637675458
425371805 637675458 443443791 637675458
425371805 637675458 425371805 656449339
425371805 656449339 430125200 656449339
425371805 656449339 425371805 669360196
443443791 637675458 478933662 638841546
478933662 638841546 478933662 653700176
478933662 653700176 478933662 654194782
478933662 653700176 489896772 653700176
478933662 654194782 484003668 667686241
478933662 638841546 510116776 638841546
484003668 667686241 491461761 704646841
491461761 704646841 502884257 704646841
502884257 704646841 504908292 704646841
502884257 704646841 502884257 709797737
504908292 704646841 516959857 707863290
516959857 707863290 530412199 707863290
530412199 707863290 530445035 711372320
491461761 704646841 491461761 724677062
530445035 711372320 550871813 711372320
550871813 711372320 551216241 711372320
550871813 711372320 550871813 712724375
550871813 712724375 554611237 713575243
554611237 713575243 560403807 713575243
560403807 713575243 579794980 713712428
579794980 713712428 579794980 717999652
579794980 713712428 589908387 713712428
589908387 713712428 591371665 716332027
591371665 716332027 591371665 725593983
591371665 725593983 600792468 725593983
600792468 725593983 605444245 729455456
591371665 725593983 591371665 740472983
591371665 740472983 595204679 740472983
591371665 716332027 612415572 716332027
605444245 729455456 623676317 733526347
554611237 713575243 554611237 738469579
530445035 711372320 530445035 738670219
530445035 738670219 531278564 766547106
591371665 740472983 591371665 773305122
591371665 773305122 598943146 780285768
598943146 780285768 598943146 795708050
516959857 707863290 516959857 742051518
531278564 766547106 538181214 794494306
538181214 794494306 541379883 815094859
541379883 815094859 541379883 823668292
541379883 815094859 560740810 815094859
560740810 815094859 562993795 815321639
598943146 795708050 602667243 830021647
602667243 830021647 615992095 830021647
615992095 830021647 618649979 836532006
618649979 836532006 618649979 850198373
618649979 850198373 628421248 850368499
628421248 850368499 631600405 850368499
602667243 830021647 602667243 849708294
602667243 849708294 603376972 849708294
602667243 849708294 602667243 860485404
631600405 850368499 646733319 857040420
646733319 857040420 646733319 858195001
646733319 857040420 649058625 857040420
649058625 857040420 656033911 862256863
656033911 862256863 656033911 864660655
656033911 862256863 660995702 862256863
618649979 836532006 642489559 836532006
642489559 836532006 644638344 836532006
642489559 836532006 642489559 849835784
598943146 780285768 644324016 780285768
644324016 780285768 665237599 795085809
665237599 795085809 681748577 795085809
681748577 795085809 696773528 795085809
696773528 795085809 705215734 800121820
665237599 795085809 665237599 825520328
665237599 825520328 681748577 829954527
681748577 829954527 690148431 831774060
690148431 831774060 690148431 832727471
690148431 831774060 705215734 831774060
705215734 800121820 737307707 800121820
737307707 800121820 751185582 801323928
751185582 801323928 761220968 801323928
761220968 801323928 777526552 803466972
777526552 803466972 778010697 803466972
777526552 803466972 777526552 804895777
778010697 803466972 803063811 804717735
803063811 804717735 811920668 812220467
811920668 812220467 813908706 812220467
751185582 801323928 751185582 829075080
811920668 812220467 811920668 854378871
811920668 854378871 821532866 854378871
821532866 854378871 821532866 856603004
821532866 854378871 828385228 854378871
828385228 854378871 829265906 863607682
829265906 863607682 842016875 865045559
842016875 865045559 842354635 865045559
842354635 865045559 848352300 865045559
842354635 865045559 842354635 873342959
842016875 865045559 842016875 882522015
842016875 882522015 858053763 883538276
858053763 883538276 858053763 885009322
858053763 883538276 875979745 883538276
875979745 883538276 882858107 884500239
811920668 854378871 811920668 875200848
882858107 884500239 906461960 884500239
882858107 884500239 882858107 921110978
882858107 921110978 891083914 928040225
891083914 928040225 911306082 928040225
911306082 928040225 922583176 928040225
911306082 928040225 911306082 946123324
911306082 946123324 912808852 948498095
912808852 948498095 912808852 959365808
912808852 959365808 913834692 964936700
913834692 964936700 913909499 964936700
913834692 964936700 913834692 986379098
891083914 928040225 891083914 955071689
891083914 955071689 896046686 959359405
913834692 986379098 937467904 995788694
937467904 995788694 939181148 999825872
912808852 948498095 947635756 948498095
947635756 948498095 964187829 962164642
906461960 884500239 927912349 904174956
333040038 488908435 368160652 499461253
193440569 235860874 224691593 250601300
224691593 250601300 226405664 276005411
226405664 276005411 234944965 282012071
234944965 282012071 236625559 289825589
236625559 289825589 238387657 289825589
660995702 862256863 664435015 905376816
664435015 905376816 664435015 920730895
664435015 920730895 665679325 929372547
665679325 929372547 667233275 943800640
667233275 943800640 667233275 969145969
667233275 969145969 676719905 984987446
676719905 984987446 686527663 985902114
664435015 905376816 694492251 905376816
694492251 905376816 715039226 910287124
667233275 943800640 699088126 943800640
699088126 943800640 702800901 944875999
702800901 944875999 702800901 945948793
702800901 944875999 708036446 944875999
702800901 945948793 703687313 982975849
703687313 982975849 725770744 990150820
725770744 990150820 725770744 999166098
725770744 990150820 742288447 990150820
922583176 928040225 959918481 937874039
959918481 937874039 959918481 945859284
959918481 937874039 978215505 937874039
978215505 937874039 990450322 954042316
209993249 296376452 209993249 343552068
209993249 343552068 211269373 355893441
211269373 355893441 211269373 357289148
211269373 357289148 212066930 362985195
211269373 355893441 244494721 355893441
244494721 355893441 261184658 372728407
261184658 372728407 264060826 372728407
261184658 372728407 261184658 389009846
261184658 389009846 261747134 416583676
261747134 416583676 270202088 430025518
270202088 430025518 280442902 430025518
270202088 430025518 270202088 472133137
357363493 680834619 371372674 714780197
371372674 714780197 371372674 743354828
371372674 714780197 406653649 714780197
406653649 714780197 407961935 714780197
406653649 714780197 406653649 726622185
371372674 743354828 396278552 763654775
396278552 763654775 399116316 771777610
399116316 771777610 399116316 800100618
399116316 800100618 399787561 805026602
399787561 805026602 411150222 805026602
399787561 805026602 399787561 830571428
399116316 771777610 430323491 771777610
491461761 724677062 492901640 771759696
492901640 771759696 495562748 776664731
495562748 776664731 505818531 776664731
495562748 776664731 495562748 808328615
495562748 808328615 499465680 821990478
499465680 821990478 499465680 825108817
499465680 825108817 503102174 830925387
503102174 830925387 506266465 830925387
499465680 821990478 518070537 821990478
518070537 821990478 527932557 826157154
527932557 826157154 537374705 826157154
527932557 826157154 527932557 859912534
527932557 859912534 542454896 881860321
542454896 881860321 555540475 899781937
555540475 899781937 555723038 899781937
555540475 899781937 555540475 911071565
927912349 904174956 953037257 927937727
623676317 733526347 656750120 752681806
656750120 752681806 676737341 753372990
676737341 753372990 677746589 753372990
677746589 753372990 677746589 761854719
677746589 761854719 683933950 761854719
677746589 761854719 677746589 773331229
676737341 753372990 676737341 774937288
683933950 761854719 709774089 769040671
708036446 944875999 740587387 965211703
740587387 965211703 759963866 968967287
759963866 968967287 759963866 977713724
759963866 968967287 774831221 968967287
628421248 850368499 628421248 905578642
503102174 830925387 503102174 886867134
503102174 886867134 505170786 930820409
505170786 930820409 510489665 937804661
510489665 937804661 521181110 954929492
521181110 954929492 523899410 955472843
523899410 955472843 564077563 967402186
137247814 316925701 157912081 353296287
705215734 831774060 721976434 872760274
721976434 872760274 738553881 877581012
738553881 877581012 760616712 877581012
760616712 877581012 760616712 882387863
738553881 877581012 738553881 904366129
760616712 877581012 795130052 877581012
760616712 882387863 792504823 890079864
792504823 890079864 804629194 911639463
411150222 805026602 461419548 814294090
461419548 814294090 461819992 854460848
461819992 854460848 469809158 891823353
469809158 891823353 469809158 898223791
469809158 898223791 479772972 898223791
469809158 891823353 493726527 891823353
469809158 898223791 469809158 947017438
493726527 891823353 498455907 940230885
498455907 940230885 502315155 942785769
777526552 804895777 801118967 840890970
943547161 446047092 977173391 472196021
977173391 472196021 990514847 472196021
977173391 472196021 977173391 489828332
384226259 0 445246978 0
445246978 0 445246978 21678097
445246978 0 494184649 0
494184649 0 506237771 0
506237771 0 526562797 0
526562797 0 551258453 0
551258453 0 554729566 0
554729566 0 562632926 0
562632926 0 562632926 5639149
562632926 0 579133617 0
579133617 0 579133617 1614675
554729566 0 554729566 23948855
579133617 0 604093506 0
604093506 0 604576554 0
604576554 0 609840631 0
604576554 0 604576554 12020777
609840631 0 627269184 0
627269184 0 637854222 0
637854222 0 653273784 0
653273784 0 666161608 0
666161608 0 666161608 6505691
627269184 0 627269184 17997592
627269184 17997592 631733476 18307778
631733476 18307778 637854222 18307778
604093506 0 604093506 21128713
604093506 21128713 608513069 34818404
608513069 34818404 609840631 34818404
637854222 18307778 653273784 24997195
666161608 0 689664546 0
689664546 0 699489615 0
699489615 0 707392054 0
707392054 0 707392054 6311771
707392054 0 723578697 0
526562797 0 526562797 28640160
526562797 28640160 531413177 34867427
531413177 34867427 531413177 51617202
531413177 51617202 531814424 61024742
531814424 61024742 532320494 68686359
532320494 68686359 543515491 68686359
532320494 68686359 532320494 83635040
532320494 83635040 537742364 84822784
531413177 34867427 551258453 34867427
551258453 34867427 552693189 50178288
723578697 0 723578697 33026068
689664546 0 689664546 33684027
689664546 33684027 691134957 45015967
691134957 45015967 699489615 45015967
699489615 45015967 716676384 52397331
691134957 45015967 691134957 76890887
543515491 68686359 564024862 82578584
564024862 82578584 586215208 82649677
586215208 82649677 587771370 82649677
586215208 82649677 586215208 84908491
586215208 84908491 592193135 93007756
592193135 93007756 592193135 113740413
592193135 113740413 604334588 115003524
604334588 115003524 604334588 117321480
604334588 115003524 612263628 115003524
604334588 117321480 604860761 134060694
604860761 134060694 604860761 135220303
604860761 134060694 608058026 134060694
608058026 134060694 620028293 135325824
620028293 135325824 632239366 138917772
592193135 93007756 627701474 93007756
627701474 93007756 631334289 102066398
631334289 102066398 631334289 103320582
631334289 103320582 652954890 112224384
652954890 112224384 659917107 112224384
652954890 112224384 652954890 130869257
631334289 102066398 663453513 102066398
663453513 102066398 682413120 111812735
494184649 0 494184649 40338917
494184649 40338917 494957771 47669673
494957771 47669673 506237771 47669673
608513069 34818404 608513069 75922877
723578697 0 766117045 0
766117045 0 770728374 0
770728374 0 771623662 0
770728374 0 770728374 2749836
771623662 0 800542635 0
800542635 0 806299961 0
806299961 0 806839507 0
806839507 0 806839507 20260481
806299961 0 806299961 24830144
800542635 0 800542635 26784468
766117045 0 766117045 32119220
766117045 32119220 766377762 36838275
766377762 36838275 771623662 36838275
766377762 36838275 766377762 63578350
766377762 63578350 776365755 65622541
776365755 65622541 794775572 77694071
794775572 77694071 820525441 77694071
494957771 47669673 494957771 90334079
652954890 130869257 669951654 156776324
506237771 47669673 521792632 75522714
716676384 52397331 743687848 71909383
743687848 71909383 748148010 92673263
669951654 156776324 688239768 185774803
688239768 185774803 688239768 192040990
688239768 185774803 697802197 185774803
697802197 185774803 700760541 191193814
700760541 191193814 700760541 214662356
700760541 214662356 704753137 224420013
704753137 224420013 712830217 224420013
704753137 224420013 704753137 250022157
712830217 224420013 737459304 236053023
700760541 191193814 738922256 191193814
738922256 191193814 746971666 193658596
746971666 193658596 746971666 194791583
746971666 194791583 751796117 199047793
746971666 193658596 773063927 193658596
751796117 199047793 770691668 224418190
631733476 18307778 631733476 66777771
494957771 90334079 497713499 137014015
682413120 111812735 704884668 139997459
704884668 139997459 719192560 140105074
719192560 140105074 730033290 140105074
719192560 140105074 719192560 159274419
730033290 140105074 773182163 145166332
773182163 145166332 785406684 172922157
785406684 172922157 797981394 173250389
797981394 173250389 798063971 178789847
798063971 178789847 808377805 181810279
808377805 181810279 808377805 191025088
808377805 181810279 821202991 181810279
821202991 181810279 823889318 182036321
823889318 182036321 831539340 182036321
831539340 182036321 855216980 182495503
855216980 182495503 864575025 187580726
864575025 187580726 864575025 214423856
864575025 187580726 896503862 187580726
896503862 187580726 899381572 199998298
899381572 199998298 910377348 199998298
910377348 199998298 910377348 200311201
910377348 199998298 923462131 199998298
910377348 200311201 912948728 217321336
899381572 199998298 899381572 246224576
537742364 84822784 561192125 112909108
561192125 112909108 569750350 130695708
569750350 130695708 569750350 131729599
569750350 130695708 585119314 130695708
569750350 131729599 582463205 142631583
582463205 142631583 583703576 142631583
582463205 142631583 582463205 162772275
582463205 162772275 606757390 190411069
606757390 190411069 608860068 192273128
608860068 192273128 623205347 192273128
608860068 192273128 608860068 219859432
497713499 137014015 502775368 184027535
502775368 184027535 503060394 187510369
503060394 187510369 514296568 199770212
514296568 199770212 514296568 208248938
514296568 199770212 542055811 199770212
542055811 199770212 550134779 222389760
550134779 222389760 550134779 225238131
550134779 225238131 561994020 234807452
561994020 234807452 561994020 236631440
561994020 234807452 566705717 234807452
566705717 234807452 566705717 235223192
566705717 234807452 573789418 234807452
550134779 222389760 575659927 222389760
573789418 234807452 579737230 261732757
579737230 261732757 588388648 261732757
579737230 261732757 579737230 274027550
566705717 235223192 569061649 278230057
579737230 274027550 624281760 275487510
624281760 275487510 651138149 291014007
651138149 291014007 677845299 292424682
677845299 292424682 698404011 307217937
698404011 307217937 698404011 342840705
698404011 342840705 714390234 343689614
714390234 343689614 714390234 357621995
714390234 343689614 732864093 343689614
714390234 357621995 731497537 371044792
698404011 307217937 734636365 307217937
734636365 307217937 736207360 307517783
736207360 307517783 736207360 312708912
736207360 307517783 768086824 307517783
768086824 307517783 790091007 326620632
736207360 312708912 751868501 339884460
790091007 326620632 818181169 346897457
818181169 346897457 849001652 351861233
849001652 351861233 854381447 386576376
854381447 386576376 863033036 390180889
863033036 390180889 863206839 393351320
863206839 393351320 863206839 408965296
863206839 393351320 886431888 393351320
886431888 393351320 886431888 395972826
886431888 395972826 893023483 401437509
893023483 401437509 897474422 408353370
886431888 393351320 915265429 393351320
863206839 408965296 883293769 440196395
737459304 236053023 759008795 268120047
759008795 268120047 768086824 273452629
768086824 273452629 768086824 295066760
768086824 295066760 778521066 295066760
778521066 295066760 790091007 304011003
790091007 304011003 811710446 304011003
811710446 304011003 839679703 312356620
839679703 312356620 839679703 319137991
839679703 312356620 847301931 312356620
847301931 312356620 867225914 328717926
867225914 328717926 867225914 344687506
768086824 273452629 806736881 273452629
806736881 273452629 809622379 273452629
806736881 273452629 806736881 286827897
867225914 328717926 917861170 328717926
917861170 328717926 923237159 340834648
923237159 340834648 936912706 340834648
923237159 340834648 923237159 369900370
923237159 369900370 947766860 384059365
947766860 384059365 957601592 390815784
957601592 390815784 963002533 405650154
963002533 405650154 975239874 412350124
975239874 412350124 989018242 412350124
975239874 412350124 975239874 428892408
975239874 428892408 991372857 433874109
912948728 217321336 944005581 239971521
944005581 239971521 955268248 256321057
955268248 256321057 955268248 262857384
955268248 262857384 965243489 262857384
965243489 262857384 973399736 271910950
955268248 256321057 977325750 256321057
955268248 262857384 955268248 292653714
955268248 292653714 957514341 292653714
955268248 292653714 955268248 326914346
794775572 77694071 794775572 132077384
823889318 182036321 823889318 236738383
823889318 236738383 825081398 236738383
823889318 236738383 823889318 245936391
820525441 77694071 840228729 112985030
840228729 112985030 849780059 136352742
849780059 136352742 856162569 154569339
856162569 154569339 856162569 168668296
856162569 154569339 893079030 154569339
632239366 138917772 637534496 188748426
806839507 0 865080356 0
865080356 0 887672822 0
887672822 0 895379848 0
895379848 0 901849582 0
901849582 0 910643169 0
910643169 0 930103847 0
930103847 0 930103847 15778294
930103847 15778294 930103847 18726679
887672822 0 887672822 21912621
887672822 21912621 895379848 23413541
895379848 23413541 895379848 29056204
895379848 23413541 901849582 23413541
901849582 23413541 910643169 37978767
865080356 0 865080356 30687255
910643169 37978767 918105608 68532047
918105608 68532047 928229036 68958474
928229036 68958474 928229036 87947637
928229036 87947637 938342196 87947637
928229036 87947637 928229036 117933033
938342196 87947637 957457265 105379374
957457265 105379374 961061712 122208428
961061712 122208428 961061712 128002387
961061712 122208428 971069030 122208428
971069030 122208428 975830447 123428185
975830447 123428185 977538247 123428185
975830447 123428185 975830447 150274555
975830447 150274555 983552121 163742267
928229036 68958474 971102858 68958474
971102858 68958474 981042061 68958474
971102858 68958474 971102858 87723418
971102858 87723418 997719761 100497579
930103847 18726679 963672133 39774824
608860068 219859432 662128684 225226709
662128684 225226709 674547418 225226709
662128684 225226709 662128684 240306327
867225914 344687506 902403302 369684959
902403302 369684959 902403302 371953188
902403302 369684959 913134768 369684959
895379848 29056204 900565781 84857817
499187840 352643447 507950885 405742927
507950885 405742927 507950885 419025317
507950885 405742927 551533932 405742927
99767252 190271274 99767252 252263587
386908913 506789242 430684816 525221503
430684816 525221503 471475958 538664655
0 158251929 0 221704265
0 221704265 0 222732084
0 222732084 0 239568964
0 222732084 22239246 222732084
22239246 222732084 30584552 239568964
0 239568964 0 266100346
0 266100346 4624063 266100346
0 266100346 0 294058675
0 294058675 0 294673163
0 294673163 12786924 294673163
0 294058675 47005213 294058675
0 294673163 0 342843483
0 342843483 2576347 342843483
0 342843483 0 353911886
0 353911886 0 365152881
0 365152881 0 371100506
0 371100506 11138826 371100506
0 353911886 16278049 353911886
16278049 353911886 24306550 365152881
0 371100506 0 409373513
0 409373513 34849225 409373513
24306550 365152881 58378237 375990369
58378237 375990369 58378237 378837597
58378237 375990369 75242621 375990369
75242621 375990369 85006260 406253813
85006260 406253813 103569576 425360692
103569576 425360692 103569576 440106861
103569576 425360692 118337238 425360692
118337238 425360692 118337238 433093306
118337238 433093306 126166698 435444218
103569576 440106861 114805126 445261435
114805126 445261435 114984880 445261435
118337238 425360692 139884097 425360692
139884097 425360692 157809125 428869456
157809125 428869456 157809125 455639538
157809125 455639538 177639073 458645072
177639073 458645072 205284057 458927982
205284057 458927982 205284057 461912907
205284057 458927982 211593502 458927982
211593502 458927982 213466861 478254244
126166698 435444218 126566611 467176973
126566611 467176973 126566611 468724047
126566611 467176973 142053871 467176973
142053871 467176973 150960316 487315193
150960316 487315193 176772827 487315193
176772827 487315193 189689953 500640500
189689953 500640500 193511002 500640500
189689953 500640500 189689953 509142217
189689953 509142217 191849765 509142217
189689953 509142217 189689953 532004347
189689953 532004347 196322902 537454820
196322902 537454820 208058823 537454820
196322902 537454820 196322902 553960298
150960316 487315193 150960316 516609217
150960316 516609217 151550613 524918905
151550613 524918905 151550613 538219332
151550613 524918905 169049769 524918905
196322902 553960298 210082048 574088743
210082048 574088743 221787909 574088743
221787909 574088743 223467746 581497240
223467746 581497240 223467746 604192626
223467746 604192626 223467746 611271075
223467746 604192626 241015427 604192626
241015427 604192626 247866567 611056851
247866567 611056851 249293321 626191655
223467746 611271075 237929755 614787695
249293321 626191655 272249166 626191655
272249166 626191655 280044673 640251568
280044673 640251568 292974840 640251568
280044673 640251568 280044673 655263908
223467746 581497240 252352848 581497240
252352848 581497240 262945440 581497240
252352848 581497240 252352848 599873382
249293321 626191655 249293321 658454184
249293321 658454184 252949437 662144769
252949437 662144769 255853357 662144769
252352848 599873382 290772914 603189380
290772914 603189380 311543575 612550099
311543575 612550099 311543575 625210114
311543575 612550099 326942451 612550099
252949437 662144769 252949437 703938693
252949437 703938693 253672854 703938693
252949437 703938693 252949437 718166421
253672854 703938693 282287751 704982321
282287751 704982321 282287751 720742892
282287751 720742892 300551063 725682267
282287751 704982321 313135355 704982321
313135355 704982321 330442040 712228407
157809125 428869456 200644747 428869456
300551063 725682267 329336607 744999213
329336607 744999213 336647927 774054670
336647927 774054670 344973224 780419186
0 221704265 49397251 221704265
210082048 574088743 210082048 626909913
114805126 445261435 114805126 500178392
114805126 500178392 139340064 530363731
213466861 478254244 256566225 490312048
256566225 490312048 260082806 515368952
260082806 515368952 260082806 528752304
260082806 515368952 302940166 515368952
302940166 515368952 306726641 554282474
306726641 554282474 306726641 554293787
306726641 554293787 318424215 565245501
318424215 565245501 321828377 580763978
321828377 580763978 322027166 602510387
306726641 554282474 350808006 554282474
260082806 528752304 295117647 550101967
295117647 550101967 295357086 550101967
295117647 550101967 295117647 568346556
252949437 718166421 271216045 758979803
271216045 758979803 277503658 781121288
277503658 781121288 285792673 786159691
285792673 786159691 306866681 787197561
306866681 787197561 326105203 787197561
306866681 787197561 306866681 822354050
306866681 822354050 310630940 831869679
310630940 831869679 316301383 883153448
316301383 883153448 331364821 918763698
331364821 918763698 331364821 935691115
331364821 918763698 355293671 918763698
355293671 918763698 357567153 918763698
355293671 918763698 355293671 931342621
357567153 918763698 386459184 919141145
331364821 935691115 340898493 965864778
340898493 965864778 362757314 973218875
362757314 973218875 378729051 973218875
362757314 973218875 362757314 995417404
344973224 780419186 381530443 805293613
381530443 805293613 387767101 822467206
387767101 822467206 388924091 839988650
388924091 839988650 395485074 839988650
388924091 839988650 388924091 866376089
388924091 866376089 390475365 869295494
390475365 869295494 391202153 869295494
390475365 869295494 390475365 893992477
390475365 893992477 421573139 894869161
421573139 894869161 421573139 899323847
421573139 894869161 447549338 894869161
391202153 869295494 417669306 877445592
280044673 655263908 307411063 689482285
0 409373513 0 471075968
0 471075968 32775343 471075968
0 471075968 0 504603435
0 504603435 0 526062528
0 526062528 0 550403662
0 550403662 0 558137830
0 526062528 25794482 526062528
25794482 526062528 36704379 541522712
36704379 541522712 36704379 550403662
0 504603435 29462337 504603435
0 558137830 36339206 558137830
0 558137830 0 597965522
0 597965522 24755919 597965522
0 597965522 0 628171484
0 628171484 36968981 628171484
36968981 628171484 52380593 635768695
0 628171484 0 675285107
0 675285107 0 680708941
0 680708941 14671949 680708941
0 675285107 20433530 675285107
0 680708941 0 711069470
0 711069470 0 727994504
0 711069470 36086449 711069470
36086449 711069470 48238854 715988396
48238854 715988396 56730586 715988396
48238854 715988396 48238854 727994504
0 727994504 0 764638674
0 764638674 23913815 764638674
23913815 764638674 68704587 765160112
68704587 765160112 83606854 765160112
83606854 765160112 94225893 765160112
83606854 765160112 83606854 789003612
83606854 789003612 90136941 804970224
90136941 804970224 92560831 809364431
94225893 765160112 122083753 765299996
68704587 765160112 68704587 809734576
92560831 809364431 92560831 854487311
36704379 550403662 83791438 550808789
83791438 550808789 83791438 556053540
83791438 550808789 94824172 550808789
94824172 550808789 95186722 550808789
94824172 550808789 94824172 552607094
52380593 635768695 77409447 659520397
77409447 659520397 78084866 659520397
77409447 659520397 77409447 669020685
77409447 669020685 80706360 695743880
80706360 695743880 123225596 696328827
123225596 696328827 125234234 696328827
125234234 696328827 136885296 696328827
125234234 696328827 125234234 716095314
125234234 716095314 125390292 736041090
125390292 736041090 158732995 738156496
158732995 738156496 162202747 750087760
162202747 750087760 176692195 750087760
176692195 750087760 176692195 781092633
176692195 781092633 176692195 792661227
176692195 792661227 184093895 798632879
176692195 781092633 209543091 781092633
209543091 781092633 227638604 803660062
227638604 803660062 227638604 804728801
227638604 803660062 237512498 803660062
227638604 804728801 237495194 825457137
237495194 825457137 237495194 830213088
237495194 825457137 269679074 825457137
269679074 825457137 273583873 825709704
162202747 750087760 162202747 801164496
162202747 801164496 172786832 839098203
172786832 839098203 186026603 861521293
186026603 861521293 186026603 877925146
186026603 861521293 209065084 861521293
209065084 861521293 219456828 864813211
92560831 809364431 144080021 809364431
144080021 809364431 151724971 813003479
151724971 813003479 162156128 839098203
162156128 839098203 162156128 889283337
20433530 675285107 51197791 697194696
94824172 552607094 134136256 569280246
36704379 541522712 92873850 541522712
92560831 854487311 114969262 889901254
114969262 889901254 117356646 923344856
117356646 923344856 136735118 923344856
136735118 923344856 138967556 923344856
136735118 923344856 136735118 937710840
138967556 923344856 147551253 934130350
147551253 934130350 147551253 936790041
147551253 936790041 156376629 945000198
147551253 934130350 179789999 934130350
156376629 945000198 178649807 957903221
178649807 957903221 179788348 957903221
178649807 957903221 178649807 997935737
117356646 923344856 117356646 964766109
117356646 964766109 117356646 969049650
117356646 964766109 130560262 964766109
176692195 750087760 236708681 750087760
236708681 750087760 238386031 750087760
236708681 750087760 236708681 770580059
24755919 597965522 73426428 609522686
73426428 609522686 73426428 616068584
73426428 616068584 118990829 619748486
118990829 619748486 118990829 622094302
118990829 619748486 127854876 619748486
127854876 619748486 134588679 630150223
134588679 630150223 134588679 648601258
134588679 648601258 145374530 681409942
145374530 681409942 172190483 682700002
172190483 682700002 172499574 687329651
172499574 687329651 179371454 687329651
172499574 687329651 172499574 732586978
134588679 630150223 190451318 630150223
190451318 630150223 209674011 644619762
73426428 609522686 133736480 609522686
122083753 765299996 144080021 804140061
144080021 804140061 157982683 804140061
36339206 558137830 61948056 594534319
123225596 696328827 123225596 759264751
930103847 15778294 993588140 15778294
348827676 428908680 412667172 428908680
770691668 224418190 796723244 262489801
804629194 911639463 822798307 957767030
822798307 957767030 861844130 973668716
861844130 973668716 872150590 985341937
872150590 985341937 872270763 997593451
944561471 509821276 944561471 574158102
944561471 574158102 950806682 589293564
950806682 589293564 950806682 599462485
950806682 599462485 961537720 611474735
961537720 611474735 964929744 626665904
964929744 626665904 967651058 638806518
967651058 638806518 967651058 642038659
967651058 642038659 978140287 642038659
967651058 638806518 980095056 638806518
978140287 642038659 988643018 651435835
988643018 651435835 995269462 651435835
988643018 651435835 988643018 662002097
950806682 589293564 982795241 589293564
967651058 642038659 967651058 697891002
967651058 697891002 973235076 701012398
973235076 701012398 975333803 701012398
973235076 701012398 973235076 717974215
973235076 717974215 975096682 749242044
975096682 749242044 991957949 750067365
991957949 750067365 996179903 750067365
991957949 750067365 991957949 769912922
991957949 769912922 993755218 769912922
991957949 769912922 991957949 795196840
991957949 795196840 994136298 802572369
47005213 294058675 92665315 313318565
92665315 313318565 93357713 313318565
92665315 313318565 92665315 330233282
93357713 313318565 107635216 325137020
107635216 325137020 117127489 363382058
684429461 657250815 732461787 674175133
732461787 674175133 741587636 674175133
741587636 674175133 750368803 692886391
750368803 692886391 750368803 694849184
750368803 694849184 772073771 698793577
772073771 698793577 772073771 701932372
772073771 698793577 781383653 698793577
750368803 692886391 786578271 692886391
786578271 692886391 786578271 693778998
786578271 692886391 804962005 692886391
804962005 692886391 832384554 703709653
832384554 703709653 832384554 715517170
832384554 703709653 851484285 703709653
851484285 703709653 869025875 721975171
869025875 721975171 869025875 744708310
869025875 744708310 877622810 756642675
869025875 721975171 896598029 721975171
732461787 674175133 732461787 713927152
732461787 713927152 737216003 737491399
737216003 737491399 748280161 753372990
748280161 753372990 763374507 756922062
763374507 756922062 763374507 788244640
763374507 788244640 796095048 790011867
796095048 790011867 813515067 801809051
813515067 801809051 823751528 805053871
763374507 756922062 801349840 756922062
801349840 756922062 805965135 783969204
805965135 783969204 823665127 787671826
823665127 787671826 835734914 787671826
835734914 787671826 844868651 788858457
844868651 788858457 844868651 789902280
844868651 788858457 853712228 788858457
823665127 787671826 823665127 800289067
853712228 788858457 860904574 796945423
860904574 796945423 885548593 796945423
885548593 796945423 898132464 796945423
885548593 796945423 885548593 820456215
885548593 820456215 891544374 840419966
832384554 715517170 835734914 755176989
835734914 755176989 836912405 755176989
836912405 755176989 864450476 756642675
864450476 756642675 864450476 763317345
891544374 840419966 926326157 851330301
926326157 851330301 945879520 851330301
945879520 851330301 957312979 852626640
957312979 852626640 963174377 861418179
963174377 861418179 963174377 861877262
963174377 861877262 969226207 871173142
969226207 871173142 969226207 880860117
926326157 851330301 926326157 873459093
969226207 871173142 992208030 871173142
992208030 871173142 994035913 871173142
992208030 871173142 992208030 879644976
963174377 861418179 988219670 861418179
896598029 721975171 935201504 730447433
877622810 756642675 925928171 757063657
860904574 796945423 860904574 849481784
860904574 849481784 868969901 852603000
925928171 757063657 966560905 781643882
966560905 781643882 970988184 819574328
970988184 819574328 979803904 847353807
384067429 377727522 416737055 410653217
751868501 339884460 788774828 368938636
788774828 368938636 811147951 404236666
811147951 404236666 819585193 432089997
819585193 432089997 842263867 439252950
635649746 531364423 673002101 560167262
673002101 560167262 730699319 562282926
730699319 562282926 755017641 568635837
755017641 568635837 774287128 568635837
755017641 568635837 755017641 595197883
774287128 568635837 801873264 589160316
801873264 589160316 801873264 590493216
801873264 589160316 819485652 589160316
819485652 589160316 824307107 589175660
801873264 590493216 814880564 607205548
814880564 607205548 816039067 619619425
816039067 619619425 816335914 637086435
816335914 637086435 824073145 650459940
824073145 650459940 824073145 669911916
824073145 669911916 824073145 673955974
824073145 669911916 830450620 669911916
830450620 669911916 832384554 675248726
832384554 675248726 854127404 675248726
854127404 675248726 854956155 678572508
854956155 678572508 869760343 678572508
854956155 678572508 854956155 693557600
824073145 650459940 848468556 650459940
755017641 595197883 801795383 598489980
801795383 598489980 807882924 617370366
807882924 617370366 808016638 660115463
848468556 650459940 904799676 653384729
904799676 653384729 904799676 668221586
904799676 653384729 937951435 653384729
904799676 668221586 921100201 703655376
200644747 428869456 246996722 448914873
809622379 273452629 872879471 276631576
510116776 638841546 563051555 652904495
563051555 652904495 569992539 652904495
563051555 652904495 563051555 693742114
569992539 652904495 585370853 680284637
585370853 680284637 585370853 689546518
585370853 680284637 595142829 680284637
595142829 680284637 619018364 697764743
311543575 625210114 320540111 684139265
134874506 10166916 148023396 65098223
806299961 24830144 836875398 64118980
471475958 538664655 529582727 551069590
529582727 551069590 534963841 558306000
534963841 558306000 535559371 558306000
535559371 558306000 552402829 604540480
552402829 604540480 563886543 604540480
563886543 604540480 563886543 608159059
563886543 608159059 565437206 613177229
563886543 604540480 573924114 604540480
552402829 604540480 552402829 617117615
552402829 617117615 553397172 617117615
552402829 617117615 552402829 620447651
552402829 620447651 560906530 629892686
560906530 629892686 563051555 632560847
563051555 632560847 623267288 632560847
534963841 558306000 534963841 623186511
0 764638674 0 835350538
0 835350538 0 836304648
0 836304648 0 840716130
0 840716130 10077450 840716130
0 840716130 0 854719949
0 835350538 28838231 835350538
28838231 835350538 34124488 835393556
34124488 835393556 34124488 836304648
34124488 836304648 47043141 839315631
47043141 839315631 53143002 839315631
47043141 839315631 47043141 854719949
34124488 835393556 55108472 835393556
0 854719949 0 904172886
0 904172886 0 915916160
0 915916160 0 919332194
0 919332194 0 925034329
0 904172886 21629476 904172886
21629476 904172886 25854321 915916160
25854321 915916160 32173550 915916160
32173550 915916160 40972602 916903843
40972602 916903843 45520630 916903843
45520630 916903843 45520630 919332194
40972602 916903843 40972602 925034329
45520630 919332194 55517239 924724695
45520630 916903843 73313211 916903843
25854321 915916160 25854321 953318332
0 925034329 0 967020931
0 967020931 17333553 968764674
17333553 968764674 38212937 998657093
34849225 409373513 60486125 454702080
60486125 454702080 73010620 467387094
824307107 589175660 894221933 590326722
894221933 590326722 901453326 599462485
901453326 599462485 923057608 599462485
923057608 599462485 923057608 602829984
923057608 602829984 923057608 610707191
923057608 602829984 942188094 602829984
942188094 602829984 946178021 611899329
946178021 611899329 950157536 611899329
946178021 611899329 946178021 616274973
946178021 616274973 947560642 626665904
947560642 626665904 947560642 638643433
901453326 599462485 901453326 643329416
901453326 643329416 901979269 648319513
211336766 45168675 230747603 97176140
230747603 97176140 271097796 107108903
271097796 107108903 283994759 114968351
706066245 515649505 741671017 552321161
631733476 66777771 685838019 85018080
564077563 967402186 620298450 983630241
620298450 983630241 627315115 989324382
898132464 796945423 959554352 808023735
406653649 726622185 463972743 742697852
463972743 742697852 483784678 755301752
858053763 885009322 860473621 956735133
662128684 240306327 692549707 284075605
372840094 216321713 447921372 216321713
447921372 216321713 478648958 224548192
478648958 224548192 478648958 228148377
478648958 228148377 495492803 233306791
495492803 233306791 511303884 234646599
478648958 224548192 502086941 224548192
983552121 163742267 997876876 225789927
555540475 911071565 591261019 952095256
591261019 952095256 646175388 968625298
386908913 505744799 463910967 505744799
463910967 505744799 482112591 510968235
482112591 510968235 482112591 516114763
482112591 510968235 526714157 510968235
691209224 631468048 746124591 653697426
390910851 282699212 423702542 328989813
750397709 494000872 779620034 544035314
779620034 544035314 807078614 554684977
598346851 347457096 668237743 357092874
2576347 342843483 81627264 344499810
380534857 129360156 461686964 129360156
461686964 129360156 466549827 151321989
466549827 151321989 468459769 151321989
466549827 151321989 466549827 158759548
466549827 158759548 474207719 169160345
474207719 169160345 492447509 169160345
474207719 169160345 474207719 200734925
474207719 200734925 474207719 206852918
474207719 200734925 487277613 200734925
445246978 21678097 463000485 86162851
463000485 86162851 466861596 116328917
466861596 116328917 468459769 127458654
468459769 127458654 480249777 127458654
576945396 517746364 577311311 600412217
219456828 864813211 258697322 909578985
258697322 909578985 265438939 923586953
265438939 923586953 265438939 930153567
265438939 923586953 290528394 923586953
290528394 923586953 300612899 931342621
300612899 931342621 300612899 945245626
300612899 945245626 303032357 963448071
303032357 963448071 316663729 976828674
265438939 930153567 282384315 947686941
282384315 947686941 286703708 949555567
286703708 949555567 287194359 963448071
287194359 963448071 287194359 978889615
287194359 978889615 297671666 991863301
316663729 976828674 335337841 996279991
421573139 899323847 432285679 972868843
480040264 560018880 504550341 622969396
380534857 146546570 461168842 158759548
461168842 158759548 461168842 196853977
461168842 196853977 466374978 200278221
