1449
0 0 0 5051639
0 0 6211760 0
6211760 0 16268491 0
16268491 0 19759456 0
19759456 0 27835245 0
0 5051639 0 15436671
0 15436671 0 17696749
0 17696749 0 24425414
0 24425414 0 38935513
0 38935513 0 49135098
0 49135098 0 53858770
0 49135098 6211760 49135098
16268491 0 16268491 15436671
16268491 15436671 27835245 17696749
27835245 0 45307509 0
45307509 0 46445702 0
45307509 0 45307509 5051639
46445702 0 64489351 0
64489351 0 64489351 8292427
64489351 0 77877137 0
77877137 0 83972320 0
83972320 0 96566364 0
77877137 0 77877137 13591943
96566364 0 110569290 0
110569290 0 110569290 2041725
110569290 0 126152274 0
126152274 0 129579789 0
129579789 0 132998592 0
132998592 0 137287789 0
129579789 0 129579789 7966226
137287789 0 149633070 0
96566364 0 96566364 17931626
0 38935513 19759456 38935513
45307509 5051639 46445702 24425414
126152274 0 126152274 25408810
126152274 25408810 132998592 36115256
132998592 36115256 136290554 47395019
136290554 47395019 149633070 47395019
149633070 47395019 158278810 55936502
158278810 55936502 171054819 55936502
77877137 13591943 83972320 33433176
149633070 0 176473059 0
171054819 55936502 198001847 57466767
198001847 57466767 205699982 57466767
198001847 57466767 198001847 82660961
19759456 38935513 38583326 53858770
38583326 53858770 57854888 54191025
57854888 54191025 57854888 58786159
57854888 54191025 67773255 54191025
67773255 54191025 72101826 54995750
72101826 54995750 80658959 80720476
176473059 0 214139942 0
214139942 0 223490008 0
223490008 0 225931592 0
225931592 0 225931592 14437307
223490008 0 223490008 16224819
198001847 82660961 206049976 118095984
176473059 0 176473059 45055412
176473059 45055412 214139942 47643473
205699982 57466767 240858143 68093641
240858143 68093641 240858143 74411326
240858143 68093641 277787392 68093641
277787392 68093641 278703858 74838944
278703858 74838944 281731894 77503212
281731894 77503212 281731894 95613721
281731894 95613721 292012842 95613721
158278810 55936502 158278810 107880283
158278810 107880283 168654155 139376945
64489351 8292427 75597605 50052872
0 53858770 0 108076518
0 108076518 172890 108076518
0 108076518 0 111229358
0 111229358 17810162 111229358
0 111229358 0 132883630
0 132883630 0 133598814
0 133598814 0 135797216
0 135797216 0 142624250
0 142624250 0 145253962
0 145253962 0 147426487
0 133598814 20190780 133598814
20190780 133598814 28007679 135797216
28007679 135797216 32533597 135797216
32533597 135797216 32533597 142624250
28007679 135797216 28007679 145253962
28007679 145253962 28007679 147426487
28007679 145253962 30340761 145253962
32533597 135797216 45812222 135797216
0 147426487 0 169866326
0 169866326 0 170139561
0 170139561 0 172884205
0 172884205 0 178151026
0 178151026 6330384 178151026
0 169866326 10718470 169866326
10718470 169866326 23154866 170139561
23154866 170139561 23154866 172884205
23154866 170139561 42280635 170139561
42280635 170139561 62125298 172117528
62125298 172117528 69454593 195933394
69454593 195933394 97424018 202296923
97424018 202296923 118995903 208024784
118995903 208024784 118995903 209524906
118995903 208024784 142226079 208024784
142226079 208024784 143749702 222229533
143749702 222229533 143777222 222229533
143749702 222229533 143749702 228919285
143749702 228919285 163577815 236750745
163577815 236750745 170997310 247513811
170997310 247513811 190243427 247513811
170997310 247513811 170997310 283224207
170997310 283224207 184736634 294273964
184736634 294273964 198038873 304812022
198038873 304812022 204390789 304812022
204390789 304812022 216693680 311956177
216693680 311956177 220766517 334304157
220766517 334304157 221860767 334304157
220766517 334304157 220766517 367634043
118995903 209524906 119841798 251618069
119841798 251618069 132526068 251618069
119841798 251618069 119841798 267997181
0 132883630 49623285 132883630
198038873 304812022 198038873 355291747
49623285 132883630 99055251 137441220
99055251 137441220 130036891 141520420
130036891 141520420 135623054 141520420
135623054 141520420 157092093 159714678
157092093 159714678 160731947 166437477
160731947 166437477 161719444 170481793
161719444 170481793 180328756 188396059
180328756 188396059 180328756 191353291
180328756 191353291 185788013 192603534
185788013 192603534 185788013 195015095
185788013 192603534 214245738 192603534
214245738 192603534 219319873 194571374
219319873 194571374 229938505 194571374
229938505 194571374 229938505 202928793
219319873 194571374 219319873 209424286
219319873 209424286 228090088 229876236
228090088 229876236 234137613 235320128
234137613 235320128 234137613 247212492
234137613 235320128 247168284 235320128
247168284 235320128 249240431 253342377
185788013 195015095 191321538 222179448
229938505 194571374 263488486 194571374
263488486 194571374 271490544 194978893
271490544 194978893 297524156 198637893
297524156 198637893 304925467 213461377
304925467 213461377 311665455 220372626
311665455 220372626 311665455 224939731
311665455 224939731 313279824 224939731
313279824 224939731 316216901 227399715
316216901 227399715 318474164 227399715
318474164 227399715 326334182 229391660
326334182 229391660 326334182 239635156
326334182 239635156 330140611 241553365
330140611 241553365 330140611 251697592
330140611 241553365 347812006 241553365
347812006 241553365 348630400 241553365
347812006 241553365 347812006 248981841
316216901 227399715 316216901 251927890
326334182 229391660 365709603 229391660
130036891 141520420 130036891 182897883
311665455 220372626 357207111 220372626
330140611 251697592 338051362 289881841
338051362 289881841 338864463 329951344
338864463 329951344 338864463 347272932
338864463 329951344 364716723 329951344
364716723 329951344 364760370 335992898
364760370 335992898 364760370 344880792
338864463 347272932 344056354 376047368
344056354 376047368 355907814 376047368
355907814 376047368 358645840 376081132
344056354 376047368 344056354 402747875
344056354 402747875 344056354 407456744
344056354 402747875 351978933 402747875
351978933 402747875 363326702 434490921
363326702 434490921 366521540 435492515
366521540 435492515 366521540 461283898
366521540 461283898 367009258 465617129
367009258 465617129 367009258 467500100
367009258 467500100 370206374 478627431
367009258 465617129 390033980 465617129
390033980 465617129 393440926 466762667
393440926 466762667 410698891 466762667
410698891 466762667 427616327 471765648
427616327 471765648 437416005 471765648
437416005 471765648 448271922 471765648
448271922 471765648 448271922 472925302
448271922 471765648 454312043 471765648
454312043 471765648 459571583 477626581
459571583 477626581 459571583 488505940
437416005 471765648 437416005 488393104
427616327 471765648 427616327 489768790
393440926 466762667 393440926 490665638
427616327 489768790 431681657 518523939
431681657 518523939 436336739 518523939
431681657 518523939 431681657 530053873
366521540 435492515 404649585 435492515
393440926 490665638 402458221 520418474
459571583 488505940 498724228 490844723
498724228 490844723 498724228 504850798
498724228 490844723 513910205 490844723
498724228 504850798 503335971 529666290
503335971 529666290 516967857 556473498
516967857 556473498 526364867 556473498
516967857 556473498 516967857 571632647
516967857 571632647 532011981 575218190
532011981 575218190 532011981 584888964
532011981 584888964 551500591 590878046
551500591 590878046 552857039 614655105
552857039 614655105 558256063 616830665
558256063 616830665 577210785 616830665
577210785 616830665 578361732 616830665
577210785 616830665 577210785 619382829
532011981 575218190 557887044 575218190
358645840 376081132 401117660 380184668
401117660 380184668 404096413 380184668
401117660 380184668 401117660 401797291
401117660 401797291 407235349 402436421
407235349 402436421 407235349 422679651
407235349 402436421 448744084 402436421
448744084 402436421 452978572 402436421
452978572 402436421 452978572 402567191
448744084 402436421 448744084 420076956
452978572 402436421 470976647 402436421
470976647 402436421 491237466 404931525
229938505 202928793 262073034 219665096
249240431 253342377 251022102 301958544
251022102 301958544 283354832 309836842
283354832 309836842 292305923 323438157
292305923 323438157 322605264 323438157
322605264 323438157 322605264 323895970
322605264 323438157 336383305 323438157
322605264 323895970 334866318 347272932
558256063 616830665 558256063 668039025
558256063 668039025 572232227 671004300
572232227 671004300 572232227 671925576
572232227 671925576 584504940 677686933
584504940 677686933 584504940 706035139
584504940 706035139 594329198 731568552
584504940 677686933 620990260 677686933
620990260 677686933 632644951 685336790
632644951 685336790 662815764 685336790
662815764 685336790 666687167 695728674
666687167 695728674 672195178 722746096
672195178 722746096 679080454 722881839
679080454 722881839 679080454 734793222
679080454 722881839 707717408 722881839
707717408 722881839 733633864 725334292
733633864 725334292 746770223 725334292
632644951 685336790 632644951 719031565
632644951 719031565 646301310 732234850
733633864 725334292 733633864 769781096
733633864 769781096 733633864 776445371
733633864 769781096 745823369 769781096
733633864 776445371 735739181 786683441
735739181 786683441 741391317 786683441
735739181 786683441 735739181 821585463
745823369 769781096 770991819 785734898
770991819 785734898 772054078 785734898
770991819 785734898 770991819 812023708
770991819 812023708 786409258 818652458
786409258 818652458 786409258 830200922
786409258 830200922 787161361 830200922
786409258 818652458 807793628 818652458
786409258 830200922 786409258 854789080
807793628 818652458 826863547 843881269
572232227 671004300 619993364 671004300
735739181 821585463 741457620 864477061
741457620 864477061 745054346 864477061
745054346 864477061 745054346 866097238
741457620 864477061 741457620 873836671
745054346 864477061 754895722 864477061
754895722 864477061 772340087 875484982
772340087 875484982 779566466 876298774
741457620 873836671 749280700 904200433
646301310 732234850 648983739 778781996
648983739 778781996 654488881 818638470
578361732 616830665 631832288 617067468
491237466 404931525 525919075 424374332
525919075 424374332 528917734 424374332
525919075 424374332 525919075 430874282
528917734 424374332 564418745 430530769
564418745 430530769 564418745 437064466
564418745 430530769 587177886 430530769
587177886 430530769 588065046 446165137
588065046 446165137 609605227 454261036
609605227 454261036 609605227 465136035
609605227 465136035 620712600 484146961
620712600 484146961 623436051 489649963
525919075 430874282 529832158 469425502
529832158 469425502 536081367 473796197
623436051 489649963 644754260 511563421
644754260 511563421 663074131 511563421
644754260 511563421 644754260 530377509
644754260 530377509 659570140 532513324
659570140 532513324 670639062 532513324
659570140 532513324 659570140 545544643
659570140 545544643 660421015 565087625
660421015 565087625 660421015 585961783
660421015 585961783 666008381 589527840
666008381 589527840 672397522 594279226
672397522 594279226 685146866 594279226
685146866 594279226 685146866 600448232
685146866 600448232 687676232 600448232
685146866 600448232 685146866 605032108
685146866 594279226 698778551 594279226
698778551 594279226 700011919 594640278
700011919 594640278 700011919 607069399
700011919 607069399 701385313 627141719
701385313 627141719 701607216 632569939
701607216 632569939 701607216 644307285
701607216 644307285 703022457 649732792
703022457 649732792 716715368 649732792
703022457 649732792 703022457 673251411
701607216 632569939 728045547 632569939
728045547 632569939 747281334 635113513
747281334 635113513 750927326 635766323
750927326 635766323 762821755 635766323
762821755 635766323 769538072 635766323
762821755 635766323 762821755 648364995
750927326 635766323 750927326 651755778
750927326 651755778 762342753 665436603
703022457 673251411 707717408 709793316
707717408 709793316 733645959 709793316
733645959 709793316 735583662 709793316
733645959 709793316 733645959 720540287
685146866 605032108 693434720 639844291
693434720 639844291 695935202 639844291
693434720 639844291 693434720 645727775
693434720 645727775 695649687 645727775
693434720 645727775 693434720 652956609
660421015 565087625 712859045 565087625
712859045 565087625 712859045 569476761
712859045 565087625 723294411 565087625
609605227 454261036 662360297 454261036
700011919 594640278 752888272 594640278
752888272 594640278 764370210 596331249
764370210 596331249 769824519 596331249
769824519 596331249 769824519 596354846
769824519 596331249 778209891 596331249
764370210 596331249 764370210 620357024
536081367 473796197 563378731 500521252
563378731 500521252 574645994 500521252
563378731 500521252 563378731 519309719
574645994 500521252 599420586 500864589
563378731 519309719 567773943 546088064
567773943 546088064 570224058 554627890
599420586 500864589 615278582 530567063
615278582 530567063 621501109 549888648
621501109 549888648 634059921 549888648
621501109 549888648 621501109 567355205
621501109 567355205 643069353 579937098
643069353 579937098 655276683 579937098
643069353 579937098 643069353 602726086
570224058 554627890 610993709 563482033
431681657 530053873 440961449 575319903
440961449 575319903 449687933 579397941
449687933 579397941 449866300 592198735
449866300 592198735 450558757 599065299
450558757 599065299 450558757 623280852
450558757 623280852 469892194 624892964
469892194 624892964 469892194 635344389
469892194 624892964 492838144 624892964
492838144 624892964 492838144 628541422
492838144 624892964 513319373 624892964
723294411 565087625 755372410 588012533
370206374 478627431 376835084 527851280
376835084 527851280 382972603 558158324
364760370 335992898 420942315 335992898
420942315 335992898 443770037 367280899
443770037 367280899 482308870 374913849
482308870 374913849 512947918 387131150
334866318 347272932 334866318 403585962
631832288 617067468 641640813 664896731
746770223 725334292 785931363 744259717
749280700 904200433 765582701 946273403
765582701 946273403 769666736 946273403
765582701 946273403 765582701 953060807
769666736 946273403 823401203 948630356
823401203 948630356 826370611 953483416
826370611 953483416 826370611 967427835
826370611 953483416 866449314 953483416
866449314 953483416 866449314 955156164
866449314 953483416 873118725 953483416
873118725 953483416 898091979 977282047
826370611 967427835 865332685 981850003
898091979 977282047 953960466 978755166
953960466 978755166 955898039 978755166
953960466 978755166 953960466 985271648
281731894 95613721 281731894 154400488
281731894 154400488 289039821 154400488
281731894 154400488 281731894 180861403
281731894 180861403 304670692 191713331
289039821 154400488 304670692 180759372
304670692 180759372 342535510 180759372
450558757 599065299 509896894 599065299
509896894 599065299 511048701 609091216
511048701 609091216 531688260 617639626
281731894 77503212 341193690 77503212
341193690 77503212 348934928 90783782
348934928 90783782 348934928 100681014
348934928 100681014 359825296 100681014
359825296 100681014 377563739 100969843
377563739 100969843 377563739 124699667
377563739 100969843 406726238 100969843
406726238 100969843 406726238 120158463
348934928 90783782 380493762 90783782
377563739 124699667 389885090 145280694
389885090 145280694 392475250 152076518
392475250 152076518 392508367 152076518
392475250 152076518 392475250 159473174
392475250 159473174 393204071 164675074
393204071 164675074 407414412 164675074
406726238 100969843 442371846 100969843
348934928 100681014 348934928 137680740
348934928 137680740 354145849 151992842
354145849 151992842 358216212 151992842
354145849 151992842 354145849 173272482
393204071 164675074 393204071 204378028
393204071 204378028 399300518 211152072
399300518 211152072 399300518 215307128
399300518 215307128 402962937 215307128
399300518 211152072 420174796 211152072
420174796 211152072 447494045 216270318
447494045 216270318 466829241 216270318
466829241 216270318 475240040 221147383
475240040 221147383 483913028 221147383
475240040 221147383 475240040 235448099
447494045 216270318 447494045 238371967
447494045 238371967 459630032 263916897
459630032 263916897 459630032 266850878
459630032 263916897 472038398 263916897
472038398 263916897 487750990 278067750
487750990 278067750 496375985 278067750
496375985 278067750 499104808 279295014
499104808 279295014 516287692 286379284
516287692 286379284 521302535 286379284
521302535 286379284 521302535 298274306
521302535 298274306 524364616 311961375
524364616 311961375 538840100 311961375
524364616 311961375 524364616 331879616
516287692 286379284 516287692 307931387
487750990 278067750 487750990 302513031
521302535 286379284 551452011 286379284
551452011 286379284 558497520 287423996
558497520 287423996 575244756 296114900
575244756 296114900 591111468 297893860
591111468 297893860 591996554 298213476
591996554 298213476 591996554 306903905
591996554 306903905 592055387 312795111
591996554 298213476 601430224 298213476
601430224 298213476 612673857 304432699
612673857 304432699 612673857 307437493
612673857 307437493 614693882 311890521
614693882 311890521 615256994 311890521
615256994 311890521 625232407 328547954
612673857 304432699 640963555 304432699
614693882 311890521 614693882 346118412
614693882 346118412 620907876 354525679
620907876 354525679 643859514 354525679
643859514 354525679 662871389 373087134
662871389 373087134 666789345 373087134
662871389 373087134 662871389 393979853
662871389 393979853 666609048 393979853
662871389 393979853 662871389 398942522
662871389 398942522 666872454 421088276
666872454 421088276 666872454 437707768
666872454 437707768 670946717 438398399
670946717 438398399 672305207 438398399
670946717 438398399 670946717 449065862
670946717 449065862 684568568 449977700
684568568 449977700 712218163 449977700
712218163 449977700 742037764 456877875
666872454 421088276 707675015 421088276
707675015 421088276 740599227 425839285
740599227 425839285 748162551 425839285
748162551 425839285 754955792 428162682
754955792 428162682 754955792 428764756
754955792 428764756 755368565 428764756
754955792 428764756 754955792 430075187
754955792 428162682 760569025 428162682
740599227 425839285 740599227 435138010
516287692 307931387 517863164 347638545
742037764 456877875 749986708 490581705
749986708 490581705 749986708 496789590
749986708 496789590 749986708 503788994
749986708 496789590 759053982 496789590
759053982 496789590 761237633 503833844
761237633 503833844 768832749 503833844
749986708 490581705 778576300 490581705
761237633 503833844 761237633 541776968
538840100 311961375 563038947 329928270
684568568 449977700 684568568 493781091
406726238 120158463 429813666 144788567
429813666 144788567 439979693 158609079
439979693 158609079 449621693 179138926
449621693 179138926 450989867 179138926
449621693 179138926 449621693 185000518
449621693 185000518 461199100 200592106
760569025 428162682 808568526 430164798
808568526 430164798 817266174 430164798
817266174 430164798 817266174 434302924
817266174 434302924 830444728 437068206
830444728 437068206 830454379 437068206
830444728 437068206 830444728 442202158
808568526 430164798 808568526 452791586
808568526 452791586 810800010 463777758
817266174 430164798 845695789 430164798
666789345 373087134 719491147 374202586
719491147 374202586 724182497 393641485
724182497 393641485 724182497 409000201
724182497 393641485 741177673 393641485
741177673 393641485 775642904 406331444
775642904 406331444 796100367 414809960
620907876 354525679 620907876 410067676
404649585 435492515 442224007 457506318
136290554 47395019 136290554 107303054
136290554 107303054 147281941 122658894
531688260 617639626 552567501 656793633
311665455 224939731 311665455 286041445
755372410 588012533 813172565 592048318
813172565 592048318 838195523 593452435
838195523 593452435 840216264 593452435
838195523 593452435 838195523 621799714
838195523 621799714 862772826 626808626
862772826 626808626 871441580 626808626
862772826 626808626 862772826 635590654
862772826 635590654 866322348 649005267
871441580 626808626 893790532 634007190
893790532 634007190 905343866 642935816
905343866 642935816 905343866 647587864
905343866 647587864 906942528 647587864
905343866 647587864 905343866 649965704
905343866 642935816 910921607 642935816
910921607 642935816 912144707 647334022
912144707 647334022 919902407 647334022
912144707 647334022 912144707 674439242
866322348 649005267 867340564 681188252
867340564 681188252 867340564 681890040
867340564 681188252 879926490 681188252
879926490 681188252 881677108 711518197
840216264 593452435 853055705 616922016
853055705 616922016 874249460 618223425
874249460 618223425 892856851 618249235
892856851 618249235 892856851 619337726
892856851 618249235 910921607 618249235
912144707 674439242 917605288 705579185
917605288 705579185 917605288 716235165
917605288 705579185 928593150 705579185
928593150 705579185 946506804 718471962
946506804 718471962 946506804 718556904
946506804 718556904 948878840 731704569
948878840 731704569 948878840 746757535
948878840 746757535 957907410 746757535
957907410 746757535 957907410 750931319
957907410 746757535 970403159 746757535
948878840 746757535 948878840 774129215
948878840 774129215 955705858 775181225
955705858 775181225 970057993 775181225
955705858 775181225 955705858 794487481
948878840 731704569 983997421 731704569
946506804 718471962 984319098 718471962
919902407 647334022 944860130 662764804
970057993 775181225 999943624 792355371
881677108 711518197 881898697 758757732
881898697 758757732 893433799 774028220
893433799 774028220 903213570 774028220
903213570 774028220 910045118 776646270
910045118 776646270 917776408 778101597
917776408 778101597 917776408 790040295
917776408 778101597 937811835 778101597
893433799 774028220 893433799 798768621
893433799 798768621 897234409 798768621
893433799 798768621 893433799 805733846
893433799 805733846 896825637 822117624
896825637 822117624 896825637 827752076
896825637 827752076 898660561 827752076
898660561 827752076 898660561 828225510
898660561 827752076 900816681 827752076
900816681 827752076 915122632 843300563
915122632 843300563 915122632 849972158
915122632 849972158 916930980 861800269
916930980 861800269 917988894 861800269
915122632 843300563 929021778 843300563
929021778 843300563 931552272 843322009
931552272 843322009 931552272 855238090
931552272 855238090 932007708 855238090
931552272 855238090 931552272 857286620
932007708 855238090 953246662 856688483
896825637 822117624 932264693 822117624
896825637 827752076 896825637 865160235
931552272 843322009 975109250 843322009
785931363 744259717 812697461 780149494
812697461 780149494 848927704 794905544
848927704 794905544 848927704 803921938
848927704 794905544 862699515 794905544
862699515 794905544 877576261 798768621
877576261 798768621 877576261 805733846
877576261 805733846 877576261 821894088
399300518 215307128 399300518 278193410
399300518 278193410 419059249 283344590
419059249 283344590 424945399 306969400
424945399 306969400 424945399 311679836
424945399 306969400 436627557 306969400
436627557 306969400 450764144 328453964
810800010 463777758 842672075 494793250
842672075 494793250 850888121 500913180
850888121 500913180 860322223 500913180
860322223 500913180 860322223 505083576
860322223 500913180 885509280 500913180
885509280 500913180 917887883 503088080
442371846 100969843 504701524 101911957
504701524 101911957 511465496 110250700
511465496 110250700 556529549 110250700
556529549 110250700 563952895 110250700
556529549 110250700 556529549 117893126
556529549 117893126 568020181 121871675
568020181 121871675 587131365 121871675
587131365 121871675 596910744 127242864
596910744 127242864 596910744 143190296
568020181 121871675 568020181 145264619
596910744 127242864 635358886 127242864
635358886 127242864 640047223 128446096
640047223 128446096 640047223 141885355
640047223 141885355 645091220 143543217
640047223 128446096 657177917 128446096
657177917 128446096 657177917 131499202
645091220 143543217 645091220 161148851
657177917 131499202 663195739 143543217
663195739 143543217 667728773 164806055
667728773 164806055 667728773 171062993
667728773 164806055 700503334 164806055
657177917 128446096 693630574 128446096
667728773 171062993 687202992 196960791
687202992 196960791 689477597 223316422
689477597 223316422 689477597 232218043
689477597 223316422 704378083 223316422
704378083 223316422 714883389 223602359
714883389 223602359 714883389 230454013
714883389 230454013 724096418 239606839
724096418 239606839 724096418 243839459
724096418 239606839 729977522 239606839
724096418 243839459 725798334 268148846
725798334 268148846 725798334 270989674
725798334 268148846 739988082 268148846
729977522 239606839 743065704 260583696
739988082 268148846 748213402 296659192
748213402 296659192 748213402 297604904
748213402 296659192 775354938 296659192
775354938 296659192 787374513 303692413
787374513 303692413 787662328 309097777
748213402 297604904 773533762 303692413
773533762 303692413 773533762 328735932
773533762 328735932 773533762 330404963
773533762 328735932 783163520 328735932
787662328 309097777 819183876 309097777
783163520 328735932 787662328 361033530
689477597 232218043 703325060 260979979
703325060 260979979 710411686 263898550
710411686 263898550 715371735 276020274
596910744 143190296 617531420 170107420
617531420 170107420 625834630 170107420
617531420 170107420 617531420 178858746
617531420 178858746 619501805 178858746
619501805 178858746 620483478 198963584
617531420 178858746 617531420 200088835
620483478 198963584 628903733 218294219
628903733 218294219 642591457 218294219
642591457 218294219 643254455 228860885
628903733 218294219 628903733 238331113
643254455 228860885 656594371 258590463
714883389 223602359 764932912 223602359
764932912 223602359 787051489 233986967
787051489 233986967 790701777 263640696
790701777 263640696 791401462 263640696
790701777 263640696 790701777 281489974
790701777 281489974 804286204 284896532
791401462 263640696 804286204 275197156
804286204 275197156 835271276 275197156
835271276 275197156 851302290 286978874
511465496 110250700 511465496 166607755
511465496 166607755 532002853 176649159
532002853 176649159 549958758 209957305
549958758 209957305 585069340 211782439
585069340 211782439 596730440 211782439
585069340 211782439 585069340 235057005
585069340 235057005 587099757 246176940
596730440 211782439 613074827 222940843
587099757 246176940 594942949 276705013
594942949 276705013 642046676 284642036
382972603 558158324 407279394 597276851
407279394 597276851 421861418 626894664
421861418 626894664 430004223 626894664
421861418 626894664 421861418 647589309
421861418 647589309 433090304 656146015
433090304 656146015 456411079 682449420
456411079 682449420 463727375 696944538
463727375 696944538 464787001 699514133
464787001 699514133 464787001 714311094
464787001 714311094 467787367 714311094
464787001 699514133 488201441 699514133
488201441 699514133 496242832 703926033
496242832 703926033 509378280 703926033
509378280 703926033 515966154 703926033
515966154 703926033 519060045 703926033
515966154 703926033 515966154 707303327
519060045 703926033 521963890 707113575
509378280 703926033 509378280 713785284
515966154 707303327 516462913 720001263
464787001 714311094 464787001 740509387
496242832 703926033 496242832 734059840
464787001 740509387 475974061 759915199
475974061 759915199 480408989 792283055
516462913 720001263 530563762 759864166
530563762 759864166 545829147 770232656
545829147 770232656 557279662 770232656
557279662 770232656 557736132 784986472
557736132 784986472 566653134 784986472
557736132 784986472 557736132 826778448
557736132 826778448 560389737 826778448
560389737 826778448 560589942 827205162
560589942 827205162 560589942 829324365
557736132 826778448 557736132 829665903
560589942 829324365 561577904 850568289
561577904 850568289 561577904 859573313
561577904 850568289 573951473 850568289
560589942 827205162 592699349 827205162
592699349 827205162 598306751 829869663
598306751 829869663 643009817 835502523
643009817 835502523 644623474 858783279
644623474 858783279 653020704 858783279
644623474 858783279 644623474 902752731
644623474 902752731 695498777 903380223
695498777 903380223 707042050 922901521
707042050 922901521 714719419 922901521
707042050 922901521 707042050 936572064
707042050 936572064 708758642 965398232
708758642 965398232 708758642 967954692
708758642 965398232 729739233 965398232
729739233 965398232 733843537 993298508
653020704 858783279 702432896 861086814
702432896 861086814 706571779 890090315
706571779 890090315 714719419 891994402
714719419 891994402 715777667 891994402
561577904 859573313 561942070 911976066
561942070 911976066 564038119 929595445
564038119 929595445 564038119 935220928
564038119 935220928 584555608 935220928
584555608 935220928 591679207 955933225
591679207 955933225 598427663 961076178
598427663 961076178 606915487 961076178
606915487 961076178 611814768 964981687
611814768 964981687 611814768 972778936
598427663 961076178 598427663 981336142
564038119 935220928 564038119 970581349
564038119 929595445 601910240 929595445
611814768 964981687 654011298 964981687
654011298 964981687 672856682 977938446
564038119 970581349 590683906 991912347
545829147 770232656 545829147 827121096
715371735 276020274 720866643 333953192
720866643 333953192 720866643 348760289
720866643 333953192 738037322 333953192
738037322 333953192 738891810 336040460
738891810 336040460 754993407 361479048
754993407 361479048 759836086 367658569
693630574 128446096 750886952 134723130
750886952 134723130 754080026 134723130
754080026 134723130 762605265 141416745
762605265 141416745 765953367 150449207
765953367 150449207 765953367 157880260
750886952 134723130 750886952 153973709
765953367 157880260 772434281 189079069
772434281 189079069 772434281 192461452
772434281 189079069 777030180 189079069
772434281 192461452 773638973 202019770
773638973 202019770 774284979 206551487
774284979 206551487 774284979 216983538
774284979 206551487 786485619 206551487
765953367 150449207 804899053 150449207
804899053 150449207 807934415 154763652
807934415 154763652 835559219 154763652
835559219 154763652 835559219 179654535
807934415 154763652 807934415 184851378
807934415 184851378 828338832 200635521
828338832 200635521 854347862 205175777
854347862 205175777 861481926 214059200
861481926 214059200 861481926 230789429
861481926 214059200 891601052 214059200
891601052 214059200 891883234 214059200
891601052 214059200 891601052 223735234
891601052 223735234 904066349 227236536
891883234 214059200 904066349 218723049
904066349 227236536 910294909 241336168
904066349 218723049 935496880 218723049
861481926 230789429 883667903 246470422
835559219 154763652 877329245 154763652
877329245 154763652 903275695 159079074
903275695 159079074 903275695 162134548
903275695 159079074 942288488 159079074
942288488 159079074 946199671 160531169
946199671 160531169 949156167 161183261
949156167 161183261 949156167 166367633
949156167 161183261 954564675 161183261
954564675 161183261 954564675 166211213
954564675 161183261 966532463 161183261
949156167 166367633 952528026 195568403
952528026 195568403 952528026 202223890
952528026 202223890 982007687 206252353
952528026 195568403 988715950 195568403
903275695 162134548 939634725 166367633
982007687 206252353 993522244 238839505
993522244 238839505 998648234 240414202
998648234 240414202 999252106 240414202
998648234 240414202 998648234 269054409
998648234 269054409 999827284 308033259
939634725 166367633 939634725 211927977
935496880 218723049 947573678 258300163
947573678 258300163 966681406 258300163
966681406 258300163 967202348 260882145
967202348 260882145 972828155 260882145
967202348 260882145 967202348 284250004
947573678 258300163 947573678 283957398
947573678 283957398 948481231 287687508
948481231 287687508 950401668 344647331
950401668 344647331 971374442 351606234
971374442 351606234 971374442 354229956
971374442 351606234 975757968 351606234
975757968 351606234 984517910 380238278
984517910 380238278 984517910 380255894
984517910 380238278 988225916 380238278
916930980 861800269 916930980 925397745
916930980 925397745 960624709 929636170
960624709 929636170 964460214 962049372
402962937 215307128 416356038 266024669
436336739 518523939 498512183 521036809
459571583 477626581 524314700 477626581
860322223 505083576 863136255 567066045
863136255 567066045 874249460 571400836
874249460 571400836 893889191 571400836
893889191 571400836 907605307 580659216
907605307 580659216 907605307 612966524
907605307 580659216 950711874 580659216
950711874 580659216 950711874 596793606
950711874 580659216 979791147 580659216
979791147 580659216 982265321 582554544
982265321 582554544 997689770 582554544
982265321 582554544 982265321 600407976
982265321 600407976 990315910 613004732
950711874 596793606 979162712 600407976
979162712 600407976 979162712 605853639
979162712 605853639 979255602 618249235
344056354 407456744 347062218 470021191
347062218 470021191 350850938 513663753
350850938 513663753 354415061 533504345
354415061 533504345 357921265 560594781
819183876 309097777 845355412 349714775
845355412 349714775 848031387 353311507
848031387 353311507 848031387 354292052
848031387 354292052 852471387 355777643
852471387 355777643 866348757 355777643
852471387 355777643 852471387 377127391
852471387 377127391 853728031 397841768
853728031 397841768 853728031 406688216
848031387 353311507 871137445 353311507
853728031 397841768 877067064 397841768
853728031 406688216 868326078 420670128
868326078 420670128 886292123 421599135
886292123 421599135 905764055 421599135
905764055 421599135 908489368 421599135
905764055 421599135 905764055 429143717
908489368 421599135 922558778 428344086
922558778 428344086 922558778 438450265
922558778 438450265 937907867 447660667
937907867 447660667 937907867 459995300
937907867 447660667 957747868 447660667
957747868 447660667 987693591 448076471
877067064 397841768 891881132 414020115
905764055 429143717 906601617 469401435
906601617 469401435 924342506 486529424
924342506 486529424 924342506 492117647
924342506 486529424 933863081 486529424
886292123 421599135 886292123 468000236
886292123 468000236 900578154 489981529
922558778 428344086 968970355 428344086
871137445 353311507 913359784 365330023
851302290 286978874 890989657 314195857
890989657 314195857 902028924 321209292
902028924 321209292 902028924 329119884
902028924 329119884 908429993 332798618
908429993 332798618 929405038 332798618
929405038 332798618 944125859 338298555
902028924 321209292 931483976 321209292
908429993 332798618 908429993 396846783
566653134 784986472 621871934 796772140
621871934 796772140 642014316 806814117
762342753 665436603 816747373 678749362
816747373 678749362 835803920 681188252
835803920 681188252 835803920 697039159
835803920 697039159 848014922 736484327
848014922 736484327 866636769 773284929
779566466 876298774 804459257 919252916
804459257 919252916 815311419 919252916
804459257 919252916 804459257 937777507
804459257 937777507 804459257 938275952
804459257 937777507 811456938 937777507
815311419 919252916 832333339 930033213
811456938 937777507 815931330 975300389
672397522 594279226 672397522 662328946
787662328 361033530 821482579 395303322
573951473 850568289 590671533 902882122
590671533 902882122 627289518 912294379
627289518 912294379 633079195 912294379
627289518 912294379 627289518 924261964
850888121 500913180 850888121 570069810
640963555 304432699 702267018 312654042
220766517 367634043 244983762 413031822
244983762 413031822 261148773 449229229
261148773 449229229 286779095 457301266
286779095 457301266 289631404 474597969
289631404 474597969 292759567 496193119
292759567 496193119 301995976 507732514
301995976 507732514 306555259 507732514
301995976 507732514 301995976 514767994
301995976 514767994 302730326 530175322
302730326 530175322 318184766 530175322
302730326 530175322 302730326 550438431
302730326 550438431 306654518 550438431
302730326 550438431 302730326 566554798
306654518 550438431 310494092 563198300
310494092 563198300 338561926 563198300
310494092 563198300 310494092 593564860
338561926 563198300 348466578 591198965
348466578 591198965 352723004 592892069
352723004 592892069 367504312 648340875
367504312 648340875 371725287 669122836
371725287 669122836 374562615 670733156
374562615 670733156 385780495 670733156
374562615 670733156 374562615 696546824
374562615 696546824 387236203 714903796
387236203 714903796 394776838 714903796
387236203 714903796 387236203 726824431
517863164 347638545 561405453 375735163
561405453 375735163 583983481 399256055
583983481 399256055 591078474 402774508
642014316 806814117 703669205 816963775
703669205 816963775 705050353 817793784
198038873 355291747 207047423 419083331
207047423 419083331 207047423 422544355
207047423 422544355 210560086 429873252
207047423 419083331 220208524 419083331
210560086 429873252 241798809 443891612
241798809 443891612 260434278 479825963
260434278 479825963 260753660 489722880
260753660 489722880 286325131 505421778
286325131 505421778 288373169 555498147
288373169 555498147 292275284 592120774
292275284 592120774 299412001 620494963
299412001 620494963 309358127 620494963
299412001 620494963 299412001 658613134
299412001 658613134 305028952 674220124
305028952 674220124 321319864 674220124
321319864 674220124 321319864 699921640
321319864 699921640 328234510 705367636
328234510 705367636 329008899 707941864
329008899 707941864 329008899 736953124
321319864 674220124 352614740 674220124
352614740 674220124 361711183 686380337
361711183 686380337 361711183 687332823
361711183 686380337 366155080 686380337
366155080 686380337 368164388 707941864
329008899 736953124 343330368 754100517
343330368 754100517 347055266 754100517
343330368 754100517 343330368 778690795
343330368 778690795 363228287 788056049
363228287 788056049 365214620 793565950
365214620 793565950 383609067 793565950
365214620 793565950 365214620 823932151
347055266 754100517 363228287 775633406
363228287 775633406 365660558 775633406
365660558 775633406 383609067 779394105
383609067 779394105 418558919 779394105
418558919 779394105 433635515 785758060
433635515 785758060 433635515 792496302
433635515 785758060 463093269 785758060
365214620 823932151 368454968 866654813
368454968 866654813 376129293 873322947
376129293 873322947 379768053 876370832
379768053 876370832 410488266 876370832
410488266 876370832 415503434 891664178
415503434 891664178 415503434 895031841
415503434 895031841 417028292 895243849
415503434 891664178 434718419 891664178
434718419 891664178 444123965 898287599
444123965 898287599 444123965 913894617
444123965 913894617 444123965 919043408
444123965 913894617 454741751 913894617
444123965 898287599 462588925 898287599
454741751 913894617 472561701 919201415
472561701 919201415 476859795 946261838
476859795 946261838 487728377 969125979
444123965 919043408 449321390 951622521
379768053 876370832 379768053 915356886
487728377 969125979 517380593 979661131
517380593 979661131 517380593 980601962
517380593 979661131 525466889 979661131
517380593 980601962 522429081 992388408
522429081 992388408 522429081 997347658
522429081 992388408 540659688 992388408
540659688 992388408 554771893 995934493
554771893 995934493 563205065 999777682
463093269 785758060 464475518 830662006
464475518 830662006 472164679 830662006
464475518 830662006 464475518 839456904
379768053 915356886 408103075 933690069
408103075 933690069 423189148 946328186
423189148 946328186 426201736 984034383
426201736 984034383 432013203 986667589
432013203 986667589 458489307 989585108
305028952 674220124 305028952 723467888
305028952 723467888 313340162 747658331
464475518 839456904 503424983 863963088
503424983 863963088 504065253 863963088
504065253 863963088 504065253 872339227
504065253 872339227 510329533 886892682
503424983 863963088 503424983 885367218
504065253 863963088 545096302 863963088
313340162 747658331 328787731 797076264
328787731 797076264 331267656 801018942
331267656 801018942 339982431 801018942
331267656 801018942 331267656 858763736
331267656 858763736 344537248 860750599
344537248 860750599 365133793 860750599
344537248 860750599 344537248 883272729
826863547 843881269 862655960 883218637
862655960 883218637 862655960 884139619
862655960 883218637 868178684 883218637
292305923 323438157 292305923 398877366
292305923 398877366 292305923 408494643
292305923 398877366 316502474 398877366
387236203 726824431 446399785 743197059
446399785 743197059 453808827 743197059
446399785 743197059 446399785 751244379
910294909 241336168 915476214 312032957
915476214 312032957 924675783 313445801
0 178151026 0 254029639
0 254029639 28448920 254029639
28448920 254029639 51531477 255128732
51531477 255128732 51531477 258371219
0 254029639 0 291287600
0 291287600 0 309013184
0 309013184 29924431 309013184
0 309013184 0 339645432
0 339645432 21958352 339645432
0 339645432 0 368801619
0 368801619 20137962 368801619
0 291287600 44933130 291287600
51531477 255128732 97371300 255128732
51531477 258371219 92870212 268802646
21958352 339645432 55102034 368798531
55102034 368798531 78083475 381998845
78083475 381998845 100142123 381998845
100142123 381998845 105888853 382153808
105888853 382153808 115795590 402020997
115795590 402020997 120464190 409932730
120464190 409932730 132993968 409932730
120464190 409932730 120464190 438019052
120464190 438019052 130555813 438019052
130555813 438019052 149425391 442355582
149425391 442355582 160967194 450449813
160967194 450449813 161458313 450449813
160967194 450449813 160967194 453498430
120464190 438019052 120464190 464417755
120464190 464417755 120464190 467817865
120464190 464417755 125644775 464417755
125644775 464417755 132200473 478807043
132200473 478807043 143504402 481080170
132993968 409932730 149425391 423857648
149425391 423857648 166204270 423857648
78083475 381998845 78083475 414171614
166204270 423857648 194601615 430354280
194601615 430354280 195217786 443891612
195217786 443891612 195217786 453183999
195217786 453183999 199002759 470404331
143504402 481080170 146578697 526669688
146578697 526669688 153302629 526669688
146578697 526669688 146578697 540920851
146578697 540920851 162900903 543850663
162900903 543850663 162900903 558066531
162900903 558066531 169411095 558066531
162900903 558066531 162900903 584260798
162900903 584260798 184629798 588351250
184629798 588351250 186575576 589662081
186575576 589662081 188836603 591154843
188836603 591154843 188836603 608250903
188836603 591154843 207588888 591154843
207588888 591154843 208430129 591154843
207588888 591154843 207588888 607627698
207588888 607627698 228622513 608758782
228622513 608758782 228622513 623347451
169411095 558066531 184629798 575947604
184629798 575947604 204714610 575947604
228622513 623347451 238166964 647032276
238166964 647032276 263740156 653477643
263740156 653477643 270085227 653477643
263740156 653477643 263740156 694179490
263740156 694179490 265256076 710708244
265256076 710708244 280848930 723467888
280848930 723467888 280848930 727293725
228622513 608758782 273375615 608758782
162900903 543850663 221876668 543850663
221876668 543850663 221876668 557376841
221876668 543850663 258785121 543850663
188836603 608250903 201704085 663177584
201704085 663177584 209067137 703229868
209067137 703229868 213826384 703229868
213826384 703229868 213826384 706920560
213826384 703229868 217875661 703229868
209067137 703229868 209067137 709462218
280848930 727293725 302616259 774180337
29924431 309013184 82063473 327065744
82063473 327065744 108374990 344108182
108374990 344108182 131666407 375145464
131666407 375145464 170094030 401135496
170094030 401135496 188318319 415679715
92870212 268802646 116148353 318914389
116148353 318914389 138342104 334413061
138342104 334413061 160039350 339884233
160039350 339884233 190545307 363555939
735583662 709793316 807900898 714404092
119841798 267997181 150499696 314608566
150499696 314608566 166592273 319016257
225931592 0 304278209 0
304278209 0 304278209 15435651
304278209 0 343496355 0
343496355 0 343496355 28116268
343496355 28116268 367894096 56397949
367894096 56397949 367894096 56895370
367894096 56397949 385093939 56397949
385093939 56397949 413367751 56929829
413367751 56929829 413367751 86383676
413367751 56929829 456691927 56929829
456691927 56929829 465050521 56929829
456691927 56929829 456691927 81487048
465050521 56929829 498120274 72443429
498120274 72443429 498120274 94252540
498120274 94252540 498734884 96782509
498734884 96782509 504706996 96782509
498734884 96782509 498734884 136724550
498120274 72443429 541836498 72443429
0 368801619 0 448477409
0 448477409 0 452035033
0 452035033 0 459562049
0 452035033 16462270 452035033
0 448477409 47408636 448477409
47408636 448477409 68535397 485950307
68535397 485950307 76588431 489991692
76588431 489991692 76588431 513414854
76588431 513414854 76588431 515589984
76588431 513414854 87215762 513414854
76588431 489991692 113374321 489991692
113374321 489991692 115193542 489991692
113374321 489991692 113374321 497627880
87215762 513414854 100569239 551524375
100569239 551524375 136514484 554765237
136514484 554765237 139209710 557376841
139209710 557376841 139209710 596325608
0 459562049 0 522548753
0 522548753 16612270 522548753
0 522548753 0 557760445
0 557760445 0 582949964
0 582949964 0 588715566
0 588715566 0 595777841
0 588715566 9847510 588715566
0 595777841 0 606329559
0 606329559 0 613861396
0 613861396 3923287 613861396
0 613861396 0 618189260
0 618189260 643351 618189260
0 618189260 0 631590149
0 631590149 0 653175307
0 653175307 0 666194008
0 666194008 0 675991969
0 675991969 0 680888956
0 653175307 15130409 653175307
0 680888956 0 699393906
0 699393906 0 712816941
0 712816941 0 719548136
0 719548136 67964 719548136
0 699393906 16639314 699393906
0 719548136 0 739874827
0 631590149 22945504 631590149
0 680888956 24627956 680888956
0 739874827 0 766353119
0 766353119 0 774544779
0 774544779 0 778028569
0 778028569 0 784537314
0 784537314 5874422 784537314
0 766353119 17029197 766353119
17029197 766353119 26289184 774544779
26289184 774544779 42978513 778028569
9847510 588715566 32319600 595777841
32319600 595777841 35239791 606329559
0 675991969 30862154 675991969
15130409 653175307 33777111 666194008
16639314 699393906 37141716 712816941
37141716 712816941 41898304 721313094
41898304 721313094 53708332 721313094
41898304 721313094 41898304 739874827
41898304 739874827 54391203 754521447
54391203 754521447 81202312 759908083
81202312 759908083 106753194 763938037
106753194 763938037 106753194 767746816
106753194 763938037 114372915 763938037
114372915 763938037 117224079 785780959
117224079 785780959 117524192 785780959
117224079 785780959 117224079 810691453
0 557760445 36014361 557760445
36014361 557760445 36209979 571020053
36209979 571020053 36209979 582949964
36209979 582949964 63130545 589660834
63130545 589660834 71654816 602363166
71654816 602363166 71654816 615927418
71654816 602363166 86265326 602363166
86265326 602363166 98558301 608689511
98558301 608689511 110316588 608689511
110316588 608689511 110707178 610455398
110707178 610455398 110707178 620603318
110707178 610455398 121249832 610455398
98558301 608689511 98558301 642576076
36209979 571020053 71513452 571020053
42978513 778028569 73108818 786182354
73108818 786182354 81793157 813541615
121249832 610455398 131365650 641301419
131365650 641301419 134382950 641898321
0 784537314 0 825696233
0 825696233 0 834618835
0 834618835 0 839752286
0 825696233 16614956 825696233
16614956 825696233 17703864 834618835
17703864 834618835 17703864 839752286
17703864 834618835 44036143 834618835
44036143 834618835 49388693 835998755
49388693 835998755 56320870 835998755
0 839752286 0 877399329
0 877399329 0 902273466
0 902273466 0 902898534
0 902898534 0 926766936
0 926766936 0 938604551
0 938604551 0 940312921
0 940312921 1932607 940312921
0 938604551 21733060 938604551
21733060 938604551 26931726 939772095
26931726 939772095 26931726 960595386
0 902273466 28403002 902273466
28403002 902273466 29531598 902898534
29531598 902898534 29541994 926766936
49388693 835998755 49388693 877399329
49388693 877399329 81751264 883502266
81751264 883502266 100893886 885125298
26931726 939772095 74106558 939772095
74106558 939772095 74875322 941842887
74875322 941842887 74875322 948940539
74875322 948940539 75034218 956007536
74875322 941842887 87679610 941842887
87679610 941842887 99039003 944271286
99039003 944271286 101133214 944271286
99039003 944271286 99039003 951556783
98558301 642576076 118370937 671154899
118370937 671154899 118919876 673272695
118919876 673272695 118919876 694397436
118919876 694397436 126707794 694397436
118919876 694397436 118919876 704540656
118919876 704540656 119537526 718580888
119537526 718580888 119537526 735452030
119537526 718580888 144093840 718580888
144093840 718580888 158084177 743251085
158084177 743251085 160707209 743623054
160707209 743623054 177724731 743623054
177724731 743623054 185130982 743623054
177724731 743623054 177724731 762084185
160707209 743623054 160707209 782729471
160707209 782729471 160707209 785565048
160707209 782729471 173056218 782729471
160707209 785565048 166631545 804875495
166631545 804875495 181179653 804875495
166631545 804875495 166631545 820054987
166631545 820054987 190259590 821359036
190259590 821359036 197079742 821359036
197079742 821359036 197079742 845929522
197079742 845929522 204337752 866041638
197079742 821359036 225890309 821359036
225890309 821359036 227748483 825768200
227748483 825768200 227748483 829309481
227748483 829309481 234931099 847987387
190259590 821359036 190259590 851434376
234931099 847987387 262800350 859956594
262800350 859956594 262877973 860880185
262877973 860880185 273599876 860880185
262877973 860880185 262877973 890414005
204337752 866041638 223897069 887592225
223897069 887592225 224746818 890414005
224746818 890414005 224746818 919393845
224746818 919393845 228464053 919393845
224746818 919393845 224746818 938906769
224746818 938906769 226165518 939533756
226165518 939533756 237154430 939533756
237154430 939533756 240337041 948547249
240337041 948547249 248048268 948547249
248048268 948547249 259045746 949278502
259045746 949278502 264900241 949278502
264900241 949278502 269829756 953968999
259045746 949278502 259045746 961321721
259045746 961321721 263531359 975442198
240337041 948547249 240337041 979135063
226165518 939533756 226165518 972016943
224746818 890414005 262702112 890414005
262702112 890414005 262702112 914569136
118919876 673272695 167166203 673272695
167166203 673272695 167166203 675925367
167166203 673272695 176657473 673272695
176657473 673272695 176657473 673821591
176657473 673272695 179552302 673272695
179552302 673272695 179593296 706163446
100893886 885125298 105409282 929098738
105409282 929098738 107361557 929098738
105409282 929098738 105409282 935129901
107361557 929098738 148402187 932899539
117224079 810691453 129112569 851572842
129112569 851572842 150310730 878607696
150310730 878607696 151883064 920548210
151883064 920548210 151905205 920548210
151883064 920548210 151883064 926958199
151883064 926958199 176929644 928149855
176929644 928149855 186641359 929352453
186641359 929352453 187781192 929352453
16612270 522548753 67067060 526388588
263531359 975442198 313728227 980253199
313728227 980253199 313728227 999253800
313728227 999253800 322558761 999674023
313728227 980253199 350130866 980253199
350130866 980253199 351183468 980253199
350130866 980253199 350130866 988159717
351183468 980253199 355070859 985515253
355070859 985515253 360575175 985515253
355070859 985515253 355070859 994626864
227748483 825768200 283449319 825768200
81793157 813541615 84746082 866703172
84746082 866703172 84746082 876198496
84746082 866703172 110531354 866703172
30862154 675991969 69532676 694730162
69532676 694730162 99883667 719401942
99883667 719401942 109340903 752508257
186641359 929352453 186641359 991691078
26931726 960595386 61519714 991239275
61519714 991239275 124174396 991715108
124174396 991715108 124174396 994255878
124174396 991715108 146792126 991715108
177724731 762084185 233425588 772289083
233425588 772289083 280308885 787762633
280308885 787762633 283334739 799055667
185130982 743623054 259927356 748323820
932264693 822117624 996808637 839648283
20137962 368801619 54898811 423750175
180328756 188396059 270432992 188396059
627289518 924261964 686079694 956906168
269829756 953968999 342987232 972403165
475240040 235448099 549458513 256597461
343496355 0 458555233 0
458555233 0 458555233 3499104
458555233 0 497217015 0
497217015 0 502075911 0
502075911 0 508946458 0
508946458 0 512951996 0
512951996 0 512951996 89167
508946458 0 508946458 7320692
512951996 0 520506424 0
520506424 0 520506424 433611
520506424 0 528048511 0
528048511 0 528048511 6638676
497217015 0 497217015 9923464
497217015 9923464 502075911 36178622
502075911 36178622 529645511 56779668
528048511 0 577994864 0
577994864 0 588604232 0
588604232 0 603866722 0
588604232 0 588604232 30119983
588604232 30119983 603866722 47889746
577994864 0 577994864 42712437
603866722 47889746 648115431 57594580
648115431 57594580 664566398 81552821
664566398 81552821 687176354 100592906
687176354 100592906 700674163 100592906
700674163 100592906 701187716 100592906
700674163 100592906 700674163 106599770
701187716 100592906 709934622 106277999
687176354 100592906 687176354 115401804
603866722 0 686568156 0
686568156 0 710623701 0
710623701 0 710623701 10410091
710623701 0 739965198 0
739965198 0 739965198 7582656
739965198 0 750731678 0
750731678 0 750731678 28679871
686568156 0 686568156 35135729
750731678 28679871 758288527 70529292
758288527 70529292 767445553 84361253
767445553 84361253 770261016 89034290
770261016 89034290 774205318 95009807
774205318 95009807 785261249 115066355
785261249 115066355 785261249 126039091
785261249 115066355 804209219 115066355
804209219 115066355 809203305 116135510
809203305 116135510 815756087 118047384
815756087 118047384 815756087 130410222
815756087 118047384 847968123 118047384
847968123 118047384 847968123 124002348
847968123 124002348 852719954 130032378
847968123 118047384 866827777 118047384
866827777 118047384 910981336 123196868
910981336 123196868 932290514 129765890
932290514 129765890 932290514 132827124
932290514 129765890 944501151 129765890
750731678 0 812092805 0
812092805 0 820587648 0
820587648 0 823606151 0
823606151 0 823606151 15300979
812092805 0 812092805 24101756
812092805 24101756 820587648 25143326
820587648 25143326 853230277 55529366
853230277 55529366 853230277 80114854
853230277 80114854 854714715 80895031
854714715 80895031 854714715 102168954
854714715 102168954 861704457 103710373
853230277 55529366 900118710 55529366
900118710 55529366 908807184 64672503
908807184 64672503 913933961 64672503
908807184 64672503 908807184 80895031
908807184 80895031 910431287 90661279
910431287 90661279 910431287 100809599
910431287 90661279 925511828 90661279
861704457 103710373 896103711 117642465
925511828 90661279 976015748 107551248
686568156 35135729 723162944 77267782
823606151 0 912066831 0
912066831 0 912066831 9855056
912066831 9855056 912066831 31542667
912066831 9855056 953118435 9855056
953118435 9855056 961735558 41012211
