1449
0 0 15372223 0
0 0 0 41654974
0 41654974 15372223 41654974
0 41654974 0 67069115
0 67069115 0 79695127
0 79695127 0 80570061
0 80570061 0 93026232
0 80570061 16545570 80570061
0 67069115 22863679 67069115
0 93026232 0 118062142
0 118062142 0 121397922
0 121397922 0 126756820
0 126756820 0 155271525
0 155271525 0 159050111
0 155271525 6902607 155271525
0 159050111 0 170668144
0 170668144 0 175476992
0 170668144 12704278 170668144
0 175476992 0 188546786
0 188546786 3051947 188546786
0 188546786 0 193533066
0 193533066 0 217901307
0 217901307 0 218851392
0 218851392 3273102 218851392
0 217901307 6129225 217901307
0 218851392 0 233902307
0 233902307 0 244016859
0 244016859 5237928 244016859
0 244016859 0 260945572
0 260945572 16006917 260945572
0 233902307 19930526 233902307
6902607 155271525 29197412 159050111
0 193533066 28321796 193533066
0 118062142 29876977 118062142
29876977 118062142 43699583 121397922
43699583 121397922 49826803 126756820
0 260945572 0 295283017
0 295283017 0 310734991
0 310734991 0 320868398
0 320868398 20893531 320868398
0 320868398 0 355016820
0 355016820 33638679 355016820
29197412 159050111 64054911 159819077
64054911 159819077 68128120 159819077
64054911 159819077 64054911 182301497
64054911 182301497 68126506 183154217
68126506 183154217 87401878 183154217
87401878 183154217 101192825 183154217
68128120 159819077 83721247 177836618
0 295283017 36636924 295283017
36636924 295283017 46556834 302349023
46556834 302349023 46556834 310734991
46556834 302349023 65586168 302349023
87401878 183154217 87401878 220227556
16545570 80570061 43298161 93026232
22863679 67069115 49834908 79695127
68126506 183154217 68126506 226773716
68126506 226773716 81051259 232415273
81051259 232415273 83435523 262059086
83435523 262059086 97376262 262860352
97376262 262860352 116423924 262860352
116423924 262860352 119552668 262860352
119552668 262860352 124811452 279142727
124811452 279142727 134612185 287354514
134612185 287354514 134612185 294320287
134612185 294320287 138691915 307459604
138691915 307459604 143973106 307459604
143973106 307459604 148570928 310143092
138691915 307459604 138691915 319686565
116423924 262860352 116423924 285481069
134612185 287354514 161447708 287354514
161447708 287354514 174943654 298887620
97376262 262860352 97376262 295084388
148570928 310143092 154578392 339720049
154578392 339720049 174202087 346056713
174202087 346056713 174202087 368430146
174202087 368430146 182607937 370043228
182607937 370043228 191375794 381752527
191375794 381752527 193706200 382969211
193706200 382969211 193706200 384226067
174202087 346056713 197479095 346056713
15372223 0 59129532 0
59129532 0 59129532 2170315
59129532 0 71847609 0
71847609 0 89849956 0
89849956 0 99553850 0
99553850 0 99553850 15052079
99553850 0 132465796 0
132465796 0 138286881 0
138286881 0 138286881 9349440
132465796 0 132465796 25583840
138286881 0 176231206 0
176231206 0 177863009 0
177863009 0 177863009 6162616
177863009 0 193084748 0
193084748 0 193084748 5580207
193084748 0 199249038 0
176231206 0 176231206 37274664
176231206 37274664 199249038 42397862
199249038 42397862 200834543 66011448
200834543 66011448 200834543 84306438
200834543 84306438 200834543 95851807
200834543 95851807 201798436 96647298
201798436 96647298 201798436 110030672
200834543 84306438 240724754 84306438
240724754 84306438 245648055 96647298
200834543 66011448 241171068 66011448
241171068 66011448 242365135 79401812
89849956 0 89849956 42812894
89849956 42812894 110778290 56509028
110778290 56509028 110778290 59435528
110778290 56509028 131198317 56509028
131198317 56509028 134413993 67493938
134413993 67493938 158638319 67493938
158638319 67493938 168697699 85304535
168697699 85304535 168697699 89675632
168697699 85304535 184214251 85304535
168697699 89675632 179790031 101683087
71847609 0 71847609 43394187
134413993 67493938 134413993 112463923
16006917 260945572 57659532 267879912
0 355016820 0 406985393
0 406985393 0 411688562
0 406985393 17839048 406985393
17839048 406985393 48112322 411688562
48112322 411688562 56580668 426795816
56580668 426795816 88933362 433522742
88933362 433522742 91646321 463718227
201798436 110030672 206340544 158149294
206340544 158149294 207115806 168397552
207115806 168397552 207115806 185694672
207115806 185694672 207115806 188547388
207115806 185694672 212678748 185694672
212678748 185694672 216020038 186752501
216020038 186752501 218293176 198994326
218293176 198994326 222500112 226258740
207115806 168397552 238786913 168397552
222500112 226258740 231215977 253414034
231215977 253414034 237606438 255437217
237606438 255437217 247859382 256474888
247859382 256474888 247859382 256734894
247859382 256734894 281616173 258240642
281616173 258240642 293851947 258240642
293851947 258240642 299296326 271933080
299296326 271933080 299296326 276380939
299296326 271933080 317237573 271933080
247859382 256474888 286208602 256474888
317237573 271933080 354390307 278830554
354390307 278830554 373118819 280232929
373118819 280232929 373118819 284962213
373118819 280232929 378912242 280232929
378912242 280232929 388187277 285275866
388187277 285275866 388187277 305092786
388187277 305092786 388515988 312322950
388515988 312322950 392819934 312322950
388515988 312322950 388515988 342132744
388515988 342132744 388515988 350279396
388515988 350279396 393564509 361257829
393564509 361257829 401785325 361257829
401785325 361257829 406048507 365691172
388515988 342132744 414482521 342132744
406048507 365691172 406048507 393129093
388187277 285275866 421359818 285275866
421359818 285275866 424292185 303380907
424292185 303380907 426938072 305678733
426938072 305678733 442235430 305678733
442235430 305678733 442235430 314878722
426938072 305678733 426938072 331358175
406048507 365691172 447535943 365691172
447535943 365691172 447535943 375305757
447535943 375305757 448970449 378059804
448970449 378059804 458345771 378059804
458345771 378059804 459831460 378059804
459831460 378059804 460393171 382056238
460393171 382056238 460393171 385985012
458345771 378059804 458345771 388405474
458345771 388405474 472192631 395426117
472192631 395426117 474180127 399817434
474180127 399817434 477129279 399817434
474180127 399817434 474180127 409686076
448970449 378059804 448970449 404831081
448970449 404831081 469954830 409686076
469954830 409686076 469954830 413636122
447535943 365691172 479139602 365691172
479139602 365691172 507350331 376174968
507350331 376174968 507350331 382056238
507350331 382056238 519607427 382598182
519607427 382598182 536594858 386272449
536594858 386272449 547604466 402330660
547604466 402330660 550560073 402330660
550560073 402330660 550819602 405647368
550819602 405647368 550819602 407053818
547604466 402330660 547604466 406587967
507350331 376174968 551880969 376174968
474180127 409686076 498178282 432042698
498178282 432042698 503281692 432042698
503281692 432042698 509528089 440424754
509528089 440424754 514550601 440424754
498178282 432042698 498178282 452282292
498178282 452282292 509528089 470895359
509528089 470895359 519398415 479513349
519398415 479513349 543749577 479513349
519398415 479513349 519398415 512343306
519398415 512343306 519533818 528502443
519533818 528502443 519652427 528502443
519652427 528502443 523530613 530778925
523530613 530778925 523530613 538563137
523530613 530778925 562646383 530778925
519533818 528502443 519533818 568861378
519533818 568861378 535863285 587530105
535863285 587530105 567391295 589939072
567391295 589939072 567391295 598596963
567391295 589939072 585714414 589939072
567391295 598596963 577511211 614188760
577511211 614188760 582628475 614188760
577511211 614188760 577511211 634860256
585714414 589939072 623152309 591420597
623152309 591420597 634964175 591420597
623152309 591420597 623152309 606241674
623152309 606241674 643072790 611243307
643072790 611243307 662943972 611243307
662943972 611243307 662943972 617270536
662943972 611243307 670307709 611243307
670307709 611243307 670307709 611748735
670307709 611243307 695590442 611243307
643072790 611243307 643072790 642172225
643072790 642172225 649431303 659035278
649431303 659035278 649431303 659572357
649431303 659035278 669328456 659035278
695590442 611243307 714975175 625634581
714975175 625634581 715819484 635517539
715819484 635517539 720582730 648609515
720582730 648609515 729457125 659123577
729457125 659123577 729457125 692518346
729457125 692518346 729946279 692606572
729946279 692606572 752183246 692606572
729946279 692606572 729946279 715007107
729946279 715007107 729946279 734864825
729946279 715007107 751205287 715007107
751205287 715007107 757753566 722271747
757753566 722271747 757753566 730656606
757753566 722271747 776870398 722271747
776870398 722271747 776870398 729866708
776870398 729866708 778215294 737920139
778215294 737920139 778215294 741854890
778215294 737920139 793005575 737920139
793005575 737920139 793637139 754574286
776870398 722271747 796162345 722271747
793637139 754574286 813996359 761512046
813996359 761512046 820568352 784550701
820568352 784550701 828042738 784550701
820568352 784550701 820568352 795708796
562646383 530778925 585960818 549691674
585960818 549691674 593179424 554882407
593179424 554882407 593179424 564319728
593179424 564319728 596270773 567814882
596270773 567814882 596270773 585448899
593179424 554882407 631883140 554882407
631883140 554882407 637061402 567814882
523530613 538563137 552586283 555007108
729457125 659123577 775051257 659123577
775051257 659123577 786929782 659415258
786929782 659415258 796382662 669623118
796382662 669623118 803192938 669623118
796382662 669623118 796382662 680252821
796382662 680252821 802939624 682674590
802939624 682674590 809540892 682674590
809540892 682674590 818129643 682674590
809540892 682674590 809540892 691288186
809540892 691288186 809912743 699807535
809912743 699807535 809912743 702521195
809912743 699807535 827294070 699807535
809912743 702521195 815164155 720959031
802939624 682674590 802939624 708295376
827294070 699807535 857230453 708430539
857230453 708430539 881889677 720900538
881889677 720900538 903635974 722250983
903635974 722250983 914730691 725970073
914730691 725970073 915516744 733129873
915516744 733129873 915516744 753038038
915516744 753038038 926964023 753038038
926964023 753038038 926964023 757834372
926964023 753038038 931843618 753038038
915516744 733129873 944297096 733129873
915516744 753038038 915516744 783146805
915516744 783146805 915516744 785984383
915516744 783146805 923247768 783146805
923247768 783146805 926838219 795172833
926838219 795172833 936615686 795172833
926838219 795172833 926838219 815110588
926838219 815110588 928659034 819788008
928659034 819788008 928659034 837323975
928659034 837323975 934631777 837323975
928659034 837323975 928659034 853502575
928659034 819788008 948626022 819788008
948626022 819788008 968024546 835410392
968024546 835410392 975350272 855612870
975350272 855612870 979749878 855612870
975350272 855612870 975350272 861365375
828042738 784550701 870964945 788422835
870964945 788422835 873023196 800295176
873023196 800295176 876618026 843462296
876618026 843462296 879966448 843462296
876618026 843462296 876618026 862684279
876618026 862684279 881349726 868608922
881349726 868608922 891435605 868608922
879966448 843462296 891435605 853502575
881349726 868608922 881349726 894802192
891435605 868608922 910866217 877748027
910866217 877748027 920647774 877748027
910866217 877748027 910866217 909349453
910866217 909349453 922140603 925264988
922140603 925264988 922140603 945273804
922140603 945273804 930484298 947947087
930484298 947947087 930484298 968023809
930484298 968023809 942190819 976309994
942190819 976309994 956555694 976309994
942190819 976309994 942190819 995289872
922140603 925264988 960030853 925264988
960030853 925264988 960030853 926079489
960030853 925264988 974892593 925264988
974892593 925264988 979613898 947947087
979613898 947947087 990262880 947947087
979613898 947947087 979613898 961422293
979613898 961422293 988496939 962704329
988496939 962704329 992004696 962704329
988496939 962704329 988496939 987692951
299296326 276380939 307129932 315554311
307129932 315554311 337773719 327201205
337773719 327201205 339019620 327201205
339019620 327201205 345575926 330949693
345575926 330949693 374937831 330949693
337773719 327201205 337773719 370393153
337773719 370393153 345575926 386027825
345575926 386027825 353634324 394272913
393564509 361257829 393564509 408369719
393564509 408369719 441578913 410380392
441578913 410380392 445180491 410380392
441578913 410380392 441578913 451175342
0 411688562 0 464456200
0 464456200 0 465546722
0 465546722 24272289 465546722
0 465546722 0 493261076
0 493261076 0 504892977
0 504892977 13133087 504892977
0 504892977 0 518570317
0 518570317 0 527606872
0 527606872 8414039 527606872
0 493261076 24258103 493261076
0 527606872 0 555823375
0 555823375 0 558936177
0 558936177 0 570112104
0 570112104 0 580689068
0 570112104 11649957 570112104
0 580689068 0 610213172
0 610213172 0 623655940
0 623655940 0 624885814
0 610213172 14162976 610213172
0 624885814 23308058 624885814
14162976 610213172 33271928 616348129
33271928 616348129 33271928 623655940
33271928 616348129 54232841 616348129
0 624885814 0 652046152
0 652046152 3528384 652046152
0 558936177 31999085 558936177
31999085 558936177 34246520 565403260
34246520 565403260 34246520 580689068
34246520 565403260 62869450 565403260
62869450 565403260 68965533 566296264
68965533 566296264 98287444 566296264
98287444 566296264 98287444 577974187
68965533 566296264 68965533 599942998
0 555823375 34758865 555823375
98287444 577974187 98777001 613332282
98777001 613332282 112011668 613332282
98777001 613332282 98777001 628757770
54232841 616348129 76228724 631540688
76228724 631540688 77202736 650542365
0 652046152 0 690038544
0 690038544 6966971 690038544
0 690038544 0 704909000
0 704909000 0 729222562
0 729222562 10230794 729222562
0 729222562 0 759473159
0 759473159 0 764370328
0 764370328 6831365 764370328
0 764370328 0 788730720
0 788730720 6654806 788730720
0 788730720 0 809291520
0 809291520 0 831639677
0 831639677 0 837404204
0 831639677 29191757 831639677
29191757 831639677 37355513 837404204
0 837404204 0 867133072
0 867133072 0 876364146
0 876364146 0 877813566
0 877813566 0 895324235
0 867133072 17722160 867133072
17722160 867133072 24264770 876364146
24264770 876364146 37032094 877813566
0 895324235 0 915468171
0 915468171 9090432 915468171
37032094 877813566 48172862 895324235
48172862 895324235 59488595 908181736
59488595 908181736 65949267 925019569
0 809291520 30883509 809291520
0 704909000 35970199 704909000
37355513 837404204 69101269 842541587
69101269 842541587 69101269 850261920
69101269 842541587 79820502 842541587
79820502 842541587 80331985 846968785
80331985 846968785 100832517 846968785
100832517 846968785 109094781 848245670
80331985 846968785 80331985 869789748
80331985 869789748 88418835 871249996
88418835 871249996 88418835 873693479
88418835 873693479 89793517 873693479
88418835 873693479 88418835 877032019
88418835 871249996 97679213 871249996
97679213 871249996 110804407 877479708
110804407 877479708 110966757 878616263
110966757 878616263 110966757 902114159
110966757 902114159 110966757 908657514
110966757 902114159 122040291 902114159
110966757 908657514 120837207 919485696
120837207 919485696 126968021 919485696
110966757 878616263 147299667 878616263
147299667 878616263 156530463 878616263
147299667 878616263 147299667 897059559
156530463 878616263 172764202 887605072
172764202 887605072 200587007 888122021
200587007 888122021 201329555 896493964
201329555 896493964 201329555 928075475
201329555 928075475 216795152 928319954
216795152 928319954 227484807 928319954
216795152 928319954 216795152 947112723
201329555 896493964 235148846 896493964
235148846 896493964 237977673 909400954
98287444 566296264 137587695 566296264
120837207 919485696 120837207 959332555
227484807 928319954 249335735 946905290
249335735 946905290 282592554 950215547
282592554 950215547 312530074 950215547
312530074 950215547 317241207 950215547
312530074 950215547 312530074 970233308
282592554 950215547 282592554 990637777
122040291 902114159 145898690 919210358
145898690 919210358 168957311 931088294
120837207 959332555 160967594 961778989
77202736 650542365 100465228 670384896
100465228 670384896 100465228 673295064
100465228 673295064 112531896 684435190
112531896 684435190 112531896 689493479
126968021 919485696 141820709 948056857
0 759473159 44705479 759473159
44705479 759473159 86808556 761083600
86808556 761083600 86808556 767810498
86808556 767810498 88320427 767810498
86808556 761083600 98528962 761083600
88320427 767810498 93654734 775713711
93654734 775713711 93654734 780522264
93654734 775713711 118400227 775713711
118400227 775713711 130614553 781593899
86808556 767810498 86808556 805667449
86808556 805667449 87745624 805667449
86808556 805667449 86808556 829680359
87745624 805667449 114192793 809351174
0 518570317 46270909 518570317
46270909 518570317 53335125 541690128
53335125 541690128 81363843 542470433
81363843 542470433 84358658 542470433
81363843 542470433 81363843 555909546
112531896 689493479 145409101 703049626
145409101 703049626 148839760 703049626
145409101 703049626 145409101 735052197
145409101 735052197 146061967 766425935
24272289 465546722 66326602 471636847
66326602 471636847 88881158 493413803
109094781 848245670 151831323 853686716
151831323 853686716 151831323 862859008
151831323 853686716 168561147 853686716
168561147 853686716 184070873 854435099
184070873 854435099 184070873 868865751
184070873 854435099 217091302 854435099
217091302 854435099 219850856 864508444
219850856 864508444 219850856 867123115
219850856 864508444 253237112 864508444
253237112 864508444 273752181 870809288
0 464456200 48426981 464456200
148839760 703049626 165884798 734529960
98528962 761083600 136915554 771235024
146061967 766425935 177107210 784974516
177107210 784974516 189168909 784974516
177107210 784974516 177107210 800312452
112531896 684435190 164949355 684435190
164949355 684435190 196677129 692249424
196677129 692249424 201976027 698771574
201976027 698771574 201976027 699276261
201976027 698771574 205972562 698771574
205972562 698771574 205972562 698939994
205972562 698939994 218527526 707637312
205972562 698771574 238689143 698771574
33271928 623655940 50735478 662108844
50735478 662108844 57246211 684024427
57246211 684024427 72625651 694732991
72625651 694732991 72625651 704425951
72625651 694732991 100051086 694732991
72625651 704425951 74811927 738891439
74811927 738891439 86578301 747658327
86578301 747658327 86578301 755868936
86578301 747658327 96512406 747658327
96512406 747658327 96512406 752829982
96512406 752829982 96910511 752829982
96512406 752829982 96512406 754102759
96512406 747658327 120409717 747658327
120409717 747658327 120409717 748687703
120409717 747658327 121961147 747658327
121961147 747658327 136915554 762002486
136915554 762002486 137594769 762002486
815164155 720959031 844892256 748109862
844892256 748109862 844892256 749988930
844892256 748109862 852897715 748109862
852897715 748109862 876830890 755975886
65586168 302349023 90523871 334330618
90523871 334330618 90624029 343162622
90624029 343162622 90624029 366816329
90624029 366816329 90624029 377261553
90624029 366816329 115716350 366816329
115716350 366816329 124153483 382079977
124153483 382079977 131879618 393657849
131879618 393657849 141756136 393657849
141756136 393657849 141756136 395685860
141756136 393657849 149496922 393657849
131879618 393657849 131879618 424746541
131879618 424746541 132213183 426521709
132213183 426521709 156229383 426521709
156229383 426521709 156438237 430121816
156438237 430121816 159853905 430121816
156438237 430121816 156438237 457778831
156438237 457778831 170316845 467156824
170316845 467156824 173264406 467156824
170316845 467156824 170316845 485114636
173264406 467156824 193330307 473433731
193330307 473433731 199625373 474209069
199625373 474209069 199625373 480473851
199625373 474209069 213037076 474209069
213037076 474209069 213037076 480233275
170316845 485114636 179236351 506609972
179236351 506609972 189329408 516196000
189329408 516196000 209485053 519737241
132213183 426521709 132213183 461892835
213037076 474209069 253765581 474209069
253765581 474209069 275225701 486656087
275225701 486656087 278484419 491855269
278484419 491855269 293813292 491855269
293813292 491855269 293813292 503955293
293813292 491855269 311894149 491855269
311894149 491855269 311894149 501154184
311894149 491855269 341417700 491855269
341417700 491855269 348213467 491855269
341417700 491855269 341417700 500295530
278484419 491855269 278484419 525314712
90624029 343162622 133595341 343162622
159853905 430121816 200797399 438742402
200797399 438742402 200797399 452313415
278484419 525314712 293702644 564787441
293702644 564787441 306950543 564787441
293702644 564787441 293702644 583483517
293702644 583483517 298981696 587438021
298981696 587438021 312994058 588946541
312994058 588946541 328487938 588946541
328487938 588946541 342626334 593245422
342626334 593245422 353699171 593245422
353699171 593245422 364271899 616832434
364271899 616832434 365897751 616832434
364271899 616832434 364271899 624496747
200797399 438742402 255975167 438742402
255975167 438742402 270103531 440851788
270103531 440851788 272476718 440851788
270103531 440851788 270103531 445475075
270103531 445475075 286034037 453098194
272476718 440851788 307796194 443721336
307796194 443721336 310808712 444776745
306950543 564787441 362926802 564925768
362926802 564925768 395414551 575517696
395414551 575517696 395414551 582511170
395414551 582511170 403179179 585655829
395414551 575517696 411209575 575517696
403179179 585655829 424761723 597589757
424761723 597589757 425385995 597589757
425385995 597589757 432403041 602944544
432403041 602944544 432403041 617111122
432403041 602944544 448106829 602944544
448106829 602944544 462676539 614636360
424761723 597589757 424761723 626618958
462676539 614636360 462676539 647102818
462676539 647102818 473617865 655593408
473617865 655593408 488451363 655593408
473617865 655593408 473617865 679785456
473617865 679785456 475065023 679785456
473617865 679785456 473617865 711961894
488451363 655593408 524277456 655676569
524277456 655676569 532174537 655676569
524277456 655676569 524277456 665958003
524277456 665958003 525605965 665958003
524277456 665958003 524277456 679096639
462676539 614636360 499932423 614636360
499932423 614636360 506528051 639876456
525605965 665958003 554053286 677668180
554053286 677668180 573532690 678928762
573532690 678928762 587900206 686242463
587900206 686242463 599310498 686242463
599310498 686242463 600003209 704872117
600003209 704872117 600003209 713473732
600003209 704872117 633210692 704872117
633210692 704872117 645006016 714100613
645006016 714100613 645006016 731757004
645006016 714100613 677623307 714100613
677623307 714100613 696019128 729661273
600003209 713473732 600885553 756720585
600885553 756720585 611842507 760066455
611842507 760066455 612437126 760066455
611842507 760066455 611842507 788911139
611842507 788911139 618835235 791944893
618835235 791944893 627222409 791944893
627222409 791944893 640148441 796680405
640148441 796680405 640148441 797415679
640148441 796680405 641223147 796680405
641223147 796680405 643278596 812866967
643278596 812866967 643278596 817446447
643278596 817446447 643760767 826160173
643278596 812866967 673131175 812866967
673131175 812866967 684866969 818667147
684866969 818667147 699718183 818667147
699718183 818667147 701050199 834540899
684866969 818667147 684866969 837893775
701050199 834540899 707835890 847515140
684866969 837893775 699102178 843455910
618835235 791944893 618835235 825160580
618835235 825160580 622884036 825160580
618835235 825160580 618835235 839827126
618835235 839827126 627738224 842367455
627738224 842367455 628243147 842367455
627738224 842367455 627738224 862510616
628243147 842367455 640852976 852328493
640852976 852328493 642929051 852328493
640852976 852328493 640852976 874604171
640852976 874604171 648037717 876348703
648037717 876348703 659426397 876348703
659426397 876348703 659426397 884459934
648037717 876348703 648037717 890568447
659426397 876348703 679888621 876348703
679888621 876348703 683662744 882377770
683662744 882377770 683662744 910595432
683662744 910595432 691972832 910595432
683662744 910595432 683662744 935588412
683662744 935588412 684312976 935588412
684312976 935588412 690370012 941901509
683662744 935588412 683662744 957379966
683662744 957379966 690370012 971079893
690370012 971079893 690370012 974121871
690370012 971079893 700767142 971079893
690370012 941901509 712755929 941901509
683662744 882377770 717542059 882377770
717542059 882377770 722625353 882377770
717542059 882377770 717542059 891885136
707835890 847515140 734866220 856529495
734866220 856529495 742533338 859019877
742533338 859019877 762324980 861142418
762324980 861142418 772063732 863148002
772063732 863148002 772063732 876083926
772063732 876083926 776174777 902472608
772063732 863148002 815750089 863148002
815750089 863148002 841781840 873389265
717542059 891885136 758577666 895545751
758577666 895545751 758678115 903115548
758678115 903115548 766526943 934594171
766526943 934594171 774338777 938127388
712755929 941901509 734733267 965347502
587900206 686242463 587900206 734507289
776174777 902472608 812023519 914987048
812023519 914987048 821595195 914987048
812023519 914987048 812023519 925082916
812023519 925082916 824142509 931613048
824142509 931613048 824142509 948522195
824142509 948522195 824142509 965374489
824142509 948522195 844547395 948522195
824142509 931613048 845495270 931613048
845495270 931613048 855781324 942728152
855781324 942728152 857583131 945175997
857583131 945175997 867915413 945175997
867915413 945175997 867915413 948364133
867915413 945175997 877614591 945175997
877614591 945175997 886943819 964526524
886943819 964526524 888464811 977691319
888464811 977691319 909451610 983006530
909451610 983006530 910190539 987521669
910190539 987521669 913922382 997431712
857583131 945175997 857583131 977418786
699102178 843455910 746595656 844586390
612437126 760066455 642349967 779575771
642349967 779575771 686183234 780787618
686183234 780787618 700616197 803643476
700616197 803643476 703891540 804776538
703891540 804776538 703891540 805200366
703891540 804776538 741926954 804776538
741926954 804776538 745162730 807151153
745162730 807151153 745162730 828496659
745162730 807151153 767128770 807151153
767128770 807151153 775176026 807151153
767128770 807151153 767128770 826908951
767128770 826908951 769303415 826908951
769303415 826908951 771500003 839227520
771500003 839227520 772063732 841030268
767128770 826908951 767128770 842438747
775176026 807151153 784740288 825246228
772063732 841030268 818865160 841030268
506528051 639876456 547090889 648788108
424761723 626618958 442654612 658233337
442654612 658233337 451536018 661099010
451536018 661099010 461496060 665639651
473617865 711961894 475915947 760102046
475915947 760102046 479205567 763483982
479205567 763483982 479205567 769101928
479205567 763483982 506492549 763483982
645006016 731757004 654386785 772829049
654386785 772829049 673771220 774972272
673771220 774972272 709347899 780359746
709347899 780359746 742556882 783323766
742556882 783323766 756225993 789535140
756225993 789535140 756225993 799632936
756225993 789535140 768586352 789535140
342626334 593245422 342626334 649739145
245648055 96647298 300168476 99108769
300168476 99108769 306558091 114117027
6129225 217901307 53819371 227445938
101192825 183154217 142489474 199204952
142489474 199204952 158622491 211422163
158622491 211422163 180424346 212593602
180424346 212593602 202805766 212593602
180424346 212593602 180424346 243928810
180424346 243928810 197925459 275864728
132213183 461892835 143728071 508669978
143728071 508669978 146077230 521061368
146077230 521061368 152203911 546440165
152203911 546440165 164890458 546440165
152203911 546440165 152203911 565337409
65949267 925019569 89110533 960206406
89110533 960206406 89110533 962766265
89110533 960206406 104078274 960206406
177107210 800312452 213999437 822265405
213999437 822265405 217091302 852396542
217091302 852396542 217722811 852396542
342626334 649739145 364675891 686572695
364675891 686572695 369287848 688959615
369287848 688959615 401138947 688959615
369287848 688959615 369287848 743683078
369287848 743683078 383169759 777954135
383169759 777954135 387284483 779111703
387284483 779111703 387284483 784485698
387284483 784485698 398869564 809089487
398869564 809089487 413939024 809089487
413939024 809089487 428116636 811344417
428116636 811344417 428116636 813073166
428116636 811344417 431697329 811344417
398869564 809089487 398869564 831050418
398869564 831050418 407831800 831050418
398869564 831050418 398869564 846423202
431697329 811344417 468883727 814954058
468883727 814954058 469457751 822972826
469457751 822972826 486808314 835037432
486808314 835037432 486808314 840839879
398869564 846423202 399736706 889035551
399736706 889035551 403867720 909538172
403867720 909538172 403867720 916043256
403867720 909538172 429508589 909538172
486808314 840839879 518926032 857029855
518926032 857029855 539999917 861074356
387284483 779111703 441725064 779111703
441725064 779111703 462192968 795594598
403867720 916043256 418465332 956160709
418465332 956160709 426089070 965743476
426089070 965743476 426089070 981357871
426089070 981357871 432001751 981357871
426089070 981357871 426089070 998616540
426089070 965743476 448555605 965743476
448555605 965743476 448967976 967202081
448967976 967202081 449833053 967202081
448967976 967202081 448967976 997320372
448967976 997320372 468345945 999403645
429508589 909538172 474013816 920171087
474013816 920171087 474013816 927988984
474013816 920171087 490965410 920171087
490965410 920171087 491573767 932815750
491573767 932815750 508447311 932815750
508447311 932815750 526795997 932815750
526795997 932815750 527210353 932815750
526795997 932815750 526795997 947864512
526795997 947864512 540774807 952889031
508447311 932815750 508447311 960344266
491573767 932815750 491573767 965234240
491573767 965234240 507596896 976811579
540774807 952889031 558512924 976313037
558512924 976313037 558512924 983746919
558512924 976313037 589647342 976313037
311894149 501154184 338756740 533177687
338756740 533177687 362926802 555006302
362926802 555006302 363584503 555006302
134413993 112463923 163514341 142740726
163514341 142740726 174960240 146017572
174960240 146017572 195939214 167017154
195939214 167017154 202265761 200799197
202265761 200799197 202709540 204156189
160967594 961778989 193380888 988887656
475065023 679785456 508822342 706134731
508822342 706134731 523037854 745383251
523037854 745383251 536739272 754883288
486808314 835037432 547250033 835037432
547250033 835037432 574334849 835493484
550819602 405647368 612243154 405647368
612243154 405647368 618681565 435692139
618681565 435692139 626584994 435692139
618681565 435692139 618681565 451685576
618681565 451685576 637418611 456312646
637418611 456312646 638613384 460194543
638613384 460194543 662384089 460194543
638613384 460194543 638613384 489498703
638613384 489498703 651948826 493983210
626584994 435692139 675395928 438570436
675395928 438570436 675395928 442395659
675395928 438570436 687131472 438570436
687131472 438570436 696511027 454111002
696511027 454111002 700450237 459271206
700450237 459271206 709349539 468205151
709349539 468205151 732788468 468205151
732788468 468205151 732788468 489839675
732788468 468205151 762111938 468205151
732788468 489839675 758182208 499634719
758182208 499634719 777077630 515461404
777077630 515461404 780872889 535830827
780872889 535830827 780872889 553326617
780872889 535830827 805269524 535830827
780872889 553326617 783785990 589149011
783785990 589149011 796172213 604504610
796172213 604504610 819746213 604504610
819746213 604504610 823226385 613764166
796172213 604504610 796172213 631158501
823226385 613764166 856463071 613764166
823226385 613764166 823226385 649782319
823226385 649782319 832768335 652603428
832768335 652603428 832768335 658261305
832768335 658261305 841762497 666687875
709349539 468205151 709349539 508271196
709349539 508271196 725850780 508271196
832768335 652603428 874041142 652603428
709349539 508271196 709349539 552745339
709349539 552745339 717296134 559390593
717296134 559390593 717296134 571760157
717296134 559390593 732585828 559390593
732585828 559390593 732585828 568449439
732585828 568449439 732585828 577676664
732585828 568449439 748012394 568449439
732585828 577676664 739810905 589409999
739810905 589409999 740530218 600080636
740530218 600080636 740530218 606870371
740530218 600080636 751606475 600080636
748012394 568449439 766701795 574604105
766701795 574604105 773524514 577475300
732585828 559390593 760365589 559390593
760365589 559390593 760365589 567010421
760365589 559390593 776723759 559390593
874041142 652603428 896167003 675373923
896167003 675373923 896167003 691604731
896167003 691604731 896167003 706009683
896167003 691604731 922694677 691604731
922694677 691604731 931647779 698423931
931647779 698423931 958652407 709180239
896167003 675373923 948710415 675373923
805269524 535830827 843622904 554618192
843622904 554618192 855990344 572048022
855990344 572048022 876865255 572048022
876865255 572048022 881593972 589879511
881593972 589879511 881593972 600274363
881593972 589879511 898040543 589879511
855990344 572048022 855990344 596385137
881593972 600274363 883196564 646825304
762111938 468205151 800443819 488367577
800443819 488367577 806025028 495380609
806025028 495380609 831307911 498897422
831307911 498897422 838327591 498897422
838327591 498897422 838327591 499701725
838327591 498897422 841534630 498897422
831307911 498897422 831307911 510975061
841534630 498897422 854381009 499646966
854381009 499646966 854381009 507239312
854381009 507239312 858462664 507239312
854381009 507239312 854381009 526245745
854381009 499646966 887002181 499646966
858462664 507239312 884962779 519699490
884962779 519699490 893829462 542021855
893829462 542021855 900121139 542595710
900121139 542595710 900121139 547458947
900121139 547458947 906153387 549292169
906153387 549292169 916599588 560740861
900121139 542595710 935005508 542595710
887002181 499646966 926118727 502383829
926118727 502383829 941305360 515816038
941305360 515816038 964541233 515816038
964541233 515816038 979601130 518599129
941305360 515816038 941305360 539118829
979601130 518599129 989430447 536104926
989430447 536104926 989837929 536104926
989430447 536104926 989430447 562443125
941305360 539118829 963139413 568356908
963139413 568356908 969293428 568356908
963139413 568356908 963139413 580222544
963139413 580222544 965733299 598907867
965733299 598907867 971218897 638843110
669328456 659035278 698938077 691089514
774338777 938127388 793809954 981272223
100465228 670384896 163200379 670384896
218527526 707637312 234440028 754926115
234440028 754926115 244803119 767365226
244803119 767365226 254840318 767365226
254840318 767365226 261921069 773900543
261921069 773900543 262783647 775575852
262783647 775575852 262783647 791782298
262783647 791782298 263975711 792448632
263975711 792448632 292032807 792448632
244803119 767365226 244803119 808587806
263975711 792448632 263975711 844166175
263975711 844166175 263975711 845695178
263975711 844166175 288167498 844166175
288167498 844166175 291707485 846720634
291707485 846720634 325701819 849572697
325701819 849572697 335446405 865917777
335446405 865917777 335446405 882824407
335446405 882824407 335446405 894215042
335446405 882824407 354811793 882824407
335446405 894215042 339154939 909945236
339154939 909945236 339154939 917080858
339154939 909945236 349307109 909945236
354811793 882824407 369693931 889035551
369693931 889035551 369693931 891589968
369693931 891589968 385125710 928778963
335446405 865917777 388894971 865917777
388894971 865917777 396993651 881206230
396993651 881206230 456358257 884389353
456358257 884389353 477965426 890908202
262783647 775575852 326643291 775575852
326643291 775575852 329056059 776170216
329056059 776170216 354582153 776170216
329056059 776170216 329056059 833175735
543749577 479513349 586317619 501783145
586317619 501783145 603521964 505743288
603521964 505743288 618314359 513943607
618314359 513943607 618314359 519674635
618314359 513943607 630367204 513943607
238786913 168397552 280551390 191549648
312994058 588946541 312994058 653968228
773524514 577475300 837428008 578913955
550819602 407053818 582013482 441385524
582013482 441385524 594419227 462301999
594419227 462301999 594527556 462301999
594419227 462301999 594419227 478556160
594419227 478556160 597126354 478884654
597126354 478884654 612042048 480017434
310808712 444776745 363452072 458517611
363452072 458517611 371710761 458517611
363452072 458517611 363452072 475152421
371710761 458517611 414546699 468580065
414546699 468580065 440361972 488729454
440361972 488729454 453085671 519348128
453085671 519348128 461305908 519348128
461305908 519348128 461864248 519348128
461305908 519348128 461305908 520956709
461305908 520956709 463549017 548584956
463549017 548584956 469437068 555939354
469437068 555939354 469437068 559128690
469437068 559128690 471061193 559128690
469437068 559128690 469437068 581671511
469437068 555939354 501674126 555939354
471061193 559128690 494163173 577996945
494163173 577996945 507246146 602291485
453085671 519348128 453085671 573293815
33638679 355016820 60373715 394979287
60373715 394979287 86575487 410348562
152203911 565337409 178576981 606267830
178576981 606267830 181083677 609365245
181083677 609365245 181083677 646716355
181083677 646716355 181083677 656235618
181083677 646716355 201171834 646716355
181083677 609365245 237786386 609365245
237786386 609365245 245962068 633290181
245962068 633290181 255697693 655056899
255697693 655056899 255697693 678417913
255697693 678417913 265892209 683347840
265892209 683347840 275261562 697821812
255697693 655056899 292468625 655056899
292032807 792448632 315199567 836711910
88881158 493413803 124130881 526764879
124130881 526764879 131361414 526764879
124130881 526764879 124130881 538964744
237977673 909400954 295371262 922732490
295371262 922732490 303987899 928347073
303987899 928347073 310832212 931318775
310832212 931318775 325700377 938210274
312530074 970233308 364773647 989275036
364773647 989275036 364773647 990801891
364773647 989275036 384858830 989275036
59129532 2170315 71634677 61735385
442235430 314878722 513789414 315605890
513789414 315605890 570373907 324255352
570373907 324255352 582726385 328794424
582726385 328794424 582726385 332069307
582726385 328794424 594550802 328794424
594550802 328794424 595525580 367451764
595525580 367451764 595525580 370028858
595525580 367451764 604183099 367451764
604183099 367451764 608082337 374939806
608082337 374939806 611857813 390064335
611857813 390064335 611857813 390506478
611857813 390064335 615791424 390064335
574334849 835493484 581408995 901598254
581408995 901598254 581408995 916770944
581408995 916770944 595223614 917242240
595223614 917242240 599936618 918400625
599936618 918400625 616631773 918400625
616631773 918400625 616631773 921986942
616631773 921986942 616817775 926486131
616631773 918400625 632026573 918400625
599936618 918400625 599936618 950685840
599936618 950685840 599936618 952408922
599936618 950685840 611242716 950685840
581408995 901598254 616613064 901598254
611242716 950685840 626682432 973910828
626682432 973910828 626682432 973956970
626682432 973910828 634871244 973910828
931843618 753038038 984833190 773648968
199249038 0 273160326 0
273160326 0 273160326 38984119
273160326 38984119 318882058 57818311
318882058 57818311 330954688 57818311
318882058 57818311 318882058 74282384
318882058 74282384 323809160 80374038
330954688 57818311 359828127 61776644
359828127 61776644 359828127 73917970
359828127 61776644 380391089 61776644
380391089 61776644 413700404 88035344
413700404 88035344 427637115 88035344
427637115 88035344 433393193 93238028
433393193 93238028 457522019 93238028
457522019 93238028 463509118 105973494
463509118 105973494 485576323 105973494
463509118 105973494 463509118 128740443
485576323 105973494 507242526 107594632
463509118 128740443 488008859 141222234
413700404 88035344 413700404 129563442
413700404 129563442 433393193 139798947
433393193 139798947 437011379 153176910
437011379 153176910 446669315 153176910
437011379 153176910 437011379 190885182
437011379 190885182 437011379 194274022
437011379 190885182 444173886 190885182
444173886 190885182 453362540 197255446
453362540 197255446 458520660 197255446
458520660 197255446 475350728 210760009
475350728 210760009 477550566 227483937
453362540 197255446 453362540 240826593
453362540 240826593 456305386 262005693
446669315 153176910 469143969 180597622
469143969 180597622 475350728 181365409
475350728 181365409 481409931 181365409
507242526 107594632 553180753 111772090
553180753 111772090 559139057 111772090
553180753 111772090 553180753 130301697
477550566 227483937 535874593 229229834
535874593 229229834 535874593 240410027
535874593 240410027 543649595 240410027
535874593 240410027 535874593 250398031
535874593 229229834 550996912 229229834
550996912 229229834 554169890 229241643
554169890 229241643 580440519 230098283
580440519 230098283 581383012 230098283
581383012 230098283 603137738 231342648
603137738 231342648 621366728 231342648
580440519 230098283 580440519 259112326
580440519 259112326 603137738 264168420
603137738 264168420 607333378 272870053
607333378 272870053 607333378 277365730
607333378 277365730 608184403 277806452
608184403 277806452 614933506 277806452
607333378 272870053 614618642 272870053
608184403 277806452 608184403 304627051
535874593 250398031 550628585 274902352
550628585 274902352 561904240 293334296
561904240 293334296 564610085 293334296
561904240 293334296 561904240 309898010
614933506 277806452 644192702 300998161
644192702 300998161 644192702 301136321
644192702 300998161 680976994 300998161
680976994 300998161 690051600 318102573
690051600 318102573 710597741 318102573
710597741 318102573 710597741 325990130
710597741 318102573 745219857 318102573
745219857 318102573 748927627 320157775
748927627 320157775 771091840 320157775
771091840 320157775 774418209 320157775
771091840 320157775 771091840 336512561
771091840 336512561 776243112 340036601
776243112 340036601 776243112 357974065
776243112 357974065 776243112 371716809
776243112 371716809 776466416 386657956
776466416 386657956 776466416 389675533
776466416 389675533 776546025 389675533
776466416 386657956 781136165 386657956
776243112 357974065 809529023 357974065
809529023 357974065 813283913 358373729
813283913 358373729 827232912 358373729
827232912 358373729 827232912 358579220
827232912 358373729 841264796 358373729
841264796 358373729 842222060 364715662
842222060 364715662 855322667 364715662
813283913 358373729 813283913 380903920
855322667 364715662 874049648 369565602
874049648 369565602 894800165 378416112
894800165 378416112 898600812 380383094
898600812 380383094 898600812 384154514
898600812 384154514 898630887 384154514
898600812 380383094 903623621 380383094
903623621 380383094 903623621 381051846
903623621 380383094 915182413 380383094
915182413 380383094 924144840 383911022
924144840 383911022 940344966 383911022
940344966 383911022 946493801 383911022
940344966 383911022 940344966 399961923
946493801 383911022 967645697 399700675
644192702 301136321 680589826 304507477
924144840 383911022 924144840 426353773
748927627 320157775 748927627 363855940
898600812 384154514 898600812 428569585
898600812 428569585 915988823 460953598
915988823 460953598 962794259 465154336
962794259 465154336 985135608 473873852
985135608 473873852 985135608 475518522
985135608 473873852 995767379 473873852
985135608 475518522 990826627 496987066
776466416 389675533 776466416 441571922
776466416 441571922 776856629 457067776
842222060 364715662 842222060 418412056
842222060 418412056 842222060 421651600
842222060 418412056 854120994 418412056
924144840 426353773 962824073 441500626
962824073 441500626 964717676 453414610
776856629 457067776 829260899 461830078
829260899 461830078 836314661 483671245
781136165 386657956 796867956 428381781
690051600 318102573 690051600 376861590
690051600 376861590 691910453 400304224
691910453 400304224 707986809 400304224
691910453 400304224 691910453 418166770
691910453 418166770 719968763 430243131
719968763 430243131 746130079 433130712
776243112 340036601 836400963 340036601
836400963 340036601 836400963 340289191
836400963 340036601 852518398 340036601
852518398 340036601 881949725 341791007
881949725 341791007 915182413 348058975
915182413 348058975 919670857 348058975
919670857 348058975 929217690 364174157
813283913 380903920 830489852 425351666
559139057 111772090 608241559 126725811
608241559 126725811 633885113 126725811
633885113 126725811 654492775 143917184
608241559 126725811 608241559 170023504
608241559 170023504 608241559 188803824
608241559 188803824 615455991 188803824
608241559 188803824 608241559 204935846
608241559 170023504 632012603 170023504
273160326 0 340670908 0
340670908 0 340670908 18795198
340670908 0 381293994 0
381293994 0 381635510 0
381635510 0 384958996 0
384958996 0 399800635 0
399800635 0 399800635 7417653
384958996 0 384958996 15635335
381635510 0 381635510 27868893
381293994 0 381293994 35994144
621366728 231342648 690787276 232799542
690787276 232799542 691577663 249620915
691577663 249620915 691577663 291473623
691577663 249620915 756535260 249620915
756535260 249620915 759556818 251749790
759556818 251749790 775906211 251749790
759556818 251749790 759556818 274276009
759556818 274276009 770893460 286602222
770893460 286602222 770893460 296553122
770893460 296553122 777144541 298100292
770893460 286602222 794230189 286602222
794230189 286602222 813294954 305637615
775906211 251749790 829003849 253258904
829003849 253258904 854840225 253408495
854840225 253408495 854840225 263035795
854840225 263035795 854840225 263648333
854840225 263035795 858847126 263035795
854840225 253408495 865088375 253408495
854840225 263648333 857669609 280187729
857669609 280187729 872335257 296009774
872335257 296009774 878841228 296009774
878841228 296009774 879106468 298997454
879106468 298997454 893469838 298997454
893469838 298997454 893469838 301545695
893469838 301545695 894582688 311470065
894582688 311470065 894582688 311875290
894582688 311470065 909867498 311470065
879106468 298997454 879106468 316746229
879106468 316746229 885550084 316746229
879106468 316746229 879106468 323330045
872335257 296009774 872335257 321097735
909867498 311470065 909986033 336652652
893469838 298997454 919669408 298997454
919669408 298997454 928874000 300167424
928874000 300167424 928874000 311380097
928874000 311380097 945092539 322471466
945092539 322471466 945092539 326362860
945092539 322471466 968844844 322471466
858847126 263035795 898442785 269008445
898442785 269008445 933905221 281430431
928874000 300167424 978729508 300167424
691577663 291473623 755538329 293956645
654492775 143917184 721506156 149037510
721506156 149037510 735488746 157800884
735488746 157800884 767792875 157800884
767792875 157800884 785782423 158008057
735488746 157800884 735488746 199954218
735488746 199954218 735488746 225114016
735488746 199954218 762190883 199954218
785782423 158008057 815340109 196871624
815340109 196871624 816983787 196871624
815340109 196871624 815340109 230706624
933905221 281430431 995657349 292080622
399800635 0 474459621 0
474459621 0 474459621 9577885
474459621 0 498919775 0
498919775 0 509130523 0
509130523 0 511175753 0
511175753 0 514469655 0
514469655 0 525237974 0
525237974 0 537292056 0
537292056 0 537292056 710222
537292056 0 554516368 0
554516368 0 562576443 0
554516368 0 554516368 10171916
514469655 0 514469655 19047529
554516368 10171916 562576443 25847806
514469655 19047529 525237974 36089538
509130523 0 509130523 33488898
509130523 33488898 511175753 48618274
525237974 36089538 533297004 65852507
533297004 65852507 556322268 74371138
556322268 74371138 577924241 74371138
577924241 74371138 582489128 74371138
577924241 74371138 577924241 83819529
577924241 83819529 578857900 83819529
578857900 83819529 587134862 85685889
587134862 85685889 587134862 89658078
577924241 83819529 577924241 96722894
556322268 74371138 556322268 104678856
587134862 89658078 607467340 107859617
587134862 85685889 628654905 85685889
498919775 0 498919775 42912900
562576443 25847806 602754716 54569948
602754716 54569948 605032263 61416561
605032263 61416561 605032263 68967498
605032263 61416561 657929459 61416561
657929459 61416561 659854244 61416561
657929459 61416561 657929459 66742713
657929459 66742713 665315148 66816597
665315148 66816597 683908224 80881602
683908224 80881602 730943437 87760954
730943437 87760954 730943437 90423229
730943437 90423229 731023173 96022480
730943437 87760954 751442369 87760954
751442369 87760954 758723288 90976184
758723288 90976184 758723288 96022480
758723288 90976184 765054448 90976184
765054448 90976184 799246546 100170525
799246546 100170525 803654865 107781776
803654865 107781776 803689504 111815978
803689504 111815978 803689504 125152869
803689504 125152869 808687526 125152869
803689504 111815978 823709192 111815978
823709192 111815978 823709192 122102323
823709192 122102323 828246972 132073868
823709192 111815978 844715530 111815978
844715530 111815978 844715530 116906051
844715530 111815978 856196144 111815978
803689504 125152869 803689504 154275536
856196144 111815978 862551474 137653022
862551474 137653022 862551474 155691467
862551474 155691467 877606700 171988345
877606700 171988345 877606700 190620697
877606700 171988345 897422416 171988345
897422416 171988345 901386647 177398368
901386647 177398368 912645570 177398368
912645570 177398368 912645570 182145109
912645570 177398368 932552335 177398368
932552335 177398368 939221592 189140225
939221592 189140225 943585658 189140225
939221592 189140225 939221592 222767887
862551474 137653022 908210260 137653022
908210260 137653022 908210260 149949505
908210260 137653022 924128301 137653022
924128301 137653022 929729922 148416814
929729922 148416814 929729922 163992952
929729922 148416814 974018991 148416814
974018991 148416814 987480183 164388478
987480183 164388478 990624686 164388478
987480183 164388478 987480183 171966427
731023173 96022480 731023173 142344047
943585658 189140225 973325237 208765975
973325237 208765975 973325237 217578734
973325237 208765975 984115923 208765975
984115923 208765975 997508776 221288911
973325237 217578734 980331211 247182635
980331211 247182635 983419442 247182635
980331211 247182635 980331211 259831948
605032263 68967498 652714956 75494236
901386647 177398368 901386647 247838361
462192968 795594598 462351034 871529626
587900206 734507289 587965885 810565038
536739272 754883288 554318232 813552328
554318232 813552328 554318232 813898946
554318232 813552328 561210517 813552328
426938072 331358175 504189577 331611329
615791424 390064335 686265153 399674224
553180753 130301697 599123784 165351584
359828127 73917970 369492521 145583912
369492521 145583912 369629114 164682827
369629114 164682827 369629114 168228337
369629114 164682827 386606164 164682827
9090432 915468171 27546201 978498435
27546201 978498435 33224330 978498435
27546201 978498435 27546201 986177300
27546201 986177300 34399783 986289676
34399783 986289676 34445168 986289676
34399783 986289676 34399783 989479626
34399783 989479626 63221502 998353086
341417700 500295530 410663535 513253739
315199567 836711910 323924003 910287328
323924003 910287328 324058536 917839203
504189577 331611329 560786237 359208677
281616173 258240642 281616173 343332117
281616173 343332117 289600221 382969211
289600221 382969211 297356862 407902116
297356862 407902116 297356862 412895235
297356862 407902116 336156764 407902116
442235430 305678733 528402672 305678733
528402672 305678733 545400056 310444499
286208602 256474888 290986257 338363704
488008859 141222234 538363991 177800702
538363991 177800702 553112785 178010302
553112785 178010302 595921151 209073628
275261562 697821812 340813488 721180097
340813488 721180097 363482966 754160107
386606164 164682827 402691872 238871385
402691872 238871385 411493715 238871385
402691872 238871385 402691872 252961897
402691872 252961897 411165899 252961897
402691872 252961897 402691872 266683052
306558091 114117027 353996563 158720251
353996563 158720251 359120640 205814223
363482966 754160107 443010356 766827990
898040543 589879511 958514938 623690711
209485053 519737241 246166195 577345815
246166195 577345815 267301590 577345815
246166195 577345815 246166195 600587989
246166195 600587989 283957910 607906419
280551390 191549648 325509744 242034747
325509744 242034747 325509744 242251042
325509744 242034747 333789532 242034747
456305386 262005693 528757596 287313693
528757596 287313693 528757596 292981846
528757596 287313693 535010529 287313693
381293994 35994144 456132007 61398465
608241559 204935846 709150884 208840627
709150884 208840627 709150884 215072079
709150884 208840627 716701537 208840627
716701537 208840627 718984026 222349509
193706200 384226067 279591147 424689366
562576443 0 707661813 0
707661813 0 709223971 0
709223971 0 728586447 0
728586447 0 742329516 0
742329516 0 748458609 0
748458609 0 748458609 4649301
728586447 0 728586447 16410553
728586447 16410553 742329516 24282526
748458609 0 776861471 0
776861471 0 801337128 0
801337128 0 804688396 0
804688396 0 804688396 5926148
804688396 0 814303327 0
814303327 0 830612342 0
830612342 0 830954750 0
830612342 0 830612342 8270550
830612342 8270550 830954750 10416251
814303327 0 814303327 19356328
830954750 0 866842773 0
866842773 0 866842773 1247962
866842773 0 895246164 0
895246164 0 895246164 7528047
895246164 0 909632496 0
909632496 0 915119275 0
915119275 0 937278512 0
937278512 0 938189271 0
937278512 0 937278512 23991132
937278512 23991132 938189271 36561728
938189271 36561728 938189271 45623870
938189271 45623870 939004467 67535374
939004467 67535374 939004467 68743094
939004467 68743094 948972601 81984745
948972601 81984745 960008837 81984745
948972601 81984745 948972601 101103447
939004467 67535374 963336667 67535374
915119275 0 915119275 33896726
709223971 0 709223971 38128853
776861471 0 776861471 40983544
776861471 40983544 801337128 43226248
801337128 43226248 816545226 60763976
816545226 60763976 816545226 70952337
816545226 70952337 816545226 72894399
816545226 70952337 819202852 70952337
816545226 60763976 848370081 60763976
707661813 0 707661813 41946091
848370081 60763976 886415616 68500382
938189271 36561728 986711754 36561728
986711754 36561728 999826443 40765449
948972601 101103447 993306577 105677346
993306577 105677346 997764759 105677346
993306577 105677346 993306577 119521449
938189271 0 987788323 6561641
987788323 6561641 992939109 8731419
886415616 68500382 912955112 98284075
866842773 1247962 873466148 52348914
873466148 52348914 886415616 52693188
886415616 52693188 908947414 52693188
742329516 24282526 765853202 62877133
