1437
0 0 15738096 0
0 0 0 18030196
0 18030196 15738096 18030196
0 18030196 0 39038756
15738096 0 48269003 0
48269003 0 48269003 39038756
48269003 39038756 58518149 52974226
58518149 52974226 59266893 86813164
59266893 86813164 77640995 86813164
59266893 86813164 59266893 106146991
59266893 106146991 63733418 106146991
59266893 106146991 59266893 115972953
59266893 115972953 68941604 122533140
68941604 122533140 84237675 135265941
84237675 135265941 108371907 135265941
108371907 135265941 112249630 150039550
112249630 150039550 117216784 150039550
117216784 150039550 118489074 154353810
118489074 154353810 118489074 155772255
112249630 150039550 112249630 166459892
112249630 166459892 127987262 168127131
127987262 168127131 143120118 168127131
127987262 168127131 127987262 183383550
127987262 183383550 128691139 183383550
127987262 183383550 127987262 188544431
143120118 168127131 157257539 180368899
118489074 154353810 157815012 154353810
157815012 154353810 184866866 155282511
184866866 155282511 193448302 155763177
193448302 155763177 210069067 155763177
210069067 155763177 210069067 163141061
210069067 163141061 210712021 170611776
210712021 170611776 214862448 171252742
210069067 155763177 230154647 155763177
193448302 155763177 193448302 189929093
193448302 189929093 197651177 197180003
197651177 197180003 205075203 197180003
205075203 197180003 216459434 221540847
216459434 221540847 216459434 233352809
216459434 221540847 228669300 221540847
197651177 197180003 197651177 233793762
197651177 233793762 210333910 251985566
77640995 86813164 113302987 97532832
113302987 97532832 144511881 103966789
144511881 103966789 168903337 123927240
0 39038756 0 86004550
0 86004550 27726572 86004550
0 86004550 0 132812380
0 132812380 17977148 132812380
210333910 251985566 236519045 274329051
48269003 0 97246358 0
97246358 0 107051622 0
107051622 0 107051622 4068631
97246358 0 97246358 16417769
214862448 171252742 255273749 180931394
97246358 16417769 110847204 53619300
110847204 53619300 110847204 62558026
110847204 62558026 116033482 64075743
116033482 64075743 117100947 64075743
117100947 64075743 117100947 66846579
116033482 64075743 116033482 78585140
117100947 64075743 158450536 64075743
158450536 64075743 190189550 77119029
190189550 77119029 190189550 77570247
190189550 77119029 199270486 77119029
199270486 77119029 216319396 102684166
216319396 102684166 216319396 123388319
216319396 102684166 237134599 102684166
237134599 102684166 237134599 109999066
237134599 102684166 267309199 102684166
267309199 102684166 282498079 109424353
282498079 109424353 284759830 117101142
284759830 117101142 284759830 127669662
284759830 127669662 289358086 127669662
284759830 127669662 284759830 142267662
284759830 117101142 301754586 117101142
301754586 117101142 301754586 118174886
301754586 118174886 301863519 132396296
301863519 132396296 301863519 150365233
301863519 150365233 308112327 150365233
301863519 150365233 301863519 162230948
301863519 162230948 305267742 162230948
301863519 162230948 301863519 180382717
301863519 132396296 324675061 132396296
324675061 132396296 324675061 137789742
324675061 132396296 331631646 132396296
305267742 162230948 326938291 165426678
326938291 165426678 350685029 165426678
326938291 165426678 326938291 190987071
331631646 132396296 344236275 149719472
216319396 123388319 233772553 138343062
301754586 117101142 334833906 117101142
301863519 180382717 301880598 215465436
301880598 215465436 319356911 215465436
319356911 215465436 321272152 218841935
301880598 215465436 301880598 239863241
301880598 239863241 303582010 252676867
303582010 252676867 304146509 252676867
303582010 252676867 303582010 255751212
304146509 252676867 336307088 254920637
350685029 165426678 381871481 173415190
381871481 173415190 386132697 189719920
386132697 189719920 389205900 200385463
389205900 200385463 393373317 215311516
393373317 215311516 397603415 215311516
397603415 215311516 405319435 219879456
393373317 215311516 393373317 240862899
334833906 117101142 376676120 117214306
376676120 117214306 379656653 117214306
379656653 117214306 380270928 124038185
376676120 117214306 376676120 146920733
376676120 146920733 378685484 147743967
380270928 124038185 399785164 136788793
399785164 136788793 399785164 138662324
399785164 136788793 426286947 136788793
426286947 136788793 441454398 139607417
441454398 139607417 449907784 139607417
449907784 139607417 453453179 151373707
453453179 151373707 463157044 151373707
463157044 151373707 467521543 151373707
463157044 151373707 463157044 156653007
463157044 156653007 467535453 162348527
453453179 151373707 453453179 162348527
467535453 162348527 477340330 164850300
477340330 164850300 477340330 164989113
477340330 164850300 488298278 164850300
488298278 164850300 488547985 175940112
488547985 175940112 496894120 175940112
488547985 175940112 488547985 186561833
453453179 162348527 453453179 179396438
488547985 186561833 507209771 188277529
507209771 188277529 507209771 190681859
507209771 190681859 508348686 194428656
441454398 139607417 441454398 162348527
441454398 162348527 441454398 189267849
508348686 194428656 528494836 201394947
507209771 188277529 538377747 188277529
538377747 188277529 561767956 196830044
561767956 196830044 576670662 209344798
576670662 209344798 588163919 209344798
588163919 209344798 597968224 209344798
588163919 209344798 588163919 221574584
576670662 209344798 576670662 222300320
588163919 221574584 595489026 239093617
595489026 239093617 609227652 250801295
609227652 250801295 614615755 251251705
614615755 251251705 614615755 251985798
614615755 251985798 634874197 266836408
634874197 266836408 643028678 292266196
643028678 292266196 644766758 299896522
644766758 299896522 644766758 321486035
644766758 321486035 663510762 331684362
663510762 331684362 665259027 331877827
665259027 331877827 672263061 331877827
665259027 331877827 665259027 361722002
644766758 299896522 676953139 299896522
614615755 251251705 652173283 251251705
672263061 331877827 701498573 344902955
233772553 138343062 272314645 142267662
272314645 142267662 272314645 145328531
453453179 179396438 476539599 200355541
476539599 200355541 478915547 219268346
478915547 219268346 487057370 219268346
478915547 219268346 478915547 236972998
478915547 236972998 493926433 258975167
493926433 258975167 501486027 269647489
501486027 269647489 501486027 270920891
501486027 270920891 504125684 275601352
504125684 275601352 529460246 289019772
529460246 289019772 537566122 291357830
537566122 291357830 538322289 291357830
537566122 291357830 537566122 316348593
538322289 291357830 559984728 307228659
559984728 307228659 559984728 313222592
559984728 307228659 582500392 307228659
559984728 313222592 581632694 327998083
582500392 307228659 616230427 311356950
616230427 311356950 627312454 321486035
627312454 321486035 627312454 336749126
627312454 336749126 628086191 348173160
501486027 269647489 546153560 269647489
628086191 348173160 647646247 374200322
393373317 240862899 422944786 257600908
422944786 257600908 456749732 258857310
456749732 258857310 457062874 258975167
457062874 258975167 457062874 305240020
457062874 305240020 457062874 309959592
457062874 309959592 457508492 314775315
457062874 305240020 469501177 305240020
469501177 305240020 476170627 314775315
476170627 314775315 478989807 314775315
476170627 314775315 476170627 326262260
478989807 314775315 491621211 323368012
491621211 323368012 521811396 326379202
521811396 326379202 524174117 326379202
521811396 326379202 521811396 334773358
521811396 334773358 525127584 350520223
525127584 350520223 525127584 366633163
525127584 366633163 537032072 369100725
537032072 369100725 563099960 369100725
563099960 369100725 569901663 370013863
537032072 369100725 537032072 400727095
537032072 400727095 543010113 415127458
543010113 415127458 559373498 415127458
559373498 415127458 559373498 418238062
559373498 415127458 567985698 415127458
543010113 415127458 543010113 432850500
559373498 418238062 564875820 439621436
525127584 350520223 557976253 350520223
569901663 370013863 600748322 372348485
600748322 372348485 617789950 372348485
617789950 372348485 619057846 374200322
619057846 374200322 619057846 374827933
600748322 372348485 600748322 403150057
600748322 403150057 608836384 415146712
608836384 415146712 627458713 420059804
627458713 420059804 631617261 420059804
631617261 420059804 651629536 428471564
651629536 428471564 664258574 428471564
664258574 428471564 664258574 436956121
651629536 428471564 651629536 442021416
664258574 428471564 684318211 428471564
651629536 442021416 659060114 467026880
684318211 428471564 706566687 441001020
706566687 441001020 720883174 441026128
720883174 441026128 738724175 446304655
738724175 446304655 758868739 446304655
457508492 314775315 457508492 351392554
457508492 351392554 462159005 358270696
462159005 358270696 470791667 358270696
462159005 358270696 462159005 393420293
557976253 350520223 581612078 368012937
399785164 138662324 425270746 159861424
116033482 78585140 148631900 92976835
528494836 201394947 535237484 241803070
701498573 344902955 705884137 389724760
705884137 389724760 705884137 411020580
705884137 389724760 731414103 389724760
731414103 389724760 745827219 403052336
745827219 403052336 745827219 416467135
745827219 416467135 756818771 423733514
756818771 423733514 756818771 424583705
756818771 424583705 773345034 428469160
773345034 428469160 790365461 438428221
756818771 423733514 798913201 423733514
798913201 423733514 835205957 423887298
835205957 423887298 835205957 432768186
835205957 423887298 853418934 423887298
853418934 423887298 881179931 429680035
881179931 429680035 916463659 434897169
916463659 434897169 916623423 434897169
916623423 434897169 916623423 446884118
916623423 446884118 921842922 459172469
921842922 459172469 937748746 461826978
916623423 434897169 936565961 434897169
936565961 434897169 937748746 435500776
937748746 461826978 941519522 478883400
937748746 435500776 965637992 435500776
916463659 434897169 916463659 469016504
652173283 251251705 661099189 291735790
738724175 446304655 738724175 495933214
745827219 403052336 795879992 403052336
546153560 269647489 577296717 288766661
577296717 288766661 601614374 292266196
601614374 292266196 601614374 294014570
228669300 221540847 266295741 235017768
266295741 235017768 276250534 235017768
266295741 235017768 266295741 248184035
236519045 274329051 260317222 303418921
260317222 303418921 267350155 308479880
267350155 308479880 282273774 308479880
282273774 308479880 301669582 315951262
301669582 315951262 306364028 324662000
306364028 324662000 306364028 353439006
306364028 353439006 314945991 359886771
267350155 308479880 267350155 338734938
314945991 359886771 361774057 359886771
361774057 359886771 371167347 383085095
371167347 383085095 371394284 383085095
371394284 383085095 386996442 383593191
371167347 383085095 371167347 403893423
386996442 383593191 401131944 391928170
401131944 391928170 428369887 393420293
428369887 393420293 428369887 423549072
428369887 423549072 436627467 447503807
436627467 447503807 442393450 453346323
442393450 453346323 442393450 471761874
442393450 471761874 442393450 492119059
442393450 471761874 471325739 471761874
442393450 492119059 448149998 530441735
471325739 471761874 511419395 483155888
511419395 483155888 519828380 507308197
519828380 507308197 521625707 507308197
521625707 507308197 536922748 509552281
519828380 507308197 519828380 531599114
519828380 531599114 521645383 542257914
521645383 542257914 521645383 546309671
521645383 542257914 536922748 542257914
521645383 546309671 535859474 564061914
535859474 564061914 536119975 564061914
536119975 564061914 542191444 573417805
535859474 564061914 535859474 582771751
535859474 582771751 542096153 589511175
542096153 589511175 542096153 594119533
542096153 594119533 542191444 594119533
542096153 594119533 542096153 615625862
542096153 589511175 583677948 589511175
583677948 589511175 587452904 595763395
587452904 595763395 602264428 595763395
602264428 595763395 602264428 602189407
602264428 595763395 620755898 595763395
620755898 595763395 652760709 603496414
652760709 603496414 658392405 606590461
658392405 606590461 670362600 606590461
670362600 606590461 672282206 631740256
672282206 631740256 679883221 631740256
672282206 631740256 672282206 643809209
679883221 631740256 724225209 632542381
724225209 632542381 726142278 663017617
726142278 663017617 726142278 678951054
726142278 678951054 735408770 684802217
726142278 663017617 762313300 663017617
762313300 663017617 762313300 667133231
762313300 663017617 774739446 663017617
658392405 606590461 658392405 653261414
658392405 653261414 660600948 672137508
660600948 672137508 668547035 672137508
660600948 672137508 660600948 686555106
660600948 686555106 663391185 708932225
663391185 708932225 671933601 708932225
671933601 708932225 687316252 720630990
687316252 720630990 702937230 730055449
702937230 730055449 707549613 730055449
707549613 730055449 709781669 736834517
709781669 736834517 709781669 747052752
709781669 736834517 740423492 736834517
668547035 672137508 695163584 678989878
695163584 678989878 722886207 684802217
722886207 684802217 722886207 705810727
702937230 730055449 702937230 769778573
740423492 736834517 766109602 752358082
663391185 708932225 663391185 750714624
542096153 615625862 542814947 663564802
766109602 752358082 782028291 785404250
782028291 785404250 786608093 803043205
786608093 803043205 787972295 830820135
587452904 595763395 587452904 647234935
587452904 647234935 598358538 648587953
598358538 648587953 598358538 651766309
598358538 651766309 599337254 651766309
598358538 651766309 598358538 660551765
598358538 648587953 612570536 648587953
598358538 660551765 607574708 677193978
607574708 677193978 613965211 689036964
613965211 689036964 637560724 689036964
613965211 689036964 613965211 738112009
613965211 738112009 616971539 763543169
616971539 763543169 616971539 765128604
616971539 763543169 658229629 763543169
314945991 359886771 314945991 411670092
314945991 411670092 315273501 411670092
314945991 411670092 314945991 413074873
314945991 413074873 325400666 415528325
325400666 415528325 325750284 415528325
325750284 415528325 325750284 421371321
325750284 415528325 331721734 415528325
325400666 415528325 325400666 452108559
325400666 452108559 333203908 452108559
325400666 452108559 325400666 463743692
371167347 403893423 396939479 430295616
396939479 430295616 407631356 447503807
407631356 447503807 407631356 458927276
407631356 447503807 424296594 447503807
424296594 447503807 424296594 449112013
424296594 449112013 431359409 456170676
407631356 458927276 414825849 499344741
414825849 499344741 416479717 511693676
416479717 511693676 418492663 517398142
418492663 517398142 440626514 517398142
418492663 517398142 418492663 560372778
418492663 560372778 422886446 560372778
418492663 560372778 418492663 602226838
418492663 602226838 443209775 606945073
443209775 606945073 467432746 606945073
467432746 606945073 471722415 606945073
467432746 606945073 467432746 628597369
467432746 628597369 480924346 635641919
443209775 606945073 443209775 643946614
443209775 643946614 449605892 646232333
449605892 646232333 461551059 646232333
449605892 646232333 449605892 663713762
480924346 635641919 519992185 648409480
519992185 648409480 525787192 652172066
525787192 652172066 528357929 652172066
525787192 652172066 525787192 673438931
525787192 673438931 530604848 696300112
530604848 696300112 530604848 697699325
530604848 696300112 538763726 696300112
448149998 530441735 490360696 541172638
110847204 53619300 164184599 53619300
164184599 53619300 190318731 54382152
542191444 573417805 596598992 573417805
762313300 667133231 769295970 714834416
769295970 714834416 816139273 716324240
816139273 716324240 824328795 717206157
824328795 717206157 824328795 739713121
824328795 739713121 828447953 739713121
824328795 717206157 850331475 717206157
850331475 717206157 850331475 726849275
850331475 717206157 880233623 717206157
824328795 739713121 824328795 770346306
824328795 770346306 827780967 770346306
824328795 770346306 824328795 774693319
880233623 717206157 914076375 717341096
914076375 717341096 933225900 740676316
933225900 740676316 946305053 742314589
616971539 765128604 648920036 788078354
648920036 788078354 651202797 821416409
651202797 821416409 676997949 842726819
676997949 842726819 682677138 847844488
682677138 847844488 698721025 847844488
682677138 847844488 682677138 873082642
682677138 873082642 684689489 888913027
684689489 888913027 703439710 898117942
703439710 898117942 703439710 904577443
703439710 904577443 709697701 923276489
709697701 923276489 709697701 944584603
709697701 944584603 714107402 945870876
714107402 945870876 714107402 956920711
714107402 945870876 735616192 945870876
735616192 945870876 742158132 952605419
742158132 952605419 742158132 965875895
709697701 923276489 733626879 923276489
742158132 965875895 758059582 980026108
758059582 980026108 758059582 991887577
758059582 980026108 776795905 980026108
703439710 898117942 734165063 898117942
742158132 952605419 773265960 952605419
773265960 952605419 773265960 959155968
773265960 952605419 780759022 952605419
780759022 952605419 811012097 964148677
811012097 964148677 847711243 964205857
776795905 980026108 804872207 996212762
84237675 135265941 84237675 191637592
536922748 509552281 593430483 509552281
593430483 509552281 601065684 514598575
601065684 514598575 609272354 514598575
609272354 514598575 611848636 517774343
611848636 517774343 612649771 518585086
601065684 514598575 601065684 524245078
612649771 518585086 612649771 534620596
612649771 518585086 634366558 518585086
634366558 518585086 648931858 533613794
648931858 533613794 672493743 536351946
672493743 536351946 682074809 537976766
601065684 524245078 601384118 562495369
601384118 562495369 635788115 568468147
635788115 568468147 654694501 572310626
654694501 572310626 656424274 572310626
656424274 572310626 670691617 574637160
654694501 572310626 654694501 592857874
654694501 592857874 670691617 595755850
670691617 595755850 677994827 596525754
127987262 188544431 145063611 228167764
738724175 495933214 781585285 510189988
781585285 510189988 786217695 510189988
786217695 510189988 796947224 524702901
796947224 524702901 821466988 524702901
821466988 524702901 822184463 545789060
822184463 545789060 848571316 548585966
848571316 548585966 849135343 548585966
848571316 548585966 848571316 553492761
796947224 524702901 796947224 568811745
796947224 568811745 796947224 578831748
796947224 568811745 810784380 568811745
796947224 578831748 799310340 614522790
799310340 614522790 801376484 630711117
801376484 630711117 819516777 634814652
848571316 553492761 867788752 581424749
867788752 581424749 870374732 585488862
870374732 585488862 872191376 596774086
872191376 596774086 888422696 598998471
888422696 598998471 888614510 601654221
888614510 601654221 888614510 617424763
888614510 617424763 912192062 621462007
912192062 621462007 912192062 646244529
912192062 646244529 912192062 659755815
912192062 646244529 930593231 646244529
912192062 621462007 938890466 621462007
938890466 621462007 948231257 621462007
938890466 621462007 938890466 640304955
912192062 659755815 917332543 686103709
917332543 686103709 917332543 689893557
917332543 689893557 922622921 701711242
922622921 701711242 927648152 701711242
922622921 701711242 922622921 708873017
927648152 701711242 937564105 708750624
917332543 686103709 951217087 686103709
888614510 601654221 930593231 601654221
930593231 601654221 953189544 601654221
953189544 601654221 965395409 616158487
965395409 616158487 965395409 620522242
965395409 616158487 980374495 616158487
938890466 640304955 960008727 666982773
781585285 510189988 781585285 564183209
781585285 564183209 796654077 587265927
937564105 708750624 966589072 735776237
819516777 634814652 856259671 655299355
856259671 655299355 856259671 656642055
856259671 656642055 857015221 663861901
857015221 663861901 859335527 663861901
857015221 663861901 857015221 669785817
856259671 655299355 864631849 655299355
857015221 669785817 867145501 684852390
867145501 684852390 867145501 701140615
867145501 684852390 884721996 684852390
658229629 763543169 700329215 778907490
670691617 574637160 728388888 574637160
728388888 574637160 737877329 578902281
737877329 578902281 737877329 582725886
737877329 582725886 763434920 584164920
763434920 584164920 774739517 587265927
774739517 587265927 774739517 608325395
774739517 608325395 774739517 613928815
774739517 608325395 782219169 608325395
782219169 608325395 790293608 620197130
737877329 578902281 776758176 578902281
597968224 209344798 645987254 219369931
645987254 219369931 683607013 220579171
683607013 220579171 687423729 235894876
687423729 235894876 687423729 247261508
687423729 247261508 692269455 247261508
692269455 247261508 692808981 249830227
692808981 249830227 713196549 249830227
687423729 235894876 708205138 235894876
708205138 235894876 730488889 244135068
730488889 244135068 731100851 244135068
730488889 244135068 730488889 249776287
731100851 244135068 742039123 249053516
742039123 249053516 742039123 265481369
742039123 249053516 771039675 249053516
692808981 249830227 692808981 287780263
742039123 265481369 742682996 304086441
742682996 304086441 743298529 313362052
743298529 313362052 758969964 313362052
758969964 313362052 762372117 313362052
758969964 313362052 758969964 319366512
743298529 313362052 743298529 341294794
762372117 313362052 790427441 315221944
790427441 315221944 823187271 315293455
823187271 315293455 831850977 315293455
823187271 315293455 823187271 351604970
823187271 351604970 823187271 352267507
823187271 351604970 824970810 351604970
687423729 247261508 687423729 289185866
824970810 351604970 839872483 380753786
839872483 380753786 839872483 386838600
839872483 380753786 863610174 380753786
863610174 380753786 912403016 381312438
912403016 381312438 917491191 381312438
912403016 381312438 912403016 391054289
912403016 391054289 919580009 391884818
919580009 391884818 933444469 392616966
933444469 392616966 933444469 403108480
933444469 403108480 934910755 412307495
934910755 412307495 943461396 412307495
933444469 392616966 946158197 392616966
934910755 412307495 934910755 427264741
442393450 453346323 500697622 453346323
145063611 228167764 184206702 247610105
835205957 432768186 836780031 489931001
836780031 489931001 841943536 489931001
836780031 489931001 836780031 495699874
841943536 489931001 863797924 493415173
863797924 493415173 874672932 503678611
874672932 503678611 878070039 503678611
874672932 503678611 874672932 513491893
878070039 503678611 900961309 503826318
874672932 513491893 895438098 516259408
895438098 516259408 898669761 533400399
898669761 533400399 901205270 534672280
901205270 534672280 924540517 534672280
924540517 534672280 924540517 546337698
924540517 546337698 933148088 554350004
933148088 554350004 956675540 554350004
924540517 534672280 952873116 534672280
933148088 554350004 933148088 584473558
901205270 534672280 901205270 569114125
901205270 569114125 923349241 586225018
952873116 534672280 989368775 537826281
989368775 537826281 998907433 544638013
956675540 554350004 975918165 582477068
157257539 180368899 174052178 222457609
943461396 412307495 996273601 418719786
996273601 418719786 997465584 427955507
771039675 249053516 787762416 291917096
787762416 291917096 787762416 295009156
787762416 291917096 817803399 291917096
817803399 291917096 822047240 300308726
822047240 300308726 843404894 300308726
843404894 300308726 843404894 311391925
843404894 311391925 844196390 311555318
844196390 311555318 844196390 313916597
843404894 300308726 855265665 300308726
855265665 300308726 855265665 303036172
855265665 300308726 874946265 300308726
855265665 303036172 868756606 311555318
868756606 311555318 873285638 311555318
868756606 311555318 868756606 344898208
868756606 344898208 900772244 352089758
900772244 352089758 938717208 360311719
938717208 360311719 979453270 364007387
979453270 364007387 991964841 364007387
991964841 364007387 992592923 385943137
979453270 364007387 979453270 386658629
822047240 300308726 822047240 351604970
822047240 351604970 822047240 380240175
174052178 222457609 178725510 277401098
178725510 277401098 181098918 277804892
181098918 277804892 199113549 300248470
199113549 300248470 215301464 319763904
215301464 319763904 220528827 319763904
215301464 319763904 215301464 364550802
215301464 364550802 245333402 385054174
245333402 385054174 249339738 385054174
249339738 385054174 251462372 385476806
245333402 385054174 245333402 410786794
245333402 410786794 250337776 417694508
250337776 417694508 263447716 417694508
250337776 417694508 250337776 433655200
250337776 433655200 260254772 433655200
250337776 433655200 250337776 463438201
250337776 463438201 251360865 495249315
251360865 495249315 270299943 495249315
251360865 495249315 251360865 515459379
263447716 417694508 282239184 433644025
282239184 433644025 286567671 443403840
286567671 443403840 288746379 449094627
288746379 449094627 290777063 450152805
290777063 450152805 292574716 450152805
292574716 450152805 296972820 451295337
296972820 451295337 310754328 451295337
296972820 451295337 296972820 468298484
296972820 468298484 307436635 488456595
290777063 450152805 290777063 486125792
290777063 486125792 300406478 524144042
300406478 524144042 305031733 554385786
305031733 554385786 305031733 567330394
305031733 567330394 311585936 583097490
305031733 554385786 339544866 554385786
339544866 554385786 364526510 556804283
311585936 583097490 312175438 624281619
312175438 624281619 312175438 629283362
312175438 624281619 328177714 624281619
328177714 624281619 328177714 626122531
328177714 624281619 337258086 624281619
312175438 629283362 312883780 647221287
337258086 624281619 351977569 638712474
351977569 638712474 351977569 647221287
351977569 647221287 353634540 648552417
353634540 648552417 353634540 652475005
353634540 652475005 364976389 657333102
353634540 648552417 388438738 648552417
388438738 648552417 398586122 655307343
398586122 655307343 399596169 660860550
399596169 660860550 413022877 663713762
413022877 663713762 433790784 663713762
433790784 663713762 433790784 688305463
433790784 688305463 434413332 694667983
434413332 694667983 434413332 706544228
413022877 663713762 413022877 696139570
312883780 647221287 312883780 698761322
413022877 696139570 430456564 731248708
430456564 731248708 431618809 731248708
430456564 731248708 430456564 743429113
430456564 743429113 436881756 777646634
436881756 777646634 442567358 782339979
442567358 782339979 442567358 807304394
442567358 807304394 444936937 807304394
442567358 807304394 442567358 828025145
442567358 828025145 456592727 829657303
442567358 782339979 474266497 782339979
456592727 829657303 495032629 829657303
495032629 829657303 507137101 831043334
507137101 831043334 517834153 831043334
517834153 831043334 517834153 843033041
517834153 831043334 530291293 831043334
530291293 831043334 530291293 836255427
530291293 831043334 536159705 831043334
536159705 831043334 543934772 849793344
543934772 849793344 544999920 864910154
544999920 864910154 544999920 881831165
544999920 881831165 556608026 885035501
556608026 885035501 560000784 887364762
560000784 887364762 582092192 887364762
582092192 887364762 582583162 892685446
582583162 892685446 586500549 893241863
507137101 831043334 507137101 860928410
507137101 860928410 513919905 860928410
507137101 860928410 507137101 872273971
507137101 872273971 528908930 890754949
528908930 890754949 530451469 914857562
530451469 914857562 538379545 926404836
538379545 926404836 560000784 943599450
560000784 943599450 583968526 945865378
583968526 945865378 611324735 945865378
611324735 945865378 611367036 965889944
611367036 965889944 612704369 965889944
611367036 965889944 611367036 978280162
612704369 965889944 642114209 968528088
642114209 968528088 644166157 968528088
642114209 968528088 642114209 977485846
642114209 977485846 665812373 983257691
665812373 983257691 692447040 987802024
583968526 945865378 583968526 979509198
583968526 979509198 611188075 992303956
544999920 864910154 588208352 864910154
588208352 864910154 612731976 885825443
612731976 885825443 628576424 912198143
628576424 912198143 628576424 925445258
628576424 912198143 659790193 912198143
659790193 912198143 659790193 913529655
659790193 912198143 661697167 912198143
661697167 912198143 664153594 944998198
664153594 944998198 669864082 953555884
669864082 953555884 675649988 953555884
669864082 953555884 669864082 965119228
628576424 925445258 652385674 944998198
652385674 944998198 652385674 945426894
456592727 829657303 456592727 876186932
434413332 694667983 487620962 694667983
487620962 694667983 493400554 694667983
487620962 694667983 487620962 709434802
487620962 709434802 495696757 719961998
495696757 719961998 502980514 719961998
495696757 719961998 495696757 744264590
495696757 744264590 502642709 763144239
502642709 763144239 513828103 764014155
513828103 764014155 520719793 768697606
520719793 768697606 520719793 798244501
520719793 768697606 553890939 768697606
553890939 768697606 553890939 788808465
553890939 788808465 574998200 795315574
574998200 795315574 574998200 817901548
553890939 768697606 582098790 768697606
582098790 768697606 603339080 776070599
603339080 776070599 604484278 777915965
604484278 777915965 613055602 788078354
613055602 788078354 613055602 795315574
574998200 817901548 605278013 820346245
605278013 820346245 609732610 820346245
605278013 820346245 605278013 833823285
605278013 833823285 615362528 846728228
351977569 638712474 406099145 638712474
434413332 706544228 486476175 709434802
486476175 709434802 486476175 715146535
474266497 782339979 499235814 814305708
486476175 715146535 492909477 768038794
873285638 311555318 904651424 340068006
758868739 446304655 779264317 486402928
966589072 735776237 981767036 781181898
255273749 180931394 300006649 196795546
790365461 438428221 817931682 471843853
817931682 471843853 850918965 487912988
306364028 324662000 369016316 324662000
266295741 248184035 280661791 297131681
336307088 254920637 380236540 274598827
325400666 463743692 372468081 480934105
372468081 480934105 372468081 491534538
372468081 480934105 390515169 480934105
390515169 480934105 403296867 494362365
847711243 964205857 906818759 969375796
906818759 969375796 906818759 984108940
906818759 984108940 912256559 987376228
906818759 969375796 923253623 969375796
965637992 435500776 992729727 472708014
84237675 191637592 86942911 254740723
86942911 254740723 91091926 259237697
91091926 259237697 137613817 259237697
137613817 259237697 144460951 259237697
137613817 259237697 137613817 282004934
627458713 420059804 627458713 486699288
422886446 560372778 471817339 578091711
471817339 578091711 471817339 578631442
471817339 578091711 476547451 578091711
364976389 657333102 373958589 715268979
373958589 715268979 382875694 749003873
382875694 749003873 400975411 749003873
382875694 749003873 382875694 775907746
321272152 218841935 369754135 237856386
380236540 274598827 407531266 315875931
407531266 315875931 415564165 316266222
415564165 316266222 434687086 316266222
434687086 316266222 450961025 316266222
434687086 316266222 434687086 336560577
434687086 336560577 434687086 336993986
434687086 336560577 444810537 336560577
415564165 316266222 415564165 348275301
415564165 348275301 420120258 358689558
420120258 358689558 425973904 362935666
425973904 362935666 431352798 371943217
431352798 371943217 448505171 383066481
700329215 778907490 726843811 821012125
726843811 821012125 759795093 844057109
759795093 844057109 760035057 867751374
760035057 867751374 770617429 867949197
770617429 867949197 780470035 889974465
780470035 889974465 780470035 892489246
780470035 892489246 798690388 897895009
798690388 897895009 798690388 911147408
798690388 897895009 832415790 897895009
832415790 897895009 849081149 902297191
849081149 902297191 849081149 912023119
849081149 912023119 861720865 921725148
861720865 921725148 861720865 938316759
861720865 921725148 887933018 921725148
861720865 938316759 874301054 962534766
849081149 902297191 889707906 902297191
889707906 902297191 928188297 907185382
928188297 907185382 928188297 907234330
928188297 907234330 933115812 909362520
933115812 909362520 933115812 913156144
933115812 909362520 944615187 909362520
944615187 909362520 953760554 911003071
953760554 911003071 953760554 929942627
953760554 911003071 972915418 911003071
928188297 907185382 960761487 907185382
953760554 929942627 972515364 945614988
780470035 889974465 836420175 889974465
933115812 913156144 936031249 966219279
887933018 921725148 917110358 956824755
333203908 452108559 393026420 462615619
692808981 287780263 736683081 314494106
107051622 0 178798038 0
178798038 0 178798038 43493870
178798038 0 230403145 0
230403145 0 230403145 13565876
230403145 0 260906004 0
260906004 0 260906004 10228932
260906004 0 274097239 0
274097239 0 277702669 0
277702669 0 283196655 0
283196655 0 283613642 0
283613642 0 284008108 0
284008108 0 284008108 5816166
283613642 0 283613642 9810459
283196655 0 283196655 26891286
284008108 0 311030016 0
311030016 0 311030016 10467275
311030016 0 342322140 0
342322140 0 343673661 0
343673661 0 348753724 0
348753724 0 348814083 0
348814083 0 355157139 0
348814083 0 348814083 13073317
348814083 13073317 355157139 22493068
342322140 0 342322140 26977186
342322140 26977186 343673661 36980679
343673661 36980679 343673661 38979343
343673661 36980679 348753724 36980679
355157139 0 382345890 0
382345890 0 404952919 0
404952919 0 433332842 0
433332842 0 438241414 0
438241414 0 438241414 9857239
438241414 0 451804055 0
451804055 0 456131177 0
456131177 0 456131177 14524039
433332842 0 433332842 17239232
382345890 0 382345890 31682127
382345890 31682127 385977653 54925935
451804055 0 451804055 33763342
274097239 0 274097239 38037822
274097239 38037822 277702669 45551268
277702669 45551268 279445479 54318399
279445479 54318399 294482524 54318399
294482524 54318399 297190895 59631807
297190895 59631807 302184475 59631807
302184475 59631807 314794949 61265927
314794949 61265927 314794949 66983130
314794949 61265927 324839648 61265927
324839648 61265927 330657954 64434226
330657954 64434226 334833906 67358686
334833906 67358686 339242254 67358686
297190895 59631807 297190895 81476975
279445479 54318399 279445479 86476071
385977653 54925935 418011443 65510743
418011443 65510743 423143761 65510743
418011443 65510743 418011443 81370584
418011443 81370584 422951510 92333674
339242254 67358686 359673919 100309607
359673919 100309607 372628969 102587770
456131177 0 512054214 0
512054214 0 517467830 0
517467830 0 523307256 0
523307256 0 526121978 0
526121978 0 537470443 0
537470443 0 548404523 0
548404523 0 548404523 24657324
526121978 0 526121978 33503457
526121978 33503457 537470443 43923948
537470443 43923948 543612232 58554030
523307256 0 523307256 33656179
512054214 0 512054214 38929455
512054214 38929455 517467830 39826050
548404523 0 588301198 0
588301198 0 607414711 0
607414711 0 615333556 0
615333556 0 615333556 9298953
615333556 0 630571154 0
630571154 0 630571154 10255772
607414711 0 607414711 22811148
588301198 0 588301198 23035749
588301198 23035749 594215855 51365708
543612232 58554030 548226988 95281723
548226988 95281723 557523303 105514462
557523303 105514462 560345636 105514462
557523303 105514462 557523303 132681949
557523303 132681949 569482067 143315951
569482067 143315951 569482067 143452583
569482067 143315951 580962437 143315951
580962437 143315951 602755434 150947656
602755434 150947656 602755434 166491219
602755434 166491219 603070350 181691107
602755434 150947656 621075965 150947656
621075965 150947656 646133541 165369395
646133541 165369395 646133541 169577701
646133541 169577701 650169296 169577701
646133541 169577701 646133541 174738259
646133541 174738259 653956797 188290538
646133541 165369395 670655899 165369395
670655899 165369395 676787823 170759775
676787823 170759775 680179230 172585302
680179230 172585302 680179230 191421632
680179230 191421632 689007533 191421632
680179230 172585302 702942607 172585302
702942607 172585302 702942607 172661035
702942607 172585302 711745054 172585302
680179230 191421632 680179230 217155030
603070350 181691107 644471932 185378143
644471932 185378143 645987254 188290538
630571154 0 679424102 0
679424102 0 695010742 0
695010742 0 701086090 0
701086090 0 713285659 0
713285659 0 713285659 6757866
679424102 0 679424102 20957768
713285659 0 736396269 0
736396269 0 741246961 0
736396269 0 736396269 14776830
736396269 14776830 741246961 26288068
741246961 0 762562149 0
679424102 20957768 695010742 34737336
695010742 34737336 700834581 42508836
700834581 42508836 701086090 42508836
741246961 26288068 762562149 41048734
700834581 42508836 700834581 87158434
700834581 87158434 732125686 91675764
732125686 91675764 751210053 109018742
751210053 109018742 751210053 115081621
751210053 109018742 761745924 109018742
761745924 109018742 761745924 111468666
761745924 109018742 777278301 109018742
751210053 115081621 757764893 134707426
757764893 134707426 757764893 152875321
757764893 134707426 776438138 134707426
776438138 134707426 801222456 135792101
801222456 135792101 804795908 142879822
804795908 142879822 804795908 144669340
804795908 142879822 829363068 142879822
829363068 142879822 853578837 142879822
829363068 142879822 829363068 174708845
757764893 152875321 770874667 178856499
701086090 42508836 715536325 73385511
715536325 73385511 719256570 78111240
719256570 78111240 720909323 78111240
770874667 178856499 787683362 209216592
762562149 41048734 786579417 64716577
786579417 64716577 799960220 93998845
799960220 93998845 804067983 93998845
799960220 93998845 799960220 103065270
719256570 78111240 719256570 129018071
719256570 129018071 725783285 151485308
799960220 103065270 827698326 128910139
827698326 128910139 827698326 130984883
827698326 128910139 861142456 128910139
861142456 128910139 903840114 139851498
903840114 139851498 913938658 139851498
913938658 139851498 928830255 141200971
928830255 141200971 928830255 158231357
928830255 158231357 936874506 159921449
928830255 141200971 948919506 141200971
936874506 159921449 956428542 167105439
956428542 167105439 990549516 168651970
903840114 139851498 903840114 189183970
903840114 189183970 908710836 189183970
903840114 189183970 903840114 235566559
908710836 189183970 942242116 206930050
942242116 206930050 942242116 214158502
942242116 206930050 950568977 206930050
950568977 206930050 964616807 221953766
964616807 221953766 971226602 221953766
971226602 221953766 990847412 223633193
990847412 223633193 998268144 223633193
990847412 223633193 990847412 256070546
964616807 221953766 964616807 262999986
964616807 262999986 968051196 281677946
968051196 281677946 971470877 305799284
971470877 305799284 971470877 310002658
971470877 310002658 983967065 310002658
971470877 310002658 971470877 328461680
971470877 305799284 992676050 305799284
971470877 328461680 989478007 332463331
989478007 332463331 999887035 332463331
989478007 332463331 989478007 349706656
594215855 51365708 611744849 90020034
611744849 90020034 622143518 124021317
622143518 124021317 622143518 134253534
622143518 124021317 654486456 124021317
654486456 124021317 678075193 138898979
711745054 172585302 754803104 191427945
754803104 191427945 758382582 197402799
762562149 0 825722193 0
825722193 0 836714304 0
836714304 0 842665323 0
842665323 0 842665323 24347776
825722193 0 825722193 40344313
825722193 40344313 836714304 46428695
836714304 46428695 862359948 64018594
862359948 64018594 863252825 98732551
863252825 98732551 863252825 101422041
863252825 101422041 863975662 101422041
863252825 101422041 863252825 128745510
863252825 98732551 895099757 98732551
863975662 101422041 880292101 126319876
842665323 0 887494096 0
887494096 0 887494096 12804749
887494096 12804749 887494096 38010780
887494096 38010780 910013769 61786621
910013769 61786621 914859005 76245713
914859005 76245713 914859005 80617925
914859005 76245713 926655025 76245713
914859005 80617925 919467963 95873998
919467963 95873998 940841343 109788219
926655025 76245713 943442923 94989384
887494096 12804749 952278379 12804749
462159005 393420293 491488177 437498252
456592727 876186932 482010944 924993849
482010944 924993849 491482742 926146508
491482742 926146508 492850735 926146508
491482742 926146508 491482742 949563653
491482742 949563653 507245950 959637347
507245950 959637347 522297579 970463896
522297579 970463896 527246782 970463896
522297579 970463896 522297579 989069020
522297579 989069020 558008679 996409917
564875820 439621436 572576490 506607190
572576490 506607190 591070181 522913986
538763726 696300112 594540233 716074290
594540233 716074290 599491958 730722063
91091926 259237697 91091926 336901832
91091926 336901832 126605069 348381816
126605069 348381816 130863013 348381816
126605069 348381816 126605069 378408063
126605069 378408063 129779256 378408063
126605069 378408063 126605069 394982514
126605069 394982514 147806322 397144591
130863013 348381816 147806322 369524001
147806322 369524001 160756488 369524001
160756488 369524001 175154228 396104763
175154228 396104763 191593852 396104763
191593852 396104763 202628233 396104763
191593852 396104763 191593852 412170214
175154228 396104763 175154228 415136635
191593852 412170214 200825011 437867707
200825011 437867707 200825011 446035350
200825011 437867707 219151377 437867707
219151377 437867707 219882737 465872793
175154228 415136635 178535737 449246388
178535737 449246388 185431105 465872793
185431105 465872793 185431105 471969769
185431105 471969769 195652336 483133300
195652336 483133300 195652336 487733293
195652336 487733293 195652336 488350341
195652336 487733293 196743343 487733293
195652336 483133300 203248507 483133300
203248507 483133300 219872413 487515253
219872413 487515253 231244695 527854178
231244695 527854178 231552579 527854178
231244695 527854178 231244695 540483007
231244695 540483007 233767157 554947801
233767157 554947801 241924228 554947801
241924228 554947801 249765283 559656613
233767157 554947801 233767157 600791938
233767157 600791938 234960416 600791938
233767157 600791938 233767157 623380426
233767157 623380426 268776672 631414396
268776672 631414396 277075352 631414396
268776672 631414396 268776672 665429589
268776672 665429589 295055264 671072143
295055264 671072143 296238182 686896378
296238182 686896378 298190715 686896378
298190715 686896378 322778899 695077365
277075352 631414396 286645074 657700069
286645074 657700069 286645074 661922581
286645074 657700069 305662610 657700069
249765283 559656613 277644483 587054035
277644483 587054035 277644483 594841008
277644483 587054035 290522745 587054035
290522745 587054035 302642255 622236028
302642255 622236028 305662610 627615934
305662610 627615934 309543799 627615934
296238182 686896378 296238182 746655739
296238182 746655739 296540522 746655739
296238182 746655739 296238182 763349101
296238182 763349101 296836701 765051135
296836701 765051135 300707341 765051135
300707341 765051135 300707341 778507833
300707341 778507833 301726137 792768322
296836701 765051135 296836701 788191499
300707341 765051135 332333269 765051135
332333269 765051135 335057448 765051135
332333269 765051135 332333269 767776284
332333269 767776284 336394043 768145456
336394043 768145456 345510870 768145456
336394043 768145456 336394043 820062594
336394043 820062594 349663116 847465379
349663116 847465379 359232108 847465379
349663116 847465379 349663116 861568937
349663116 861568937 370921514 869343065
370921514 869343065 377418349 879651651
377418349 879651651 421888652 879651651
421888652 879651651 426080707 908942554
426080707 908942554 426080707 913770970
426080707 908942554 444516319 908942554
444516319 908942554 454113971 913262428
426080707 913770970 426516741 967165805
426516741 967165805 426516741 968418774
426516741 967165805 431990729 967165805
426516741 968418774 427437152 979193014
427437152 979193014 436173518 985964015
436173518 985964015 436173518 993266568
436173518 985964015 461833804 985964015
461833804 985964015 481324588 996843875
377418349 879651651 377418349 935707130
377418349 935707130 417698321 954804939
301726137 792768322 315413143 853017939
315413143 853017939 340927158 884372012
340927158 884372012 348698930 901955236
348698930 901955236 350507899 951491793
350507899 951491793 371431136 984796704
371431136 984796704 372689692 994658164
659060114 467026880 698666174 506472337
698666174 506472337 734422538 514797492
829363068 174708845 846397826 240781240
846397826 240781240 855265665 242075391
855265665 242075391 870038411 242075391
870038411 242075391 874946265 257077289
874946265 257077289 878876534 257077289
451804055 33763342 511301764 58130622
903840114 235566559 930012012 294201932
827780967 770346306 909890506 773422931
909890506 773422931 912123520 787026263
912123520 787026263 921964747 787026263
912123520 787026263 912123520 843537943
912123520 843537943 915389907 849130240
915389907 849130240 915389907 875122568
915389907 849130240 976083657 849130240
976083657 849130240 991744361 862924308
915389907 875122568 961304468 890515760
382875694 775907746 411509971 839020552
0 132812380 0 229515698
0 229515698 0 231833798
0 231833798 20318157 231833798
0 231833798 0 254661450
0 254661450 0 269387331
0 269387331 10226066 269387331
0 269387331 0 281166198
0 281166198 9611422 281166198
0 281166198 0 303101554
0 303101554 0 314288099
0 314288099 0 330361446
0 330361446 0 340660482
0 340660482 0 354197829
0 330361446 14941202 330361446
0 354197829 16132661 354197829
14941202 330361446 22727192 340660482
0 354197829 0 375624654
0 229515698 24744152 229515698
0 375624654 26457971 375624654
0 303101554 32716592 303101554
32716592 303101554 47789675 307026728
47789675 307026728 50476773 307026728
47789675 307026728 47789675 314288099
0 375624654 0 411392371
0 411392371 2030619 411392371
0 254661450 36225757 254661450
16132661 354197829 55464432 357107121
55464432 357107121 84969328 388889791
84969328 388889791 90713829 427916769
90713829 427916769 112231104 427916769
90713829 427916769 90713829 454798643
90713829 454798643 99927229 465751866
99927229 465751866 119412806 473537064
119412806 473537064 119412806 493557107
119412806 493557107 123087531 509478610
123087531 509478610 124552747 525395974
124552747 525395974 124552747 526780726
124552747 526780726 137616712 526780726
124552747 525395974 142277369 525395974
142277369 525395974 158390186 552124654
158390186 552124654 158974063 563860605
158974063 563860605 163127863 597251119
163127863 597251119 163127863 626252280
163127863 626252280 164857909 626252280
163127863 626252280 163127863 634564564
163127863 634564564 173299253 651624811
173299253 651624811 173299253 655410996
173299253 655410996 192328808 664470495
192328808 664470495 192328808 677992439
192328808 664470495 217029592 664470495
163127863 597251119 193249563 597251119
173299253 651624811 208992177 651624811
193249563 597251119 208540585 617703711
208540585 617703711 208540585 618958516
208540585 617703711 219056280 617703711
124552747 526780726 124552747 574077905
124552747 574077905 132308296 574077905
124552747 574077905 124552747 583921019
119412806 473537064 171310935 473537064
192328808 677992439 200363746 728831898
24744152 229515698 75958990 240771419
0 411392371 0 480997339
0 480997339 21584600 480997339
21584600 480997339 57393762 490459381
57393762 490459381 57393762 492206306
57393762 492206306 66695183 502668103
66695183 502668103 70070763 503497129
70070763 503497129 72275092 503497129
57393762 490459381 87525453 490459381
87525453 490459381 97909238 514381127
70070763 503497129 70070763 538106011
70070763 538106011 83916241 550803456
83916241 550803456 83916241 557006814
83916241 550803456 93541962 550803456
93541962 550803456 96993273 564490793
96993273 564490793 97906705 565312409
97906705 565312409 103140634 585884003
0 480997339 0 530761963
0 530761963 19036204 530761963
0 530761963 0 593159786
0 593159786 0 593658157
0 593658157 0 597217359
0 597217359 628233 597217359
0 597217359 0 603150303
0 603150303 4524280 603150303
0 593159786 10327759 593159786
10327759 593159786 28313811 593658157
0 603150303 0 630610175
0 630610175 0 641903521
0 641903521 0 642594473
0 630610175 14954652 630610175
14954652 630610175 29048018 635156741
29048018 635156741 29048018 641903521
29048018 641903521 37443607 642594473
0 642594473 0 671739132
0 671739132 0 701587299
0 701587299 750312 701587299
0 701587299 0 704028703
0 704028703 0 720879526
0 720879526 18064145 720879526
0 704028703 29918185 704028703
0 720879526 0 754566823
0 754566823 0 765331123
0 765331123 0 779966129
0 779966129 0 789855476
0 779966129 18839845 779966129
0 789855476 0 812403727
0 812403727 0 818830264
0 818830264 14448186 818830264
0 818830264 0 833789122
0 833789122 0 855745530
0 855745530 0 871869756
0 871869756 0 875275933
0 875275933 10220652 875275933
0 875275933 0 888620554
0 888620554 10813278 888620554
0 871869756 23629912 871869756
0 888620554 0 913303300
0 913303300 0 936403090
0 936403090 23585315 936403090
0 833789122 24796153 833789122
24796153 833789122 29357805 855745530
0 754566823 26628716 754566823
26628716 754566823 45349999 765331123
45349999 765331123 50246983 769317620
50246983 769317620 71308268 769317620
71308268 769317620 88353878 783276720
37443607 642594473 42334854 671739132
42334854 671739132 55162207 689825982
88353878 783276720 93498135 815617219
93498135 815617219 93498135 817764017
93498135 817764017 93498135 819467644
93498135 817764017 95646916 817764017
93498135 815617219 130430705 815617219
130430705 815617219 156469742 819252448
156469742 819252448 174631110 827149665
174631110 827149665 179340861 836072400
179340861 836072400 179340861 856787240
179340861 856787240 179340861 857394608
179340861 857394608 183741028 862543261
183741028 862543261 193226795 862543261
179340861 856787240 193880347 856787240
179340861 836072400 202739923 836072400
202739923 836072400 202739923 843948435
202739923 843948435 206594467 843948435
202739923 843948435 202739923 852229003
202739923 836072400 211528287 836072400
183741028 862543261 183741028 890200773
183741028 890200773 193710530 910638769
193710530 910638769 197582149 917541987
197582149 917541987 197582149 927955810
197582149 917541987 231105738 917541987
231105738 917541987 231105738 926475804
231105738 917541987 246218010 917541987
231105738 926475804 244575173 937672448
244575173 937672448 244575173 961852258
244575173 961852258 244575173 973090363
244575173 961852258 256179532 961852258
244575173 937672448 268932628 937672448
95646916 817764017 105967301 846839526
0 913303300 39878377 913303300
39878377 913303300 66644472 920572689
66644472 920572689 91550516 921236424
91550516 921236424 93516127 921236424
93516127 921236424 96446337 922009884
96446337 922009884 105878075 922009884
96446337 922009884 96446337 936725368
105878075 922009884 113213914 931182371
91550516 921236424 91550516 943697805
91550516 943697805 101569581 963652800
55162207 689825982 95060206 690335951
95060206 690335951 95060206 694182016
95060206 694182016 95503760 694182016
95060206 694182016 95060206 700734781
95060206 690335951 109419234 690335951
29048018 635156741 71002649 635156741
50246983 769317620 50246983 811469531
29357805 855745530 68653641 860178686
68653641 860178686 105743420 863299085
23629912 871869756 58660369 881907902
58660369 881907902 62157548 901797800
62157548 901797800 62157548 907865254
62157548 901797800 93700687 901797800
93700687 901797800 102343654 912024007
102343654 912024007 102343654 916319980
102343654 912024007 122721508 912024007
0 812403727 45515278 812403727
122721508 912024007 161211035 921235712
161211035 921235712 177135172 927955810
177135172 927955810 177135172 939532536
109419234 690335951 117555403 729944695
117555403 729944695 134543751 747268503
134543751 747268503 135719210 747268503
134543751 747268503 134543751 760482824
134543751 760482824 134743148 760482824
134543751 760482824 134543751 777209437
134543751 777209437 142881382 780774601
142881382 780774601 142881382 784538207
142881382 780774601 160993815 780774601
142881382 784538207 156469742 796539313
156469742 796539313 157933396 796539313
160993815 780774601 191463155 781996626
191463155 781996626 209500488 790818401
209500488 790818401 211829949 797613285
211829949 797613285 211829949 804313399
211829949 804313399 222591158 807238627
222591158 807238627 233977339 816288257
233977339 816288257 233977339 816684990
233977339 816684990 262964823 817364282
262964823 817364282 272262316 817364282
272262316 817364282 279778369 817603489
262964823 817364282 262964823 841076538
233977339 816288257 264786406 816288257
262964823 841076538 276053644 865083253
276053644 865083253 276053644 869705016
276053644 869705016 283261922 875882031
276053644 865083253 293140941 865083253
283261922 875882031 295808700 882536455
295808700 882536455 305078660 903361612
305078660 903361612 311072296 922281152
311072296 922281152 322590173 932028397
134743148 760482824 160993815 774323466
160993815 774323466 171364235 774323466
113213914 931182371 132743778 960214313
132743778 960214313 152872097 967795397
152872097 967795397 174092172 967795397
152872097 967795397 152872097 992828988
152872097 992828988 173152766 997223023
211829949 797613285 261392576 797613285
23585315 936403090 27775600 982406200
27775600 982406200 39280879 992205701
39280879 992205701 70977169 996040151
71002649 635156741 106293127 650705389
106293127 650705389 125127196 655486648
125127196 655486648 125127196 665230071
125127196 655486648 143310595 655486648
143310595 655486648 145373459 685037550
145373459 685037550 154734289 710938286
154734289 710938286 154734289 721061035
154734289 710938286 191903413 710938286
18064145 720879526 52884771 738736118
52884771 738736118 70969714 751249811
50246983 811469531 86455157 828508641
105967301 846839526 155179211 854675429
155179211 854675429 155678446 896107258
202739923 852229003 255607318 858076234
255607318 858076234 259083887 859574444
259083887 859574444 265513575 909892998
265513575 909892998 274994206 913471285
256179532 961852258 308874271 975676908
308874271 975676908 312144983 993458205
312144983 993458205 315101067 993822450
315101067 993822450 327256658 996237562
191903413 710938286 250176228 724995047
423143761 65510743 505208430 80668657
505208430 80668657 527863360 117392876
527863360 117392876 529233487 117392876
527863360 117392876 527863360 133551465
787972295 830820135 879652606 843430279
879652606 843430279 879652606 846903175
879652606 843430279 905767202 843430279
422951510 92333674 494456810 130408504
494456810 130408504 494456810 132848498
494456810 130408504 500756282 130408504
2030619 411392371 73800058 462688395
73800058 462688395 77631708 477884122
