41 9 16 49 50 45
27 42 44 14 59 2
56 8 25 43 5 33
3 1 21 31 23 58
46 28 12 34 40 0
51 36 54 18 53 26
18 8 42 5 37 3
21 43 13 36 54 55
10 31 45 23 24 35
16 30 41 38 7 6
9 26 27 48 53 20
29 22 47 0 34 1
23 49 2 18 42 8
50 45 30 16 43 9
17 38 15 11 40 28
0 6 39 51 13 10
58 47 36 33 37 53
20 5 19 24 46 31
12 10 33 39 13 25
0 44 36 51 57 27
49 48 38 2 50 3
46 42 32 16 59 7
53 6 1 11 40 37
45 4 20 34 5 21
55 10 13 27 8 56
44 41 21 30 57 2
36 45 12 23 51 16
0 39 6 31 38 33
49 19 42 40 43 20
7 46 53 58 37 11
2 52 39 7 0 14
3 49 17 11 45 48
55 56 44 43 41 1
8 13 38 16 6 54
42 50 31 46 18 53
10 37 22 4 12 21
17 13 41 21 37 35
19 11 1 38 44 14
6 22 12 10 30 39
55 50 34 0 7 51
9 42 8 16 56 43
45 32 24 20 46 49
10 53 49 15 2 6
37 50 12 16 31 26
39 45 11 17 18 47
46 0 38 1 7 40
41 5 22 44 33 21
8 43 19 48 36 35
10 7 43 40 22 2
24 18 39 33 16 31
15 44 50 12 17 6
19 8 5 11 45 46
0 13 38 37 26 51
36 34 57 27 49 58
31 5 52 29 40 39
3 12 4 50 51 45
13 17 11 38 21 49
37 43 44 32 47 16
10 59 8 48 2 0
23 35 1 58 22 57
