-942055609 -265195973
#r 0 6.2180899286
-844882391 -311815772
#r 0 1.6434103400
-847826784 -271338512
#r 0 0.7320299526
-830057263 -264856146
#r 0 0.8839465458
-800495487 -228807561
#r 0 5.8980933306
-798106143 -231112047
#r 0 5.6351230672
-795650577 -232971281
#r 0 1.0811995971
-713146167 -163623879
#r 0 1.6658387369
-720058589 -91113131
#r 0 1.5818272452
-713197507 -73486376
#r 0 1.7487554147
-720714044 -31695756
#r 0 1.6911797000
-719854724 -28489327
#r 0 1.6959764753
-732723325 67580510
#r 0 1.5097600494
-686498344 164942161
#r 0 2.8289281650
-725993099 177709548
#r 0 5.5312588327
-717993994 160569208
#r 0 0.5074632896
-711516430 164170948
#r 0 0.2296391490
-708235420 163666375
#r 0 2.2147431736
-709047466 164748099
#r 0 2.6360611498
-709415166 165199989
#r 0 2.6815336974
-796539187 213175352
#r 0 5.7147784444
-733902488 125467406
#r 0 5.1019544941
-695923836 32959990
#r 0 6.2613182259
-596826730 -9416932
#r 0 0.6388297078
-544237436 29642522
#r 0 2.8313700565
-558795983 41718351
#r 0 4.8172069598
-557989352 34051015
#r 0 5.1540668314
-557792124 30737298
#r 0 1.2206275360
-557195256 32371568
#r 1 -557195036 32498833
-204334009 -289503535
#r 0 1.3321107308
-141630061 -201841400
#r 0 0.6502561663
-62035834 -141301339
#r 0 5.3618672947
-33573504 -245254842
#r 0 1.5766300619
-33964294 -178267657
#r 0 5.5405953625
-25805371 -195332857
#r 0 5.4442937499
-14076720 -208388574
#r 0 5.6216455511
40132758 -301543108
#r 0 1.8159741536
24300650 -238268238
#r 0 4.8949119092
20548200 -256807608
#r 0 2.5866209333
5631932 -247560017
#r 0 0.4891507928
112796006 -236058013
#r 0 6.2472407466
212733112 -239651756
#r 0 6.1313914673
305506125 -294511604
#r 0 5.4023629011
369158914 -371639177
#r 0 0.6268258207
473730434 -345538754
#r 0 0.0329358176
573677900 -342245712
#r 0 1.6084185150
610088741 -240802695
#r 0 3.4475674983
570332305 -253361556
#r 0 1.3865299269
580483747 -237401063
#r 0 1.5931331630
579715584 -203016847
#r 0 4.7856940624
578706302 -206179337
#r 0 4.9153438029
580636701 -215559856
#r 0 4.4554262503
580289155 -216027435
#r 0 4.4961300086
555221851 -312278134
#r 0 1.3179932204
619157080 -225509929
#r 0 2.9265018361
579854796 -216923545
#r 0 4.7587142636
573619877 -234781733
#r 0 1.0733145267
580127155 -222798616
#r 0 1.5710466786
581364575 -219718229
#r 0 2.2048523091
580125962 -218033833
#r 1 579900540 -217940563
614338153 570861336
#r 0 3.4381319377
506941268 580086771
#r 0 4.2790471472
484287880 531124681
#r 1 483921492 530597427
593693356 779748697
#r 0 4.5143450846
534576827 689571417
#r 0 4.8721342373
552844501 576190773
#r 0 4.6221104170
544231943 559340571
#r 0 3.4462366612
527482369 554073969
#r 0 3.3126760926
422049857 576672446
#r 0 3.7198685884
337008491 521165341
#r 0 1.3548600121
347664934 536803298
#r 0 4.7679463141
348639911 519272333
#r 0 3.4418421805
241174841 528102087
#r 0 1.0222816625
293340811 613471248
#r 0 1.0339693947
379066621 678876073
#r 0 3.8519812221
283175290 596389916
#r 0 4.0425094849
266740635 587008680
#r 0 2.6104374405
251601685 595902357
#r 0 2.5476238836
191199475 685223569
#r 0 3.7768459544
156841893 659895443
#r 0 3.7694096466
138486031 655294598
#r 0 5.7828459674
145339684 651547410
#r 0 0.8588378885
148290672 653071028
#r 0 3.4730834907
145963168 652269921
#r 1 146072817 652306414
-35447248 -993456426
#r 0 2.8866282747
-122169846 -929265143
#r 0 4.9722565308
-110289076 -973949896
#r 0 2.9149843110
-125822178 -963120371
#r 0 5.6196144598
-112674305 -973399937
#r 1 -113130286 -973342597
-42450738 642181005
#r 0 4.7655079985
-77358653 539970940
#r 0 4.9821897624
-27413793 359367061
#r 0 1.8908657925
-26236300 378285639
#r 0 2.2044592208
-39806779 396755411
#r 0 2.4022221605
-41251343 399752032
#r 0 3.4647171697
-42598211 399301019
#r 1 -42380192 399361874
-553788284 -179919471
#r 0 5.5540228930
-505822591 -276877171
#r 0 3.9691331434
-573739933 -350774452
#r 0 1.2240347810
-501683700 -270093583
#r 0 3.8612696680
-564472016 -325127330
#r 0 1.1279914079
-550526591 -312245779
#r 0 3.7882581467
-562733683 -321461597
#r 1 -562172193 -320960649
475484853 -113585337
#r 0 2.7909237475
394913206 -41058730
#r 0 4.1348624086
372257422 -75826114
#r 0 3.2639218557
353871090 -70936920
#r 0 4.5197823375
352442478 -78262224
#r 0 5.2034362354
352805098 -81581412
#r 0 4.4314265832
351946087 -84557921
#r 0 0.3869897903
460351035 -84041859
#r 0 3.7254314692
376429259 -139486368
#r 0 5.1952986285
387325198 -247343577
#r 0 0.4412487123
423918508 -230060305
#r 0 1.0345458892
439037515 -218511406
#r 0 3.5722726427
427681587 -223728822
#r 0 4.3461227338
425409316 -226175307
#r 0 0.4864178729
427082569 -225290498
#r 1 426923753 -225344975
453619037 -505953964
#r 0 2.2041886486
426599827 -400649212
#r 0 2.4931637884
313185679 -314712109
#r 0 5.8124353695
325735149 -329083710
#r 0 1.1508887886
328640132 -322577030
#r 1 328634335 -323373960
615558704 509363831
#r 0 2.6258882499
547556263 594694965
#r 0 4.5949951896
542384670 550844140
#r 0 3.8978587660
524559258 543847407
#r 0 3.8794685689
468742883 481372715
#r 0 3.8189592788
364347303 449634767
#r 0 1.4048374321
381071843 549483059
#r 0 5.4745880629
421541172 448152078
#r 0 3.8498093050
344647599 382297920
#r 0 3.8576696946
241558510 346543561
#r 0 3.2107642830
140561335 339546259
#r 0 3.0287328253
44549577 391387138
#r 0 5.4265795179
83922710 345965763
#r 0 5.7835270793
96095893 331183571
#r 0 1.6615750441
95316428 339746402
#r 1 95676482 339594241
607582835 541622547
#r 0 2.8373072185
522803963 611098288
#r 0 2.6096902114
435154476 662677856
#r 0 4.3732058504
362763050 580374653
#r 0 4.4577531803
401317180 566772060
#r 0 4.3515568110
327161071 486055226
#r 0 1.3953827729
344909278 586194556
#r 0 1.3292062459
408936759 675159816
#r 0 1.4462365469
404569994 914397686
#r 0 5.0624237950
403950790 895171113
#r 0 5.2365095379
424681725 859307308
#r 0 5.2164973606
425092173 855956339
#r 0 1.3951916753
425442158 857928837
#r 1 425302405 857909489
247933792 600067353
#r 0 2.5826744196
183031673 689148022
#r 0 3.8104165246
148783501 662080267
#r 0 4.3959719422
136342452 647269089
#r 0 2.6728294871
120331349 655377287
#r 0 2.2977722364
83082821 759108660
#r 0 4.0850590037
58375361 725030967
#r 0 5.6322829838
68281509 708417151
#r 0 3.2531040228
50445881 706419990
#r 0 5.4167749626
85341820 601873713
#r 0 3.6967258386
-1564083 547975513
#r 0 3.3377884184
-109878747 568361395
#r 0 4.6247689531
-113626080 525702910
#r 0 3.4139854985
-132852494 527823205
#r 0 1.7151816186
-135434797 545583555
#r 0 2.6354321501
-204944127 631117779
#r 0 2.8255800317
-411680012 698714202
#r 0 5.8801224371
-398001014 685038103
#r 0 6.0513693830
-356796297 675311331
#r 0 5.9555931340
-354221497 673099016
#r 0 6.0733457291
-343680093 670853963
#r 0 4.3920118649
-344065084 670399296
#r 0 5.9346184233
-343856149 670323368
#r 0 5.9437174121
-343777659 670254291
#r 0 5.9943244204
-247429414 636271394
#r 0 2.7261566122
-324402283 715156298
#r 0 4.9388931647
-312875664 665140358
#r 0 5.5676094428
-304063952 647921055
#r 0 1.5792549043
-304145413 657551406
#r 0 1.7886354108
-303589869 660900332
#r 0 4.2954905121
-304454525 658947883
#r 1 -304427179 659297912
-346211927 25723691
#r 0 2.2982538730
-383756565 130121575
#r 0 2.9434193207
-451225241 143669893
#r 0 6.2243732803
-433617802 135358243
#r 0 0.7003688904
-425550678 142158176
#r 1 -425619944 142004119
-645639385 -616977497
#r 0 5.9996309127
-557713776 -686035525
#r 0 5.2820847712
-501761704 -773387012
#r 0 5.0100402033
-431471105 -860330417
#r 0 2.4443486868
-490173737 -811161798
#r 0 3.2466274703
-509046164 -805792229
#r 0 5.9374966311
-493239510 -811485001
#r 0 0.1124216283
-489920528 -812402869
#r 0 2.5605867154
-491600275 -811299935
#r 1 -491652501 -811294167
-410882893 762132618
#r 0 0.5628635813
-299912973 782398484
#r 0 2.6884302692
-344415903 804069691
#r 0 2.5007540195
-354725345 820970858
#r 0 2.9455398420
-371558576 824314004
#r 0 2.8831615848
-374344031 826390758
#r 0 2.9215336158
-472747607 851062543
#r 0 0.3718907238
-359948369 849896315
#r 0 3.6225587208
-452738711 801474661
#r 0 4.6928126445
-496854689 697653619
#r 0 4.1203695167
-555261575 610801217
#r 0 0.9542844341
-460416013 671869601
#r 0 1.1545769621
-374913488 865294284
#r 0 4.2371023143
-389884612 852340539
#r 0 4.7685319289
-389066971 837792283
#r 0 4.6830830794
-390456802 834607940
#r 0 5.0645286432
-389256105 831340340
#r 1 -389504827 830962234
-258778369 867686312
#r 0 5.1021250885
-257922894 753728143
#r 0 1.5457172910
-255278096 859164574
#r 0 4.7852394384
-261367504 840113905
#r 0 1.1866229333
-255031586 855786785
#r 0 5.0445495589
-255207256 852281144
#r 0 1.0308779604
-254328259 853747805
#r 1 -254398904 853772630
-191455742 562426763
#r 0 3.2073045154
-301011496 598309434
#r 0 5.0339701931
-286963525 556141720
#r 0 4.4281111120
-299471884 540239607
#r 0 3.2253999269
-318178020 538668216
#r 0 3.4175406733
-432809923 550897526
#r 0 3.3435913795
-537598185 529437755
#r 0 5.3580442386
-507579824 418132197
#r 0 3.1241913961
-614526715 419993395
#r 0 3.1962723429
-723679947 457082496
#r 0 1.0133025824
-667089940 547849631
#r 0 4.1472627847
-760684762 480544070
#r 0 5.0849876795
-741268970 430868994
#r 0 5.3572113838
-736017018 411330488
#r 0 5.9301681404
-722955313 406517884
#r 1 -722653704 406989964
858722151 -142269485
#r 0 2.0539205082
846959701 -26084084
#r 0 2.1663945235
629242530 295177619
#r 0 3.6970740178
609054584 291644596
#r 0 5.7111375886
616169522 287063562
#r 0 5.7565038848
618380154 284226257
#r 0 5.7494210802
709837623 232598577
#r 0 2.7422497312
626946873 314857475
#r 0 5.4399590769
694401137 239113066
#r 0 3.7602204899
674476377 234313134
#r 0 0.3184890093
699031875 242409409
#r 0 3.6646498421
695470652 241904547
#r 0 4.1859320841
694117000 239575352
#r 0 3.9660838819
693546491 239305189
#r 0 4.2793878746
693225946 238611757
#r 1 692815606 238194153
-831342824 -397424037
#r 0 6.2289205553
-723986918 -447506062
#r 0 0.3907781804
-629086046 -408410237
#r 0 0.5702245064
-608662083 -404524748
#r 0 1.1459948607
-602792341 -391548469
#r 0 0.6414328290
-599265536 -390613270
#r 0 3.0069033028
-601190683 -390352394
#r 1 -601321149 -390397977
-214876841 244473569
#r 0 2.9139078699
-313523085 313406678
#r 0 4.1658527577
-338090752 273022544
#r 0 4.0485275112
-356369944 262442057
#r 0 4.9721938132
-353833366 252899326
#r 0 4.0274537170
-357079780 251110462
#r 0 2.7654143812
-360278457 252373902
#r 0 4.0980495985
-461321352 187004273
#r 0 0.2981733932
-391184866 208559739
#r 0 3.9086849694
-410760400 200630424
#r 0 0.3223249033
-393393574 206430451
#r 0 0.7229025651
-389899947 207668922
#r 0 3.2328923425
-392231743 207455436
#r 1 -392454713 207288799
68670582 -767709841
#r 0 2.7330602189
-17438627 -680671930
#r 0 4.2458010840
-38016257 -721526438
#r 0 1.4251919673
-27193854 -702963479
#r 0 2.3455841393
-34238888 -695767336
#r 0 5.6024326693
-32405151 -699062503
#r 0 4.3311620249
-33706951 -702310214
#r 0 5.6724056321
33163734 -804870954
#r 0 5.0391436056
69625975 -912460052
#r 0 1.9664207942
67985986 -790035772
#r 0 2.0632075633
25846383 -807635168
#r 0 1.1869175318
110735153 -719406541
#r 0 3.6915794635
45272515 -759540838
#r 0 0.0131222457
65312725 -767293118
#r 0 3.8764509335
50521129 -780660357
#r 0 1.6318945056
89166606 -664484107
#r 0 4.3025977648
49062063 -756809411
#r 0 4.4260631760
35743045 -773670953
#r 0 0.8294389496
48057667 -760220900
#r 1 48404324 -759470843
-223076286 463842215
#r 0 4.1784693411
-322032362 387887135
#r 0 4.3346501187
-432357879 109844290
#r 0 0.2081390099
-410795938 106052177
#r 0 2.4395130796
-418691464 112730605
#r 1 -419453091 112662426
121085346 -111589295
#r 0 4.0810367080
13052962 -178901705
#r 0 4.8861034114
24436285 -243770172
#r 0 1.4719759930
34772695 -223966562
#r 0 4.1413826293
24871591 -239379496
#r 1 24642521 -239902249
-141238758 -740093418
#r 0 5.2120025394
-126005629 -869268331
#r 0 4.7676145374
-119344200 -989767902
#r 0 3.0292903955
-233830664 -928034153
#r 0 0.3083616238
-118839496 -891406941
#r 0 0.9053844123
-6166723 -826421923
#r 0 3.4160402130
-85331003 -848710808
#r 0 4.5913370671
-96340661 -868707618
#r 0 1.0793465877
-85240908 -847970176
#r 0 4.5617488772
-87276080 -851420919
#r 0 0.5599180416
-85605771 -850373910
#r 1 -85392485 -850135205
714611080 -557808516
#r 0 3.1162774578
592406932 -505051155
#r 0 3.5322913426
478811483 -551837928
#r 0 5.3834251320
485464640 -574230548
#r 0 1.7215955077
482831391 -556901153
#r 0 2.2800814651
481514337 -553018772
#r 0 4.5477472050
481187515 -554985854
#r 1 481275496 -554882444
881794448 379623968
#r 0 3.1157097278
756591501 433760306
#r 0 4.3331214076
736513771 383385097
#r 0 4.0971568669
716402525 370399594
#r 0 4.5089647606
711895807 348551745
#r 0 4.5124342238
709585707 345042526
#r 0 3.8741228628
706687497 342435631
#r 0 3.1317603536
580631792 394555497
#r 0 3.6860996005
497953900 344488028
#r 0 4.4092457190
482801305 325954697
#r 0 3.6413730570
463306418 315310149
#r 0 4.5342797078
390810453 199764244
#r 0 6.0284574281
440191540 186906190
#r 0 0.0980425044
463170542 180194189
#r 0 2.8078964005
443009179 187183327
#r 0 6.2816886080
446904972 185610441
#r 0 1.7810260574
446570483 187177997
#r 1 446534590 187096945
-497369568 -421474266
#r 0 5.6956849301
-418207547 -536920646
#r 0 1.3314492709
-405039914 -482960412
#r 0 6.1803936295
-383306745 -494413999
#r 0 0.1354575125
-344836097 -489170752
#r 0 6.0115901530
-341413843 -491793078
#r 0 6.2476952854
-334543446 -492037011
#r 0 6.1990587533
-333867592 -492377229
#r 0 6.0447396457
-333185403 -492543049
#r 0 5.6841478099
-255360539 -608895026
#r 0 0.7095381083
-214347861 -573676379
#r 0 0.7597754926
-191511486 -564620153
#r 0 1.0239161069
-173260257 -534642160
#r 0 0.0905793972
-169130896 -535881837
#r 0 1.3059673509
-168681922 -534226319
#r 1 -168666461 -533968244
-672026840 -130852566
#r 0 1.8301178198
-654392162 11903102
#r 0 1.7882782300
-706249433 -1854380
#r 0 5.8446658232
-608196998 -107096400
#r 0 6.1591239133
-436070946 -128560832
#r 0 5.4700429184
-426814770 -152046687
#r 0 5.8630334942
-404365896 -162075826
#r 0 5.3632623682
-403189978 -166347248
#r 0 5.4576020854
-323504624 -268251023
#r 0 2.1643799763
-353680153 -127611056
#r 0 4.7131095490
-353610963 -223633068
#r 0 1.8746106986
-351633479 -198466587
#r 0 4.5110619874
-355524259 -217530448
#r 1 -355161149 -217063136
-217944034 -922357330
#r 0 1.4065546484
-141033112 -795913203
#r 0 1.1887227346
-89834816 -668496923
#r 0 1.7441497633
-59145899 -523715718
#r 0 1.0855240414
4905874 -402251550
#r 0 2.8749265175
-113011790 -312815365
#r 0 3.5536384201
-193582489 -348030045
#r 0 0.3373053260
-167635046 -349196493
#r 0 3.0752342855
-192245091 -347561009
#r 0 0.3131896843
-187697575 -347875468
#r 0 2.7872888220
-190273623 -346922553
#r 1 -190373794 -346837230
925444518 -37662087
#r 0 4.1957291992
806121466 -132567250
#r 0 4.1275881408
855565991 -160658417
#r 0 4.1706686056
733902277 -252543787
#r 0 4.7995557892
742318248 -348849314
#r 0 2.3734454775
731397438 -324422134
#r 0 5.0370951269
738319836 -344986528
#r 0 2.4331686573
736150771 -340821599
#r 0 4.8506760020
736515239 -343440364
#r 1 736606289 -343370762
224930418 -489913206
#r 0 5.0705186363
221141187 -647114442
#r 0 4.1492487425
143253729 -770484345
#r 0 5.9113239229
257870107 -878139687
#r 0 0.8423524145
299535930 -831435359
#r 0 3.7399447746
272581105 -837353341
#r 0 2.6633659965
249848387 -825569633
#r 0 2.5677697503
159156319 -697111330
#r 0 5.8570513989
292007882 -757419300
#r 0 4.1929663315
168670849 -854961923
#r 0 5.6976183390
217658061 -887447999
#r 0 1.8568891231
220307040 -859978599
#r 0 4.5462094791
216410841 -883208100
#r 0 1.9082766684
216627499 -878369705
#r 0 4.3343924307
215611156 -880929173
#r 1 215849640 -881225723
-746526339 -307850522
#r 0 1.6391357897
-696395773 -153422958
#r 0 1.6938731699
-756813248 -157558296
#r 0 0.6475816149
-600135295 -114979366
#r 0 2.0840820173
-630142425 -61745068
#r 0 2.0373800322
-632543192 -33352111
#r 0 1.7393399643
-636978082 -7288736
#r 0 5.7960901160
-532199892 -131314850
#r 0 5.5445099450
-420819679 -232744737
#r 0 5.5632388511
-347488569 -377601544
#r 0 5.9728615804
-202694341 -424034807
#r 0 5.3992810699
-194146871 -451216869
#r 0 5.6112973396
-154618366 -482655144
#r 0 0.4167868247
-149620607 -482482365
#r 0 0.4801504801
-16870456 -421670826
#r 0 5.1812686437
-2819458 -583422227
#r 0 2.5397156764
-126991330 -498129085
#r 0 1.5293679911
-60245319 -350122611
#r 0 6.2613775090
90362725 -353407562
#r 0 6.2633319670
239774685 -416945049
#r 0 1.2368217020
260647239 -356788723
#r 0 3.1126034074
234528406 -345398803
#r 0 3.2421934000
152701140 -353658570
#r 0 3.3784754067
147753124 -352934285
#r 0 3.3519657313
6264121 -389010704
#r 0 1.0373723412
135009668 -290088864
#r 0 4.6722211573
128960259 -440611217
#r 0 1.5378487043
194448685 -292044019
#r 0 3.9177335564
131830977 -353512991
#r 0 4.1916661282
109458452 -371159346
#r 0 0.5532800916
128430869 -359441462
#r 0 1.1731254939
131947435 -355886013
#r 0 3.5923986388
129408007 -357115222
#r 1 129500243 -357096439
-669033645 364224923
#r 0 2.4487333518
-748855558 511840399
#r 0 6.1283607650
-595013323 487829688
#r 0 3.0474364481
-744143480 564784627
#r 0 5.0314343085
-722706305 499888431
#r 0 0.0377616626
-694984896 489942777
#r 0 1.7626573976
-697104726 500855648
#r 1 -697851974 500576593
-869387648 -203371113
#r 0 1.4154337608
-780481610 -54240182
#r 0 1.7945605422
-819308264 116370021
#r 0 0.8037229657
-791504559 128836236
#r 0 0.9789410537
-755131476 182943041
#r 0 0.9610494737
-750654974 185868361
#r 0 1.6830056285
-750992934 188867583
#r 1 -751016843 187868861
212487753 164307820
#r 0 3.0221730591
54849372 250763874
#r 0 4.4101002382
34546710 185659061
#r 0 5.3160807708
41477574 154876500
#r 0 4.6691456898
40211971 125627713
#r 0 3.1421659684
-126642144 192591975
#r 0 3.5735170457
-272304593 125448543
#r 0 3.6760033461
-303493101 120665250
#r 0 4.3177671172
-311051797 102515728
#r 0 1.0617424540
-306744229 105995624
#r 0 3.3416387734
-309411435 105454827
#r 1 -309704907 105410103
269705776 289960329
#r 0 1.0030368812
421270656 398348748
#r 0 3.5848288029
303036525 342218280
#r 0 0.9524166354
330564585 359870177
#r 0 3.5490222340
308962140 350547023
#r 0 3.9435748767
303721252 348208140
#r 0 6.1091968360
306266760 347760727
#r 1 306679485 348076778
921704309 305679243
#r 0 3.8575280759
739105089 242377378
#r 0 4.3495238806
684940508 99717900
#r 0 4.0999693091
656498629 81239897
#r 0 4.4595528368
647505326 46431405
#r 0 4.0925634895
642489897 43225571
#r 0 6.2049719292
645073021 43023123
#r 1 645096529 43006385
387750236 116916227
#r 0 4.1381360565
223839439 1300144
#r 0 4.0375041614
107557361 -144009589
#r 0 4.3548221414
-27663618 -292161924
#r 0 4.2207721022
-115516573 -456229894
#r 0 3.9432172336
-298716776 -537909227
#r 0 0.2603977103
-158392291 -500520127
#r 0 0.1480595218
-124150618 -508688344
#r 0 2.4817051801
-138501225 -497553354
#r 0 5.3958821979
-136668035 -503453138
#r 0 1.8279512284
-138085223 -498064128
#r 1 -137851966 -498337434
515905571 -222962942
#r 0 3.0111739168
334370834 -120787845
#r 0 4.7224888784
335163383 -199256212
#r 0 1.8587668579
338604296 -162859441
#r 0 4.5231916528
333020245 -192020864
#r 0 1.6713272851
334803844 -185857642
#r 0 3.9600088753
332632539 -188177283
#r 1 332679812 -188919140
-9967233 -826951164
#r 0 5.6099214483
197391514 -889063361
#r 0 3.0687457288
54868107 -878662565
#r 0 5.2901084233
62247368 -915927964
#r 0 1.6388412199
60272717 -886952939
#r 0 5.0439628167
59935138 -893611455
#r 0 1.4804849291
60482847 -887563277
#r 1 60566664 -887913121
557184028 -646871071
#r 0 3.6068590165
332921443 -665536091
#r 0 4.8382086013
344091905 -753848662
#r 0 4.5792530267
324627098 -788213038
#r 0 0.7838136873
341779463 -771114942
#r 0 0.0333644988
348293161 -773484252
#r 0 2.7237838209
342873955 -771078412
#r 1 343475489 -771209318
386445247 -309484026
#r 0 4.0745297163
186994945 -431962350
#r 0 4.1036836774
257129219 -483947393
#r 0 2.6265451855
111140068 -301003329
#r 0 3.7826965195
34697002 -358049810
#r 0 1.7827642981
41657003 -317567245
#r 0 4.3721819754
31910590 -345101836
#r 0 4.9096130293
30584495 -352187745
#r 0 1.2369257876
32324246 -347171962
#r 1 32339262 -346407663
-492026195 851283615
#r 0 5.0858123861
-494170595 607771937
#r 0 3.7284945628
-682308137 482645808
#r 0 4.3617251360
-845229307 301650704
#r 0 2.0104469489
-880693642 473475150
#r 0 5.4330484424
-799843002 243767271
#r 0 0.2270536603
-699347208 266985581
#r 0 5.1006659164
-699088747 224248406
#r 0 2.4187404766
-728825996 250480429
#r 0 2.5422622760
-864157146 452935402
#r 0 5.5164787507
-701429864 296180451
#r 0 2.7977022109
-883524338 457871942
#r 0 4.8878699313
-865258190 354850682
#r 0 1.9363700282
-864546396 397582711
#r 0 0.0235621164
-824903613 398516952
#r 0 6.0492429877
-626166783 257782421
#r 0 2.4116298557
-768387706 385048890
#r 0 2.9542679159
-804379115 408095614
#r 0 4.4872272704
-807940676 392546039
#r 0 0.9604147852
-801659330 396645108
#r 0 3.5860006322
-806778531 394207463
#r 1 -806891733 393795072
-919115766 287826112
#r 0 0.8411079346
-691885438 400089912
#r 0 2.9792559629
-802508324 418207497
#r 0 3.8676572572
-844385261 403213127
#r 0 4.2158088146
-867553778 360456553
#r 0 1.9539711351
-867561159 368262866
#r 0 4.5480825102
-868476092 362744612
#r 1 -868644670 363533582
-749706088 148577733
#r 0 1.4210855402
-615879133 375971129
#r 0 5.8068838109
-398316918 263726664
#r 0 2.6323414830
-564084252 469003553
#r 0 3.5588159223
-676618090 419123360
#r 0 3.5615246461
-722891052 417377919
#r 0 5.4208726084
-711168038 403697120
#r 0 5.7651682153
-706117981 397330028
#r 0 2.1391588267
-709621443 402815666
#r 1 -709906892 402997310
-796794446 6517919
#r 0 5.6396482440
-654359216 -228412205
#r 0 1.2152154728
-617152571 -128223578
#r 0 5.6921796820
-590024783 -168084395
#r 0 1.2546290665
-584214995 -150325123
#r 0 5.2391470644
-582996254 -158698840
#r 0 5.6106260876
-576194795 -164115713
#r 0 1.3923244169
-575405064 -162858033
#r 0 1.3418398831
-530941662 86745270
#r 0 5.3948017909
-449703418 -175705308
#r 0 5.4538130490
-370178289 -111078432
#r 0 1.8754349269
-348882694 162831144
#r 0 4.9934105551
-278186660 -82079349
#r 0 2.0271513702
-298533030 191902371
#r 0 2.5863832033
-462671456 293716767
#r 0 2.1935221397
-474155824 340545293
#r 0 4.8387160947
-469398257 303085152
#r 0 1.5681776901
-466221490 310928150
#r 0 4.2899984536
-469396217 303864457
#r 1 -469422427 304386204
-47016095 337744810
#r 0 4.6739317419
-163862181 76575705
#r 0 5.1911106583
-64436058 -115001537
#r 0 4.5636238415
-89863648 -158300697
#r 0 4.6012151723
-103783004 -377537870
#r 0 4.4793302735
-268927316 -611182184
#r 0 0.7624060098
-127088831 -475720550
#r 0 1.5507174320
-107428133 -429516258
#r 0 4.2471798261
-126941650 -468391410
#r 0 4.6423640320
-130792637 -476317887
#r 0 1.0850498692
-126992776 -469120318
#r 1 -127117056 -469571929
469821082 -556195232
#r 0 3.7278669199
178001806 -616579838
#r 0 4.5224255510
148588561 -769549215
#r 0 5.5383092755
171039365 -816784489
#r 0 1.9524727091
154133008 -774661588
#r 1 153206668 -774911826
148058666 798489424
#r 0 2.7127262649
-162007257 812960481
#r 0 1.5367567064
-157738584 938315122
#r 0 1.8575194678
-191522546 981049849
#r 0 5.7167885028
-165450499 964470720
#r 0 2.4536191275
-170039027 972858129
#r 0 5.2343984948
-165002490 964102486
#r 0 2.4542631461
-165808725 965573957
#r 1 -166497192 965283196
-691911973 140383167
#r 0 5.1506409001
-661737821 -397660065
#r 0 5.4284875082
-180685201 -950474187
#r 0 5.6404461525
-89301313 -974834164
#r 0 3.3926777662
-133137823 -986078145
#r 0 4.6923277988
0 0
#r 0 4.5245108612
-95892164 -995291265
#r 0 2.8998538053
-533236106 -680440068
#r 0 5.6423253861
-118633993 -989684029
#r 0 3.1044585292
-205013875 -951175077
#r 0 5.8662382348
-118018018 -989706913
#r 0 2.9956063493
-132353757 -981341685
#r 0 4.7215270955
-132296498 -987607515
#r 2 -132899921 -988157302
