998
1 9 4 88
4 4 11 54
8 13 0 10
10 5 6 73
14 2 17 31
15 12 9 39
20 9 8 96
25 2 3 83
26 8 10 96
28 3 8 1
29 11 13 9
31 0 15 48
41 19 19 40
63 14 17 10
70 0 8 80
82 6 18 14
83 9 16 8
86 11 10 2
90 4 2 8
101 15 8 2
102 6 2 29
105 11 5 1
114 19 19 82
116 0 3 8
127 19 13 84
129 18 2 12
141 19 6 46
142 13 11 36
146 0 0 21
149 0 3 86
151 9 4 9
166 17 9 28
168 5 3 30
170 7 11 21
172 14 4 13
173 4 8 26
177 7 13 96
180 4 5 13
183 6 9 10
192 19 3 27
197 0 13 81
204 13 4 3
206 8 18 58
213 3 0 26
219 19 19 4
222 4 15 11
233 2 5 9
240 5 6 52
245 14 8 2
251 6 6 48
256 8 19 16
261 6 18 50
266 6 0 82
292 19 7 3
293 8 17 27
297 14 19 60
299 17 12 77
310 6 5 50
322 11 19 97
324 14 6 90
334 6 6 72
345 11 17 44
347 19 10 78
356 5 9 4
363 11 10 94
365 8 11 2
367 19 16 4
372 15 19 42
374 0 17 81
375 16 16 8
379 8 11 84
382 7 9 83
391 9 4 26
393 0 17 46
394 4 12 27
395 18 10 85
398 12 1 91
400 5 9 34
401 3 11 62
411 6 1 55
412 1 9 26
424 19 14 56
426 8 19 3
432 6 19 73
433 3 17 3
437 9 3 9
440 15 0 35
441 17 8 70
442 3 15 35
455 19 18 4
456 12 4 87
463 7 3 89
464 12 3 9
466 6 12 11
468 9 16 75
471 2 15 91
474 6 6 1
475 13 19 55
483 19 11 4
491 3 12 69
499 8 17 45
510 8 0 78
517 7 14 8
518 15 16 68
519 6 18 3
534 7 13 9
535 19 17 19
541 2 8 92
546 12 4 50
552 11 6 2
553 4 0 7
570 1 12 4
573 6 3 33
578 3 16 51
580 0 19 59
587 16 0 12
597 5 5 34
598 15 11 93
601 15 16 91
608 0 8 2
612 6 13 11
617 12 5 12
619 0 15 87
620 13 7 72
623 15 17 94
628 2 9 33
637 19 6 14
640 5 8 44
642 0 13 19
644 2 9 4
646 2 3 60
647 9 8 25
648 9 0 25
654 0 8 22
655 2 4 34
656 17 13 88
659 0 13 4
665 6 19 3
669 13 17 13
673 0 9 63
676 12 2 44
680 10 19 16
682 9 4 44
688 0 4 95
698 19 13 4
711 14 16 37
714 19 7 89
721 3 12 4
725 18 11 4
736 17 14 7
739 5 5 12
745 16 17 18
752 17 8 47
763 19 8 44
769 14 9 67
771 16 13 70
772 12 19 25
785 2 19 2
794 15 0 73
803 17 8 3
805 5 12 81
812 7 14 33
814 0 7 27
818 1 4 33
820 7 14 97
821 15 17 60
822 5 9 11
824 12 1 43
830 6 9 55
833 19 14 4
840 7 5 57
851 19 2 59
857 14 9 96
858 12 19 63
859 19 18 30
862 16 12 83
866 14 13 53
873 18 10 65
874 16 0 3
878 7 6 63
880 15 1 18
886 17 9 88
891 17 19 70
898 5 8 63
903 16 17 82
910 17 11 3
911 11 9 15
927 5 2 28
943 12 3 1
946 0 14 61
951 4 8 50
952 18 0 8
957 11 11 88
966 7 8 48
967 3 9 92
969 19 16 87
978 14 4 28
997 15 4 8
1006 0 4 48
1007 19 5 3
1009 2 16 4
1013 11 14 43
1021 14 13 71
1029 4 9 11
1038 14 19 21
1039 19 19 63
1047 6 19 90
1050 11 14 3
1053 6 2 10
1058 12 19 82
1063 16 0 90
1064 8 6 2
1071 0 6 1
1079 4 2 46
1080 6 14 32
1083 5 2 97
1091 12 9 65
1095 6 14 14
1098 2 16 84
1100 11 19 3
1114 10 13 2
1127 19 0 87
1132 13 17 3
1133 4 2 26
1140 0 15 70
1141 4 5 32
1146 19 0 6
1153 9 16 2
1167 6 15 3
1179 6 6 26
1183 10 11 73
1187 14 16 3
1188 5 17 9
1190 4 5 91
1191 17 9 51
1192 5 19 64
1194 11 13 50
1205 11 6 79
1213 7 12 42
1217 6 12 86
1224 16 19 84
1230 15 8 8
1237 7 15 35
1244 5 18 39
1245 16 7 26
1246 17 10 7
1249 15 4 82
1257 12 12 2
1268 13 11 57
1274 17 8 14
1318 19 13 19
1320 14 4 86
1325 10 19 3
1329 19 15 4
1333 14 6 18
1335 8 6 42
1336 8 11 58
1339 3 0 71
1340 5 2 76
1341 6 5 12
1350 14 12 3
1351 19 18 47
1355 19 3 12
1357 9 0 85
1362 5 8 2
1364 10 14 34
1371 6 9 22
1373 3 8 61
1392 2 7 76
1395 15 4 2
1396 19 5 90
1399 18 0 51
1403 9 19 3
1410 10 11 43
1420 19 5 73
1426 9 8 2
1437 10 19 55
1446 16 8 5
1452 14 17 90
1459 10 13 34
1465 6 2 79
1471 12 2 1
1486 5 17 57
1488 8 9 15
1490 11 17 3
1492 2 19 59
1501 19 15 21
1508 6 5 1
1509 9 8 49
1511 0 9 46
1516 14 16 12
1520 16 8 2
1523 16 0 28
1528 12 9 89
1529 11 6 51
1536 12 4 1
1537 12 3 47
1542 12 12 44
1543 15 19 81
1553 13 2 49
1561 16 16 24
1568 4 8 1
1570 13 4 23
1578 3 16 11
1582 8 17 3
1583 6 0 60
1607 2 7 1
1609 14 14 44
1610 12 0 42
1623 13 2 76
1628 8 8 2
1631 5 12 59
1633 3 16 87
1634 12 0 9
1640 19 8 59
1645 3 16 69
1646 15 19 27
1647 6 1 11
1652 18 0 88
1665 11 17 21
1677 12 5 40
1686 13 19 3
1690 9 5 25
1691 15 17 78
1705 19 13 40
1706 5 3 75
1708 13 17 97
1709 2 0 18
1720 3 0 91
1732 4 15 39
1736 3 0 8
1742 7 9 69
1744 12 2 62
1750 15 11 2
1751 14 17 3
1757 8 0 45
1762 16 14 41
1765 12 4 9
1767 6 3 12
1768 7 3 46
1771 2 16 17
1778 9 17 77
1779 15 4 54
1780 14 12 19
1783 17 9 71
1798 0 0 1
1803 9 3 45
1806 11 7 90
1812 13 12 79
1827 11 13 2
1832 8 0 10
1847 15 0 3
1849 11 19 45
1851 18 10 8
1861 9 19 51
1865 14 14 85
1867 17 9 12
1872 0 17 63
1880 6 13 37
1884 17 16 20
1887 15 1 3
1890 9 0 47
1891 0 0 95
1895 6 8 91
1897 0 19 10
1903 9 16 94
1907 17 0 44
1910 16 12 40
1911 17 3 90
1917 12 19 10
1919 0 12 56
1920 19 11 69
1923 18 2 86
1925 17 19 33
1932 2 7 8
1933 14 7 15
1935 5 18 3
1939 12 12 71
1940 4 11 31
1946 5 6 93
1948 10 19 36
1950 19 3 3
1951 19 5 46
1958 11 9 40
1963 8 6 90
1967 9 19 21
1975 8 10 14
1984 6 3 61
1986 5 12 35
1993 19 6 66
1999 9 0 66
2000 6 14 85
2003 1 9 72
2006 4 0 63
2017 0 19 4
2025 6 0 1
2030 11 11 31
2034 14 16 72
2039 9 3 91
2054 6 9 38
2061 11 13 79
2062 7 3 1
2064 15 16 51
2071 19 19 26
2073 14 17 70
2076 19 2 9
2078 2 14 86
2081 6 9 94
2083 15 16 3
2086 15 19 4
2094 14 7 38
2096 6 14 3
2099 4 3 58
2104 2 14 59
2111 0 13 37
2118 14 8 91
2119 0 9 4
2123 9 14 34
2124 13 1 75
2125 5 17 79
2152 16 0 75
2155 18 3 88
2166 6 9 4
2173 5 2 52
2180 19 10 4
2185 6 17 76
2187 5 2 7
2191 3 8 85
2195 0 4 73
2204 19 3 81
2209 18 0 23
2210 0 7 1
2211 1 12 18
2219 17 11 56
2222 12 5 73
2238 17 3 62
2244 0 17 12
2250 17 4 47
2253 2 18 85
2258 12 3 67
2265 6 3 84
2283 11 11 57
2287 3 15 4
2288 4 15 3
2310 16 14 79
2318 15 3 59
2319 6 17 96
2340 4 3 81
2349 14 14 3
2356 9 17 2
2360 1 3 16
2362 2 16 59
2363 15 16 10
2373 5 3 13
2377 19 17 37
2378 13 0 25
2379 6 5 95
2383 14 19 42
2394 9 1 23
2396 17 19 87
2403 16 13 89
2410 8 1 9
2412 13 19 19
2415 7 3 10
2419 16 19 4
2421 5 8 19
2430 2 14 19
2431 6 2 98
2439 16 14 8
2454 13 12 10
2458 19 6 3
2460 16 19 14
2463 19 15 92
2464 11 10 41
2472 6 6 6
2484 17 14 85
2485 15 11 67
2486 0 15 2
2490 7 12 10
2499 7 11 87
2500 7 11 10
2503 19 8 3
2507 14 12 62
2510 2 3 1
2514 0 0 75
2521 9 5 76
2556 7 12 91
2558 14 11 63
2562 19 7 12
2564 4 5 69
2567 6 2 58
2587 4 11 4
2592 2 18 4
2596 2 4 60
2598 14 13 87
2599 17 4 24
2600 6 19 33
2601 19 17 4
2602 8 17 82
2607 19 2 3
2629 4 0 84
2634 19 0 3
2642 8 1 1
2643 12 2 24
2645 13 2 15
2647 8 0 1
2650 16 14 24
2654 17 4 3
2657 12 4 28
2658 19 16 20
2660 12 5 2
2663 2 4 83
2665 6 0 29
2668 4 3 1
2681 7 15 89
2695 8 11 30
2703 3 8 7
2707 18 2 28
2714 19 15 41
2722 11 7 16
2736 14 7 3
2745 5 8 88
2749 18 2 3
2754 3 0 47
2759 4 0 1
2765 16 17 38
2770 1 0 92
2773 5 19 24
2781 17 12 20
2783 7 12 2
2784 1 4 86
2796 0 16 85
2800 6 19 10
2808 2 0 41
2810 3 12 87
2811 7 11 4
2816 1 9 13
2824 6 15 39
2832 6 8 69
2842 13 1 13
2845 6 8 17
2847 4 9 58
2849 14 9 11
2854 7 5 36
2859 18 10 22
2864 11 7 2
2867 9 17 7
2871 19 10 94
2876 14 12 42
2879 12 19 3
2880 1 19 11
2890 8 1 73
2891 14 17 53
2901 5 12 11
2905 0 14 4
2909 10 3 1
2910 17 10 36
2911 5 0 31
2914 8 9 2
2918 4 8 6
2921 8 18 38
2922 18 0 68
2925 12 5 92
2926 0 14 82
2931 5 0 57
2936 5 17 3
2939 5 2 1
2944 0 4 20
2950 9 4 62
2953 18 11 38
2954 9 14 77
2964 10 3 65
2966 5 5 1
2968 11 6 26
2977 4 11 15
2979 15 8 52
2982 2 17 15
2983 19 7 27
2986 1 12 79
2989 9 3 1
2995 15 0 90
3004 1 0 1
3006 16 7 77
3009 0 12 4
3013 5 0 83
3023 13 12 3
3061 19 3 44
3065 11 14 26
3090 14 11 2
3093 18 3 69
3094 17 10 69
3096 11 14 67
3109 17 19 15
3113 17 10 90
3122 8 5 10
3124 3 17 85
3125 0 6 42
3127 5 6 7
3138 1 4 4
3140 2 7 52
3143 5 3 95
3147 9 1 9
3158 2 0 68
3164 19 0 37
3166 14 6 56
3170 19 18 14
3173 10 3 43
3176 6 15 17
3181 15 17 35
3184 13 19 9
3201 5 0 1
3203 7 8 1
3204 10 13 66
3206 19 8 21
3208 5 19 92
3214 10 14 7
3216 1 4 1
3226 7 6 88
3232 4 5 1
3234 13 12 96
3236 15 1 76
3243 18 11 56
3247 17 16 4
3254 15 8 24
3257 2 0 92
3259 7 15 69
3263 15 11 9
3268 2 5 31
3270 12 1 9
3272 0 0 48
3274 19 2 44
3278 19 16 68
3289 12 2 86
3297 12 9 14
3302 9 3 71
3303 6 1 79
3328 9 5 2
3337 2 3 15
3339 15 17 4
3340 19 14 20
3342 7 6 2
3346 2 19 44
3351 15 3 2
3357 10 19 83
3359 17 19 4
3362 16 13 3
3367 9 0 8
3371 10 11 12
3374 8 1 45
3400 15 1 51
3402 18 2 47
3407 14 19 8
3408 19 3 60
3421 16 12 4
3431 17 3 3
3433 6 13 71
3436 13 14 3
3437 12 0 83
3440 17 0 82
3441 8 8 39
3456 8 5 1
3462 7 12 73
3464 18 3 3
3465 6 17 47
3467 16 16 75
3471 9 16 26
3487 14 13 10
3488 14 14 61
3490 16 17 56
3491 12 2 9
3500 13 4 61
3502 9 19 84
3508 10 3 9
3510 13 0 96
3515 14 12 9
3520 15 1 96
3525 16 13 7
3530 13 7 43
3534 13 1 3
3535 7 5 1
3547 5 18 22
3549 13 12 57
3550 7 14 70
3551 0 3 61
3557 8 19 55
3558 2 4 14
3562 17 3 39
3574 14 11 93
3581 14 4 65
3586 10 11 2
3598 15 3 6
3603 2 15 4
3610 1 19 4
3614 18 11 18
3618 7 6 19
3619 19 17 66
3622 4 11 80
3623 4 15 79
3624 4 9 4
3625 14 19 3
3638 16 0 51
3645 1 12 60
3647 0 9 12
3652 11 9 2
3653 15 17 16
3654 6 9 78
3655 1 0 40
3657 10 14 2
3660 4 2 1
3667 6 3 1
3670 8 5 33
3671 14 8 13
3672 14 14 27
3684 0 16 4
3691 19 5 17
3693 1 19 83
3704 13 7 2
3714 4 0 29
3715 8 0 26
3727 3 15 64
3731 13 11 85
3733 0 3 29
3735 7 15 2
3736 11 7 38
3741 15 4 24
3743 0 19 80
3745 19 10 38
3746 4 12 87
3750 5 3 51
3753 17 13 70
3754 11 11 2
3756 8 5 79
3757 2 17 79
3760 6 1 1
3764 13 2 3
3772 12 1 1
3777 5 12 4
3779 7 13 61
3788 9 0 1
3789 13 14 47
3793 0 9 81
3796 0 7 6
3799 7 3 67
3813 13 4 10
3815 12 1 64
3818 14 12 90
3823 13 14 74
3826 10 13 10
3827 8 10 2
3829 3 9 40
3831 0 3 1
3832 16 16 90
3835 8 1 90
3837 0 6 87
3838 17 0 9
3840 3 16 3
3841 2 9 15
3843 0 12 80
3846 14 9 42
3853 0 12 18
3857 1 3 1
3863 2 0 1
3864 7 8 21
3877 16 17 4
3879 8 19 91
3881 15 0 15
3883 12 3 87
3885 15 11 29
3886 4 2 94
3891 13 14 15
3893 14 14 13
3894 5 5 55
3896 7 6 42
3902 6 15 90
3909 13 7 13
3914 19 14 83
3919 2 5 82
3921 0 6 63
3922 11 7 60
3923 6 15 59
3926 11 5 53
3935 15 16 22
3936 5 18 8
3937 7 14 2
3939 13 19 93
3958 16 16 41
3965 1 3 86
3966 9 14 2
3975 6 17 16
3978 0 9 25
3979 13 4 83
3980 14 7 83
3981 9 1 1
3990 5 17 20
3997 17 14 27
3998 4 12 68
3999 9 14 10
4006 5 9 82
4008 11 10 15
4009 2 8 67
4011 12 1 24
4013 16 7 41
4014 16 19 59
4022 4 3 13
4028 0 16 13
4029 10 14 80
4031 9 16 44
4033 8 9 68
4035 2 9 85
4038 13 1 50
4039 19 11 15
4053 11 13 30
4060 17 0 3
4071 16 8 92
4076 3 0 1
4080 11 17 97
4090 16 8 60
4094 19 17 84
4097 14 17 22
4103 6 17 3
4108 14 8 60
4114 13 11 2
4115 8 0 95
4125 3 9 4
4127 1 3 37
4131 14 4 3
4138 8 5 57
4140 0 8 45
4141 13 1 92
4142 18 2 65
4149 2 17 4
4152 14 8 38
4154 2 3 38
4155 6 12 4
4158 0 12 38
4163 16 12 65
4164 17 9 3
4170 19 19 12
4176 3 11 16
4179 6 5 72
4187 2 14 4
4191 19 11 86
4193 6 0 12
4194 16 12 24
4203 9 1 50
4205 8 18 84
4206 17 11 28
4207 6 2 1
4209 12 0 22
4211 14 11 9
4218 19 16 51
4220 11 14 89
4232 9 8 78
4236 12 12 11
4242 15 19 59
4244 4 2 70
4252 5 0 4
4258 10 3 24
4269 8 19 36
4271 7 11 71
4272 17 14 3
4275 8 9 42
4287 13 2 94
4289 12 3 25
4290 19 6 96
4291 8 6 66
4293 0 14 17
4299 13 0 3
4311 7 13 2
4312 1 3 66
4317 13 12 23
4318 2 5 55
4323 14 13 3
4324 6 5 30
4325 17 16 67
4326 16 7 97
4329 9 1 85
4346 2 8 40
4347 15 3 91
4349 2 7 27
4351 12 9 2
4372 8 8 89
4374 7 5 80
4378 6 18 30
4386 17 13 23
4389 5 19 4
4399 12 4 67
4400 7 8 96
4408 8 6 17
4427 8 18 3
4429 2 4 1
4433 5 5 81
4447 2 15 39
4448 6 13 3
4454 6 12 31
4456 18 10 3
4460 3 8 29
4465 3 11 4
4467 6 8 2
4470 8 8 63
4472 19 11 33
4478 17 4 81
4479 13 11 10
4501 9 1 66
4504 15 3 38
4514 3 11 88
4515 17 3 18
4523 1 9 4
4526 12 0 1
4527 5 18 82
4530 2 5 1
4537 3 12 21
4539 11 9 69
4551 1 4 65
4554 13 0 47
4556 17 13 4
4560 8 8 16
4569 16 7 3
4579 19 10 57
4587 6 8 43
4590 9 17 42
4591 0 4 1
4592 17 16 86
4599 11 9 93
4601 18 0 3
4602 17 10 2
4606 18 10 40
4611 4 3 37
4620 17 0 22
4624 8 1 26
4633 0 17 4
4634 7 3 27
4654 6 6 98
4656 17 11 85
4663 9 3 24
4665 0 16 27
4666 19 7 59
4670 11 5 79
4696 18 3 47
4702 2 17 55
4704 16 14 3
4706 9 4 1
4709 11 10 71
4713 17 12 4
4714 1 0 5
4716 17 8 97
4717 0 6 18
4719 2 8 1
4721 5 6 28
4732 7 13 30
4734 0 7 53
4739 14 11 34
4740 15 19 12
4748 11 5 26
4753 5 17 96
4754 8 10 35
4756 19 0 71
4761 2 14 42
4767 3 9 13
4768 13 17 28
4775 19 7 44
4803 4 12 4
4808 13 1 30
4811 14 13 23
4813 18 3 14
4814 2 9 69
4816 14 7 58
4817 8 10 67
4820 7 9 2
4824 14 9 2
4827 6 18 85
4829 18 11 81
4843 9 5 51
4848 17 14 43
4850 14 6 3
4851 0 7 76
4860 11 19 13
4861 3 9 26
4875 19 2 22
4877 11 17 79
4879 5 3 1
4884 12 0 63
4894 7 5 11
4906 6 13 87
4907 2 15 18
4909 2 18 36
4920 5 6 1
4927 10 3 85
4928 6 1 36
4931 3 17 9
4932 16 16 3
4933 19 8 9
4952 4 15 96
4959 7 8 78
4960 4 8 76
4961 0 17 25
4971 1 0 68
4978 2 8 18
