261
27 12 26 12
21 10 22 10
8 16 8 15
26 5 26 4
37 17 38 17
18 4 17 4
14 2 13 2
6 24 5 24
26 31 25 31
39 10 39 11
17 2 16 2
26 13 26 14
17 9 17 8
8 29 7 29
19 25 19 26
7 32 7 33
13 23 12 23
26 6 25 6
2 11 2 10
19 11 20 11
12 1 12 0
9 38 9 37
11 31 11 32
16 19 16 20
0 14 0 15
10 7 11 7
29 20 28 20
22 22 22 23
29 25 29 24
24 10 24 11
28 23 27 23
23 27 24 27
20 38 20 39
32 27 33 27
13 29 12 29
33 21 34 21
2 21 2 20
33 3 33 4
40 35 39 35
7 9 7 8
11 40 12 40
37 35 36 35
1 22 0 22
36 11 36 12
7 4 8 4
1 7 2 7
15 14 14 14
35 24 34 24
32 13 32 14
12 27 13 27
4 19 4 18
24 16 23 16
30 31 31 31
28 18 29 18
7 0 7 1
34 30 33 30
30 15 30 16
3 15 2 15
21 28 21 29
22 39 22 40
14 34 14 33
2 10 1 10
31 20 30 20
10 9 10 8
37 6 37 7
3 33 3 32
40 14 39 14
23 4 22 4
40 12 40 13
15 28 15 29
21 33 20 33
21 24 20 24
20 30 19 30
3 23 3 22
9 21 10 21
38 39 39 39
31 10 31 11
19 17 18 17
29 18 29 19
24 27 25 27
14 30 13 30
27 5 27 4
32 14 31 14
27 18 27 17
29 26 30 26
36 35 37 35
27 28 27 29
10 32 9 32
33 8 34 8
18 29 17 29
0 34 1 34
27 7 26 7
15 34 16 34
5 21 4 21
31 14 31 15
28 3 29 3
32 7 31 7
28 26 28 25
18 34 18 33
39 19 40 19
29 33 29 32
28 38 28 39
40 17 39 17
16 1 15 1
35 9 34 9
28 39 27 39
33 4 32 4
7 29 7 30
28 30 28 31
31 33 31 34
31 0 32 0
8 35 9 35
11 36 10 36
23 14 24 14
36 18 36 19
18 21 18 20
24 3 25 3
23 39 24 39
31 31 30 31
13 10 14 10
30 26 30 25
20 26 21 26
6 7 6 6
4 18 4 19
34 9 34 10
36 5 36 6
16 2 15 2
5 36 5 37
25 35 25 36
17 16 18 16
3 16 3 15
39 11 39 12
24 14 25 14
21 4 21 3
16 27 15 27
14 24 14 25
5 37 5 38
16 34 17 34
5 35 5 34
6 36 7 36
18 23 18 24
7 14 7 15
34 6 34 5
27 27 28 27
32 15 32 16
4 28 5 28
33 27 34 27
25 39 26 39
22 10 22 9
22 4 22 5
10 8 10 7
4 26 3 26
3 22 3 21
13 18 14 18
24 6 23 6
32 19 32 18
7 27 6 27
36 28 37 28
14 16 14 17
27 23 27 24
27 17 27 18
9 12 8 12
6 27 5 27
1 3 0 3
37 18 38 18
30 11 30 12
22 21 23 21
7 8 6 8
27 29 28 29
29 8 28 8
11 29 10 29
31 23 31 22
13 30 13 31
34 5 34 4
0 26 0 25
39 5 39 4
30 20 30 21
20 1 21 1
6 26 7 26
13 6 13 7
20 34 20 35
14 6 14 7
3 32 3 31
10 7 10 6
5 34 4 34
15 16 15 15
26 36 26 35
20 35 20 36
22 8 22 7
37 28 37 27
29 7 29 6
28 17 28 18
23 11 22 11
40 30 40 31
15 29 14 29
31 39 30 39
35 20 35 21
32 16 32 17
39 1 40 1
17 13 16 13
40 6 39 6
19 12 18 12
31 15 31 14
36 10 35 10
6 34 6 33
36 8 35 8
2 29 1 29
16 28 16 29
23 12 23 11
15 32 16 32
5 17 4 17
15 27 15 26
24 22 24 21
20 16 20 15
30 33 31 33
40 37 40 38
3 21 2 21
21 26 20 26
36 23 37 23
31 13 32 13
26 7 26 8
37 1 36 1
27 4 27 5
26 4 26 3
23 21 23 22
35 29 35 28
35 28 34 28
10 17 10 16
1 4 1 3
31 14 31 13
22 11 22 10
25 3 25 4
34 27 34 26
22 10 22 11
28 20 29 20
29 34 29 35
22 36 23 36
31 9 31 10
21 18 21 17
30 12 31 12
25 33 25 34
40 20 39 20
0 11 1 11
1 11 2 11
0 12 1 12
1 12 2 12
37 27 38 27
38 27 39 27
17 24 17 25
17 25 17 26
17 26 17 27
33 2 34 2
34 2 35 2
35 2 36 2
4 1 5 1
5 1 5 2
5 2 5 3
5 3 5 4
5 4 5 5
22 13 22 14
22 14 22 15
139
1 5 1 8
1 5 5 5
1 8 2 8
2 8 2 11
2 11 2 12
2 11 5 11
2 12 2 14
2 36 7 36
3 9 11 9
5 5 11 5
6 18 6 25
6 18 11 18
6 25 10 25
7 34 7 36
7 34 8 34
7 36 10 36
8 28 8 34
10 21 10 25
10 25 10 29
10 29 10 36
10 36 10 40
10 40 12 40
11 0 11 3
11 0 12 0
11 3 11 5
11 3 19 3
11 5 11 7
11 7 11 9
11 9 11 14
11 14 11 18
11 14 14 14
12 39 12 40
12 39 18 39
13 27 13 28
13 27 17 27
14 14 14 17
14 14 19 14
14 17 14 18
17 27 25 27
18 33 18 39
18 39 19 39
19 3 21 3
19 14 25 14
19 30 19 38
19 38 19 39
19 38 27 38
22 5 22 7
22 5 23 5
22 7 31 7
22 23 26 23
23 5 23 6
25 10 25 14
25 14 26 14
25 27 25 31
25 31 28 31
26 8 26 12
26 8 28 8
26 12 26 14
26 14 26 21
26 21 26 23
26 21 27 21
27 21 30 21
27 34 27 35
27 34 30 34
27 35 27 37
27 35 29 35
27 37 27 38
28 8 31 8
28 29 28 31
28 31 29 31
29 31 29 32
29 31 30 31
29 35 29 40
29 35 37 35
30 13 30 16
30 16 30 21
30 16 34 16
30 25 30 31
30 31 30 34
31 7 31 8
36 1 36 2
36 1 40 1
36 2 36 4
36 4 36 6
36 4 38 4
36 6 39 6
37 35 39 35
39 6 39 12
39 12 39 14
39 14 39 17
39 17 39 20
39 20 39 27
39 27 39 33
39 33 39 35
39 35 39 38
15 21 15 25
15 21 20 21
15 25 15 26
19 4 25 4
20 15 20 17
20 15 22 15
20 17 20 21
20 21 20 24
20 21 24 21
20 24 27 24
22 15 25 15
25 4 25 6
25 4 32 4
27 9 32 9
27 24 29 24
29 24 29 28
29 24 34 24
31 12 31 13
31 13 32 13
31 21 31 22
31 21 34 21
32 4 32 9
32 4 34 4
32 9 32 13
32 26 32 32
32 26 34 26
32 32 34 32
34 4 35 4
34 19 34 21
34 19 35 19
34 21 34 24
34 24 34 26
34 24 37 24
34 26 34 28
34 32 38 32
35 4 35 8
35 8 35 10
35 10 35 17
35 17 35 19
38 18 38 31
38 31 38 32
13 7 13 11
13 7 14 7
13 11 16 11
