3035260313
1930967964
1966964377
430175233
4269972481
1291099286
3533957671
3567652750
1043260303
3604404464
468312799
4292297811
3064787645
3604852160
2188792542
3351669535
372133952
765873384
494275360
3910927618
2379539505
2450143343
1065881093
917842147
476755816
3747626442
2699556869
1066020554
1980895140
2822955713
939130908
1500021847
3219247089
681510
3877076187
4198504018
1265619116
403158193
1152049870
3198328463
2340279111
2935643301
3176490790
397000933
1915473596
239643432
405967248
1103484059
1840753713
653089604
2866802712
3318843604
366436987
1504455934
212224227
1165555339
3943858405
3554773669
3980271978
1869635304
270200395
3480353359
3545802682
1043473447
4187880732
3112092642
2936915456
11656410
382907597
1509688358
2550199519
383368201
2502825667
743107956
3010675246
1754372541
2381054562
4139155430
3757912364
994379551
3596086535
2472276324
2769929842
3061272625
3743525933
2478683772
4177319983
4094093785
647263152
1491349320
1187494363
2236406011
12595729
2032649006
39167152
3778883329
3765229965
2803189789
147458155
8874836
2
4
3
4
3
3
1
3
4
1
3
3
2
2
2
1
3
3
1
1
3
2
3
4
2
0
1
0
1
0
4
2
4
2
2
0
3
4
2
0
0
4
4
2
4
2
3
0
1
4
1
4
2
3
0
2
2
0
2
0
1
3
0
1
0
0
0
3
2
4
1
1
1
3
2
3
3
4
0
1
4
4
2
1
4
2
0
2
4
3
2
2
1
0
0
3
4
4
3
0
9
6
9
8
9
7
6
5
9
8
7
6
8
9
9
6
5
8
6
8
9
8
6
9
5
6
6
9
5
8
7
8
9
8
6
6
9
8
9
8
8
6
7
9
6
5
6
9
9
8
5
6
9
9
6
9
8
5
9
8
6
9
7
8
7
9
5
6
6
7
8
7
6
9
6
8
5
6
6
6
7
5
5
7
5
8
5
9
6
6
7
7
5
6
6
5
9
9
6
8
