54 42 17 5 56 39
18 1 13 22 4 47
29 21 0 6 9 31
23 53 15 12 51 25
24 46 49 26 50 16
40 8 43 28 33 44
58 7 26 5 3 18
50 45 59 53 47 14
16 9 43 21 37 44
54 11 35 32 57 19
34 1 40 48 6 55
24 56 29 23 4 10
18 32 49 54 16 57
3 38 44 7 30 11
8 5 45 15 50 29
13 22 19 56 27 35
17 1 2 42 39 25
43 6 40 12 14 9
9 43 13 2 3 44
6 42 21 16 18 17
58 12 38 0 50 54
39 11 31 28 22 4
41 23 34 27 10 52
57 7 36 1 46 19
44 33 31 51 5 40
58 50 22 3 42 0
38 11 32 39 36 13
10 12 45 54 52 26
2 56 7 43 14 9
4 30 15 18 23 37
16 18 39 14 6 19
37 0 44 8 22 30
24 21 38 56 10 12
15 55 31 33 46 34
53 7 45 23 32 49
5 1 11 3 17 13
14 42 57 24 41 13
31 34 4 3 6 11
59 44 7 37 27 48
19 58 1 52 17 45
50 40 53 51 30 18
39 5 38 0 43 29
6 45 41 34 55 22
1 8 0 14 27 10
28 50 12 39 58 21
56 43 11 31 46 54
2 7 18 44 35 32
30 38 51 52 26 37
5 55 19 39 20 21
15 37 54 34 51 8
17 47 31 11 45 7
27 44 38 50 32 13
57 2 43 33 46 18
35 0 42 12 10 36
29 50 12 33 41 20
30 6 18 44 10 38
36 17 11 5 2 24
32 58 16 37 51 0
3 48 43 27 7 14
21 39 35 45 31 42
