22 57 58 21 20 43
12 40 41 28 11 17
50 54 30 15 44 6
29 49 0 14 13 52
56 48 2 37 33 51
34 4 9 24 42 26
56 52 45 50 27 25
3 40 20 18 15 24
51 23 44 6 53 46
47 58 59 26 29 57
31 33 42 2 13 21
4 0 22 10 1 12
15 36 9 46 0 14
30 48 33 39 32 8
20 10 57 2 41 34
40 12 18 59 45 22
27 53 4 19 6 49
21 16 38 47 51 5
15 42 38 0 11 43
27 4 21 32 14 9
40 39 12 56 26 18
19 16 45 1 47 44
17 25 28 20 35 50
33 37 52 41 49 2
28 5 10 2 39 20
45 55 23 36 25 33
11 34 38 32 48 40
12 19 47 49 41 54
37 44 43 42 53 7
8 6 56 51 29 14
50 32 38 27 44 35
2 12 8 33 30 21
13 18 40 45 52 36
42 39 11 9 43 0
37 10 17 49 5 23
7 20 3 41 31 25
7 8 15 1 44 42
31 56 36 12 45 34
39 18 43 48 50 6
23 5 33 9 21 14
2 32 0 30 51 22
52 26 13 17 40 38
5 18 10 2 31 52
32 37 11 8 40 51
46 6 44 33 1 42
49 7 17 12 43 34
39 54 30 45 28 38
16 23 13 0 15 21
57 31 4 17 46 54
39 19 21 11 18 13
5 6 34 49 43 56
32 7 44 22 25 30
27 8 12 2 0 37
10 26 45 55 29 58
52 31 44 38 6 50
57 4 12 34 43 18
15 22 45 16 11 8
40 20 13 33 7 19
47 5 10 46 49 9
21 39 36 17 37 2
