14 26 20 31 30 56
9 16 48 18 44 39
1 50 10 21 57 58
25 3 5 43 27 22
38 33 34 4 29 32
49 46 12 36 45 59
30 12 22 11 8 28
58 18 54 3 29 43
24 44 6 31 34 2
15 41 9 20 10 35
59 16 39 56 27 50
14 19 52 42 4 0
50 37 39 32 45 3
36 24 8 16 52 18
38 48 33 57 35 31
53 7 12 2 44 21
30 14 20 51 47 13
11 42 40 17 59 29
17 15 44 33 2 47
30 36 12 38 1 29
11 3 45 16 49 9
50 14 5 7 22 31
53 51 28 8 10 56
32 57 37 13 43 35
13 14 55 37 52 2
21 16 50 5 32 51
33 17 6 12 3 44
31 39 10 11 7 46
9 22 38 18 34 43
40 42 58 49 45 24
32 10 9 13 22 38
6 21 37 44 45 40
49 8 11 41 50 31
18 14 5 33 25 17
27 43 7 12 39 29
16 47 2 42 28 0
25 9 35 39 11 5
33 8 51 30 12 42
31 43 7 18 13 32
53 17 10 45 14 47
28 57 36 23 20 1
38 0 37 56 41 44
18 23 7 13 47 43
45 2 32 36 46 57
53 17 44 56 21 29
5 34 22 24 6 8
15 50 39 19 11 14
26 59 16 31 54 49
20 39 44 14 24 58
22 16 13 51 15 29
6 17 38 12 11 50
53 43 46 54 7 10
49 30 18 47 52 26
9 32 3 4 36 28
29 44 15 1 32 50
37 43 12 28 16 31
42 0 39 17 23 13
8 38 33 3 51 25
34 11 45 57 46 49
6 20 21 2 7 59
