31 10 7 5 53 35
32 24 37 50 19 39
8 40 34 26 41 25
49 28 33 59 30 22
23 27 47 15 21 13
38 56 1 55 14 54
37 12 52 46 33 1
17 55 10 40 53 28
59 50 44 54 39 48
9 16 47 26 31 25
15 19 2 22 20 49
57 43 27 42 8 30
19 1 46 7 47 49
13 3 56 37 17 0
32 42 33 39 12 44
45 2 15 11 6 21
35 51 50 36 16 38
48 41 28 8 43 24
3 7 39 36 1 25
9 35 18 54 5 32
12 31 51 13 56 47
55 21 45 57 50 4
17 2 23 16 14 44
10 53 49 6 0 30
10 15 11 31 20 3
0 18 17 23 28 6
43 56 12 44 16 30
5 38 14 9 29 47
13 32 36 39 45 21
48 37 59 7 55 25
30 36 6 50 48 56
31 29 12 13 19 28
44 32 38 11 42 4
45 43 2 37 5 49
14 33 58 41 21 53
57 20 22 39 24 1
55 52 31 32 8 24
39 38 16 10 21 20
3 44 12 6 56 14
22 48 18 11 50 0
43 13 2 9 45 7
36 23 53 54 37 1
55 6 33 4 53 43
8 22 12 5 7 56
50 11 38 2 42 3
17 13 45 37 20 48
28 49 18 39 29 52
30 19 44 32 46 51
36 50 44 11 53 3
23 16 46 20 7 18
40 13 15 5 1 39
43 42 2 32 4 49
26 12 45 22 17 59
33 30 34 6 41 29
55 5 29 51 17 35
54 45 37 4 46 31
12 38 7 40 44 15
32 16 26 39 33 50
20 57 18 11 34 9
41 56 36 13 10 8
