41 29 24 43 52 30
34 56 0 55 51 46
11 39 32 28 6 17
42 15 5 31 22 58
19 4 54 47 59 10
21 35 16 40 3 50
4 52 58 33 53 54
19 6 55 30 37 48
23 36 22 51 15 17
29 43 13 57 7 41
40 12 8 0 49 31
44 14 42 45 50 47
16 56 18 30 45 20
25 42 44 8 40 49
31 11 10 17 28 29
37 12 9 0 27 26
59 14 21 2 55 58
39 46 32 51 1 38
46 1 3 45 40 37
36 11 12 39 43 19
41 51 44 6 8 17
22 10 49 16 15 32
31 14 21 38 55 54
24 18 50 56 34 9
6 49 45 43 2 25
13 37 38 51 47 54
44 23 12 9 7 32
14 34 39 57 16 56
22 15 17 59 53 27
1 21 20 11 48 50
39 48 38 42 21 58
27 51 4 54 44 53
45 11 10 12 6 20
18 35 14 50 8 37
55 34 17 7 28 29
52 5 32 16 31 24
31 12 56 54 13 37
19 5 43 39 45 11
15 16 7 51 40 34
32 46 2 38 23 18
36 10 44 0 42 55
22 21 17 58 14 20
31 33 12 18 45 24
9 16 39 43 32 49
13 10 44 8 50 48
15 22 42 40 2 27
51 38 6 37 34 3
11 1 54 21 20 0
6 39 26 19 37 49
30 1 2 4 8 31
12 33 21 22 34 40
5 15 44 46 56 23
20 10 38 25 51 11
0 3 48 42 7 13
25 12 24 56 3 17
6 42 51 15 44 36
7 21 39 52 38 45
57 32 54 26 4 13
33 43 18 48 16 10
35 9 31 11 50 27
