56 32 39 52 5 16
31 51 25 42 49 36
53 12 24 40 33 29
45 28 17 13 38 14
21 10 47 43 4 27
34 22 50 18 48 11
1 24 27 51 20 48
22 13 32 0 5 42
57 31 7 11 33 55
18 17 23 15 36 9
49 45 4 6 40 19
8 43 26 41 52 2
58 12 48 54 44 40
52 32 14 1 17 43
16 22 46 18 19 42
11 2 30 45 38 28
21 31 0 3 39 49
36 50 6 9 27 35
49 54 39 5 41 18
42 1 10 20 56 13
8 47 52 0 4 51
31 43 6 12 7 11
32 3 35 38 9 44
46 36 33 26 50 22
16 28 38 47 0 41
51 31 32 11 18 36
42 17 39 22 43 7
57 49 13 12 56 14
37 33 50 45 44 24
26 5 53 52 6 4
25 30 39 18 12 32
0 51 44 43 17 22
31 8 7 37 54 36
11 6 19 27 15 34
4 26 38 48 45 56
16 50 20 13 42 35
4 41 8 3 9 48
2 21 38 5 37 13
36 46 12 6 53 7
30 11 47 1 16 27
43 39 17 14 28 20
22 10 40 0 44 42
30 16 32 8 6 20
58 45 22 33 37 5
51 3 38 57 15 34
47 39 11 23 4 2
7 49 0 17 56 52
50 28 43 59 24 12
46 54 48 11 10 59
2 44 5 43 23 28
38 8 40 13 26 1
29 34 55 31 6 20
7 17 21 53 3 16
0 22 51 32 18 36
24 55 12 53 21 42
30 39 34 11 16 58
15 48 10 37 43 36
6 44 14 41 33 59
49 29 7 38 19 32
28 47 46 20 40 50
