55 38 44 7 35 15
46 36 26 3 52 50
9 53 31 59 8 19
37 39 27 57 21 32
33 6 29 34 42 22
48 18 43 17 20 49
51 48 50 5 28 22
2 37 4 20 53 23
43 44 38 1 7 16
47 10 33 49 54 9
25 24 32 19 58 15
36 14 34 45 41 42
51 6 15 20 4 37
22 50 18 1 38 11
25 0 43 17 40 13
54 47 30 2 9 5
21 57 41 46 31 8
45 34 29 23 10 35
5 33 1 59 31 17
12 32 18 43 39 52
47 36 38 51 3 20
55 10 40 19 9 35
22 37 54 45 46 0
30 50 23 16 27 57
40 31 26 17 45 33
48 44 37 2 15 4
38 52 12 30 53 16
6 24 58 34 19 1
29 27 11 32 14 13
42 55 7 50 43 23
35 10 51 58 19 44
42 18 15 7 34 2
23 37 12 14 0 43
57 39 11 46 27 3
25 48 16 32 45 54
24 1 5 50 38 6
19 55 29 26 30 54
25 28 15 20 48 31
16 38 43 44 39 21
14 47 2 11 6 7
0 4 58 41 12 51
24 17 52 8 3 13
13 6 53 8 50 24
12 1 45 42 30 35
18 15 11 20 43 0
37 33 44 52 19 21
9 23 4 10 5 25
49 7 38 39 48 3
51 46 25 7 17 11
0 38 57 50 18 39
36 4 33 32 2 59
30 31 3 44 40 6
37 42 1 45 16 49
41 15 19 55 5 8
45 2 16 50 0 10
34 44 46 48 43 31
39 20 7 49 12 59
29 38 35 14 6 26
47 17 40 5 32 33
3 22 30 21 1 9
