39 7 40 0 58 25
34 17 54 2 22 30
16 51 5 23 33 32
14 24 3 52 56 4
46 29 44 15 35 49
12 8 21 57 37 26
41 2 18 25 14 37
32 23 58 55 9 17
57 50 11 13 21 27
1 12 16 0 8 39
42 22 56 51 29 7
31 40 59 24 15 54
46 8 22 15 40 7
45 5 51 50 25 17
55 13 37 19 39 31
44 49 14 18 12 36
34 26 1 30 23 32
24 0 27 38 56 6
15 44 8 50 58 34
43 46 32 45 48 20
42 6 38 40 3 11
17 16 39 18 2 14
51 10 1 49 13 12
5 59 23 7 31 29
24 41 11 39 38 20
33 47 6 17 51 42
52 7 44 50 0 32
16 8 21 2 13 18
15 45 27 49 55 14
40 58 23 22 1 54
45 32 6 8 36 48
26 44 31 1 11 37
0 33 12 39 38 28
57 53 4 2 7 17
14 47 30 16 56 55
22 51 42 21 9 23
0 11 48 52 43 28
57 37 32 29 7 38
16 31 46 12 45 51
13 44 33 9 54 34
18 42 8 55 58 22
40 10 19 4 26 39
6 5 23 32 56 39
15 37 19 13 4 57
52 34 0 12 38 28
30 44 42 45 33 16
25 7 10 11 27 59
22 31 21 40 17 43
16 8 34 18 15 36
3 13 33 46 52 11
31 35 9 43 28 50
39 44 12 38 19 51
45 54 29 5 10 24
22 57 23 37 48 4
54 52 4 2 40 36
34 45 50 1 8 21
20 5 38 44 46 16
24 22 41 33 12 18
27 35 23 32 3 51
17 56 31 59 15 0
