54 0 38 4 17 59
18 57 42 14 25 56
22 39 12 37 13 26
23 32 8 51 6 58
19 7 44 15 11 24
50 2 16 10 55 3
29 5 6 20 9 3
27 12 4 17 55 23
21 54 38 39 59 47
35 42 48 49 28 26
50 15 1 25 14 36
44 18 31 24 32 22
6 50 13 46 28 43
34 15 33 45 32 42
3 5 12 39 48 19
8 18 7 38 37 53
31 51 21 2 4 11
57 59 25 55 35 30
11 23 7 33 15 58
0 22 14 2 16 53
37 17 12 45 42 9
48 38 44 39 5 31
51 6 18 27 47 54
32 21 49 8 3 36
21 43 50 44 14 55
17 13 7 51 18 56
5 38 45 30 39 26
15 1 2 37 34 8
12 49 31 16 11 42
6 0 19 32 33 41
42 11 29 12 44 52
33 58 54 14 18 31
2 32 10 51 53 28
50 30 5 38 46 59
21 23 24 20 7 13
0 17 57 39 35 3
18 10 11 34 8 7
13 45 1 54 44 2
39 12 37 5 24 38
56 16 55 6 36 4
59 58 43 28 22 42
0 14 50 41 17 27
23 18 45 58 22 8
1 47 50 36 28 2
32 44 38 12 24 43
9 35 11 56 0 10
37 20 34 49 27 33
53 6 29 5 31 42
37 20 46 24 33 18
1 10 9 40 5 31
16 11 12 44 43 3
59 2 38 32 4 49
55 22 45 51 13 15
36 25 27 39 48 8
24 13 11 10 0 19
51 9 45 15 46 52
4 16 17 39 7 30
6 48 12 38 44 1
14 43 2 5 37 22
35 33 31 32 29 49
