46 17 11 57 43 9
10 54 20 4 7 32
55 23 25 14 30 52
44 8 50 56 58 28
1 22 36 59 51 26
19 42 27 35 38 0
33 6 59 9 2 41
46 25 38 20 56 55
27 15 16 13 4 37
17 43 12 21 3 50
18 51 53 11 44 28
26 5 14 45 1 42
25 53 51 1 16 52
20 8 50 18 39 32
11 27 57 10 54 7
30 47 38 23 45 46
24 0 3 14 26 35
2 4 56 6 36 12
5 52 38 4 0 43
31 57 33 39 51 23
2 6 12 16 10 59
15 1 22 11 49 56
37 13 45 30 17 25
19 54 50 53 42 28
56 27 38 31 6 47
33 1 17 12 13 54
43 11 32 39 44 25
18 37 50 45 34 2
30 15 7 52 24 14
46 49 16 53 48 36
17 38 18 44 51 23
15 39 42 6 10 49
1 24 12 45 2 8
9 7 20 21 57 11
32 33 50 43 59 0
55 34 28 16 46 52
24 29 44 49 26 8
41 43 39 51 34 58
38 36 12 54 47 4
10 20 40 13 11 56
7 37 19 23 55 14
28 5 35 53 25 0
31 19 30 6 51 52
37 48 34 44 7 53
9 11 46 50 18 36
3 38 33 17 5 45
39 21 15 49 26 47
56 57 16 8 54 12
16 51 17 45 0 21
32 12 13 38 1 40
19 53 43 11 37 8
24 22 7 39 49 27
14 50 44 56 6 15
10 31 18 25 4 5
6 16 21 2 1 4
14 13 11 38 10 48
40 37 7 12 43 3
51 15 44 8 39 31
45 33 32 17 34 41
46 50 18 0 49 9
