40 32 45 34 1 33
37 21 38 35 4 17
57 0 42 3 26 22
50 44 9 46 54 52
48 12 28 27 43 31
58 47 51 59 16 18
46 58 11 26 25 14
5 49 1 2 12 38
30 36 22 56 4 59
18 53 29 54 16 48
6 19 9 23 17 15
39 3 20 50 47 55
22 56 3 51 11 18
10 42 26 49 52 45
24 6 23 36 12 16
4 17 35 39 46 41
30 20 38 44 32 14
50 7 31 8 58 28
54 41 39 50 32 10
14 12 45 58 4 6
18 38 30 31 22 11
34 56 48 16 13 20
7 15 36 1 23 33
19 51 59 25 52 47
7 6 40 19 53 22
39 42 43 48 11 47
13 2 12 37 1 45
32 10 38 36 21 58
33 59 16 27 41 24
3 17 52 56 18 23
34 31 5 9 57 8
7 27 39 6 40 0
12 16 2 37 23 41
43 49 10 44 17 36
58 38 26 14 33 45
13 59 28 15 30 3
20 32 17 39 36 26
25 6 12 42 13 38
5 40 44 48 43 37
23 22 11 10 58 16
28 1 18 27 8 52
29 15 56 51 4 46
3 37 48 22 55 16
7 45 50 32 15 34
11 38 40 6 43 31
39 33 17 18 21 9
1 12 10 42 44 5
30 2 24 51 47 46
17 15 31 11 6 0
57 44 32 12 50 8
30 5 7 38 22 24
4 13 37 33 18 2
39 16 49 29 51 14
1 47 21 36 42 46
12 4 1 17 32 31
36 6 15 45 14 5
18 49 44 38 16 37
40 11 7 51 56 34
19 55 13 0 10 50
9 43 26 2 33 46
