41 22 3 36 47 31
15 42 17 21 58 20
14 55 11 49 52 5
37 30 2 4 18 39
40 44 59 56 51 35
46 34 24 45 23 8
54 41 24 29 14 30
18 5 28 38 40 37
59 7 4 34 2 12
22 52 32 16 45 35
25 47 49 9 31 20
11 43 27 57 44 39
49 18 17 38 19 47
56 35 11 39 21 30
24 33 44 12 13 4
31 45 51 32 2 50
52 43 57 3 34 48
58 29 20 26 14 10
0 14 13 51 23 22
18 17 38 26 15 48
36 31 6 47 4 43
12 40 2 41 16 34
49 44 11 32 39 8
52 7 50 59 10 29
18 1 13 30 43 51
39 12 46 17 21 44
24 41 47 52 27 37
11 38 48 22 59 6
2 55 14 8 25 0
9 33 40 50 19 56
44 2 7 26 43 35
39 49 11 38 12 13
9 25 31 59 16 27
52 17 57 1 30 32
14 21 40 5 29 0
41 48 58 15 37 33
11 41 24 58 38 45
23 25 20 35 47 48
59 54 32 10 39 30
57 13 51 0 26 22
2 56 33 3 46 6
21 43 18 8 1 14
41 3 6 33 46 35
20 53 22 50 14 11
8 59 24 43 51 2
5 9 49 23 7 12
19 18 38 16 54 10
39 15 32 48 57 45
15 43 21 17 0 39
53 8 6 31 5 55
20 56 18 22 42 49
38 11 47 3 36 54
2 50 25 7 33 57
16 58 28 14 19 32
35 11 53 9 28 32
48 7 13 15 18 12
41 6 49 47 24 44
51 56 23 1 2 5
58 37 17 46 38 21
22 42 29 36 0 19
