21 9 24 35 58 7
16 47 4 51 46 20
42 50 56 10 33 49
37 22 26 19 39 1
31 54 52 53 6 27
36 43 29 28 11 0
27 2 24 23 38 30
5 28 13 51 39 58
25 22 44 14 49 37
7 41 16 47 8 48
26 29 19 1 18 21
54 20 10 11 42 40
59 33 54 36 34 42
37 17 2 10 8 29
16 30 51 39 9 25
38 15 40 12 46 19
49 35 28 0 52 45
22 43 6 1 48 41
24 33 1 57 6 58
40 4 52 59 46 11
17 23 2 12 18 42
53 8 7 34 47 39
48 15 22 3 43 27
50 10 20 37 36 31
56 23 1 9 24 27
34 3 11 16 45 57
58 4 44 31 41 39
49 47 6 0 26 50
48 28 25 36 19 10
35 37 32 38 17 12
5 40 16 18 39 36
50 44 13 51 37 34
33 41 12 11 1 10
32 45 30 38 35 49
14 56 42 21 15 27
0 2 46 7 28 20
21 5 22 52 26 25
10 6 33 43 17 56
45 16 38 12 39 1
42 49 7 51 3 31
19 14 11 8 44 18
32 27 50 15 9 48
45 6 50 34 59 10
2 39 14 38 54 16
52 7 43 32 24 30
20 11 27 0 1 22
9 5 44 19 12 4
31 17 33 13 53 18
49 48 16 2 43 7
37 12 26 24 15 40
4 5 44 18 17 39
41 45 11 38 8 55
33 3 53 34 52 32
1 35 31 56 19 10
28 2 12 39 24 26
56 16 37 44 47 40
11 0 8 9 43 51
32 18 15 27 34 13
33 17 7 49 52 30
25 21 22 57 38 20
