24 12 55 1 33 47
29 10 13 3 46 17
34 8 54 35 5 53
57 21 4 52 36 30
39 41 50 28 51 0
38 44 48 16 11 6
46 40 8 2 58 44
24 37 22 56 45 48
52 49 33 34 17 0
32 16 54 18 31 35
26 4 19 59 39 1
38 12 3 5 41 23
17 52 37 45 48 31
51 43 21 12 32 40
33 8 38 39 9 6
34 18 2 47 36 3
46 25 13 22 19 23
26 20 10 42 30 16
13 15 14 21 44 16
3 18 37 50 30 7
39 38 12 11 5 17
9 4 6 42 45 51
43 32 34 56 19 36
52 1 35 27 20 53
47 3 6 59 28 11
9 46 26 38 33 41
13 14 0 37 50 35
53 52 8 18 40 34
31 1 56 7 27 16
19 51 24 12 21 2
4 56 18 21 28 53
31 39 48 36 24 22
49 30 17 50 38 42
45 57 43 10 14 7
51 32 6 8 20 44
12 37 46 23 29 11
7 42 6 32 59 49
47 57 50 34 20 22
43 13 38 2 12 5
15 14 40 53 8 45
23 30 44 52 46 10
11 28 21 16 33 18
32 44 8 50 17 43
11 14 30 37 3 5
38 46 12 6 1 26
34 52 56 45 28 25
18 19 35 10 16 2
55 42 0 54 48 4
57 20 6 50 56 5
55 58 16 3 45 33
30 27 12 37 2 31
8 44 39 43 38 17
48 46 52 7 40 10
51 13 1 26 18 11
6 38 13 2 30 25
36 4 51 44 10 37
33 17 12 18 35 45
39 0 3 14 5 53
42 34 22 16 46 21
52 56 50 48 1 23
