28 38 34 53 6 12
15 23 36 42 21 0
41 50 7 19 11 4
40 18 57 3 45 25
39 8 24 29 55 10
33 47 56 43 5 20
23 27 18 19 35 34
11 20 36 44 30 52
38 40 7 9 5 6
15 8 31 33 39 10
57 58 54 48 24 26
53 25 12 29 32 50
46 0 8 23 52 45
6 18 11 12 34 58
21 3 50 17 44 38
13 54 19 32 5 10
2 41 33 22 39 55
4 36 51 16 1 29
4 3 51 36 43 26
52 37 45 5 38 13
33 44 12 11 17 20
18 23 6 1 8 35
41 30 16 31 42 14
19 27 34 39 48 59
9 50 4 12 43 44
17 6 16 23 13 53
48 18 45 51 37 11
39 22 46 36 14 3
7 30 31 40 34 47
15 38 52 49 33 57
31 25 32 5 59 53
11 46 7 42 16 47
30 44 34 14 48 1
52 38 8 57 35 29
10 18 37 41 20 40
23 54 27 43 6 2
2 56 51 47 36 9
32 31 13 12 22 54
44 7 39 16 38 10
37 1 43 17 45 29
40 50 11 6 55 34
28 59 42 24 23 4
20 11 46 45 50 58
0 17 13 1 6 48
22 12 44 40 15 23
16 38 33 39 51 35
57 31 7 18 3 5
27 41 8 32 49 56
43 21 32 37 14 18
52 16 10 44 20 5
50 39 17 7 2 35
22 45 12 33 38 3
6 51 11 13 27 26
9 59 1 34 54 8
10 49 51 7 17 40
29 11 2 48 45 19
44 12 13 33 50 6
59 18 16 15 37 14
58 43 5 39 47 38
22 56 30 34 24 1
