4 42 45 35 8 23
9 21 43 28 31 37
1 40 13 34 39 29
19 2 33 0 6 25
58 50 38 11 18 49
30 16 53 12 26 32
6 2 13 18 8 29
54 31 45 15 14 55
22 10 33 12 28 58
35 40 46 25 49 7
17 51 3 47 19 36
11 20 5 56 27 37
17 40 8 16 55 13
37 39 32 20 51 28
59 5 12 45 38 31
7 10 44 6 48 30
19 15 9 2 1 25
26 21 49 42 58 35
15 46 6 17 57 36
42 19 12 37 38 22
8 45 11 44 39 2
53 50 16 5 14 55
40 0 10 43 9 54
23 30 51 52 18 4
49 39 42 32 33 41
8 6 21 15 16 50
44 38 12 30 53 46
11 5 23 43 34 36
7 45 37 40 13 52
26 10 2 51 31 17
14 17 48 31 26 41
46 58 1 35 11 4
5 52 37 21 18 10
45 3 42 27 57 33
9 19 12 34 39 44
28 59 13 15 53 43
32 25 57 22 37 31
11 47 44 41 21 27
49 23 5 2 12 51
30 38 6 36 15 0
33 26 3 7 52 20
35 14 24 54 8 43
3 36 43 37 53 44
48 12 2 4 45 27
38 28 39 7 50 52
13 15 11 47 32 24
0 8 49 20 25 31
33 21 18 6 55 51
5 36 7 32 13 40
43 29 44 49 25 12
31 16 18 58 37 8
19 10 23 56 11 38
33 51 54 46 30 55
42 53 9 3 47 14
17 26 43 1 5 50
58 39 14 40 25 33
55 36 44 46 10 30
52 16 19 27 32 12
3 42 13 49 15 37
24 57 35 38 2 6
