50 15 57 17 11 34
18 19 53 12 22 13
7 46 48 37 41 44
23 3 10 55 33 39
51 56 35 40 4 30
36 2 20 8 5 58
23 48 19 44 12 39
5 40 7 59 13 35
29 9 42 56 3 8
0 2 27 32 6 4
15 34 54 28 26 1
16 43 45 53 36 10
1 29 17 10 38 45
15 30 11 18 32 49
2 46 52 19 42 37
44 25 6 13 40 48
22 43 12 20 54 47
59 55 41 9 39 24
7 36 32 33 34 28
8 31 10 11 49 1
39 13 38 30 43 24
12 19 44 6 59 40
4 2 15 37 25 42
29 22 45 17 58 26
52 38 56 12 47 54
40 16 7 44 37 36
33 45 11 8 10 58
32 43 51 15 39 55
26 48 18 13 1 0
50 21 34 20 2 23
13 3 17 51 10 47
5 44 12 22 43 57
42 32 45 37 14 1
6 11 38 39 41 26
15 31 49 7 8 40
50 19 16 36 21 0
13 11 44 32 18 58
40 10 31 15 8 1
37 30 12 55 42 50
20 7 49 17 46 33
54 21 51 39 52 45
36 2 38 6 5 35
21 1 50 43 48 32
34 37 38 49 25 26
12 23 11 2 19 42
0 31 44 45 7 30
8 27 46 40 16 41
53 29 6 10 15 17
43 12 1 6 45 32
18 16 37 7 46 58
26 30 10 9 44 8
3 59 38 39 50 53
25 49 47 4 41 13
11 33 57 55 2 15
39 31 52 18 49 32
21 3 14 46 1 30
0 2 10 13 40 16
55 37 44 4 5 50
56 34 11 47 17 51
35 12 38 54 23 6
