48 59 14 29 9 42
26 25 20 45 28 8
55 16 19 24 31 40
18 23 12 27 43 2
49 3 37 50 1 44
6 15 21 46 51 58
49 48 56 25 59 53
50 21 2 45 3 31
46 0 17 24 26 27
33 54 55 4 6 37
39 34 20 16 36 7
58 22 51 1 41 5
58 21 40 36 17 24
43 23 32 16 15 22
1 2 45 38 57 50
20 7 39 44 6 14
51 10 34 33 19 25
46 12 37 42 35 13
33 18 50 56 32 4
16 51 43 17 12 7
1 8 13 45 0 20
10 57 44 11 37 42
31 58 3 21 46 34
6 38 22 5 40 47
40 17 12 7 37 51
20 44 31 0 43 6
39 11 49 18 23 33
28 5 30 3 50 2
8 38 10 22 26 36
45 32 54 15 21 1
10 11 41 39 4 27
9 31 54 45 0 28
3 8 33 38 36 52
34 1 7 16 12 25
5 55 32 37 20 18
17 6 42 13 19 49
19 39 46 13 4 44
1 17 21 31 43 49
11 38 18 6 32 12
40 8 34 26 56 29
7 37 42 3 16 55
35 10 33 50 52 57
9 42 58 39 28 20
7 50 26 32 44 47
2 38 11 12 22 45
16 43 13 51 57 8
48 49 29 3 10 0
6 4 27 54 52 37
17 29 59 53 9 3
32 44 13 19 4 15
55 56 38 14 11 42
12 0 46 2 40 5
24 18 37 54 34 41
48 6 23 57 52 30
23 1 39 49 37 25
42 10 47 26 44 34
55 17 13 9 21 36
11 2 14 38 7 33
16 46 32 40 24 27
54 15 50 43 6 41
