56 54 58 28 39 30
5 10 16 32 17 9
33 8 23 53 2 41
52 11 22 38 44 57
59 34 48 13 36 21
42 19 35 29 27 20
14 49 25 13 10 55
33 3 42 44 31 32
0 18 7 45 26 56
19 29 50 24 52 6
57 34 15 23 16 30
4 46 28 12 2 27
21 11 41 56 38 24
57 40 46 1 50 10
3 13 12 16 9 39
35 44 36 17 33 32
53 26 42 15 0 48
18 31 8 55 30 59
51 57 6 2 4 54
18 16 44 22 30 50
29 20 12 45 23 33
32 46 17 0 13 48
37 24 39 34 15 49
8 41 38 7 40 56
43 17 18 22 35 44
54 5 1 38 51 0
32 31 11 15 10 8
55 37 42 16 12 57
40 52 19 41 2 4
29 6 9 34 20 3
2 46 37 12 44 7
1 9 40 15 16 36
45 6 39 5 51 17
32 48 10 0 8 34
18 38 27 31 42 19
47 35 52 43 24 23
7 19 58 37 51 1
8 9 13 16 31 56
10 50 45 43 0 34
33 2 38 4 6 18
22 44 17 57 28 12
3 49 52 25 39 40
19 54 45 37 34 23
18 51 38 22 10 14
44 6 12 39 31 24
46 50 11 8 13 48
52 16 33 56 53 36
15 0 49 32 35 21
42 55 44 9 7 10
22 11 12 46 39 20
33 38 2 45 8 41
43 16 49 37 13 57
31 5 6 15 53 28
32 24 56 50 4 30
19 23 9 8 32 28
14 15 7 33 2 10
39 11 17 37 52 40
22 50 49 38 13 0
43 59 44 12 1 31
58 57 5 18 30 6
