24 36 42 49 31 7
45 4 10 53 47 25
26 39 50 0 37 29
22 6 15 46 35 9
40 21 57 2 3 59
19 1 55 27 43 28
31 4 11 40 9 6
36 12 5 26 23 52
14 42 49 54 17 57
2 18 51 45 48 8
3 47 15 32 58 35
53 43 37 16 24 55
27 48 28 45 0 53
22 11 12 56 54 2
36 10 38 31 6 25
52 21 40 37 5 57
1 44 7 19 30 18
50 34 55 3 47 59
40 44 13 42 21 19
46 36 12 6 0 27
38 8 1 39 41 25
9 50 45 32 5 47
18 11 33 16 56 14
2 49 37 31 20 52
13 16 52 1 58 31
2 43 32 53 22 29
51 37 17 33 39 21
45 10 44 8 46 12
50 15 26 3 9 28
6 11 38 41 7 19
19 55 58 57 7 54
49 1 45 44 3 29
28 24 12 31 13 36
34 56 9 4 6 18
23 39 32 22 37 38
0 33 50 10 42 25
13 1 32 48 11 10
7 42 33 17 12 5
59 6 31 50 0 24
39 38 8 47 44 54
56 34 37 21 45 35
20 41 36 28 30 9
43 38 30 36 7 22
33 2 24 39 18 34
9 56 16 32 57 11
4 6 45 40 17 21
37 20 49 44 12 46
3 31 55 35 50 0
18 25 16 37 50 24
7 38 17 28 39 20
11 41 0 44 46 13
32 8 26 6 54 42
23 34 1 36 51 4
10 5 22 2 27 45
4 0 23 34 40 2
8 5 24 37 1 58
56 45 11 39 46 49
17 12 48 32 38 51
52 13 44 50 16 30
7 33 55 57 27 43
