7 41 23 29 12 42
26 3 30 57 56 52
1 4 54 51 22 44
6 31 58 9 33 25
0 8 45 37 48 18
59 40 2 43 17 19
40 20 16 51 3 29
21 34 27 53 54 36
4 43 6 56 42 19
52 30 0 28 25 55
38 58 35 32 15 18
2 17 39 48 33 10
41 37 10 45 42 53
16 28 34 8 39 33
49 52 17 5 43 27
44 50 11 57 40 25
31 1 9 19 7 6
12 51 58 15 13 47
49 11 19 43 4 23
8 13 38 16 0 32
58 25 48 39 15 35
56 44 45 2 1 9
5 37 10 31 30 24
59 40 34 41 18 33
0 16 10 6 37 41
13 43 15 45 46 3
38 39 44 50 14 8
32 19 18 25 33 36
2 11 56 52 7 23
21 51 12 5 34 20
33 35 8 19 31 44
39 51 1 46 59 36
56 45 37 27 7 16
11 6 10 21 47 30
43 38 34 0 58 54
17 23 57 13 12 41
31 2 3 46 48 51
45 41 12 18 14 10
27 39 32 11 38 57
52 44 13 6 34 36
55 7 20 22 1 50
23 21 16 49 33 42
5 2 38 51 55 0
10 32 8 44 40 46
17 12 11 50 21 16
36 6 39 45 49 4
14 18 37 34 23 19
15 20 28 42 33 31
38 10 50 26 44 36
4 49 32 16 42 8
43 7 39 12 13 58
25 55 31 1 19 5
45 11 37 21 28 18
17 0 56 20 34 40
50 32 10 49 47 40
4 48 12 7 13 52
2 36 38 11 3 33
39 14 44 18 56 35
16 54 20 1 9 0
29 17 21 55 45 41
