48 33 1 54 31 6
2 44 32 14 39 43
58 0 37 8 52 28
15 12 38 46 49 10
18 26 3 36 27 24
9 47 4 30 59 5
20 5 32 54 15 38
57 39 35 47 4 43
8 31 52 29 33 21
18 14 7 42 30 6
19 41 50 10 12 49
48 23 16 13 11 58
22 50 36 47 0 51
7 17 39 31 48 9
40 20 12 11 43 53
15 37 16 44 35 5
18 13 42 55 10 14
49 58 46 41 28 56
3 34 56 36 38 31
50 13 17 6 33 18
53 44 12 8 23 45
10 5 11 39 2 43
42 21 52 40 48 19
4 7 37 30 57 58
51 18 23 7 37 25
50 26 47 57 44 56
35 4 11 16 45 1
31 38 12 39 9 15
43 36 17 55 33 30
32 19 14 29 0 34
12 39 51 54 3 34
7 38 35 8 13 46
1 26 44 32 33 45
18 5 11 4 43 36
37 22 27 6 30 49
25 29 57 19 31 17
26 49 47 53 27 18
2 40 31 30 7 58
36 29 10 11 46 13
23 8 45 32 1 39
12 55 3 59 24 4
54 48 37 33 21 44
41 53 8 7 37 51
26 2 15 44 13 35
20 33 40 38 28 43
12 23 52 1 11 58
10 39 42 4 17 6
47 34 27 50 46 14
5 0 10 38 11 9
37 44 51 57 40 28
39 41 12 46 2 42
52 6 21 18 22 13
43 50 45 8 56 25
20 7 47 54 19 55
20 0 56 1 26 43
38 53 39 17 24 16
25 6 12 51 52 58
46 18 29 33 36 44
28 21 9 30 32 7
49 42 10 55 37 50
