6 30 24 5 59 23
9 28 26 39 25 55
47 51 42 38 57 45
17 0 12 50 43 53
58 35 29 4 3 11
41 33 2 52 32 21
7 48 17 30 53 58
0 37 15 52 29 57
3 4 11 51 40 5
22 31 39 13 12 49
20 23 25 21 42 2
47 34 19 59 45 36
24 13 31 34 16 49
44 38 50 40 12 42
28 6 45 43 37 7
18 39 17 1 56 47
19 51 21 36 5 52
23 2 8 48 0 20
41 34 40 39 3 37
14 9 8 12 38 46
36 55 18 44 32 31
42 26 17 7 16 49
50 33 0 1 48 11
20 15 19 57 56 10
41 17 51 32 46 56
6 31 50 49 19 14
25 12 38 11 45 15
0 18 16 44 47 43
59 48 7 10 13 33
30 22 37 8 24 39
40 49 45 31 17 53
30 16 37 13 9 14
12 50 7 11 44 52
6 43 38 39 1 34
36 3 32 54 56 10
58 15 25 23 18 20
17 7 18 15 5 13
16 30 51 44 2 52
39 11 12 38 8 50
32 45 36 33 28 1
4 6 22 43 31 47
34 20 48 37 40 10
42 16 6 39 31 33
0 22 32 13 58 21
15 44 12 50 7 8
56 49 38 45 10 47
51 40 11 57 3 55
26 37 34 23 2 35
48 56 7 1 55 14
0 45 39 17 36 52
8 37 44 11 16 53
13 38 6 12 15 42
4 5 43 31 32 54
34 33 49 47 10 50
43 31 8 48 21 10
6 11 3 15 56 0
12 36 38 42 45 20
1 39 44 32 2 50
34 49 33 17 13 19
37 40 16 7 5 26
