23 15 49 22 35 42
30 19 11 57 26 18
14 39 36 4 12 9
16 25 13 10 21 48
1 37 0 51 32 41
3 45 44 5 33 27
30 18 35 45 43 21
47 37 24 49 54 53
3 48 8 44 50 16
51 4 19 41 28 38
15 58 34 52 46 6
56 55 22 13 31 25
44 45 37 47 15 21
57 53 34 6 8 35
30 50 38 32 28 14
4 9 12 43 46 55
26 13 10 41 40 17
33 51 7 19 11 24
5 52 2 38 20 36
13 51 12 8 9 19
1 22 49 44 55 14
17 21 45 29 3 37
28 11 41 16 25 23
54 48 56 47 24 46
8 43 32 40 22 20
42 49 21 39 35 13
7 5 12 41 28 56
15 45 34 38 33 36
29 44 31 11 30 37
47 18 9 4 2 25
12 36 34 31 43 48
0 28 50 44 2 14
47 45 51 17 6 23
11 37 4 38 30 49
10 15 16 9 13 7
5 1 27 42 52 32
38 30 49 6 12 48
42 56 57 23 44 2
20 34 7 14 16 33
45 37 36 4 50 11
3 32 53 47 39 8
43 5 46 58 18 17
45 41 25 44 52 9
32 49 53 42 56 18
0 35 19 12 55 2
6 37 34 38 23 46
40 11 17 1 8 48
27 5 4 15 16 57
45 48 59 27 3 38
33 29 42 40 53 57
31 50 2 51 11 7
4 13 52 12 36 21
18 47 17 26 0 46
32 6 39 10 44 5
13 25 9 37 31 46
27 11 18 17 55 42
22 12 38 36 0 21
34 32 45 1 5 48
44 33 39 29 26 4
6 30 20 19 3 15
