55 23 47 2 7 6
4 13 41 5 21 37
42 29 26 1 19 14
36 39 44 52 54 32
20 38 8 9 3 59
15 18 27 11 48 24
6 58 38 0 13 25
59 50 1 56 4 53
30 32 42 51 27 31
29 55 44 43 19 23
34 9 11 49 28 39
26 20 47 33 45 18
19 44 38 40 9 49
11 8 37 51 7 42
6 5 17 32 43 31
1 18 22 39 0 50
54 33 13 58 36 41
15 12 56 46 23 3
32 21 30 36 23 42
44 16 45 37 55 46
57 43 17 12 24 38
39 10 11 48 4 0
6 20 18 26 19 31
22 2 8 49 15 34
4 52 37 16 7 9
57 58 30 38 42 13
35 50 39 11 22 17
20 47 44 10 29 12
1 5 0 45 46 23
26 40 56 21 36 49
43 17 11 38 10 6
16 32 22 13 50 31
33 51 8 44 52 36
37 45 48 53 41 1
14 5 42 15 4 46
24 57 40 12 27 7
0 53 54 21 23 2
20 4 11 39 47 50
36 6 44 27 55 19
24 48 12 37 5 14
57 51 17 32 40 45
56 31 59 16 25 30
15 6 11 44 25 32
37 36 50 17 8 0
49 7 12 38 16 47
31 42 10 46 52 22
54 5 3 26 51 57
43 45 18 39 40 13
52 46 12 32 5 38
17 49 1 33 6 10
42 19 11 3 48 8
24 56 57 15 45 20
44 50 37 7 51 39
28 16 43 14 40 58
14 45 32 3 21 9
49 43 8 52 6 20
39 37 19 25 50 26
2 33 12 16 48 30
34 38 31 56 13 28
11 27 4 15 55 41
