55 42 32 3 58 49
24 59 9 6 50 33
40 45 39 1 46 54
57 7 18 5 0 13
10 26 36 29 8 15
16 38 25 19 35 34
35 27 23 4 30 49
46 3 48 39 38 36
8 51 44 7 6 14
24 1 18 9 5 22
37 58 34 0 52 54
11 31 16 50 41 32
38 27 8 46 54 20
5 16 2 1 32 17
10 58 44 6 19 13
12 0 30 33 7 37
45 11 35 41 56 15
50 29 47 24 14 57
15 36 8 12 55 35
51 42 44 6 50 22
58 38 39 11 41 37
17 19 45 46 1 14
0 7 23 10 2 29
48 34 18 53 21 30
33 1 51 31 32 49
10 44 6 15 17 3
45 20 38 54 46 56
14 36 21 11 37 7
16 2 57 12 50 30
35 22 52 47 26 27
10 49 0 52 32 36
33 57 12 38 56 21
31 51 50 6 4 44
29 37 7 43 1 9
42 5 11 41 54 27
2 58 30 46 39 47
10 1 13 28 22 30
31 24 18 37 3 8
48 39 23 0 57 21
35 33 12 6 20 44
7 11 17 49 16 46
41 14 53 2 15 38
15 52 48 24 20 0
44 43 56 26 7 30
46 16 12 13 11 53
9 31 21 59 1 10
57 18 36 51 45 3
32 33 17 5 29 39
18 33 2 28 49 0
40 5 51 43 13 14
17 45 7 44 16 3
8 39 38 37 9 15
53 12 30 57 1 58
10 55 24 56 42 27
22 13 33 7 52 24
10 50 11 38 0 40
19 21 12 17 45 36
5 44 18 32 23 25
4 15 39 48 54 42
1 56 31 46 20 51
