0 18 17 51 14 36
25 35 28 12 45 29
21 42 30 24 26 5
44 4 38 58 43 50
40 8 34 54 23 10
46 3 20 27 13 31
59 27 53 50 17 45
18 49 46 48 52 21
0 54 6 12 43 23
58 14 7 33 42 47
55 36 5 29 28 22
1 13 24 16 15 2
19 33 46 6 57 35
47 50 20 21 32 0
17 39 11 37 3 53
49 16 38 31 10 25
28 7 44 55 43 26
41 9 2 58 56 27
23 11 45 7 42 26
28 33 10 1 50 32
56 16 51 12 6 40
20 31 15 43 19 52
2 34 0 49 37 5
44 13 8 46 38 17
22 10 11 33 7 38
6 16 5 8 57 37
1 25 45 51 21 29
55 39 4 43 17 12
0 46 30 40 44 48
58 34 42 2 59 35
23 53 17 19 57 16
12 31 0 2 41 24
40 37 32 52 20 13
43 55 18 38 1 14
21 22 34 8 11 7
54 45 6 36 48 10
6 30 32 2 57 45
44 37 40 8 36 50
59 13 18 39 38 35
52 42 7 16 17 11
43 12 55 1 25 20
21 33 3 22 14 49
22 26 10 36 15 12
28 42 32 50 11 33
17 44 39 6 1 18
45 37 7 16 58 14
34 47 56 38 5 2
40 30 21 3 31 52
23 33 49 39 25 36
22 5 37 42 2 13
18 32 12 38 51 27
35 9 44 15 20 21
6 16 43 8 46 19
7 0 50 58 14 40
43 37 36 13 8 26
15 2 38 33 30 23
40 7 44 46 45 50
18 32 6 12 17 4
51 52 11 56 39 16
49 14 48 1 58 3
