39 5 9 34 32 42
4 21 59 14 23 7
33 47 6 2 41 19
13 48 52 3 0 43
53 22 25 45 56 15
18 10 26 30 29 16
41 9 48 46 22 2
51 57 3 32 13 56
31 20 50 10 53 43
8 24 15 21 16 11
45 25 12 52 36 49
23 47 1 58 33 30
8 9 35 16 43 29
46 53 17 45 54 1
49 44 12 34 59 25
52 55 19 7 47 18
15 3 56 40 30 6
39 21 22 26 37 31
45 23 8 53 15 13
50 30 25 11 22 7
39 10 38 27 31 24
32 6 17 34 43 56
12 44 5 52 46 14
48 26 3 36 33 20
37 6 32 13 24 9
19 42 46 38 14 36
17 41 11 52 15 1
30 16 39 31 5 48
40 44 3 56 54 20
49 33 34 10 51 23
20 43 4 11 52 59
21 3 15 38 56 0
2 44 39 49 23 1
51 36 19 12 57 27
25 55 7 31 13 45
28 8 54 37 9 41
53 47 7 15 3 35
0 50 11 32 43 12
44 49 38 13 31 10
37 48 16 36 45 39
24 9 34 2 56 17
33 18 27 1 25 51
32 10 37 0 38 50
3 36 44 30 45 31
49 39 11 7 22 13
8 21 6 12 56 33
48 16 43 58 15 57
40 46 34 29 20 19
45 8 10 20 41 21
1 49 22 44 50 32
17 16 11 38 42 26
3 37 47 40 36 14
13 31 30 25 56 2
5 6 35 9 55 18
10 48 53 49 2 11
15 22 16 32 0 18
13 1 12 38 45 31
21 7 39 44 6 56
33 26 46 40 5 52
43 14 42 51 9 30
