10 59 29 11 24 23
58 51 40 32 35 25
27 56 20 19 4 15
5 16 30 9 50 37
28 12 44 1 0 46
52 41 3 13 57 49
46 40 54 13 53 5
1 56 49 22 16 26
9 7 43 6 39 17
20 19 38 33 59 14
24 10 29 50 47 52
34 57 48 15 31 30
1 57 37 44 39 41
13 45 10 32 26 58
38 4 12 16 11 18
51 56 21 31 22 54
7 43 49 14 8 36
27 17 0 48 33 5
6 16 48 17 58 54
56 15 45 44 51 14
13 33 12 39 1 0
32 38 11 47 30 5
23 50 4 36 49 8
46 43 41 27 21 53
12 2 16 14 35 10
6 38 13 44 58 5
37 0 39 49 33 26
30 8 50 21 45 54
48 55 32 3 1 46
41 23 19 31 34 27
20 53 32 23 45 42
43 21 12 13 30 6
24 22 38 46 3 29
59 39 50 9 25 15
40 31 36 48 7 37
51 10 5 11 2 28
11 39 0 34 43 30
42 3 6 17 7 4
55 22 38 12 56 31
13 45 33 32 53 8
37 23 44 19 5 49
25 29 14 58 54 10
6 49 22 10 8 59
5 12 11 45 15 58
4 40 1 2 33 56
29 54 9 39 50 48
47 16 30 38 23 53
0 43 19 42 55 44
23 4 22 6 55 1
49 50 33 0 2 47
15 57 38 7 32 30
44 8 10 34 21 11
17 59 35 24 3 9
19 16 52 12 48 43
10 30 46 8 44 34
50 33 13 2 32 28
1 12 11 16 38 40
49 7 47 24 14 37
59 54 20 57 3 43
48 31 27 51 6 0
