58 25 36 1 8 20
14 41 44 45 48 39
40 3 4 53 32 9
31 16 50 23 51 49
0 2 11 54 21 43
42 12 7 15 29 22
56 52 23 21 12 39
44 30 25 59 37 6
11 54 16 9 8 22
14 2 15 0 35 18
3 53 41 38 31 43
55 19 26 13 40 32
1 32 45 50 13 8
49 2 33 38 40 19
30 37 6 39 46 23
18 17 16 10 4 15
29 36 55 12 47 44
59 48 22 57 31 7
45 37 32 23 54 21
39 59 43 47 35 4
5 6 51 34 44 24
18 11 57 12 16 2
13 20 1 30 33 15
58 55 3 42 25 7
1 0 26 45 50 37
49 39 32 11 51 16
58 46 17 44 14 10
42 29 2 6 28 3
13 5 30 43 8 21
59 15 24 12 7 38
3 45 38 51 6 23
4 56 14 47 17 10
46 8 7 53 20 11
33 39 30 40 32 5
27 43 2 26 22 24
31 12 0 37 15 21
45 0 12 8 7 33
39 30 17 3 38 54
18 47 44 2 9 20
24 41 21 11 16 26
42 55 59 46 50 51
48 52 14 23 58 34
35 49 39 52 50 22
57 19 14 17 20 48
44 8 40 56 54 46
15 53 36 13 43 30
12 37 58 11 10 26
41 33 6 45 25 0
42 0 15 11 26 27
3 37 46 12 51 55
10 23 30 38 59 9
6 44 5 43 17 47
39 22 8 36 34 41
18 28 33 48 16 1
19 38 14 6 28 22
23 41 32 7 31 3
12 11 44 21 45 25
2 18 5 16 17 27
30 33 50 51 24 1
43 10 39 36 42 54
