42 23 25 9 10 0
15 22 57 17 5 6
11 35 47 48 49 4
44 3 30 37 40 12
21 51 28 32 29 56
14 19 16 53 54 38
33 40 51 38 50 44
14 17 28 20 24 56
42 23 32 12 30 52
47 18 9 4 1 22
59 2 7 41 25 45
37 15 48 27 34 6
51 12 43 11 5 38
6 54 21 31 20 24
17 10 33 35 42 14
26 44 30 23 2 19
18 52 56 49 50 27
1 9 3 37 48 46
37 2 21 13 40 49
55 39 1 41 14 56
38 50 10 15 53 46
27 6 9 12 52 5
45 47 16 20 42 25
31 11 34 29 8 44
13 5 1 22 49 30
23 54 41 21 44 0
38 40 12 26 7 16
47 19 52 35 39 24
32 4 36 6 18 25
43 29 20 11 15 33
27 56 22 19 41 57
36 55 52 6 44 47
50 16 11 28 37 3
31 8 13 2 34 10
4 15 7 14 21 12
43 5 33 54 0 38
16 21 54 53 50 19
10 44 45 43 36 30
8 7 12 18 46 31
14 55 13 39 20 37
2 26 11 5 49 0
40 38 1 52 33 6
13 8 53 19 38 49
35 12 16 23 56 20
43 39 11 22 31 2
7 44 4 47 36 37
32 15 18 33 51 9
21 27 6 0 48 34
7 37 36 26 55 18
42 30 51 9 47 6
12 31 32 20 0 48
15 29 19 4 17 5
44 49 3 8 22 14
10 34 40 21 46 53
21 30 34 8 42 23
3 7 4 15 44 31
43 11 38 26 14 40
53 49 37 1 32 6
10 47 25 50 51 35
54 33 2 39 57 16
